2253622121022334262312621114414140066
5654334335366506103651012130421550540
4555260136634651400014222552604203501
6452135524144031625635163261154014414
1654626254221662134664326103151623245
5022324126550526313201113234303355213
6146556162223013134340400530230063511
2206332156404352336401230034514140150
6233161546336663040505135501224254523
4422031314304516521032634550640244623
2650150521511011544441132154351343006
4666323444520446030351231100443240221
5332141041532626140222502540515035305
4533616540333220544065111410412422352
-4-5-4-4-4-5-3-0-0-3-3-1-1-4-5-4-0-4-
