665696753578883775
564534965374646953
543939368736836899
498955865479355569
693734878958945358
893344845356985539
758564544738386858
864565873957996588
843759944496594569
568745966964745846
859854887853958368
954385935689763583
546836767587878859
338337667754849755
936655437763986844
963957773875466469
897387576387755483
997596844583985335
494534695477668663
776333589348693893
399858938678884977
569947553578553836
349997993647974534
986769795683579579
758694646737555766
868439584633368786
987675679377669898
-4-3-8-9-7-3-5-7-8
