CS302-Midi-Note-File
NOTE 43 100 0.30158603 1.3404566
NOTE 55 101 0.48951333 1.063803
NOTE 31 100 0.63573904 1.3536888
NOTE 36 107 0.6988402 1.9090253
NOTE 48 106 0.81440597 1.6519567
NOTE 60 106 0.93163508 1.9261642
NOTE 24 100 1.1805226 1.3653013
DAMPER 1.262577 1.4767582
NOTE 67 100 1.7010597 2.7743868
NOTE 31 96 1.7035906 2.2099921
NOTE 40 93 1.8412629 2.0480395
NOTE 55 99 1.8571615 2.2623174
NOTE 64 100 1.8929543 2.1173551
NOTE 43 90 2.1554418 2.9853043
DAMPER 2.4645981 2.9109862
NOTE 31 87 3.1645091 3.2150372
NOTE 43 88 3.2860553 3.3551817
