CS302-Midi-Note-File
NOTE 43 98 0.28977193 0.38664746
NOTE 31 100 0.50654135 0.96293663
NOTE 36 106 0.77357412 1.0918867
NOTE 55 100 0.88458317 1.8127646
DAMPER 0.94302611 1.4230283
NOTE 48 105 1.1562522 1.2153519
NOTE 60 106 1.5132089 1.5957139
NOTE 24 101 1.5723693 2.2515825
NOTE 31 97 1.5880274 2.2387436
NOTE 67 99 1.6077411 2.1718544
NOTE 40 93 1.9059116 2.4386126
NOTE 55 97 1.9160628 2.048158
DAMPER 2.1352655 2.4674331
NOTE 43 93 2.2466228 2.5064098
NOTE 64 99 2.431599 2.7149675
NOTE 43 89 2.8066794 3.582382
NOTE 55 85 3.0944488 3.7655834
NOTE 39 87 3.3268559 4.2897646
NOTE 31 86 3.6386272 3.8406848
