CS302-Midi-Note-File
NOTE 31 102 0.37734366 0.91075726
NOTE 55 99 0.50625098 1.0556109
NOTE 48 107 0.7260461 1.6224858
NOTE 43 100 0.8011525 1.3333509
DAMPER 1.162643 1.8230629
NOTE 36 106 1.2594238 1.7164574
NOTE 60 106 1.2746564 1.3348657
NOTE 24 102 1.3763138 1.5957258
NOTE 55 100 1.6516544 2.5105024
NOTE 43 91 1.7989547 2.4922815
DAMPER 1.8808309 2.9954348
NOTE 40 94 1.9292732 2.6395877
NOTE 31 96 1.9654119 2.8555049
NOTE 67 101 2.0468158 2.467269
NOTE 64 98 2.4347531 2.9958491
NOTE 55 84 2.9693961 3.642978
NOTE 39 85 2.9910459 3.4099751
NOTE 51 91 3.3422536 3.9543609
NOTE 31 88 3.4867532 3.7424114
NOTE 43 89 3.5459411 3.8095823
NOTE 31 86 4.3643115 4.6012158
