CS302-Midi-Note-File
NOTE 31 101 0.24814597 0.61534772
NOTE 43 98 0.26667331 0.33906039
NOTE 55 99 0.52672334 0.64434918
NOTE 60 106 0.73600624 1.1784329
NOTE 48 108 0.78351483 1.7887194
DAMPER 0.82894591 2.1426766
NOTE 36 105 0.99903807 1.3572573
NOTE 24 102 1.5147641 1.7737166
NOTE 40 94 1.5761945 2.1193014
NOTE 55 98 2.1132826 3.1230168
NOTE 64 97 2.2439521 3.0333546
NOTE 31 98 2.2628445 2.6589843
NOTE 67 100 2.3756726 2.5176106
DAMPER 2.4011835 2.8022697
NOTE 43 92 2.496876 2.7331513
NOTE 39 86 3.1007864 3.4690119
NOTE 51 88 3.1186435 3.4747772
NOTE 43 87 3.2852029 3.9979578
NOTE 31 87 3.7230758 4.4525076
NOTE 55 84 3.822556 4.5927919
NOTE 43 89 4.0675154 4.3979621
NOTE 31 89 4.8211911 5.2416534
NOTE 55 84 5.0051047 5.9343616
