CS302-Midi-Note-File
NOTE 31 99 0.11894828 0.31993819
NOTE 43 101 0.73219411 1.6963279
DAMPER 0.7341091 1.3622935
NOTE 55 100 0.7495866 1.1188022
NOTE 48 108 0.84098356 0.95495307
NOTE 24 99 0.91479873 1.2862861
NOTE 60 104 1.1973561 1.3610449
NOTE 36 107 1.4049403 1.5054975
NOTE 40 94 1.9574546 2.1426629
NOTE 55 99 2.0027947 2.3217837
NOTE 43 91 2.1504929 2.7444972
NOTE 31 98 2.1901587 2.7379263
NOTE 64 98 2.3613396 2.5589022
NOTE 67 98 2.4461473 2.7628542
DAMPER 2.555072 2.7860329
NOTE 51 88 2.9354324 3.6001239
NOTE 39 87 3.0813471 3.7813918
NOTE 31 86 3.1551047 4.0555922
NOTE 34 89 3.3796069 3.95585
NOTE 55 85 3.7192909 4.3872335
NOTE 43 86 3.7390667 4.2222161
NOTE 58 81 3.8226067 4.2251923
NOTE 31 89 4.4306494 4.7956165
NOTE 43 89 5.0044237 5.6197992
NOTE 55 85 5.2053098 5.4502196
