CS302-Midi-Note-File
NOTE 43 99 0.24251551 0.75836292
NOTE 48 107 0.8211867 1.6191358
NOTE 55 100 0.87247861 0.97258423
NOTE 24 99 0.96332237 1.0796271
NOTE 31 102 0.98975058 1.3999281
NOTE 60 107 1.243657 2.1765383
DAMPER 1.26275 1.4964806
NOTE 36 108 1.3367738 1.4557391
NOTE 43 92 1.6398683 2.6371438
NOTE 67 99 1.7025816 1.9371063
NOTE 64 100 1.8703388 2.4673633
NOTE 40 95 1.9946781 2.5658758
NOTE 55 100 2.1436042 2.8592
DAMPER 2.2167739 2.2938893
NOTE 31 97 2.383785 2.4441247
NOTE 43 86 2.9730263 3.6442382
NOTE 51 88 3.3631473 3.684398
NOTE 34 87 3.4331659 3.5221626
NOTE 55 84 3.526044 4.0851605
NOTE 39 86 3.5683618 3.6607995
NOTE 31 86 3.6527387 3.8137263
NOTE 39 98 3.9269874 4.8893171
NOTE 31 86 3.997679 4.0861173
NOTE 58 83 4.0297942 4.6850322
NOTE 27 94 4.0706281 4.8791124
NOTE 55 83 4.570996 5.2504921
NOTE 43 91 4.5808428 4.858224
