CS302-Midi-Note-File
NOTE 43 98 0.23070141 0.46648572
NOTE 31 99 0.86055289 1.009176
NOTE 48 105 0.95592103 1.2874203
NOTE 55 101 0.99292222 2.0269963
DAMPER 1.0411106 1.4232013
NOTE 60 105 1.1200558 1.726269
NOTE 36 108 1.2178808 1.279657
NOTE 24 100 1.5920917 1.8219657
NOTE 64 99 1.5961147 1.8368265
NOTE 67 98 1.7131225 2.3254866
NOTE 40 95 1.7199747 2.189386
NOTE 31 99 1.7755188 2.0839233
NOTE 43 92 2.0804181 2.6314061
NOTE 55 99 2.6440478 3.2471211
DAMPER 2.7176168 3.4850581
NOTE 31 87 2.8497488 2.9063935
NOTE 63 94 3.4075878 4.119586
NOTE 51 89 3.4130848 3.7962823
NOTE 27 92 3.417598 4.0093182
NOTE 43 87 3.5747441 4.5122941
NOTE 58 84 3.6438767 4.6153725
NOTE 34 86 3.7856421 4.669367
NOTE 39 87 3.8068859 4.567006
NOTE 31 87 3.8269767 4.2874104
NOTE 55 86 3.9454733 4.6912185
NOTE 51 97 4.2986026 4.6005479
NOTE 43 89 4.7541566 5.1512958
NOTE 39 98 4.8047 5.0923843
NOTE 55 83 4.9048227 5.2186665
