CS302-Midi-Note-File
NOTE 43 101 0.21888731 0.68245338
NOTE 55 101 0.61459003 0.74858139
NOTE 31 99 0.7313552 1.6184239
NOTE 48 106 1.0133898 1.453654
NOTE 24 102 1.1149025 1.6981195
DAMPER 1.4495987 2.0211442
NOTE 36 107 1.5352507 2.5582077
NOTE 60 104 1.5814057 1.908881
NOTE 55 100 1.634195 2.4316367
NOTE 64 97 1.7135022 2.4757887
NOTE 67 98 1.9115357 2.2091228
NOTE 40 92 2.1012348 2.2127475
NOTE 43 92 2.2706939 2.524457
NOTE 31 96 2.6178727 2.9837708
NOTE 43 89 2.8914169 3.5607977
NOTE 55 83 2.9799507 3.5654798
NOTE 51 90 2.9820397 3.8945652
DAMPER 3.0094672 3.1789404
NOTE 39 86 3.1696553 3.6607082
NOTE 34 88 3.238157 3.7817881
NOTE 58 83 3.6667841 4.1286033
NOTE 31 85 3.6881172 4.4540334
NOTE 55 83 3.9664449 4.5891457
NOTE 27 94 3.992731 4.0578359
NOTE 63 93 4.024412 4.338761
NOTE 51 95 4.0507892 4.3609889
DAMPER 4.1537913 5.1748774
NOTE 39 101 4.3777799 4.8148299
NOTE 43 91 4.5482407 4.6810699
NOTE 31 87 5.0058609 5.239679
NOTE 43 85 5.4500544 5.6902954
