CS302-Midi-Note-File
NOTE 43 99 0.2070732 0.89842103
NOTE 55 98 0.23625784 0.62517445
NOTE 31 100 0.60215751 1.2276717
NOTE 36 105 0.69710921 1.5612569
NOTE 60 106 1.0427555 1.091493
NOTE 48 106 1.0708585 1.6198876
DAMPER 1.3547619 2.2407611
NOTE 40 92 1.4824949 2.2361091
NOTE 24 101 1.5149371 1.5566894
NOTE 64 100 1.8308898 2.1147508
NOTE 67 99 1.9613076 2.0934182
NOTE 43 93 2.1379212 2.5183151
NOTE 31 96 2.3608789 2.4299202
NOTE 55 100 2.3896414 2.9766247
NOTE 31 88 2.8247779 2.9883642
DAMPER 2.9095934 2.9978604
NOTE 43 87 3.2745339 3.4645882
NOTE 58 83 3.2815099 3.4297403
NOTE 55 85 3.3285753 3.8168222
NOTE 27 92 3.4169077 4.2883427
NOTE 31 87 3.673251 3.8633527
NOTE 39 88 3.7085477 4.3559723
NOTE 51 90 3.8028034 4.1896824
NOTE 43 91 3.8537764 3.9054362
DAMPER 4.0003732 4.2887422
NOTE 55 85 4.0150307 4.2210808
NOTE 34 87 4.0540271 4.5594612
NOTE 63 95 4.2152538 4.9677305
NOTE 67 89 4.3661697 4.467284
NOTE 51 95 4.4829748 5.1972684
NOTE 39 99 4.6954344 4.7450317
NOTE 43 85 4.7234574 5.4563308
NOTE 34 94 5.3927725 5.6682567
