CS302-Midi-Note-File
NOTE 31 102 0.34376213 0.54748097
NOTE 55 99 0.47959346 0.99838175
NOTE 43 100 0.52531893 0.7852586
NOTE 24 102 0.80786962 1.0482055
DAMPER 0.91957822 2.0233397
NOTE 60 106 1.1567171 1.8724229
NOTE 36 106 1.1763377 1.8428567
NOTE 48 107 1.185796 1.4100782
NOTE 43 91 1.5726481 2.8102906
NOTE 55 100 1.8296261 2.5032426
NOTE 40 92 2.1161655 2.31476
NOTE 64 97 2.1822585 2.5997475
DAMPER 2.2794858 2.6252886
NOTE 67 100 2.4298404 3.2555254
NOTE 31 96 2.5479584 3.1202658
NOTE 51 91 2.9414978 3.7077645
NOTE 39 88 2.9521533 3.078647
NOTE 31 87 3.1555072 3.296099
NOTE 58 82 3.3140903 4.2048446
NOTE 39 100 3.3406231 4.2488909
NOTE 31 89 3.3587681 3.5454221
NOTE 34 88 3.5535595 3.8961876
NOTE 43 89 3.6166417 3.8547833
NOTE 55 83 3.6321836 4.0051469
NOTE 51 95 3.8086675 4.425509
NOTE 63 92 3.98465 4.4151681
NOTE 55 85 4.123643 4.5895199
NOTE 46 91 4.1609219 5.3501178
NOTE 43 91 4.1862933 4.2655711
NOTE 27 93 4.2159071 4.4800761
NOTE 34 91 4.3472325 5.2741656
DAMPER 4.3749105 4.9848136
NOTE 43 86 4.5109519 4.8218881
NOTE 67 88 4.6816813 4.7956614
NOTE 58 92 4.8417631 5.54594
