CS302-Midi-Note-File
NOTE 55 99 0.10126127 0.25495362
NOTE 43 99 0.1716309 0.54632399
NOTE 31 101 0.21456444 1.0554153
NOTE 48 106 0.70360122 1.5432647
NOTE 24 100 0.71504092 1.9138974
NOTE 60 107 0.92481156 1.7268051
NOTE 36 107 1.0423313 1.2180352
DAMPER 1.0702514 1.8996118
NOTE 64 100 1.5891931 2.3934691
NOTE 67 99 1.7268725 2.1315018
NOTE 40 94 1.7427516 1.7929418
DAMPER 1.9231636 2.785239
NOTE 55 98 2.1797764 2.7250417
NOTE 43 93 2.2241759 2.3486785
NOTE 31 98 2.4853478 2.6034301
NOTE 39 85 2.968756 3.6748994
NOTE 51 89 3.0330783 3.0941828
NOTE 27 93 3.4069464 4.8443742
NOTE 34 86 3.4180519 3.7494241
NOTE 31 87 3.4806391 3.8190096
DAMPER 3.5621791 3.8617105
NOTE 43 86 3.5655951 4.0382252
NOTE 55 86 3.5780071 4.3367027
NOTE 51 97 3.6412909 4.1461449
NOTE 63 92 3.7228631 4.8165137
NOTE 58 84 4.1256872 4.4389976
NOTE 43 91 4.2190611 4.862983
NOTE 67 89 4.339437 5.1948749
NOTE 31 89 4.3801446 5.3940868
NOTE 39 100 4.6172513 5.5339413
NOTE 34 92 4.7841524 5.5335954
NOTE 55 84 4.796515 4.931234
NOTE 46 91 4.8676512 5.3788265
DAMPER 4.9568764 5.0573681
NOTE 70 94 5.0874392 5.6991171
NOTE 58 90 5.1687904 5.7628259
NOTE 43 87 5.3665257 5.5772962
