CS302-Midi-Note-File
NOTE 31 99 0.085366745 0.9566619
NOTE 43 101 0.45636054 1.1482355
NOTE 55 100 0.72292908 1.1315467
DAMPER 0.97541461 2.1192287
NOTE 24 99 1.1150755 1.7178419
NOTE 48 108 1.3007334 1.7269076
NOTE 36 107 1.4191015 1.6460581
NOTE 60 107 1.5219411 1.6005804
NOTE 55 97 1.624119 2.7514277
NOTE 67 98 1.7755965 1.9316801
NOTE 64 98 2.1437472 2.6295158
NOTE 40 95 2.1628886 3.0470785
NOTE 43 92 2.2496134 3.0564896
NOTE 31 98 2.316832 2.5550108
DAMPER 2.8511798 3.6686244
NOTE 39 85 3.1056699 3.2184706
NOTE 31 87 3.3251155 3.5370074
NOTE 58 83 3.5228699 4.3918933
NOTE 34 88 3.575955 3.6991971
NOTE 43 86 3.6304657 3.7688697
NOTE 55 84 3.7099861 3.8084882
NOTE 27 95 3.7543941 4.3003226
NOTE 51 91 3.7756114 4.7908479
NOTE 43 91 3.8079829 4.3936688
NOTE 39 100 3.8504289 4.8667807
NOTE 63 94 3.9339499 4.3371822
NOTE 70 94 4.2026682 5.5957905
NOTE 67 86 4.2338031 4.4523747
NOTE 55 82 4.2733952 4.5722041
DAMPER 4.3320273 5.3483867
NOTE 46 90 4.343381 5.5121553
NOTE 34 92 4.4324329 4.9268993
NOTE 31 87 4.5331761 5.1950948
NOTE 58 92 4.6814511 4.8737303
NOTE 51 97 4.920674 5.0642326
NOTE 43 84 4.9664906 5.3020345
NOTE 37 85 5.2817623 6.2229923
NOTE 25 81 5.8908487 6.5382324
DAMPER 5.983487 6.4925173
