CS302-Midi-Note-File
DAMPER 1.9166667 2.6083333
NOTE 67 94 1.95 2.0104167
NOTE 68 74 2.0270833 2.10625
NOTE 67 90 2.10625 2.1875
NOTE 66 94 2.1875 2.2625
NOTE 65 94 2.2625 2.3625
NOTE 66 93 2.3416667 2.4229167
NOTE 67 94 2.4229167 2.5020833
NOTE 68 72 2.5020833 2.6125
NOTE 67 89 2.5770833 2.6708333
NOTE 66 81 2.6541667 2.7354167
NOTE 65 85 2.7479167 2.8270833
NOTE 66 81 2.8270833 2.9104167
NOTE 67 85 2.90625 2.9708333
NOTE 68 73 2.9875 3.0541667
DAMPER 3.0166667 3.15625
NOTE 67 77 3.0666667 3.13125
NOTE 66 81 3.14375 3.19375
NOTE 65 79 3.21875 3.3145833
NOTE 66 82 3.3145833 3.375
NOTE 67 79 3.3875 3.4520833
NOTE 68 75 3.4645833 3.5291667
DAMPER 3.5375 3.6916667
NOTE 67 74 3.5416667 3.60625
NOTE 66 79 3.61875 3.6625
NOTE 65 78 3.7125 3.7770833
NOTE 66 74 3.79375 3.8583333
NOTE 67 91 3.8541667 3.9020833
NOTE 68 69 3.93125 4.0270833
DAMPER 4.0041667 4.1041667
NOTE 67 76 4.0083333 4.1083333
NOTE 66 80 4.0916667 4.1583333
NOTE 65 74 4.2020833 4.2479167
NOTE 66 67 4.2604167 4.3395833
NOTE 67 83 4.3354167 4.38125
NOTE 68 71 4.4104167 4.475
NOTE 67 77 4.4875 4.5666667
NOTE 66 72 4.5666667 4.61875
NOTE 65 71 4.64375 4.7083333
NOTE 66 78 4.7208333 4.7854167
NOTE 67 77 4.7979167 4.8479167
NOTE 68 66 4.8770833 4.9395833
NOTE 67 69 4.95 5.0020833
NOTE 66 66 5.0145833 5.0604167
NOTE 65 67 5.0895833 5.1541667
NOTE 66 70 5.1708333 5.2354167
NOTE 67 63 5.2354167 5.2791667
NOTE 69 69 5.325 5.43125
NOTE 67 65 5.4 5.51875
NOTE 65 66 5.475 5.56875
NOTE 64 65 5.5354167 5.5854167
NOTE 76 93 5.5979167 5.6479167
NOTE 48 85 5.6229167 5.6770833
NOTE 55 86 5.6270833 5.6958333
NOTE 74 85 6.1 6.1458333
NOTE 48 74 6.1125 6.1625
NOTE 57 72 6.1125 6.1791667
NOTE 65 62 6.2083333 6.2458333
NOTE 64 65 6.2708333 6.3145833
NOTE 65 62 6.34375 6.4083333
NOTE 72 73 6.4520833 6.5020833
NOTE 48 64 6.4520833 6.5020833
NOTE 57 70 6.4520833 6.51875
NOTE 65 58 6.5354167 6.5791667
NOTE 48 70 6.61875 6.6708333
NOTE 62 70 6.6375 6.6875
NOTE 71 78 6.6416667 6.675
NOTE 65 62 6.7166667 6.75
NOTE 64 63 6.7791667 6.8458333
NOTE 65 58 6.875 6.9083333
NOTE 48 60 6.9375 6.9666667
NOTE 59 59 6.9375 7
NOTE 69 70 6.95 6.9875
NOTE 65 57 7.03125 7.0958333
NOTE 48 66 7.1125 7.1416667
NOTE 67 72 7.125 7.1729167
NOTE 60 66 7.125 7.1895833
NOTE 64 61 7.1895833 7.2229167
NOTE 63 63 7.2645833 7.3395833
NOTE 64 65 7.3395833 7.3770833
NOTE 67 74 7.4479167 7.4791667
NOTE 60 68 7.4479167 7.4791667
NOTE 64 58 7.5291667 7.6104167
NOTE 59 68 7.6270833 7.6583333
NOTE 67 76 7.6291667 7.6791667
NOTE 62 57 7.7041667 7.7354167
NOTE 69 76 7.7791667 7.8270833
NOTE 59 64 7.7791667 7.8270833
NOTE 66 74 7.7833333 7.8145833
NOTE 62 66 7.85625 7.8895833
NOTE 67 77 7.95 7.98125
NOTE 71 79 7.95 8.0020833
NOTE 59 70 7.95 8.09375
NOTE 62 66 8.0125 8.15625
NOTE 74 63 8.09375 8.1270833
NOTE 67 67 8.1104167 8.1395833
NOTE 57 82 8.1104167 8.1395833
NOTE 72 65 8.1104167 8.15625
NOTE 64 69 8.1729167 8.2020833
NOTE 67 70 8.2604167 8.2916667
NOTE 57 73 8.2604167 8.3083333
NOTE 71 67 8.2604167 8.3125
NOTE 64 74 8.3229167 8.3604167
NOTE 67 71 8.4354167 8.46875
NOTE 72 72 8.4354167 8.4854167
NOTE 57 76 8.4354167 8.58125
NOTE 64 70 8.5020833 8.58125
NOTE 50 80 8.5979167 8.6354167
NOTE 65 84 8.6020833 8.6479167
NOTE 72 83 8.61875 8.6645833
NOTE 62 65 8.68125 8.8270833
NOTE 50 67 8.7645833 8.8083333
NOTE 65 75 8.7770833 8.8270833
NOTE 76 70 8.7770833 8.8270833
NOTE 60 63 8.84375 8.98125
NOTE 50 65 8.93125 9.0770833
NOTE 74 69 8.9354167 8.9854167
NOTE 65 74 8.9520833 8.98125
NOTE 59 66 8.9979167 9.1395833
NOTE 55 66 9.0895833 9.1270833
NOTE 65 67 9.0895833 9.1395833
NOTE 72 72 9.0895833 9.1395833
NOTE 64 60 9.1708333 9.3291667
NOTE 55 56 9.2458333 9.2916667
NOTE 65 62 9.2625 9.2958333
NOTE 71 59 9.2625 9.3125
NOTE 62 57 9.3395833 9.45
NOTE 65 59 9.4145833 9.4625
NOTE 55 56 9.4145833 9.5583333
NOTE 69 61 9.41875 9.4625
NOTE 60 59 9.475 9.5395833
NOTE 67 68 9.575 9.83125
NOTE 59 68 9.5875 9.75625
NOTE 65 51 9.6625 9.69375
NOTE 64 54 9.7354167 9.7854167
NOTE 65 57 9.7979167 9.8625
NOTE 48 68 9.875 9.9083333
NOTE 55 65 9.8791667 9.925
NOTE 76 71 9.8791667 9.9458333
NOTE 64 56 9.9583333 10.010417
NOTE 48 68 10.035417 10.08125
NOTE 74 75 10.035417 10.085417
NOTE 57 68 10.052083 10.116667
NOTE 65 53 10.133333 10.19375
NOTE 64 51 10.204167 10.285417
NOTE 65 53 10.297917 10.3625
NOTE 48 66 10.375 10.408333
NOTE 72 66 10.375 10.425
NOTE 57 63 10.375 10.425
NOTE 65 54 10.454167 10.485417
NOTE 48 72 10.54375 10.577083
NOTE 62 67 10.54375 10.59375
NOTE 71 73 10.547917 10.59375
NOTE 65 52 10.589583 10.6375
NOTE 64 55 10.666667 10.73125
NOTE 65 53 10.747917 10.791667
NOTE 48 61 10.835417 10.866667
NOTE 69 68 10.835417 10.8875
NOTE 59 57 10.835417 10.897917
NOTE 65 56 10.914583 10.995833
NOTE 48 66 11.008333 11.05625
NOTE 60 73 11.008333 11.10625
NOTE 67 66 11.0125 11.05625
NOTE 64 48 11.089583 11.122917
NOTE 63 52 11.172917 11.233333
NOTE 64 49 11.25 11.3125
NOTE 67 61 11.372917 11.402083
NOTE 60 54 11.372917 11.491667
NOTE 64 50 11.43125 11.491667
NOTE 67 67 11.520833 11.552083
NOTE 59 57 11.520833 11.552083
NOTE 62 50 11.6125 11.64375
NOTE 59 59 11.66875 11.70625
NOTE 69 63 11.672917 11.735417
NOTE 66 64 11.689583 11.71875
NOTE 62 59 11.764583 11.797917
NOTE 59 61 11.827083 11.95625
NOTE 71 63 11.83125 11.89375
NOTE 67 63 11.84375 11.875
NOTE 62 55 11.90625 11.95625
NOTE 57 69 11.96875 12.01875
NOTE 67 72 11.989583 12.01875
NOTE 74 70 11.989583 12.127083
NOTE 64 52 12.0625 12.095833
NOTE 57 56 12.14375 12.172917
NOTE 69 59 12.14375 12.177083
NOTE 72 56 12.14375 12.19375
NOTE 64 61 12.222917 12.38125
NOTE 57 54 12.283333 12.45625
NOTE 71 60 12.304167 12.35
NOTE 67 53 12.316667 12.35
NOTE 62 54 12.39375 12.51875
NOTE 50 63 12.454167 12.489583
NOTE 69 65 12.46875 12.50625
NOTE 66 59 12.472917 12.50625
NOTE 60 50 12.53125 12.7
NOTE 50 50 12.604167 12.639583
NOTE 66 54 12.608333 12.639583
NOTE 71 56 12.608333 12.652083
NOTE 62 46 12.695833 12.80625
NOTE 69 53 12.758333 12.822917
NOTE 50 53 12.758333 12.89375
NOTE 66 59 12.7625 12.80625
NOTE 60 49 12.822917 12.897917
NOTE 59 54 12.90625 12.941667
NOTE 55 53 12.90625 13.047917
NOTE 67 67 12.910417 13.114583
DAMPER 12.979167 13.639583
NOTE 62 56 12.9875 13.03125
NOTE 59 69 13.064583 13.14375
NOTE 62 72 13.160417 13.235417
NOTE 67 59 13.252083 13.3125
NOTE 71 61 13.329167 13.358333
NOTE 74 72 13.402083 13.454167
NOTE 71 54 13.466667 13.504167
NOTE 67 53 13.541667 13.572917
NOTE 71 56 13.616667 13.664583
NOTE 74 59 13.69375 13.74375
NOTE 67 60 13.69375 13.772917
NOTE 71 59 13.789583 13.854167
NOTE 55 69 13.866667 13.916667
NOTE 77 81 13.866667 14.014583
NOTE 69 81 13.875 13.908333
NOTE 72 48 13.945833 14.089583
NOTE 67 55 14.010417 14.04375
NOTE 76 55 14.027083 14.075
NOTE 71 46 14.085417 14.23125
NOTE 65 45 14.164583 14.202083
NOTE 74 47 14.164583 14.214583
NOTE 69 47 14.24375 14.3875
NOTE 64 56 14.31875 14.354167
NOTE 72 68 14.335417 14.383333
NOTE 67 57 14.4125 14.54375
NOTE 62 54 14.477083 14.508333
NOTE 71 49 14.477083 14.527083
NOTE 65 42 14.560417 14.59375
NOTE 60 53 14.639583 14.66875
NOTE 69 48 14.639583 14.685417
NOTE 65 45 14.729167 14.766667
NOTE 67 61 14.808333 14.858333
NOTE 59 55 14.808333 14.858333
NOTE 65 44 14.870833 14.914583
NOTE 71 56 14.960417 15.010417
NOTE 62 47 14.960417 15.010417
NOTE 65 56 15.039583 15.070833
NOTE 60 52 15.1 15.1375
NOTE 69 57 15.1 15.15
NOTE 65 46 15.195833 15.302083
NOTE 55 62 15.26875 15.297917
NOTE 59 66 15.26875 15.333333
NOTE 67 61 15.26875 15.470833
DAMPER 15.325 15.525
NOTE 55 62 15.40625 15.579167
NOTE 59 60 15.40625 15.670833
NOTE 62 66 15.4875 15.675
NOTE 65 59 15.533333 15.675
NOTE 67 63 15.579167 15.70625
NOTE 71 61 15.608333 15.775
NOTE 74 63 15.658333 15.775
NOTE 55 81 15.70625 15.75625
NOTE 77 77 15.70625 15.75625
NOTE 69 80 15.725 15.75625
NOTE 72 51 15.791667 15.947917
NOTE 67 45 15.866667 15.9
NOTE 76 45 15.866667 15.916667
NOTE 71 43 15.947917 16.091667
NOTE 65 54 16.008333 16.0375
NOTE 74 56 16.008333 16.054167
NOTE 69 41 16.102083 16.227083
NOTE 64 50 16.1625 16.214583
NOTE 72 59 16.1625 16.289583
NOTE 67 51 16.239583 16.366667
NOTE 62 49 16.320833 16.35
NOTE 71 48 16.320833 16.366667
NOTE 65 46 16.383333 16.4125
NOTE 60 47 16.458333 16.4875
NOTE 69 48 16.458333 16.59375
NOTE 65 48 16.53125 16.5625
NOTE 67 53 16.60625 16.652083
NOTE 59 65 16.60625 16.664583
NOTE 65 48 16.677083 16.714583
NOTE 62 48 16.739583 16.7875
NOTE 71 54 16.74375 16.86875
NOTE 65 47 16.81875 16.847917
NOTE 69 54 16.88125 16.93125
NOTE 60 47 16.88125 16.93125
NOTE 65 45 16.964583 17.075
NOTE 55 65 17.027083 17.075
NOTE 59 59 17.0375 17.070833
NOTE 67 53 17.041667 17.11875
DAMPER 17.095833 17.272917
NOTE 59 62 17.160417 17.339583
NOTE 55 64 17.160417 17.339583
NOTE 62 61 17.20625 17.372917
NOTE 67 53 17.25 17.402083
NOTE 71 62 17.310417 17.447917
NOTE 74 63 17.35625 17.389583
NOTE 79 64 17.402083 17.447917
NOTE 60 80 17.402083 17.477083
NOTE 82 83 17.464583 17.497917
NOTE 74 78 17.464583 17.514583
NOTE 77 47 17.55625 17.685417
NOTE 72 42 17.614583 17.685417
NOTE 81 42 17.61875 17.66875
NOTE 76 43 17.702083 17.83125
NOTE 70 58 17.777083 17.810417
NOTE 79 58 17.779167 17.83125
NOTE 74 47 17.841667 17.9875
NOTE 69 46 17.916667 17.952083
NOTE 77 48 17.920833 17.970833
NOTE 72 43 18 18.114583
NOTE 67 54 18.064583 18.097917
NOTE 76 57 18.085417 18.135417
NOTE 70 46 18.147917 18.18125
NOTE 65 46 18.222917 18.254167
NOTE 74 44 18.222917 18.270833
NOTE 70 48 18.295833 18.333333
NOTE 64 56 18.370833 18.420833
NOTE 72 68 18.3875 18.420833
NOTE 70 41 18.4375 18.46875
NOTE 67 48 18.510417 18.539583
NOTE 76 43 18.514583 18.577083
NOTE 70 47 18.589583 18.622917
NOTE 65 56 18.652083 18.685417
NOTE 74 58 18.652083 18.702083
NOTE 70 45 18.74375 18.78125
NOTE 64 55 18.822917 18.870833
NOTE 72 59 18.827083 18.870833
NOTE 70 45 18.902083 18.935417
NOTE 67 53 18.964583 18.997917
NOTE 76 49 18.966667 19.029167
NOTE 70 43 19.039583 19.077083
NOTE 74 50 19.108333 19.139583
NOTE 65 50 19.108333 19.139583
NOTE 70 43 19.189583 19.283333
DAMPER 19.283333 19.554167
NOTE 72 71 19.295833 19.345833
NOTE 64 49 19.295833 19.345833
NOTE 67 70 19.3125 19.345833
NOTE 70 45 19.40625 19.441667
NOTE 76 42 19.425 19.458333
NOTE 74 61 19.454167 19.504167
NOTE 64 57 19.46875 19.5
NOTE 67 65 19.46875 19.520833
NOTE 70 43 19.545833 19.583333
NOTE 72 63 19.608333 19.675
NOTE 67 61 19.625 19.75625
NOTE 64 57 19.625 19.75625
NOTE 70 55 19.691667 19.854167
NOTE 65 75 19.785417 19.85
NOTE 72 74 19.80625 19.916667
NOTE 69 42 19.883333 19.945833
NOTE 77 60 19.9625 20.070833
NOTE 69 44 20.027083 20.070833
NOTE 72 58 20.1 20.160417
NOTE 69 44 20.177083 20.270833
NOTE 61 61 20.220833 20.254167
NOTE 64 64 20.222917 20.254167
DAMPER 20.2625 20.433333
NOTE 67 41 20.283333 20.329167
NOTE 72 64 20.358333 20.395833
NOTE 61 53 20.375 20.408333
NOTE 64 53 20.375 20.408333
NOTE 70 60 20.379167 20.425
NOTE 67 44 20.4625 20.491667
NOTE 69 63 20.520833 20.554167
NOTE 64 53 20.520833 20.5875
NOTE 61 48 20.520833 20.5875
NOTE 67 46 20.583333 20.660417
NOTE 69 43 20.689583 20.75
NOTE 62 65 20.689583 20.825
NOTE 65 48 20.75 20.78125
NOTE 74 61 20.825 20.983333
NOTE 65 43 20.889583 20.91875
NOTE 69 54 20.964583 21.047917
NOTE 65 45 21.04375 21.09375
DAMPER 21.095833 21.279167
NOTE 59 57 21.104167 21.15
NOTE 62 57 21.104167 21.154167
NOTE 65 42 21.183333 21.227083
NOTE 71 56 21.258333 21.289583
NOTE 59 51 21.270833 21.30625
NOTE 62 49 21.270833 21.30625
NOTE 69 59 21.270833 21.322917
NOTE 65 43 21.347917 21.379167
NOTE 67 43 21.408333 21.439583
NOTE 62 54 21.408333 21.472917
NOTE 59 52 21.408333 21.472917
NOTE 65 45 21.472917 21.539583
NOTE 67 64 21.591667 21.752083
NOTE 60 63 21.591667 21.752083
NOTE 64 47 21.670833 21.702083
NOTE 72 50 21.73125 21.870833
NOTE 64 46 21.795833 21.841667
NOTE 67 53 21.870833 21.945833
NOTE 64 48 21.9625 22.025
DAMPER 21.983333 22.279167
NOTE 60 52 22.020833 22.085417
NOTE 57 48 22.0375 22.06875
NOTE 63 47 22.114583 22.179167
NOTE 60 44 22.191667 22.2375
NOTE 57 46 22.191667 22.254167
NOTE 69 52 22.208333 22.241667
NOTE 67 48 22.208333 22.275
NOTE 63 41 22.270833 22.35
NOTE 66 49 22.35 22.3875
NOTE 60 43 22.35 22.3875
NOTE 57 41 22.35 22.4125
NOTE 63 57 22.433333 22.477083
NOTE 60 46 22.50625 22.6125
NOTE 57 41 22.50625 22.645833
NOTE 66 55 22.527083 22.683333
NOTE 62 48 22.56875 22.629167
NOTE 72 49 22.645833 22.841667
NOTE 62 45 22.7125 22.777083
NOTE 66 43 22.789583 22.908333
NOTE 62 45 22.870833 22.933333
NOTE 59 42 22.95 23.025
NOTE 62 47 22.99375 23.054167
NOTE 61 46 23.066667 23.13125
NOTE 62 50 23.152083 23.18125
NOTE 59 54 23.225 23.272917
NOTE 67 60 23.241667 23.285417
NOTE 62 59 23.316667 23.447917
NOTE 55 64 23.38125 23.43125
NOTE 71 64 23.402083 23.43125
NOTE 67 44 23.477083 23.541667
NOTE 60 47 23.572917 23.622917
NOTE 69 56 23.572917 23.639583
NOTE 66 42 23.639583 23.716667
NOTE 59 54 23.7125 23.758333
NOTE 67 57 23.7125 23.7625
NOTE 62 42 23.804167 23.854167
NOTE 55 63 23.870833 23.920833
NOTE 71 67 23.891667 23.952083
NOTE 67 43 23.952083 24.029167
NOTE 60 50 24.0125 24.058333
NOTE 69 45 24.029167 24.122917
NOTE 66 42 24.089583 24.164583
NOTE 67 61 24.164583 24.210417
NOTE 59 50 24.164583 24.227083
NOTE 62 45 24.25625 24.2875
NOTE 57 60 24.33125 24.816667
NOTE 72 78 24.347917 24.64375
NOTE 50 61 24.347917 24.710417
NOTE 60 61 24.347917 24.820833
DAMPER 24.372917 24.533333
NOTE 69 44 24.410417 24.520833
NOTE 66 42 24.489583 24.6125
NOTE 62 58 24.5625 24.727083
NOTE 69 65 24.660417 24.820833
NOTE 66 41 24.739583 24.820833
NOTE 43 82 24.770833 25.302083
NOTE 50 79 24.8 25.302083
NOTE 59 78 24.833333 24.960417
NOTE 74 84 24.854167 25.11875
NOTE 71 42 24.914583 25.11875
DAMPER 24.95625 25.170833
NOTE 67 45 24.989583 25.041667
NOTE 62 58 25.054167 25.10625
NOTE 59 47 25.15 25.19375
NOTE 67 54 25.15 25.241667
NOTE 62 42 25.222917 25.272917
NOTE 55 43 25.31875 25.36875
NOTE 71 54 25.31875 25.385417
NOTE 67 45 25.38125 25.4625
NOTE 60 48 25.458333 25.504167
NOTE 69 47 25.475 25.554167
NOTE 66 42 25.535417 25.616667
NOTE 59 44 25.6125 25.647917
NOTE 67 46 25.6125 25.664583
NOTE 62 45 25.689583 25.739583
NOTE 55 46 25.752083 25.802083
NOTE 71 47 25.772917 25.835417
NOTE 67 42 25.83125 25.879167
NOTE 60 45 25.895833 25.941667
NOTE 69 48 25.9125 25.985417
NOTE 66 43 25.972917 26.064583
NOTE 59 44 26.045833 26.108333
NOTE 67 42 26.047917 26.110417
NOTE 62 66 26.139583 26.264583
NOTE 72 59 26.220833 26.525
NOTE 60 66 26.233333 26.635417
NOTE 57 65 26.233333 26.635417
NOTE 50 60 26.264583 26.535417
NOTE 69 46 26.285417 26.404167
DAMPER 26.289583 26.395833
NOTE 66 66 26.34375 26.372917
NOTE 62 59 26.404167 26.447917
NOTE 66 66 26.491667 26.59375
NOTE 62 57 26.547917 26.635417
NOTE 43 81 26.633333 27.39375
NOTE 50 83 26.660417 27.39375
NOTE 67 80 26.677083 26.710417
NOTE 59 81 26.677083 27.39375
NOTE 69 41 26.720833 26.766667
NOTE 67 62 26.777083 26.922917
DAMPER 26.8 27.114583
NOTE 66 61 26.852083 26.922917
NOTE 65 62 26.939583 27.002083
NOTE 66 67 27.01875 27.0625
NOTE 67 66 27.09375 27.122917
NOTE 69 48 27.166667 27.2125
NOTE 67 67 27.235417 27.314583
NOTE 66 67 27.314583 27.377083
NOTE 63 58 27.377083 27.527083
NOTE 60 57 27.377083 27.527083
NOTE 65 65 27.416667 27.516667
NOTE 66 63 27.483333 27.597917
DAMPER 27.50625 27.61875
NOTE 67 79 27.539583 27.572917
NOTE 55 67 27.539583 27.641667
NOTE 59 72 27.539583 27.658333
NOTE 62 71 27.539583 27.714583
NOTE 69 48 27.610417 27.658333
NOTE 67 61 27.68125 27.758333
NOTE 66 66 27.775 27.8375
NOTE 63 60 27.860417 28.014583
NOTE 60 56 27.860417 28.014583
NOTE 65 63 27.8625 27.997917
DAMPER 27.885417 28.1
NOTE 66 66 27.9375 27.997917
NOTE 67 78 28.014583 28.04375
NOTE 55 69 28.03125 28.13125
NOTE 59 71 28.03125 28.147917
NOTE 62 71 28.03125 28.19375
NOTE 69 48 28.089583 28.147917
NOTE 67 61 28.164583 28.25625
NOTE 66 66 28.272917 28.316667
NOTE 60 45 28.341667 28.483333
NOTE 65 60 28.34375 28.404167
NOTE 63 43 28.34375 28.483333
NOTE 66 60 28.420833 28.485417
NOTE 67 68 28.502083 28.564583
NOTE 55 65 28.502083 28.752083
NOTE 59 66 28.502083 28.795833
NOTE 62 70 28.502083 28.93125
NOTE 68 47 28.589583 28.664583
NOTE 67 48 28.675 28.735417
NOTE 66 47 28.752083 28.795833
NOTE 65 45 28.841667 29.00625
NOTE 66 46 28.902083 29.008333
NOTE 67 41 28.977083 29.01875
NOTE 68 43 29.047917 29.152083
NOTE 67 44 29.11875 29.214583
NOTE 66 41 29.227083 29.272917
NOTE 65 48 29.302083 29.441667
NOTE 75 53 29.31875 29.441667
NOTE 72 47 29.31875 29.441667
NOTE 66 47 29.379167 29.4875
NOTE 67 53 29.458333 29.504167
NOTE 71 48 29.458333 29.504167
NOTE 74 48 29.458333 29.610417
NOTE 68 41 29.55 29.610417
NOTE 67 43 29.627083 29.689583
NOTE 66 48 29.7 29.7625
NOTE 72 50 29.779167 29.927083
NOTE 75 54 29.779167 29.929167
NOTE 65 49 29.795833 29.91875
NOTE 66 51 29.85625 29.929167
NOTE 67 53 29.927083 29.970833
NOTE 71 48 29.939583 29.9875
NOTE 74 52 29.939583 30.075
NOTE 68 43 30.0125 30.075
NOTE 67 41 30.085417 30.164583
NOTE 66 47 30.177083 30.239583
NOTE 65 47 30.270833 30.410417
NOTE 72 43 30.2875 30.422917
NOTE 75 41 30.304167 30.422917
NOTE 66 45 30.364583 30.425
NOTE 67 42 30.435417 30.48125
NOTE 71 48 30.435417 30.510417
NOTE 74 43 30.435417 31.1
NOTE 68 42 30.510417 30.554167
NOTE 67 46 30.585417 30.629167
NOTE 66 43 30.6625 30.708333
NOTE 65 45 30.7375 30.816667
NOTE 66 46 30.816667 30.89375
NOTE 67 48 30.891667 30.9375
NOTE 68 41 30.979167 31.041667
NOTE 67 48 31.05 31.1125
NOTE 66 42 31.129167 31.172917
NOTE 65 48 31.204167 31.266667
NOTE 66 48 31.277083 31.339583
NOTE 67 42 31.35 31.39375
NOTE 68 41 31.422917 31.485417
NOTE 67 54 31.502083 31.5625
NOTE 66 52 31.579167 31.625
NOTE 65 47 31.65 31.710417
NOTE 66 53 31.727083 31.772917
NOTE 67 47 31.802083 31.852083
NOTE 68 41 31.897917 31.960417
NOTE 67 44 31.983333 32.035417
NOTE 66 42 32.058333 32.120833
NOTE 65 45 32.152083 32.195833
NOTE 66 43 32.220833 32.266667
NOTE 67 41 32.277083 32.322917
NOTE 69 46 32.347917 32.410417
NOTE 67 44 32.433333 32.49375
NOTE 65 47 32.525 32.6125
NOTE 64 58 32.629167 32.722917
NOTE 48 63 32.704167 32.777083
NOTE 55 63 32.704167 32.822917
NOTE 76 67 32.722917 32.766667
NOTE 48 57 33.314583 33.377083
NOTE 57 58 33.314583 33.39375
NOTE 74 68 33.316667 33.377083
NOTE 65 44 33.410417 33.439583
NOTE 64 49 33.470833 33.514583
NOTE 65 54 33.539583 33.570833
NOTE 48 50 33.622917 33.658333
NOTE 57 55 33.625 33.670833
NOTE 72 44 33.641667 33.670833
NOTE 65 49 33.702083 33.733333
NOTE 48 60 33.808333 33.839583
NOTE 71 66 33.808333 33.85625
NOTE 62 57 33.808333 33.85625
NOTE 65 45 33.85625 33.8875
NOTE 64 47 33.93125 33.977083
NOTE 65 51 33.9875 34.020833
NOTE 48 47 34.060417 34.102083
NOTE 69 54 34.0625 34.104167
NOTE 59 53 34.0625 34.104167
NOTE 65 41 34.135417 34.28125
NOTE 48 50 34.220833 34.2625
NOTE 60 50 34.220833 34.35
NOTE 67 60 34.222917 34.264583
NOTE 64 42 34.29375 34.339583
NOTE 63 50 34.372917 34.41875
NOTE 64 47 34.48125 34.527083
NOTE 67 54 34.570833 34.616667
NOTE 60 54 34.570833 34.720833
NOTE 64 44 34.647917 34.829167
NOTE 59 55 34.7375 34.785417
NOTE 67 65 34.754167 34.785417
NOTE 62 43 34.827083 34.872917
NOTE 59 51 34.897917 34.93125
NOTE 69 49 34.914583 34.9625
NOTE 66 52 34.914583 34.9625
NOTE 62 50 34.972917 35.01875
NOTE 59 52 35.041667 35.091667
NOTE 67 54 35.060417 35.104167
NOTE 71 54 35.060417 35.139583
NOTE 62 61 35.122917 35.28125
NOTE 74 49 35.185417 35.229167
NOTE 67 61 35.216667 35.245833
NOTE 57 67 35.216667 35.245833
NOTE 72 65 35.216667 35.264583
NOTE 64 57 35.29375 35.327083
NOTE 57 58 35.347917 35.397917
NOTE 67 48 35.366667 35.397917
NOTE 71 50 35.366667 35.414583
NOTE 64 58 35.439583 35.470833
NOTE 57 54 35.49375 35.635417
NOTE 67 50 35.510417 35.558333
NOTE 72 55 35.5125 35.541667
NOTE 64 60 35.575 35.716667
NOTE 50 61 35.652083 35.68125
NOTE 65 66 35.664583 35.697917
NOTE 72 59 35.664583 35.74375
NOTE 62 44 35.727083 35.854167
NOTE 50 53 35.789583 35.814583
NOTE 65 47 35.789583 35.83125
NOTE 76 51 35.791667 35.833333
NOTE 60 48 35.852083 35.98125
NOTE 50 46 35.908333 36.041667
NOTE 65 52 35.910417 35.954167
NOTE 74 52 35.922917 35.95625
NOTE 59 47 35.979167 36.122917
NOTE 55 49 36.058333 36.091667
NOTE 65 47 36.075 36.122917
NOTE 72 46 36.075 36.122917
NOTE 64 46 36.139583 36.29375
NOTE 55 43 36.214583 36.245833
NOTE 65 47 36.216667 36.2625
NOTE 71 52 36.216667 36.264583
NOTE 62 48 36.29375 36.439583
NOTE 69 53 36.377083 36.422917
NOTE 65 52 36.377083 36.422917
NOTE 55 42 36.377083 36.510417
NOTE 60 44 36.45 36.510417
NOTE 59 51 36.541667 36.683333
NOTE 67 56 36.541667 36.74375
NOTE 65 45 36.608333 36.658333
NOTE 64 43 36.68125 36.760417
NOTE 65 42 36.760417 36.839583
NOTE 59 60 36.85 36.972917
NOTE 67 60 36.852083 36.895833
NOTE 62 48 36.9125 37.04375
NOTE 64 70 36.983333 37.010417
NOTE 58 67 36.983333 37.010417
NOTE 67 66 36.983333 37.027083
DAMPER 37.008333 37.1
NOTE 60 43 37.05625 37.089583
NOTE 64 56 37.13125 37.1625
NOTE 58 60 37.13125 37.1625
NOTE 69 49 37.13125 37.179167
NOTE 60 59 37.204167 37.235417
NOTE 64 54 37.28125 37.327083
NOTE 58 56 37.28125 37.439583
NOTE 67 60 37.29375 37.34375
NOTE 60 71 37.360417 37.504167
NOTE 57 76 37.45625 37.4875
NOTE 74 67 37.458333 37.8
NOTE 65 43 37.520833 37.55
NOTE 72 60 37.6125 37.7875
NOTE 65 41 37.65625 37.6875
NOTE 69 41 37.741667 37.7875
NOTE 65 47 37.8 37.902083
NOTE 58 71 37.858333 37.885417
NOTE 67 66 37.870833 37.91875
NOTE 64 72 37.872917 37.902083
DAMPER 37.883333 38.016667
NOTE 60 42 37.93125 37.977083
NOTE 64 62 38.00625 38.035417
NOTE 58 60 38.00625 38.035417
NOTE 69 54 38.00625 38.052083
NOTE 60 65 38.077083 38.108333
NOTE 67 64 38.152083 38.214583
NOTE 64 60 38.152083 38.214583
NOTE 58 60 38.152083 38.325
NOTE 60 63 38.245833 38.383333
NOTE 57 67 38.335417 38.366667
NOTE 72 77 38.335417 38.641667
NOTE 65 46 38.39375 38.425
NOTE 64 49 38.46875 38.514583
NOTE 65 59 38.53125 38.59375
NOTE 69 63 38.610417 38.8125
DAMPER 38.810417 38.939583
NOTE 65 72 38.8125 38.84375
NOTE 74 67 38.8125 38.860417
NOTE 71 70 38.8125 38.8625
NOTE 67 45 38.885417 38.916667
NOTE 65 65 38.958333 38.989583
NOTE 76 65 38.977083 39.00625
NOTE 71 63 38.977083 39.00625
NOTE 67 48 39.03125 39.0625
NOTE 74 62 39.108333 39.154167
NOTE 71 68 39.108333 39.154167
NOTE 65 67 39.108333 39.25625
NOTE 67 56 39.177083 39.320833
NOTE 64 73 39.272917 39.302083
NOTE 81 78 39.272917 39.5875
NOTE 72 48 39.352083 39.38125
NOTE 79 59 39.425 39.64375
NOTE 72 46 39.495833 39.529167
NOTE 76 56 39.56875 39.70625
NOTE 72 42 39.6125 39.64375
DAMPER 39.695833 39.83125
NOTE 65 69 39.704167 39.75
NOTE 71 65 39.704167 39.75
NOTE 74 67 39.704167 39.766667
NOTE 67 71 39.777083 39.822917
NOTE 71 72 39.854167 39.883333
NOTE 65 71 39.854167 39.883333
NOTE 76 71 39.854167 39.9
NOTE 67 65 39.929167 39.979167
NOTE 74 67 39.989583 40.033333
NOTE 71 68 39.989583 40.035417
NOTE 65 66 39.989583 40.122917
NOTE 67 83 40.079167 40.24375
NOTE 64 74 40.154167 40.183333
NOTE 79 45 40.154167 40.527083
NOTE 72 48 40.214583 40.24375
NOTE 71 53 40.275 40.31875
NOTE 72 60 40.34375 40.375
NOTE 76 62 40.420833 40.60625
DAMPER 40.525 40.610417
NOTE 69 81 40.60625 40.633333
NOTE 78 79 40.60625 40.677083
NOTE 75 43 40.69375 40.835417
NOTE 69 47 40.754167 40.8
NOTE 79 45 40.754167 40.816667
NOTE 72 48 40.852083 40.9875
NOTE 69 59 40.925 40.95625
NOTE 78 66 40.925 41.020833
NOTE 75 42 41.004167 41.141667
NOTE 69 70 41.064583 41.097917
NOTE 79 67 41.08125 41.158333
NOTE 72 46 41.158333 41.295833
NOTE 69 61 41.220833 41.25
NOTE 78 54 41.220833 41.295833
NOTE 75 42 41.308333 41.43125
NOTE 69 56 41.36875 41.516667
NOTE 79 54 41.385417 41.460417
DAMPER 41.439583 41.514583
NOTE 72 49 41.441667 41.595833
NOTE 68 82 41.533333 41.5625
NOTE 78 83 41.533333 41.595833
NOTE 75 47 41.60625 41.741667
NOTE 68 62 41.68125 41.7125
NOTE 79 65 41.68125 41.83125
NOTE 72 50 41.758333 41.889583
NOTE 68 63 41.829167 41.858333
NOTE 78 62 41.841667 41.96875
NOTE 75 49 41.90625 42.03125
NOTE 68 73 41.96875 41.997917
NOTE 79 69 41.985417 42.0875
NOTE 72 49 42.041667 42.160417
NOTE 68 56 42.097917 42.129167
NOTE 78 51 42.097917 42.160417
NOTE 75 55 42.170833 42.4125
NOTE 84 51 42.245833 42.295833
NOTE 68 50 42.245833 42.295833
NOTE 78 50 42.429167 42.6375
NOTE 67 52 42.429167 42.870833
DAMPER 42.4375 42.697917
NOTE 75 49 42.4875 42.51875
NOTE 72 48 42.558333 42.6375
NOTE 75 52 42.654167 42.88125
NOTE 78 48 42.73125 42.88125
NOTE 81 54 42.810417 42.89375
NOTE 55 67 42.879167 42.91875
NOTE 65 64 42.879167 42.91875
NOTE 62 72 42.879167 42.935417
NOTE 79 61 42.891667 42.964583
NOTE 77 42 42.947917 43.027083
NOTE 74 47 43.025 43.10625
NOTE 71 43 43.122917 43.185417
NOTE 67 48 43.208333 43.26875
NOTE 71 47 43.285417 43.38125
NOTE 48 44 43.360417 43.829167
NOTE 72 65 43.391667 43.54375
DAMPER 43.416667 44.0625
NOTE 52 45 43.435417 43.829167
NOTE 55 61 43.510417 43.722917
NOTE 60 59 43.5875 43.76875
NOTE 64 66 43.6625 43.8125
NOTE 67 64 43.739583 43.95
NOTE 72 67 43.829167 44.0125
NOTE 55 67 43.845833 44.275
NOTE 60 66 43.90625 44.275
NOTE 64 66 43.966667 44.275
NOTE 67 65 44.058333 44.275
NOTE 72 62 44.116667 44.275
NOTE 76 62 44.197917 44.275
NOTE 52 77 44.272917 44.316667
NOTE 65 77 44.285417 44.333333
NOTE 74 79 44.2875 44.333333
NOTE 69 45 44.364583 44.5
NOTE 64 43 44.425 44.470833
NOTE 72 54 44.4375 44.48125
NOTE 67 48 44.508333 44.641667
NOTE 62 55 44.579167 44.625
NOTE 71 55 44.58125 44.641667
NOTE 65 42 44.652083 44.789583
NOTE 69 45 44.714583 44.758333
NOTE 60 52 44.714583 44.758333
NOTE 64 43 44.8 44.920833
NOTE 59 42 44.839583 44.8875
NOTE 68 47 44.858333 44.904167
NOTE 62 43 44.9375 44.96875
NOTE 57 48 45.0125 45.060417
NOTE 65 51 45.014583 45.072917
NOTE 62 43 45.089583 45.120833
NOTE 56 64 45.164583 45.208333
NOTE 64 66 45.164583 45.227083
NOTE 62 44 45.2375 45.26875
NOTE 59 48 45.302083 45.33125
NOTE 68 44 45.314583 45.364583
NOTE 62 53 45.3875 45.4375
NOTE 57 48 45.445833 45.477083
NOTE 65 45 45.445833 45.50625
NOTE 62 48 45.522917 45.583333
NOTE 56 66 45.59375 45.622917
NOTE 52 64 45.59375 45.622917
NOTE 64 63 45.59375 45.745833
DAMPER 45.604167 45.822917
NOTE 52 62 45.725 45.8625
NOTE 56 65 45.727083 45.96875
NOTE 59 63 45.76875 45.970833
NOTE 62 66 45.81875 45.970833
NOTE 64 66 45.879167 45.970833
NOTE 68 60 45.908333 45.970833
NOTE 71 74 45.952083 46.058333
NOTE 52 80 45.98125 46.022917
NOTE 65 76 45.98125 46.025
NOTE 74 76 45.983333 46.13125
NOTE 69 48 46.070833 46.191667
NOTE 64 43 46.129167 46.175
NOTE 72 60 46.14375 46.191667
NOTE 67 45 46.2 46.35
NOTE 62 54 46.29375 46.322917
NOTE 71 57 46.29375 46.325
NOTE 65 44 46.36875 46.489583
NOTE 69 43 46.429167 46.489583
NOTE 60 57 46.429167 46.489583
NOTE 64 53 46.50625 46.629167
NOTE 68 49 46.579167 46.6125
NOTE 59 49 46.579167 46.629167
NOTE 62 45 46.6375 46.670833
NOTE 57 44 46.73125 46.775
NOTE 65 54 46.73125 46.777083
NOTE 62 41 46.7875 46.81875
NOTE 64 53 46.864583 46.910417
NOTE 56 60 46.864583 46.927083
NOTE 62 42 46.94375 46.989583
NOTE 68 46 47.033333 47.077083
NOTE 59 42 47.033333 47.077083
NOTE 62 41 47.102083 47.13125
NOTE 57 48 47.1625 47.19375
NOTE 65 42 47.164583 47.210417
NOTE 62 48 47.241667 47.3625
NOTE 56 64 47.302083 47.33125
NOTE 52 62 47.302083 47.33125
NOTE 64 64 47.302083 47.391667
DAMPER 47.310417 47.566667
NOTE 56 60 47.4375 47.666667
NOTE 52 62 47.4375 47.666667
NOTE 59 65 47.466667 47.66875
NOTE 64 79 47.5125 47.66875
NOTE 68 60 47.558333 47.66875
NOTE 71 64 47.627083 47.710417
NOTE 76 65 47.66875 47.804167
NOTE 57 79 47.679167 47.770833
NOTE 70 82 47.727083 47.770833
NOTE 79 82 47.727083 47.88125
NOTE 74 48 47.820833 47.952083
NOTE 69 54 47.889583 47.922917
NOTE 77 53 47.891667 47.939583
NOTE 72 41 47.96875 48.079167
NOTE 67 63 48.029167 48.0625
NOTE 76 62 48.045833 48.095833
NOTE 70 44 48.1125 48.222917
NOTE 65 41 48.166667 48.2
NOTE 74 45 48.166667 48.2125
NOTE 69 42 48.239583 48.372917
NOTE 64 60 48.314583 48.345833
NOTE 73 61 48.314583 48.3625
NOTE 67 47 48.389583 48.420833
NOTE 70 47 48.460417 48.510417
NOTE 62 54 48.460417 48.510417
NOTE 67 41 48.539583 48.570833
NOTE 69 70 48.6 48.645833
NOTE 61 62 48.6 48.645833
NOTE 67 59 48.695833 48.725
NOTE 64 52 48.74375 48.791667
NOTE 73 60 48.760417 48.808333
NOTE 67 45 48.833333 48.8625
NOTE 70 58 48.89375 48.954167
NOTE 62 54 48.89375 48.954167
NOTE 67 45 48.9625 48.995833
NOTE 69 55 49.035417 49.08125
NOTE 61 55 49.035417 49.08125
NOTE 67 42 49.110417 49.154167
NOTE 64 43 49.185417 49.247917
NOTE 73 53 49.204167 49.260417
NOTE 67 44 49.272917 49.31875
NOTE 62 42 49.329167 49.358333
NOTE 70 52 49.329167 49.389583
NOTE 67 46 49.402083 49.464583
NOTE 61 61 49.495833 49.539583
NOTE 69 67 49.495833 49.541667
NOTE 64 62 49.495833 49.541667
NOTE 67 47 49.585417 49.616667
NOTE 72 61 49.633333 49.6625
NOTE 64 53 49.645833 49.69375
NOTE 61 53 49.645833 49.69375
NOTE 70 65 49.6625 49.725
NOTE 67 45 49.725 49.75625
NOTE 69 42 49.802083 49.83125
NOTE 64 54 49.802083 49.925
NOTE 61 49 49.802083 49.925
NOTE 67 42 49.864583 50.022917
NOTE 62 71 49.95 50.095833
NOTE 69 75 49.952083 50.079167
NOTE 65 48 50.033333 50.066667
DAMPER 50.05625 50.164583
NOTE 74 60 50.095833 50.233333
NOTE 65 46 50.15625 50.1875
NOTE 69 59 50.25 50.464583
NOTE 65 46 50.3125 50.35625
NOTE 59 71 50.3875 50.416667
NOTE 62 66 50.3875 50.435417
NOTE 65 48 50.48125 50.5125
NOTE 71 60 50.529167 50.575
NOTE 59 52 50.539583 50.575
NOTE 62 54 50.539583 50.5875
NOTE 69 66 50.558333 50.604167
NOTE 65 45 50.614583 50.647917
NOTE 62 49 50.670833 50.7875
NOTE 59 51 50.670833 50.7875
NOTE 67 61 50.672917 50.704167
NOTE 65 44 50.727083 50.770833
NOTE 67 70 50.833333 50.958333
NOTE 60 58 50.852083 50.975
NOTE 64 59 50.897917 50.929167
DAMPER 50.920833 51.01875
NOTE 72 59 50.977083 51.095833
NOTE 64 57 51.035417 51.066667
NOTE 67 51 51.1125 51.158333
NOTE 64 55 51.175 51.20625
NOTE 60 64 51.245833 51.277083
NOTE 57 59 51.245833 51.277083
NOTE 64 47 51.322917 51.366667
NOTE 69 55 51.383333 51.414583
NOTE 57 52 51.4 51.445833
NOTE 60 53 51.4 51.445833
NOTE 67 57 51.4125 51.475
NOTE 64 50 51.475 51.520833
NOTE 57 48 51.54375 51.5875
NOTE 66 55 51.545833 51.577083
NOTE 60 53 51.545833 51.5875
NOTE 64 47 51.585417 51.660417
NOTE 60 65 51.691667 52.160417
NOTE 66 59 51.708333 51.845833
NOTE 57 62 51.708333 52.03125
DAMPER 51.7625 51.870833
NOTE 64 42 51.770833 51.802083
NOTE 72 49 51.8625 52.002083
NOTE 64 45 51.925 51.958333
NOTE 66 52 52.01875 52.095833
NOTE 64 44 52.114583 52.24375
NOTE 57 59 52.158333 52.189583
NOTE 59 60 52.170833 52.2
NOTE 63 43 52.24375 52.2875
NOTE 69 48 52.297917 52.33125
NOTE 59 43 52.314583 52.34375
NOTE 57 44 52.314583 52.34375
NOTE 67 48 52.33125 52.375
NOTE 63 47 52.385417 52.429167
NOTE 59 48 52.454167 52.485417
NOTE 57 46 52.454167 52.485417
NOTE 66 48 52.45625 52.485417
NOTE 63 46 52.529167 52.575
NOTE 57 49 52.604167 52.991667
NOTE 59 48 52.604167 52.991667
NOTE 66 53 52.620833 52.741667
DAMPER 52.629167 52.716667
NOTE 63 41 52.666667 52.7
NOTE 71 48 52.741667 52.89375
NOTE 63 42 52.795833 52.858333
NOTE 66 46 52.875 53.066667
NOTE 63 42 52.947917 53.066667
NOTE 56 65 53.002083 53.047917
NOTE 59 48 53.083333 53.1125
NOTE 58 46 53.158333 53.204167
NOTE 59 41 53.216667 53.25
NOTE 56 57 53.272917 53.316667
NOTE 64 57 53.291667 53.333333
NOTE 59 46 53.358333 53.50625
NOTE 52 61 53.445833 53.4875
NOTE 68 51 53.4625 53.50625
NOTE 64 46 53.535417 53.63125
NOTE 66 44 53.614583 53.6625
NOTE 57 44 53.614583 53.6625
NOTE 63 42 53.69375 53.772917
NOTE 56 48 53.754167 53.795833
NOTE 64 49 53.770833 53.814583
NOTE 59 43 53.822917 53.86875
NOTE 52 49 53.89375 53.91875
NOTE 68 60 53.895833 54.002083
NOTE 64 49 53.970833 54.058333
NOTE 57 45 54.025 54.06875
NOTE 66 51 54.027083 54.158333
NOTE 63 48 54.097917 54.175
NOTE 56 45 54.166667 54.214583
NOTE 64 44 54.175 54.214583
NOTE 59 45 54.260417 54.335417
NOTE 47 58 54.345833 54.658333
NOTE 57 57 54.347917 54.720833
NOTE 54 61 54.347917 54.720833
NOTE 69 66 54.35 54.647917
DAMPER 54.366667 54.470833
NOTE 66 49 54.427083 54.533333
NOTE 63 42 54.502083 54.61875
NOTE 59 42 54.585417 54.720833
NOTE 66 53 54.647917 54.78125
NOTE 40 59 54.73125 54.88125
NOTE 63 60 54.733333 54.797917
NOTE 47 82 54.772917 54.914583
NOTE 56 63 54.822917 54.945833
NOTE 71 83 54.839583 55.097917
NOTE 68 42 54.897917 55.095833
DAMPER 54.90625 54.99375
NOTE 64 65 54.9625 55.004167
NOTE 59 59 55.033333 55.064583
NOTE 56 70 55.108333 55.152083
NOTE 64 72 55.108333 55.229167
NOTE 59 46 55.177083 55.333333
NOTE 52 44 55.254167 55.302083
NOTE 68 49 55.272917 55.335417
NOTE 64 46 55.347917 55.447917
NOTE 57 48 55.410417 55.458333
NOTE 66 46 55.429167 55.5375
NOTE 63 46 55.520833 55.5625
NOTE 56 42 55.560417 55.608333
NOTE 64 42 55.579167 55.625
NOTE 59 43 55.654167 55.758333
NOTE 52 42 55.7125 55.758333
NOTE 68 47 55.714583 55.820833
NOTE 64 43 55.775 55.845833
NOTE 57 43 55.84375 55.877083
NOTE 66 47 55.845833 55.89375
NOTE 63 44 55.902083 55.952083
NOTE 64 47 55.975 56.025
NOTE 56 47 55.975 56.025
NOTE 59 44 56.064583 56.14375
NOTE 54 60 56.15625 56.28125
NOTE 69 61 56.15625 56.379167
NOTE 57 66 56.15625 56.466667
NOTE 47 64 56.15625 56.479167
NOTE 66 46 56.21875 56.379167
NOTE 63 52 56.28125 56.33125
NOTE 59 50 56.360417 56.389583
NOTE 63 72 56.435417 56.602083
NOTE 59 80 56.5125 56.602083
DAMPER 56.533333 56.814583
NOTE 40 83 56.535417 56.683333
NOTE 47 84 56.585417 56.714583
NOTE 56 80 56.627083 56.73125
NOTE 64 78 56.629167 56.658333
NOTE 66 46 56.685417 56.733333
NOTE 64 59 56.74375 56.866667
NOTE 63 62 56.822917 56.866667
NOTE 62 63 56.897917 57.035417
NOTE 63 72 56.972917 57.095833
NOTE 64 65 57.052083 57.129167
NOTE 66 64 57.127083 57.202083
NOTE 64 63 57.202083 57.408333
NOTE 63 61 57.275 57.31875
NOTE 62 63 57.3625 57.495833
NOTE 60 63 57.3625 57.495833
NOTE 57 66 57.3625 57.495833
NOTE 63 65 57.425 57.495833
NOTE 64 69 57.5125 57.54375
NOTE 52 65 57.5125 57.6125
NOTE 56 68 57.5125 57.660417
NOTE 59 71 57.5125 57.710417
NOTE 66 56 57.56875 57.63125
NOTE 64 60 57.647917 57.754167
NOTE 63 64 57.754167 57.797917
NOTE 60 65 57.841667 57.95
NOTE 57 66 57.841667 57.95
NOTE 62 62 57.841667 57.979167
NOTE 63 65 57.904167 58.035417
NOTE 52 66 57.989583 58.083333
NOTE 56 70 57.989583 58.127083
NOTE 59 68 57.989583 58.172917
NOTE 64 65 57.991667 58.035417
NOTE 66 54 58.066667 58.216667
NOTE 64 64 58.14375 58.31875
NOTE 63 64 58.216667 58.277083
NOTE 57 63 58.3 58.45625
NOTE 60 62 58.3 58.45625
NOTE 62 64 58.3 58.547917
NOTE 63 62 58.377083 58.547917
NOTE 64 61 58.45625 58.53125
NOTE 52 60 58.46875 58.879167
NOTE 59 66 58.46875 58.88125
NOTE 56 66 58.46875 58.88125
NOTE 65 53 58.564583 58.652083
NOTE 64 58 58.65 58.804167
NOTE 63 57 58.722917 58.772917
NOTE 62 58 58.820833 59.027083
NOTE 63 56 58.891667 59.029167
NOTE 64 64 58.966667 59.010417
NOTE 65 48 59.0375 59.110417
NOTE 64 43 59.110417 59.260417
NOTE 63 47 59.183333 59.229167
NOTE 62 44 59.260417 59.470833
NOTE 72 47 59.289583 59.397917
NOTE 69 45 59.289583 59.410417
NOTE 63 43 59.347917 59.470833
NOTE 64 51 59.420833 59.454167
NOTE 68 49 59.420833 59.5125
NOTE 71 50 59.420833 59.541667
NOTE 65 43 59.49375 59.558333
NOTE 64 46 59.575 59.664583
NOTE 63 47 59.633333 59.695833
NOTE 62 43 59.720833 59.875
NOTE 72 44 59.7375 59.889583
NOTE 69 48 59.754167 59.875
NOTE 63 45 59.816667 59.95
NOTE 64 41 59.877083 59.933333
NOTE 68 53 59.8875 59.979167
NOTE 71 49 59.889583 59.997917
NOTE 65 48 59.966667 60.039583
NOTE 64 43 60.052083 60.125
NOTE 63 46 60.141667 60.170833
NOTE 72 42 60.216667 60.333333
NOTE 62 41 60.216667 60.333333
NOTE 69 45 60.216667 60.352083
NOTE 63 42 60.2875 60.3625
NOTE 64 44 60.360417 60.40625
NOTE 71 42 60.360417 60.539583
NOTE 68 41 60.372917 60.479167
NOTE 65 41 60.45 60.577083
NOTE 64 41 60.520833 60.577083
DAMPER 60.54375 60.727083
NOTE 63 48 60.59375 60.625
NOTE 62 82 60.66875 60.891667
NOTE 63 78 60.727083 60.908333
NOTE 64 84 60.8 60.920833
NOTE 65 80 60.858333 60.891667
NOTE 66 45 60.9375 60.98125
NOTE 65 60 61.0125 61.075
NOTE 64 48 61.091667 61.15
NOTE 61 47 61.172917 61.310417
NOTE 58 41 61.172917 61.310417
NOTE 63 47 61.172917 61.339583
NOTE 64 43 61.252083 61.36875
NOTE 57 60 61.320833 61.41875
NOTE 60 55 61.320833 61.447917
NOTE 65 59 61.322917 61.35625
NOTE 66 46 61.4 61.585417
NOTE 65 53 61.464583 61.566667
NOTE 64 60 61.522917 61.583333
NOTE 63 58 61.595833 61.670833
NOTE 61 53 61.6125 61.745833
NOTE 58 57 61.6125 61.745833
NOTE 64 54 61.683333 61.80625
NOTE 65 59 61.745833 61.777083
NOTE 57 50 61.777083 61.854167
NOTE 60 54 61.777083 61.883333
NOTE 66 41 61.8375 61.977083
NOTE 65 51 61.914583 61.977083
NOTE 64 54 61.989583 62.039583
NOTE 63 47 62.070833 62.133333
NOTE 61 52 62.070833 62.2125
NOTE 58 53 62.070833 62.2125
NOTE 64 51 62.15 62.297917
NOTE 65 49 62.222917 62.254167
NOTE 57 43 62.222917 62.341667
NOTE 60 44 62.225 62.49375
NOTE 66 46 62.295833 62.358333
NOTE 65 55 62.366667 62.477083
NOTE 64 65 62.429167 62.477083
DAMPER 62.4375 62.639583
NOTE 63 79 62.502083 62.808333
NOTE 64 84 62.58125 62.791667
NOTE 65 82 62.641667 62.808333
NOTE 66 79 62.704167 62.808333
NOTE 67 80 62.758333 62.791667
NOTE 68 47 62.852083 62.897917
NOTE 67 57 62.929167 63.072917
NOTE 66 60 63 63.05
NOTE 65 59 63.072917 63.245833
NOTE 75 55 63.089583 63.195833
NOTE 72 60 63.089583 63.195833
NOTE 66 55 63.152083 63.195833
NOTE 67 58 63.2125 63.258333
NOTE 74 57 63.2125 63.339583
NOTE 71 59 63.214583 63.308333
NOTE 68 51 63.308333 63.425
NOTE 67 47 63.379167 63.5
NOTE 66 50 63.4375 63.4875
NOTE 75 49 63.516667 63.654167
NOTE 65 47 63.516667 63.741667
NOTE 72 52 63.533333 63.654167
NOTE 66 48 63.591667 63.741667
NOTE 67 53 63.664583 63.710417
NOTE 74 50 63.664583 63.785417
NOTE 71 50 63.666667 63.7875
NOTE 68 50 63.754167 63.889583
NOTE 67 50 63.827083 63.964583
NOTE 66 49 63.90625 63.964583
NOTE 65 54 63.98125 64.11875
NOTE 72 52 63.98125 64.13125
NOTE 75 53 63.997917 64.11875
NOTE 66 51 64.05625 64.204167
NOTE 67 52 64.13125 64.1875
NOTE 74 47 64.13125 64.385417
NOTE 71 53 64.141667 64.239583
NOTE 68 43 64.220833 64.297917
NOTE 67 60 64.314583 64.3875
NOTE 66 59 64.372917 64.41875
NOTE 65 56 64.4625 64.541667
NOTE 66 55 64.541667 64.66875
NOTE 67 61 64.6 64.641667
NOTE 68 48 64.666667 64.741667
NOTE 67 53 64.752083 64.810417
NOTE 66 58 64.822917 64.872917
NOTE 65 57 64.895833 64.970833
NOTE 66 55 64.96875 65.041667
NOTE 67 60 65.041667 65.1
NOTE 68 45 65.13125 65.208333
NOTE 67 48 65.20625 65.28125
NOTE 66 54 65.28125 65.34375
NOTE 65 49 65.354167 65.435417
NOTE 66 51 65.435417 65.525
NOTE 67 53 65.50625 65.541667
NOTE 68 41 65.570833 65.63125
NOTE 67 47 65.639583 65.71875
NOTE 66 42 65.735417 65.79375
NOTE 65 48 65.804167 65.883333
NOTE 66 41 65.891667 65.95625
NOTE 67 41 65.954167 66.014583
NOTE 69 45 66.045833 66.11875
NOTE 67 43 66.11875 66.20625
NOTE 65 46 66.204167 66.279167
NOTE 64 47 66.289583 66.352083
NOTE 55 59 66.391667 66.447917
NOTE 48 54 66.391667 66.447917
NOTE 76 71 66.39375 66.4375
NOTE 74 58 66.910417 66.95625
NOTE 57 60 66.910417 66.972917
NOTE 48 63 66.927083 66.989583
NOTE 65 43 66.989583 67.01875
NOTE 64 47 67.0625 67.104167
NOTE 65 45 67.15 67.19375
NOTE 72 56 67.233333 67.275
NOTE 48 51 67.233333 67.275
NOTE 57 47 67.233333 67.291667
NOTE 65 48 67.310417 67.339583
NOTE 48 53 67.397917 67.433333
NOTE 71 61 67.416667 67.4625
NOTE 62 58 67.416667 67.4625
NOTE 65 47 67.479167 67.5125
NOTE 64 41 67.552083 67.583333
NOTE 65 44 67.6125 67.64375
NOTE 59 54 67.685417 67.733333
NOTE 48 48 67.685417 67.733333
NOTE 69 55 67.6875 67.716667
NOTE 65 41 67.772917 67.854167
NOTE 48 61 67.852083 67.885417
NOTE 67 65 67.854167 67.897917
NOTE 60 62 67.854167 67.897917
NOTE 64 43 67.914583 67.958333
NOTE 63 46 67.9875 68.045833
NOTE 64 44 68.0625 68.091667
NOTE 67 55 68.152083 68.197917
NOTE 60 48 68.152083 68.302083
NOTE 64 48 68.214583 68.302083
NOTE 67 62 68.31875 68.364583
NOTE 59 54 68.31875 68.364583
NOTE 62 47 68.395833 68.427083
NOTE 59 49 68.485417 68.516667
NOTE 69 56 68.485417 68.529167
NOTE 66 60 68.485417 68.529167
NOTE 62 49 68.545833 68.577083
NOTE 67 54 68.635417 68.666667
NOTE 71 54 68.635417 68.683333
NOTE 59 47 68.635417 68.770833
NOTE 62 52 68.708333 68.84375
NOTE 74 60 68.770833 68.797917
NOTE 67 64 68.7875 68.83125
NOTE 57 60 68.7875 68.83125
NOTE 72 62 68.7875 68.84375
NOTE 64 45 68.8625 68.89375
NOTE 67 56 68.935417 68.966667
NOTE 71 60 68.935417 69
NOTE 57 52 68.954167 68.983333
NOTE 64 53 69.016667 69.0625
NOTE 67 54 69.09375 69.135417
NOTE 72 58 69.09375 69.152083
NOTE 57 51 69.102083 69.24375
NOTE 64 67 69.18125 69.333333
NOTE 50 70 69.254167 69.285417
NOTE 65 67 69.25625 69.302083
NOTE 72 67 69.25625 69.320833
NOTE 62 47 69.33125 69.479167
NOTE 50 53 69.40625 69.435417
NOTE 76 66 69.40625 69.4375
NOTE 65 61 69.40625 69.454167
NOTE 60 46 69.4625 69.520833
NOTE 74 60 69.5375 69.56875
NOTE 65 64 69.5375 69.585417
NOTE 50 53 69.5375 69.672917
NOTE 59 47 69.614583 69.747917
NOTE 55 48 69.689583 69.720833
NOTE 72 64 69.689583 69.722917
NOTE 65 59 69.689583 69.73125
NOTE 64 49 69.758333 69.895833
NOTE 55 54 69.83125 69.8625
NOTE 71 55 69.83125 69.879167
NOTE 65 57 69.83125 69.879167
NOTE 62 48 69.914583 69.960417
NOTE 65 53 69.991667 70.025
NOTE 69 55 69.991667 70.041667
NOTE 55 51 69.991667 70.129167
NOTE 60 48 70.064583 70.127083
NOTE 67 60 70.139583 70.295833
NOTE 59 50 70.139583 70.339583
NOTE 65 43 70.2125 70.254167
NOTE 64 47 70.295833 70.339583
NOTE 65 44 70.370833 70.445833
NOTE 59 44 70.45625 70.595833
NOTE 67 48 70.458333 70.5
NOTE 62 47 70.516667 70.579167
NOTE 58 56 70.595833 70.622917
NOTE 64 54 70.595833 70.625
NOTE 67 66 70.60625 70.729167
DAMPER 70.60625 70.785417
NOTE 60 43 70.666667 70.697917
NOTE 64 49 70.741667 70.775
NOTE 58 50 70.741667 70.775
NOTE 69 52 70.741667 70.7875
NOTE 60 48 70.816667 70.858333
NOTE 67 50 70.889583 70.93125
NOTE 64 51 70.889583 70.933333
NOTE 58 54 70.889583 71.033333
NOTE 60 51 70.975 71.1
NOTE 57 66 71.05 71.1
NOTE 74 70 71.05 71.34375
DAMPER 71.108333 71.135417
NOTE 65 44 71.110417 71.1375
NOTE 72 50 71.195833 71.366667
NOTE 65 49 71.254167 71.2875
NOTE 69 48 71.341667 71.385417
NOTE 65 42 71.395833 71.470833
NOTE 58 60 71.470833 71.533333
NOTE 64 54 71.483333 71.533333
NOTE 67 63 71.483333 71.652083
DAMPER 71.5 71.61875
NOTE 60 44 71.5625 71.60625
NOTE 58 52 71.635417 71.670833
NOTE 64 54 71.635417 71.670833
NOTE 69 59 71.635417 71.679167
NOTE 60 52 71.722917 71.752083
NOTE 67 56 71.783333 71.829167
NOTE 64 50 71.783333 71.829167
NOTE 58 51 71.783333 71.920833
NOTE 60 67 71.845833 71.964583
NOTE 57 66 71.929167 71.98125
NOTE 72 67 71.945833 72.302083
NOTE 65 46 72.010417 72.04375
NOTE 64 43 72.072917 72.147917
NOTE 65 43 72.166667 72.225
NOTE 69 63 72.241667 72.422917
NOTE 65 63 72.422917 72.454167
NOTE 71 59 72.435417 72.485417
NOTE 74 59 72.435417 72.579167
DAMPER 72.4625 72.589583
NOTE 67 43 72.49375 72.5375
NOTE 65 56 72.579167 72.608333
NOTE 71 55 72.591667 72.620833
NOTE 76 60 72.591667 72.639583
NOTE 67 44 72.65 72.679167
NOTE 74 60 72.722917 72.764583
NOTE 71 53 72.722917 72.766667
NOTE 65 54 72.722917 72.85
NOTE 67 46 72.777083 72.927083
NOTE 64 63 72.866667 72.910417
NOTE 81 70 72.866667 73.266667
NOTE 72 48 72.939583 72.970833
NOTE 79 54 73.0125 73.266667
NOTE 72 44 73.075 73.116667
NOTE 76 50 73.160417 73.20625
NOTE 72 47 73.2375 73.329167
NOTE 65 64 73.329167 73.372917
NOTE 74 66 73.345833 73.389583
NOTE 71 65 73.345833 73.389583
DAMPER 73.35625 73.49375
NOTE 67 48 73.420833 73.45
NOTE 71 59 73.49375 73.522917
NOTE 65 62 73.49375 73.522917
NOTE 76 55 73.49375 73.539583
NOTE 67 55 73.58125 73.6125
NOTE 74 55 73.641667 73.683333
NOTE 71 59 73.641667 73.683333
NOTE 65 60 73.641667 73.785417
NOTE 67 43 73.727083 74.025
NOTE 64 69 73.802083 73.845833
NOTE 79 55 73.814583 74.129167
NOTE 72 46 73.875 73.90625
NOTE 71 48 73.922917 73.964583
NOTE 72 49 74.00625 74.041667
NOTE 76 55 74.083333 74.129167
NOTE 69 79 74.229167 74.260417
NOTE 78 75 74.229167 74.277083
NOTE 75 50 74.302083 74.4375
NOTE 69 62 74.375 74.41875
NOTE 79 56 74.375 74.4375
NOTE 72 45 74.454167 74.56875
DAMPER 74.504167 74.929167
NOTE 69 57 74.50625 74.539583
NOTE 78 62 74.508333 74.55625
NOTE 75 43 74.585417 74.739583
NOTE 69 62 74.658333 74.691667
NOTE 79 56 74.675 74.722917
NOTE 72 49 74.75625 74.889583
NOTE 69 66 74.829167 74.860417
NOTE 78 68 74.829167 74.877083
NOTE 75 49 74.90625 75.054167
NOTE 79 64 74.991667 75.0375
NOTE 69 65 74.991667 75.135417
NOTE 72 47 75.064583 75.210417
NOTE 78 85 75.1375 75.18125
NOTE 68 84 75.147917 75.179167
NOTE 75 44 75.227083 75.347917
NOTE 68 57 75.3 75.33125
NOTE 79 57 75.3 75.347917
DAMPER 75.35625 75.6375
NOTE 72 60 75.364583 75.5375
NOTE 68 59 75.458333 75.491667
NOTE 78 58 75.458333 75.508333
NOTE 75 41 75.554167 75.689583
NOTE 68 60 75.616667 75.645833
NOTE 79 58 75.616667 75.745833
NOTE 72 41 75.7 75.802083
NOTE 78 53 75.745833 75.804167
NOTE 68 58 75.75625 75.785417
NOTE 75 45 75.814583 75.9
NOTE 68 46 75.86875 75.916667
NOTE 84 47 75.870833 75.916667
NOTE 67 58 76.004167 76.064583
NOTE 78 56 76.020833 76.139583
NOTE 75 44 76.077083 76.108333
NOTE 72 42 76.147917 76.222917
NOTE 75 43 76.222917 76.26875
NOTE 78 47 76.302083 76.347917
NOTE 81 45 76.379167 76.445833
NOTE 79 65 76.445833 76.50625
NOTE 59 66 76.454167 76.53125
NOTE 62 67 76.45625 76.53125
NOTE 55 72 76.45625 76.53125
NOTE 65 66 76.45625 76.560417
NOTE 77 42 76.514583 76.55
NOTE 74 48 76.591667 76.635417
NOTE 71 43 76.666667 76.7125
NOTE 67 47 76.7375 76.810417
NOTE 71 44 76.822917 76.9125
NOTE 48 53 76.889583 77.65
NOTE 72 48 76.922917 77.191667
NOTE 52 57 76.9625 77.69375
DAMPER 77 77.577083
NOTE 55 54 77.054167 77.7375
NOTE 60 55 77.129167 77.247917
NOTE 64 65 77.204167 77.322917
NOTE 67 59 77.29375 77.379167
NOTE 72 61 77.366667 77.45625
NOTE 60 67 77.366667 77.69375
NOTE 64 66 77.439583 77.802083
NOTE 67 62 77.510417 77.802083
NOTE 72 62 77.5875 77.802083
NOTE 76 66 77.652083 77.802083
NOTE 79 60 77.739583 77.802083
NOTE 57 84 77.814583 77.845833
NOTE 60 78 77.814583 77.8625
NOTE 63 78 77.814583 77.8625
NOTE 66 80 77.814583 77.864583
NOTE 78 79 77.814583 77.864583
NOTE 75 41 77.90625 78.03125
NOTE 57 48 77.960417 77.989583
NOTE 63 42 77.970833 78.002083
NOTE 60 48 77.970833 78.002083
NOTE 66 60 77.972917 78.002083
NOTE 79 57 77.972917 78.020833
NOTE 72 45 78.041667 78.160417
NOTE 57 41 78.095833 78.127083
NOTE 63 47 78.097917 78.127083
NOTE 60 48 78.097917 78.127083
NOTE 66 57 78.097917 78.129167
NOTE 78 55 78.114583 78.160417
DAMPER 78.122917 78.489583
NOTE 75 43 78.189583 78.325
NOTE 63 46 78.25 78.279167
NOTE 60 44 78.25 78.279167
NOTE 57 45 78.25 78.279167
NOTE 66 63 78.25 78.28125
NOTE 79 59 78.2625 78.3125
NOTE 72 47 78.335417 78.452083
NOTE 57 47 78.377083 78.4125
NOTE 60 41 78.377083 78.422917
NOTE 63 44 78.39375 78.422917
NOTE 66 54 78.39375 78.425
NOTE 78 54 78.395833 78.441667
NOTE 75 51 78.470833 78.602083
NOTE 57 45 78.522917 78.6875
NOTE 63 43 78.539583 78.583333
NOTE 60 48 78.539583 78.583333
NOTE 66 49 78.541667 78.585417
NOTE 79 54 78.541667 78.602083
NOTE 72 47 78.61875 78.729167
NOTE 60 62 78.685417 78.710417
NOTE 56 63 78.685417 78.710417
NOTE 63 66 78.685417 78.7125
NOTE 66 77 78.6875 78.7125
NOTE 78 80 78.6875 78.73125
NOTE 75 44 78.772917 78.877083
NOTE 56 50 78.827083 78.85625
NOTE 60 47 78.829167 78.85625
NOTE 63 53 78.829167 78.858333
NOTE 66 60 78.829167 78.858333
NOTE 79 60 78.83125 78.858333
NOTE 72 41 78.9 78.997917
DAMPER 78.9 79.152083
NOTE 56 51 78.95 78.979167
NOTE 63 54 78.952083 78.979167
NOTE 60 48 78.952083 78.979167
NOTE 66 60 78.952083 78.98125
NOTE 78 58 78.954167 79.070833
NOTE 75 46 79.00625 79.039583
NOTE 56 51 79.079167 79.10625
NOTE 60 47 79.079167 79.108333
NOTE 63 50 79.079167 79.108333
NOTE 66 47 79.08125 79.108333
NOTE 79 44 79.08125 79.19375
NOTE 72 47 79.15 79.28125
NOTE 63 48 79.204167 79.247917
NOTE 60 49 79.204167 79.247917
NOTE 56 53 79.204167 79.247917
NOTE 66 56 79.20625 79.247917
NOTE 78 60 79.20625 79.28125
NOTE 75 47 79.297917 79.360417
NOTE 63 49 79.36875 79.4125
NOTE 56 48 79.36875 79.4125
NOTE 60 50 79.36875 79.4125
NOTE 66 76 79.370833 79.4125
NOTE 84 76 79.372917 79.414583
NOTE 55 70 79.552083 79.620833
NOTE 63 70 79.552083 79.620833
NOTE 66 55 79.554167 79.620833
NOTE 60 67 79.554167 79.620833
NOTE 78 53 79.554167 79.683333
NOTE 75 56 79.620833 79.664583
NOTE 72 54 79.6875 79.997917
DAMPER 79.720833 79.825
NOTE 75 53 79.779167 80
NOTE 78 59 79.85625 80
NOTE 81 55 79.941667 80.05625
NOTE 55 71 79.995833 80.064583
NOTE 59 76 79.995833 80.064583
NOTE 62 78 79.995833 80.066667
NOTE 65 79 80.008333 80.083333
NOTE 79 81 80.010417 80.129167
NOTE 77 51 80.083333 80.26875
NOTE 74 47 80.139583 80.339583
NOTE 71 49 80.20625 80.239583
NOTE 67 52 80.29375 80.379167
NOTE 71 53 80.3625 80.441667
NOTE 48 67 80.433333 80.483333
NOTE 72 63 80.452083 80.514583
NOTE 67 43 80.495833 80.539583
NOTE 55 47 80.58125 80.64375
NOTE 64 41 80.58125 80.802083
NOTE 67 44 80.660417 80.691667
NOTE 60 48 80.722917 80.770833
NOTE 76 60 80.739583 80.820833
NOTE 67 44 80.81875 80.94375
NOTE 48 70 80.885417 80.925
NOTE 74 66 80.8875 80.920833
NOTE 65 48 80.960417 81.002083
NOTE 57 51 81.045833 81.0875
NOTE 64 53 81.045833 81.104167
NOTE 65 45 81.116667 81.147917
NOTE 60 51 81.172917 81.216667
NOTE 72 65 81.175 81.216667
NOTE 65 46 81.25625 81.2875
NOTE 48 63 81.316667 81.360417
NOTE 71 72 81.335417 81.38125
NOTE 65 48 81.391667 81.422917
NOTE 62 47 81.464583 81.508333
NOTE 64 48 81.466667 81.527083
NOTE 65 48 81.54375 81.572917
NOTE 60 53 81.614583 81.658333
NOTE 69 56 81.614583 81.675
NOTE 65 42 81.6875 81.71875
NOTE 48 59 81.758333 81.80625
NOTE 67 61 81.777083 81.85625
NOTE 65 42 81.8375 81.86875
NOTE 59 48 81.920833 81.964583
NOTE 64 45 81.922917 81.964583
NOTE 65 48 81.983333 82.0125
NOTE 60 43 82.058333 82.102083
NOTE 69 55 82.058333 82.104167
NOTE 65 43 82.116667 82.147917
NOTE 48 53 82.189583 82.2375
NOTE 67 56 82.20625 82.26875
NOTE 65 43 82.26875 82.302083
NOTE 64 41 82.360417 82.402083
NOTE 59 43 82.360417 82.402083
NOTE 65 45 82.41875 82.491667
NOTE 57 48 82.491667 82.535417
NOTE 69 52 82.504167 82.639583
NOTE 48 48 82.620833 82.872917
NOTE 67 65 82.639583 82.685417
NOTE 65 65 82.639583 82.685417
NOTE 62 43 82.639583 82.685417
NOTE 55 43 82.695833 82.872917
NOTE 58 52 82.7375 82.766667
NOTE 67 50 82.76875 82.802083
NOTE 65 54 82.76875 82.802083
NOTE 74 48 82.76875 82.816667
NOTE 62 47 82.785417 82.814583
NOTE 59 42 82.814583 82.860417
NOTE 58 47 82.889583 82.954167
NOTE 62 48 82.908333 82.954167
NOTE 67 51 82.925 82.954167
NOTE 65 48 82.925 82.972917
NOTE 59 69 82.983333 83.0875
NOTE 48 41 83.06875 83.316667
NOTE 67 66 83.070833 83.166667
NOTE 64 48 83.0875 83.135417
NOTE 55 48 83.11875 83.364583
NOTE 59 51 83.2125 83.277083
NOTE 64 47 83.23125 83.260417
NOTE 69 52 83.23125 83.277083
NOTE 60 45 83.316667 83.347917
NOTE 67 64 83.377083 83.410417
NOTE 64 53 83.377083 83.427083
NOTE 59 48 83.377083 83.435417
NOTE 60 49 83.452083 83.552083
NOTE 62 66 83.51875 83.564583
NOTE 48 68 83.51875 83.804167
NOTE 67 59 83.520833 83.566667
NOTE 65 66 83.520833 83.566667
NOTE 55 47 83.577083 83.80625
NOTE 58 49 83.652083 83.7
NOTE 67 49 83.670833 83.716667
NOTE 62 52 83.670833 83.716667
NOTE 74 51 83.683333 83.75
NOTE 59 49 83.747917 83.79375
NOTE 67 52 83.81875 83.864583
NOTE 62 54 83.81875 83.864583
NOTE 58 50 83.81875 83.89375
NOTE 65 47 83.820833 83.864583
NOTE 59 53 83.910417 83.995833
NOTE 48 59 83.964583 84.2375
NOTE 67 65 83.983333 84.097917
NOTE 64 47 83.983333 84.139583
NOTE 55 42 84.0375 84.239583
NOTE 59 44 84.095833 84.1375
NOTE 60 44 84.183333 84.208333
NOTE 67 62 84.239583 84.314583
NOTE 76 66 84.241667 84.314583
NOTE 59 45 84.254167 84.3125
NOTE 60 54 84.33125 84.433333
NOTE 48 65 84.389583 84.433333
NOTE 74 63 84.391667 84.452083
NOTE 66 44 84.4625 84.495833
NOTE 57 53 84.535417 84.579167
NOTE 65 46 84.5375 84.595833
NOTE 66 42 84.6125 84.6375
NOTE 60 51 84.68125 84.722917
NOTE 72 59 84.68125 84.725
NOTE 66 48 84.766667 84.88125
NOTE 48 65 84.820833 84.864583
NOTE 71 59 84.839583 84.910417
NOTE 65 44 84.891667 84.927083
NOTE 64 47 84.966667 85.0125
NOTE 62 48 84.966667 85.0125
NOTE 65 45 85.041667 85.072917
NOTE 60 44 85.102083 85.145833
NOTE 69 49 85.120833 85.177083
NOTE 65 45 85.175 85.202083
NOTE 48 56 85.24375 85.289583
NOTE 67 58 85.260417 85.316667
NOTE 65 46 85.314583 85.345833
NOTE 59 48 85.3875 85.433333
NOTE 64 48 85.389583 85.458333
NOTE 65 45 85.458333 85.4875
NOTE 60 46 85.527083 85.56875
NOTE 69 52 85.54375 85.585417
NOTE 65 45 85.604167 85.629167
NOTE 48 51 85.670833 85.7125
NOTE 67 56 85.6875 85.745833
NOTE 65 42 85.745833 85.770833
NOTE 59 44 85.8125 85.8625
NOTE 64 45 85.8125 85.904167
NOTE 65 43 85.8875 85.964583
NOTE 57 44 85.9625 86.022917
NOTE 69 53 85.98125 86.097917
NOTE 48 58 86.108333 86.33125
NOTE 67 60 86.110417 86.183333
NOTE 65 60 86.122917 86.166667
NOTE 62 59 86.122917 86.166667
NOTE 55 56 86.183333 86.35
NOTE 58 56 86.264583 86.295833
NOTE 62 55 86.264583 86.308333
NOTE 65 50 86.266667 86.295833
NOTE 67 48 86.266667 86.297917
NOTE 74 47 86.266667 86.308333
NOTE 59 57 86.33125 86.366667
NOTE 67 48 86.391667 86.422917
NOTE 58 54 86.391667 86.435417
NOTE 62 49 86.39375 86.435417
NOTE 65 51 86.39375 86.435417
NOTE 59 53 86.452083 86.572917
NOTE 48 59 86.525 86.758333
NOTE 64 48 86.547917 86.572917
NOTE 67 65 86.547917 86.63125
NOTE 55 48 86.597917 86.770833
NOTE 64 53 86.675 86.70625
NOTE 59 50 86.675 86.716667
NOTE 69 42 86.675 86.71875
NOTE 60 54 86.735417 86.760417
NOTE 59 52 86.7875 86.845833
NOTE 67 45 86.804167 86.879167
NOTE 64 49 86.804167 86.879167
NOTE 60 62 86.8625 86.9625
NOTE 48 65 86.945833 87.177083
NOTE 62 45 86.9625 86.991667
NOTE 67 60 86.9625 86.99375
NOTE 65 55 86.9625 86.99375
NOTE 55 44 87.014583 87.19375
NOTE 58 43 87.072917 87.10625
NOTE 74 47 87.072917 87.1375
NOTE 65 42 87.089583 87.122917
NOTE 67 41 87.089583 87.122917
NOTE 62 47 87.089583 87.135417
NOTE 59 47 87.147917 87.19375
NOTE 58 43 87.210417 87.285417
NOTE 67 47 87.227083 87.26875
NOTE 65 43 87.227083 87.26875
NOTE 62 42 87.227083 87.26875
NOTE 59 48 87.302083 87.377083
NOTE 48 46 87.377083 87.7
NOTE 67 49 87.389583 87.435417
NOTE 64 42 87.389583 87.535417
NOTE 60 43 87.389583 87.597917
NOTE 55 48 87.389583 87.7
NOTE 69 49 87.460417 87.535417
NOTE 67 54 87.552083 87.614583
NOTE 66 54 87.627083 87.702083
NOTE 63 71 87.7125 87.83125
NOTE 65 64 87.714583 87.83125
NOTE 60 68 87.725 88.066667
NOTE 66 64 87.770833 87.916667
NOTE 67 59 87.85625 87.9
NOTE 64 63 87.875 88.170833
DAMPER 87.927083 88.033333
NOTE 69 46 87.935417 87.995833
NOTE 67 62 88.008333 88.095833
NOTE 66 61 88.095833 88.170833
NOTE 63 59 88.18125 88.304167
NOTE 65 63 88.183333 88.304167
NOTE 60 66 88.195833 88.514583
NOTE 66 62 88.254167 88.304167
NOTE 67 64 88.327083 88.3625
NOTE 64 60 88.34375 88.61875
NOTE 69 45 88.402083 88.4625
DAMPER 88.402083 88.483333
NOTE 67 60 88.472917 88.54375
NOTE 66 60 88.560417 88.585417
NOTE 65 54 88.63125 88.74375
NOTE 63 54 88.63125 88.74375
NOTE 60 57 88.647917 88.941667
NOTE 66 60 88.69375 88.814583
NOTE 67 60 88.752083 88.785417
NOTE 64 60 88.752083 89.041667
NOTE 69 48 88.827083 88.885417
DAMPER 88.852083 88.877083
NOTE 67 48 88.895833 88.970833
NOTE 66 52 88.9875 89.0125
NOTE 65 53 89.058333 89.189583
NOTE 63 48 89.058333 89.189583
NOTE 60 51 89.070833 89.641667
NOTE 66 51 89.129167 89.277083
NOTE 67 53 89.202083 89.233333
NOTE 64 51 89.202083 89.64375
DAMPER 89.266667 89.420833
NOTE 68 45 89.26875 89.329167
NOTE 67 54 89.345833 89.410417
NOTE 66 58 89.422917 89.46875
NOTE 65 59 89.497917 89.64375
NOTE 66 56 89.56875 89.64375
NOTE 67 56 89.654167 89.7
NOTE 68 44 89.75 89.810417
NOTE 67 60 89.822917 89.897917
NOTE 66 55 89.908333 89.954167
NOTE 65 55 89.979167 90.041667
DAMPER 89.995833 90.077083
NOTE 75 58 89.995833 90.122917
NOTE 72 57 90.008333 90.364583
NOTE 66 57 90.052083 90.122917
NOTE 67 56 90.139583 90.183333
NOTE 76 56 90.139583 90.464583
NOTE 68 41 90.229167 90.2875
NOTE 67 49 90.304167 90.377083
NOTE 66 50 90.39375 90.435417
NOTE 65 51 90.464583 90.508333
DAMPER 90.464583 90.552083
NOTE 75 50 90.48125 90.59375
NOTE 72 52 90.491667 90.802083
NOTE 66 48 90.541667 90.583333
NOTE 67 48 90.610417 90.65625
NOTE 76 54 90.610417 90.914583
NOTE 68 46 90.68125 90.745833
NOTE 67 46 90.758333 90.81875
NOTE 66 46 90.835417 90.895833
NOTE 65 45 90.914583 90.975
NOTE 75 46 90.93125 91.0625
NOTE 72 47 90.939583 91.191667
DAMPER 90.958333 90.991667
NOTE 66 41 90.991667 91.052083
NOTE 67 46 91.0625 91.191667
NOTE 76 48 91.075 91.191667
NOTE 63 45 91.216667 91.245833
NOTE 64 54 91.270833 91.3
NOTE 65 50 91.33125 91.360417
NOTE 64 53 91.402083 91.44375
NOTE 66 53 91.454167 91.497917
NOTE 67 49 91.522917 91.56875
NOTE 69 51 91.597917 91.64375
NOTE 67 56 91.672917 91.733333
NOTE 71 53 91.75 91.810417
NOTE 72 59 91.81875 91.879167
NOTE 74 58 91.891667 91.98125
NOTE 52 72 91.908333 91.9375
NOTE 55 71 91.908333 91.939583
NOTE 60 71 91.908333 91.952083
NOTE 72 57 91.98125 92.08125
NOTE 75 59 92.064583 92.135417
NOTE 76 58 92.133333 92.179167
NOTE 77 58 92.204167 92.2625
NOTE 76 57 92.2875 92.347917
NOTE 60 67 92.364583 92.408333
NOTE 78 57 92.364583 92.425
NOTE 64 73 92.364583 92.425
NOTE 55 67 92.366667 92.391667
NOTE 79 62 92.441667 92.483333
NOTE 81 56 92.525 92.6
NOTE 79 57 92.597917 92.672917
NOTE 83 54 92.672917 92.745833
NOTE 84 60 92.745833 92.80625
NOTE 86 61 92.816667 92.875
NOTE 60 66 92.841667 92.8875
NOTE 64 66 92.841667 92.8875
NOTE 67 54 92.841667 92.8875
NOTE 84 61 92.8875 92.947917
NOTE 87 51 92.977083 93.05625
NOTE 88 50 93.05625 93.097917
NOTE 89 53 93.127083 93.172917
NOTE 88 52 93.214583 93.25625
NOTE 72 47 93.28125 93.325
NOTE 67 47 93.283333 93.325
NOTE 64 51 93.283333 93.325
NOTE 90 49 93.29375 93.341667
NOTE 91 51 93.366667 93.4125
NOTE 93 50 93.454167 93.504167
NOTE 91 50 93.527083 93.572917
NOTE 95 50 93.597917 93.658333
NOTE 96 48 93.66875 93.729167
NOTE 76 68 93.745833 93.777083
NOTE 91 72 93.745833 93.79375
NOTE 100 68 93.745833 93.79375
NOTE 72 72 93.758333 93.79375
NOTE 67 66 93.758333 93.810417
NOTE 65 80 94.235417 94.36875
NOTE 59 79 94.235417 94.36875
NOTE 53 81 94.235417 94.36875
NOTE 71 77 94.235417 94.410417
NOTE 74 78 94.235417 94.427083
NOTE 43 82 94.235417 94.44375
NOTE 50 84 94.235417 94.44375
NOTE 79 78 94.235417 94.485417
NOTE 67 84 94.252083 94.36875
DAMPER 94.46875 94.64375
NOTE 60 44 95.6 98.20625
NOTE 52 48 95.6 98.20625
NOTE 43 42 95.6 98.20625
NOTE 72 46 95.6 98.20625
NOTE 67 42 95.6 98.208333
NOTE 36 43 95.602083 98.20625
NOTE 64 47 95.602083 98.208333
