   0    0    0.088123   0.089366    7.906950  19.222741
   1    0    0.095478   0.191941   40.460196   3.598204
   2    0    0.043524   0.253775   23.695823  26.830971
   3    0    0.023649   0.328841    4.976941  27.549035
   4    0    0.098985   0.409411   29.734014  11.480238
   5    0    0.046742   0.504440   14.642278  30.740336
   6    0    0.078679   0.663978    5.093724  32.907048
   7    0    0.070890   0.705938   38.549949   2.800369
   8    0    0.006212   0.852369   27.381389  25.195359
   9    0    0.063974   0.909054    5.960702  27.324275
  10    0    0.095747   1.068259   22.747461  38.050550
  11    0    0.051326   1.193529    5.166910  31.213174
