   0    0    0.141571   0.063211   36.090569  14.054834
   0    1    0.033311   0.041480    9.098902   3.125639
   1    0    0.121562   0.144291    8.542964  21.894693
   1    1    0.085972   0.184497   37.134720   3.550419
   2    0    0.193238   0.218507   15.366011   1.064807
   2    1    0.028481   0.250575   18.680116  37.389681
   3    0    0.135610   0.366314   20.344127   7.470199
   3    1    0.091622   0.383028   24.108436   7.495871
   4    0    0.111867   0.455244   22.758861  32.115299
   4    1    0.014778   0.400529   29.829168  30.971513
