   0    0    0.195019   0.037055   24.274187   8.886926
   0    1    0.071144   0.091020   17.737609   2.653075
   1    0    0.199600   0.134807   33.390106  16.958416
   1    1    0.048295   0.140153   29.292499  19.551803
   2    0    0.187492   0.227604   40.998007  30.649376
   2    1    0.010220   0.296710   22.717955   4.039026
   3    0    0.192542   0.368650   35.594530  22.033351
   3    1    0.012354   0.360118    9.666923  12.191372
   4    0    0.117521   0.458119   18.136332  39.035238
   4    1    0.065583   0.492004   13.697635  34.618752
   5    0    0.161171   0.545052   32.674863  29.830267
   5    1    0.042881   0.527013   39.763232  18.928463
   6    0    0.178533   0.650256   21.256319  11.336172
   6    1    0.062730   0.644998   15.262094  38.600005
   7    0    0.180104   0.788153   21.750099  25.232426
   7    1    0.044696   0.750752   12.112988  17.583345
   8    0    0.104211   0.830843   16.683156   5.760657
   8    1    0.047245   0.893072   29.358210  23.878707
   9    0    0.172638   0.988632   21.821705  20.630733
   9    1    0.009549   0.956232   17.086954  25.551237
  10    0    0.162139   1.077825   15.155799  19.677282
  10    1    0.027483   1.073832   15.010210  39.079236
  11    0    0.193870   1.108822   10.106354  35.481726
  11    1    0.099409   1.147510   22.807549  32.629952
  12    0    0.159105   1.255354   11.188273   5.995249
  12    1    0.079606   1.201142   34.405222  15.802237
  13    0    0.162776   1.359194   36.027359  31.268396
  13    1    0.076269   1.364937   34.634055  12.570688
  14    0    0.176426   1.483716    4.542801  14.713331
  14    1    0.027073   1.463216   34.254700  35.611205
  15    0    0.149123   1.554414    4.271049  33.895099
  15    1    0.078097   1.574691    8.126830  37.883210
