   0    0    0.248466   0.010900   12.457806   3.719018
   0    1    0.108978   0.040559   26.376315   2.180511
   0    2    0.077639   0.025324   18.237248  12.022138
   1    0    0.210618   0.195809   21.450278  35.553187
   1    1    0.181745   0.136700   26.630004  20.233945
   1    2    0.091959   0.142845   26.755793  10.688372
   2    0    0.249474   0.270986   10.844934  36.596502
   2    1    0.133086   0.237208   35.225409  16.886874
   2    2    0.023176   0.260994   13.513803   5.955177
   3    0    0.216387   0.383479   37.566101  38.265990
   3    1    0.143884   0.333449   17.638563  25.720125
   3    2    0.038658   0.393755   37.061393  32.786108
   4    0    0.204607   0.442040   11.803802  35.920957
   4    1    0.174991   0.432493    5.934189   7.688016
   4    2    0.017460   0.424430    8.317700  26.788476
   5    0    0.289815   0.593900   12.734419  20.653677
   5    1    0.129003   0.526471    2.358881   8.117595
   5    2    0.005191   0.543654   40.254685  39.948513
   6    0    0.293837   0.667891   20.870624   1.735918
   6    1    0.148077   0.658030   14.766128  36.998571
   6    2    0.039089   0.620243   21.857935  31.722762
   7    0    0.206794   0.710409   39.905824   1.301255
   7    1    0.121806   0.730152   27.907075  16.593694
   7    2    0.032289   0.787644   12.336070  40.263622
   8    0    0.297651   0.848718   32.161183  13.485993
   8    1    0.122020   0.866917   11.334985  35.507532
   8    2    0.082398   0.821372   20.649685  26.450754
   9    0    0.223434   0.947490   20.766905  32.376297
   9    1    0.197866   0.951598   31.783287   9.277643
   9    2    0.089994   0.911139   19.420128  40.822733
  10    0    0.250794   1.076608    1.990348   7.848660
  10    1    0.115576   1.080094   24.488619  23.553881
  10    2    0.097010   1.083406   25.884544  37.837549
  11    0    0.262808   1.151931   13.013345  21.252942
  11    1    0.193924   1.149642   30.017787  40.641821
  11    2    0.087558   1.117156   17.387984  14.894301
  12    0    0.241910   1.215211    1.186386  23.754660
  12    1    0.145245   1.207097   13.572795  11.612813
  12    2    0.059613   1.277791   23.422565  31.354314
  13    0    0.245047   1.377248   14.449527   3.283856
  13    1    0.129494   1.358321   22.217453  26.708856
  13    2    0.095304   1.304351    5.789271   5.915951
  14    0    0.288128   1.400894   10.185774  20.064534
  14    1    0.157550   1.464277   18.594256  23.153074
  14    2    0.020812   1.455618   15.296479   4.006241
