   0    0    3.501914   0.084745   40.641425  38.551111
   0    1    3.446811   0.090099   35.015021   1.707947
   0    2    3.355677   0.015840    3.084389   7.085860
   0    3    3.272941   0.051465   13.608057  11.554571
   0    4    3.175998   0.045796   12.262001   9.818514
   0    5    3.073698   0.088980   30.793632  17.337717
   0    6    2.906405   0.073322   26.095337  11.159653
   0    7    2.853818   0.014298   20.783896  21.582375
   0    8    2.728830   0.063869    8.891274  12.875117
   0    9    2.667192   0.074954   21.434568   1.913229
   0   10    2.526596   0.021845    2.602264  21.609983
   0   11    2.434436   0.060496   34.359554   6.643752
   0   12    2.330680   0.033824    2.351286  20.505742
   0   13    2.287251   0.019987   36.606283  16.776027
   0   14    2.154816   0.060707   34.885300  28.344527
   0   15    2.034935   0.037048   13.355849  23.724009
   0   16    1.953795   0.022100   28.034606  10.474533
   0   17    1.863138   0.094236   11.151160  16.018319
   0   18    1.715037   0.047151   19.919542  22.841103
   0   19    1.686604   0.059828   12.445302   8.445905
   0   20    1.516038   0.062661   28.560071   3.768243
   0   21    1.486106   0.046987   24.801437   3.523275
   0   22    1.349743   0.051483    5.707797  37.705662
   0   23    1.265169   0.027779    1.864591   7.897291
   0   24    1.136197   0.042082   13.134092  20.976738
   0   25    1.064433   0.032693   28.264749  15.212827
   0   26    0.902020   0.083550    5.272011  21.633112
   0   27    0.870598   0.030043    6.899755  12.181906
   0   28    0.719306   0.019481   19.023774   3.841955
   0   29    0.652915   0.059063    4.585557   6.034260
   0   30    0.552465   0.098802   39.709646  21.802221
   0   31    0.453055   0.085497   40.850408   9.224551
   0   32    0.365362   0.051998   11.548102  39.006564
   0   33    0.243918   0.059154    4.688708  11.216803
   0   34    0.191779   0.017116   31.721242  35.735856
   0   35    0.059588   0.079142   35.379202  17.361926
   1    0    3.569767   0.121525   28.993452  30.993595
   1    1    3.482113   0.114422   26.011365   1.329504
   1    2    3.384919   0.112606   21.015426  24.657799
   1    3    3.251181   0.184805   22.152794  20.250347
   1    4    3.158889   0.183392    8.859654  21.448262
   1    5    3.039994   0.180689   33.129574  20.671612
   1    6    2.957647   0.157613   22.997608  30.377405
   1    7    2.814767   0.188601   29.680569  18.621613
   1    8    2.779072   0.182712   21.842884   1.673249
   1    9    2.666287   0.193968   29.285708   8.526742
   1   10    2.511342   0.129075   22.148623  27.733327
   1   11    2.469812   0.152619    9.257367  23.418270
   1   12    2.332470   0.109079    9.961618  35.488708
   1   13    2.294367   0.158108   17.723033  32.812049
   1   14    2.146947   0.110488    1.499555  34.627586
   1   15    2.044089   0.183262   33.916463  24.839517
   1   16    1.928062   0.185340   15.231900  39.448205
   1   17    1.872786   0.141213   21.733667  35.653673
   1   18    1.753887   0.147654   39.609018  11.681218
   1   19    1.668238   0.193728   24.299049  21.829005
   1   20    1.591200   0.111125   15.298177  17.441876
   1   21    1.455021   0.132778   22.326153  40.419709
   1   22    1.394846   0.141429   36.449113  13.542752
   1   23    1.213737   0.175048   25.346475   6.535782
   1   24    1.150062   0.106853   12.425958  36.718044
   1   25    1.060562   0.138510    2.418920  19.741944
   1   26    0.992233   0.185658   39.606335  23.880772
   1   27    0.873870   0.115170   27.721486   8.279633
   1   28    0.792361   0.128911   32.262527   2.354540
   1   29    0.694430   0.114774   16.465871  34.057609
   1   30    0.597214   0.183516   32.203669  36.091811
   1   31    0.462332   0.130509   17.864725  31.552066
   1   32    0.360663   0.151700   18.771982  17.210979
   1   33    0.287252   0.169623   14.420351  20.202406
   1   34    0.197173   0.100455   13.950128  31.754823
   1   35    0.079055   0.199442   30.592724  12.584189
