   0    0    0.593366   0.000588    3.231886   4.478130
   0    1    0.432671   0.002874  100.000000 100.000000
   0    2    0.392879   0.011915    4.319494 100.000000
   0    3    0.242532   0.029749    3.744631   5.800385
   0    4    0.199136   0.061807  100.000000   2.755738
   0    5    0.074550   0.091388    1.667798   2.833140
   1    0    0.534485   0.166745  100.000000 100.000000
   1    1    0.417996   0.166429  100.000000 100.000000
   1    2    0.351247   0.190692    1.512083 100.000000
   1    3    0.274392   0.179747    1.511316   2.361910
   1    4    0.199512   0.107482    4.284797 100.000000
   1    5    0.067557   0.164486    1.391383   3.556613
   2    0    0.582272   0.231776  100.000000   1.997283
   2    1    0.421084   0.244818    3.630954 100.000000
   2    2    0.336236   0.226411  100.000000 100.000000
   2    3    0.225132   0.261626  100.000000 100.000000
   2    4    0.188137   0.207013    1.253910 100.000000
   2    5    0.043729   0.244544    2.729146 100.000000
   3    0    0.532087   0.375983  100.000000   2.116034
   3    1    0.474742   0.335446    5.138375 100.000000
   3    2    0.327764   0.339539    5.657658   1.524314
   3    3    0.287403   0.380082    4.873439 100.000000
   3    4    0.140747   0.387363  100.000000   5.675783
   3    5    0.013111   0.384164    1.349348 100.000000
   4    0    0.559470   0.484738  100.000000   2.049792
   4    1    0.433713   0.420589    5.526458   1.473322
   4    2    0.325425   0.474972    4.318816 100.000000
   4    3    0.269074   0.447074  100.000000   5.229463
   4    4    0.172162   0.439501    5.654066 100.000000
   4    5    0.018981   0.421747    5.681242 100.000000
   5    0    0.510226   0.547421  100.000000 100.000000
   5    1    0.413745   0.537969    3.134225   4.607008
   5    2    0.351325   0.586068  100.000000 100.000000
   5    3    0.227166   0.514332    5.351180   1.765796
   5    4    0.104149   0.528016    1.646286 100.000000
   5    5    0.074209   0.546144    1.928051   1.490305
   6    0    0.570685   0.615465  100.000000   4.952216
   6    1    0.494338   0.666346    3.518786   1.111544
   6    2    0.361613   0.615757  100.000000 100.000000
   6    3    0.266776   0.608666  100.000000   1.403740
   6    4    0.131690   0.646667  100.000000 100.000000
   6    5    0.096522   0.616200    5.791867 100.000000
   7    0    0.556000   0.707572  100.000000   1.632078
   7    1    0.484905   0.754511    5.404280 100.000000
   7    2    0.370401   0.714723  100.000000 100.000000
   7    3    0.252890   0.792270    4.010311   2.705762
   7    4    0.111234   0.731026  100.000000 100.000000
   7    5    0.067405   0.765932  100.000000 100.000000
   8    0    0.588082   0.837924    3.095987   2.880931
   8    1    0.442899   0.814363    2.626323 100.000000
   8    2    0.394714   0.897047  100.000000 100.000000
   8    3    0.250414   0.817280  100.000000   3.141800
   8    4    0.191955   0.847386  100.000000 100.000000
   8    5    0.084800   0.896142  100.000000 100.000000
   9    0    0.528704   0.937899    1.789988   2.309623
   9    1    0.495328   0.929063  100.000000   1.954653
   9    2    0.383979   0.956194  100.000000 100.000000
   9    3    0.225957   0.950290  100.000000   3.440660
   9    4    0.100600   0.969728  100.000000 100.000000
   9    5    0.035181   0.933927  100.000000 100.000000
  10    0    0.557307   1.063344  100.000000   2.391561
  10    1    0.460119   1.061571    4.393551 100.000000
  10    2    0.366048   1.015288  100.000000   4.690665
  10    3    0.250839   1.077037  100.000000 100.000000
  10    4    0.199616   1.009018    2.838425   1.747978
  10    5    0.000505   1.066321    1.682587 100.000000
  11    0    0.583970   1.177861    4.389040 100.000000
  11    1    0.411084   1.158947    3.208484 100.000000
  11    2    0.393106   1.171362    4.493121   4.444592
  11    3    0.250486   1.164307    4.541292   2.139852
  11    4    0.166827   1.172848    1.958985 100.000000
  11    5    0.050052   1.159220  100.000000 100.000000
  12    0    0.592621   1.274466    5.796212 100.000000
  12    1    0.456883   1.215609    4.559204 100.000000
  12    2    0.373247   1.290950  100.000000   2.508079
  12    3    0.276740   1.278798    5.926845   1.669603
  12    4    0.128717   1.222910    4.107512 100.000000
  12    5    0.002582   1.291041    3.147952   2.955429
  13    0    0.516062   1.345442  100.000000 100.000000
  13    1    0.464201   1.391524    4.565273   2.339810
  13    2    0.395989   1.377769  100.000000   3.232886
  13    3    0.237305   1.331793  100.000000 100.000000
  13    4    0.178347   1.318276    5.043033 100.000000
  13    5    0.080499   1.321909    4.403115 100.000000
  14    0    0.582356   1.490571    2.558615   5.094725
  14    1    0.477631   1.470068    2.274660   4.516713
  14    2    0.352155   1.428543  100.000000   5.260397
  14    3    0.225961   1.482341    1.161438   3.155979
  14    4    0.189067   1.450846  100.000000 100.000000
  14    5    0.038141   1.473479    5.806615 100.000000
  15    0    0.524452   1.565116  100.000000   5.035562
  15    1    0.453250   1.550934    3.211689 100.000000
  15    2    0.388516   1.535444    2.123686 100.000000
  15    3    0.298261   1.599826    2.903516 100.000000
  15    4    0.167629   1.510732    4.288308 100.000000
  15    5    0.046360   1.522709  100.000000 100.000000
  16    0    0.533085   1.649389    4.242816   5.329510
  16    1    0.401783   1.680466  100.000000 100.000000
  16    2    0.332469   1.653868    4.775017   1.979617
  16    3    0.278279   1.642498  100.000000   1.580657
  16    4    0.196327   1.668584    5.368086 100.000000
  16    5    0.068189   1.685690    1.111871   3.353975
  17    0    0.577626   1.719486  100.000000 100.000000
  17    1    0.479387   1.773899  100.000000 100.000000
  17    2    0.388628   1.721886  100.000000   3.678178
  17    3    0.276807   1.795301  100.000000   5.044735
  17    4    0.151662   1.798343  100.000000   3.520355
  17    5    0.097151   1.723397  100.000000   4.757003
  18    0    0.554750   1.857190  100.000000 100.000000
  18    1    0.487966   1.802140  100.000000 100.000000
  18    2    0.331313   1.856682    3.957866   5.131850
  18    3    0.294343   1.895920    3.375257   2.542638
  18    4    0.100748   1.837556    1.413306   3.876757
  18    5    0.032176   1.890833  100.000000   4.216946
  19    0    0.568535   1.957849    3.402660 100.000000
  19    1    0.440266   1.966982  100.000000   3.851818
  19    2    0.336728   1.914114  100.000000   4.563083
  19    3    0.241091   1.907608  100.000000 100.000000
  19    4    0.194645   1.954030  100.000000 100.000000
  19    5    0.057728   1.943265    2.646533 100.000000
  20    0    0.577764   2.007641    5.137373 100.000000
  20    1    0.415729   2.052306    2.962281 100.000000
  20    2    0.320942   2.071755    2.138436 100.000000
  20    3    0.230118   2.019906  100.000000   1.369637
  20    4    0.119767   2.053844    5.480472   3.893737
  20    5    0.068207   2.045248    1.174850   1.063994
  21    0    0.518156   2.176263  100.000000 100.000000
  21    1    0.487270   2.148323  100.000000 100.000000
  21    2    0.371452   2.141782  100.000000 100.000000
  21    3    0.209172   2.171850  100.000000 100.000000
  21    4    0.109429   2.101923    2.804523   5.859687
  21    5    0.019811   2.169598    2.943231   2.828187
  22    0    0.559872   2.291102    2.469794   5.242001
  22    1    0.439391   2.220023  100.000000 100.000000
  22    2    0.349586   2.277714  100.000000 100.000000
  22    3    0.207405   2.281535    4.758057 100.000000
  22    4    0.159357   2.213150  100.000000   4.812973
  22    5    0.058449   2.289525  100.000000 100.000000
  23    0    0.510683   2.352693    4.687644 100.000000
  23    1    0.460103   2.370586    4.653960   2.957642
  23    2    0.375264   2.332837  100.000000   5.930272
  23    3    0.219796   2.342707  100.000000 100.000000
  23    4    0.110196   2.388912    2.070673 100.000000
  23    5    0.027074   2.383905    5.365339 100.000000
  24    0    0.567937   2.456132    5.449084 100.000000
  24    1    0.450429   2.445817    4.766188 100.000000
  24    2    0.393862   2.405013  100.000000 100.000000
  24    3    0.212682   2.468134  100.000000 100.000000
  24    4    0.167610   2.425607  100.000000 100.000000
  24    5    0.065061   2.409904    2.294595   1.744698
  25    0    0.569407   2.501471  100.000000 100.000000
  25    1    0.469402   2.537192    5.022861   3.956967
  25    2    0.306433   2.504643  100.000000   2.029371
  25    3    0.271870   2.543991    5.938585   3.372377
  25    4    0.170859   2.576828  100.000000 100.000000
  25    5    0.010847   2.559969    4.136461 100.000000
  26    0    0.587509   2.678220    4.117439   4.658392
  26    1    0.443144   2.655412  100.000000   1.860206
  26    2    0.300012   2.648294  100.000000 100.000000
  26    3    0.227617   2.666966  100.000000   5.841836
  26    4    0.192617   2.689248    2.038468   5.498955
  26    5    0.025120   2.651612    3.662796 100.000000
  27    0    0.501784   2.722494  100.000000 100.000000
  27    1    0.489194   2.733140    3.529754 100.000000
  27    2    0.399311   2.748471  100.000000   1.936756
  27    3    0.280488   2.775951  100.000000   4.078705
  27    4    0.136385   2.714788  100.000000 100.000000
  27    5    0.073952   2.700470  100.000000 100.000000
  28    0    0.533507   2.821644    5.097149 100.000000
  28    1    0.416496   2.833723    1.536517   4.878787
  28    2    0.368246   2.860305  100.000000 100.000000
  28    3    0.265265   2.873608  100.000000 100.000000
  28    4    0.175554   2.875813  100.000000   3.309150
  28    5    0.030329   2.858888    5.428709   1.953743
  29    0    0.578930   2.985228  100.000000 100.000000
  29    1    0.469948   2.999600  100.000000   5.597378
  29    2    0.331193   2.969521    5.275995   5.298680
  29    3    0.252049   2.947930  100.000000 100.000000
  29    4    0.134956   2.907024    4.832551   5.014889
  29    5    0.091585   2.988953  100.000000   3.025101
  30    0    0.519895   3.020935  100.000000 100.000000
  30    1    0.431811   3.015400  100.000000 100.000000
  30    2    0.396597   3.082958  100.000000   4.502038
  30    3    0.273974   3.098430    2.042828 100.000000
  30    4    0.170970   3.083530    2.272892 100.000000
  30    5    0.074887   3.060563  100.000000 100.000000
