   0    0    1.800593   0.091190  100.000000   3.001083
   0    1    1.770553   0.090533    4.876141 100.000000
   0    2    1.637223   0.092309  100.000000   5.412327
   0    3    1.564504   0.063989    3.815749 100.000000
   0    4    1.461010   0.098215    4.141243   5.733664
   0    5    1.395282   0.068477    4.862609   4.986555
   0    6    1.229571   0.020519    3.993026   5.830777
   0    7    1.101362   0.028824  100.000000   2.559956
   0    8    1.025991   0.093980    4.494485 100.000000
   0    9    0.915120   0.017172  100.000000   3.805782
   0   10    0.882449   0.076142    5.411386 100.000000
   0   11    0.776656   0.033997    4.608084 100.000000
   0   12    0.682105   0.096621    1.667819   2.773551
   0   13    0.557457   0.060129  100.000000   5.769965
   0   14    0.482991   0.075851  100.000000 100.000000
   0   15    0.369937   0.047496    1.120543   2.817043
   0   16    0.202676   0.055271    2.007061 100.000000
   0   17    0.150196   0.055412    5.719213 100.000000
   0   18    0.071190   0.035200    5.369778 100.000000
   1    0    1.872505   0.150740    4.212206   2.702927
   1    1    1.773017   0.158735  100.000000 100.000000
   1    2    1.618738   0.179926    2.753666 100.000000
   1    3    1.545089   0.134791  100.000000   2.890660
   1    4    1.456810   0.185371  100.000000 100.000000
   1    5    1.303697   0.181435  100.000000 100.000000
   1    6    1.224639   0.197936    5.459050   1.043074
   1    7    1.147937   0.185320    4.115491   4.679940
   1    8    1.003648   0.103114    4.795205 100.000000
   1    9    0.925480   0.134151  100.000000 100.000000
   1   10    0.855849   0.129073  100.000000 100.000000
   1   11    0.735533   0.182236  100.000000 100.000000
   1   12    0.675182   0.136550    5.995922 100.000000
   1   13    0.566633   0.117025    2.147867   2.676740
   1   14    0.496685   0.171051  100.000000   2.250393
   1   15    0.329200   0.137250  100.000000 100.000000
   1   16    0.281695   0.104408  100.000000   5.241962
   1   17    0.191174   0.191255    5.817446 100.000000
   1   18    0.054482   0.183818    2.253856 100.000000
   2    0    1.848016   0.206309    1.235212   3.323482
   2    1    1.783916   0.298127    1.525828 100.000000
   2    2    1.625220   0.253357    1.552099   4.453775
   2    3    1.551293   0.235017    3.353045 100.000000
   2    4    1.481611   0.270438    4.064891   5.031295
   2    5    1.354698   0.200098    4.597125 100.000000
   2    6    1.291053   0.259431  100.000000   2.172671
   2    7    1.112935   0.266670  100.000000   3.588102
   2    8    1.043185   0.284940    1.473894 100.000000
   2    9    0.966098   0.205848  100.000000   1.633286
   2   10    0.850120   0.239548  100.000000 100.000000
   2   11    0.730948   0.228545  100.000000 100.000000
   2   12    0.653087   0.282286    4.821104   2.364503
   2   13    0.520002   0.235772    5.865207 100.000000
   2   14    0.491233   0.242988  100.000000 100.000000
   2   15    0.306068   0.270131    1.511155 100.000000
   2   16    0.284009   0.298849    3.198829 100.000000
   2   17    0.134415   0.227008  100.000000 100.000000
   2   18    0.039559   0.268666  100.000000   2.579349
   3    0    1.853986   0.370460  100.000000 100.000000
   3    1    1.750970   0.321257  100.000000 100.000000
   3    2    1.680867   0.393726    1.817624   2.131785
   3    3    1.526064   0.327488    1.180802   4.386599
   3    4    1.450707   0.371164  100.000000   2.580768
   3    5    1.329591   0.369093    5.566758 100.000000
   3    6    1.216763   0.383680    5.849991 100.000000
   3    7    1.196252   0.337743  100.000000   5.770237
   3    8    1.079250   0.382727  100.000000   1.988231
   3    9    0.967692   0.395244    4.702599   1.517670
   3   10    0.815578   0.386247    1.636234   3.763921
   3   11    0.767704   0.375783  100.000000 100.000000
   3   12    0.647035   0.393551  100.000000   3.784855
   3   13    0.533369   0.344691    1.915805 100.000000
   3   14    0.467300   0.395828    4.902805 100.000000
   3   15    0.311337   0.380083  100.000000 100.000000
   3   16    0.274528   0.313978  100.000000 100.000000
   3   17    0.170379   0.330842    2.273894   5.723432
   3   18    0.099055   0.397744    5.604291   5.549031
   4    0    1.803388   0.416762    4.158512   2.630545
   4    1    1.763512   0.443012  100.000000 100.000000
   4    2    1.657798   0.491098    2.723832   3.211172
   4    3    1.539278   0.446966    3.704516   3.672370
   4    4    1.428558   0.491075    3.586348 100.000000
   4    5    1.347750   0.431830    2.566326   4.303798
   4    6    1.220156   0.447883    1.122895 100.000000
   4    7    1.147514   0.498349  100.000000 100.000000
   4    8    1.053168   0.465869  100.000000 100.000000
   4    9    0.938896   0.407459    3.322010   2.770054
   4   10    0.841064   0.417853  100.000000 100.000000
   4   11    0.792670   0.447954  100.000000 100.000000
   4   12    0.607442   0.461197    2.090017   3.377393
   4   13    0.585811   0.484381    3.932630 100.000000
   4   14    0.462676   0.458550  100.000000   2.071776
   4   15    0.394931   0.459146    4.918857 100.000000
   4   16    0.219448   0.408647    5.059044 100.000000
   4   17    0.156121   0.487119  100.000000   4.636938
   4   18    0.015750   0.438931  100.000000   5.609664
   5    0    1.805523   0.547895    2.641299 100.000000
   5    1    1.743822   0.550907    4.772603 100.000000
   5    2    1.676121   0.597782    4.782208 100.000000
   5    3    1.519957   0.524978  100.000000 100.000000
   5    4    1.411374   0.555605  100.000000 100.000000
   5    5    1.321621   0.511378  100.000000 100.000000
   5    6    1.229369   0.577027  100.000000 100.000000
   5    7    1.163637   0.581582    4.492198 100.000000
   5    8    1.030378   0.509004  100.000000   4.938763
   5    9    0.908101   0.506489  100.000000 100.000000
   5   10    0.834135   0.568187    4.946875 100.000000
   5   11    0.779666   0.553739    4.326116 100.000000
   5   12    0.680134   0.580148  100.000000 100.000000
   5   13    0.533308   0.581374    3.433328 100.000000
   5   14    0.422685   0.529537  100.000000   3.152994
   5   15    0.337702   0.521191    5.738073   1.087645
   5   16    0.233952   0.540531  100.000000   4.757183
   5   17    0.179619   0.599770  100.000000   4.460392
   5   18    0.094534   0.526789  100.000000   1.160029
   6    0    1.896131   0.618166  100.000000 100.000000
   6    1    1.706661   0.640677  100.000000   5.169180
   6    2    1.670736   0.618371    5.553870   1.295278
   6    3    1.519370   0.678114    5.474094 100.000000
   6    4    1.486559   0.625852  100.000000 100.000000
   6    5    1.377684   0.634115  100.000000   3.510245
   6    6    1.211591   0.679525  100.000000 100.000000
   6    7    1.171296   0.675399  100.000000   4.686245
   6    8    1.049526   0.643302  100.000000   2.233753
   6    9    0.925076   0.624585  100.000000   3.392631
   6   10    0.879239   0.672180  100.000000 100.000000
   6   11    0.719670   0.699003  100.000000 100.000000
   6   12    0.661417   0.640446    2.105541   2.060800
   6   13    0.577299   0.640784  100.000000   4.751109
   6   14    0.454206   0.674210  100.000000 100.000000
   6   15    0.352276   0.630485    4.197689 100.000000
   6   16    0.205518   0.692842  100.000000   3.468473
   6   17    0.184184   0.691880    5.777185 100.000000
   6   18    0.084011   0.611577    2.090584   1.397486
   7    0    1.898710   0.755265  100.000000   1.494634
   7    1    1.732044   0.731029  100.000000   4.686472
   7    2    1.606316   0.778904  100.000000 100.000000
   7    3    1.598073   0.721968    2.208740 100.000000
   7    4    1.486704   0.751117  100.000000 100.000000
   7    5    1.309067   0.760907    1.795024 100.000000
   7    6    1.253989   0.791552  100.000000 100.000000
   7    7    1.100660   0.773099    3.202615   1.123149
   7    8    1.014601   0.776617    1.630770 100.000000
   7    9    0.910481   0.788024    1.125461   4.049004
   7   10    0.858319   0.747322  100.000000   3.643192
   7   11    0.718644   0.743226  100.000000   4.524777
   7   12    0.625134   0.701033  100.000000   2.084470
   7   13    0.594687   0.769102  100.000000 100.000000
   7   14    0.440759   0.755953    2.531410   5.980070
   7   15    0.338184   0.799075  100.000000 100.000000
   7   16    0.211527   0.772974  100.000000 100.000000
   7   17    0.156369   0.747977    4.993528 100.000000
   7   18    0.075208   0.716653    3.436766   4.487896
   8    0    1.891327   0.891696    4.530836 100.000000
   8    1    1.767929   0.810878    4.102371   5.125674
   8    2    1.665952   0.816010  100.000000   2.132555
   8    3    1.502966   0.845405    2.138707   1.884664
   8    4    1.470682   0.865899    2.558132 100.000000
   8    5    1.337212   0.835202    5.769324   4.231754
   8    6    1.252167   0.820629    2.868112   2.658690
   8    7    1.135705   0.896975  100.000000 100.000000
   8    8    1.001456   0.898162    1.313150   1.424078
   8    9    0.982955   0.871636  100.000000   5.975453
   8   10    0.808727   0.891781    4.287351 100.000000
   8   11    0.720878   0.832833    5.535190 100.000000
   8   12    0.639565   0.835520  100.000000   1.415387
   8   13    0.515208   0.835482  100.000000 100.000000
   8   14    0.438139   0.803066  100.000000 100.000000
   8   15    0.316678   0.845186    2.212646 100.000000
   8   16    0.245079   0.867187    2.647550 100.000000
   8   17    0.199771   0.853593    1.686420 100.000000
   8   18    0.035873   0.865970    1.994791   3.383346
   9    0    1.893842   0.938493    1.068481   5.490073
   9    1    1.768269   0.934169    5.126414 100.000000
   9    2    1.656505   0.925429    3.124292   1.543415
   9    3    1.525289   0.979902  100.000000   5.554247
   9    4    1.416960   0.934025    4.113577   4.983278
   9    5    1.360810   0.952712    3.326453   1.067961
   9    6    1.288046   0.944903  100.000000   1.429264
   9    7    1.165997   0.952806    3.996184 100.000000
   9    8    1.049233   0.924022    5.999530   5.513734
   9    9    0.989930   0.921482  100.000000   4.207438
   9   10    0.808481   0.981729  100.000000   2.012401
   9   11    0.758264   0.935300    5.258334 100.000000
   9   12    0.662381   0.912749    4.433842 100.000000
   9   13    0.504282   0.959179    5.037210   2.838586
   9   14    0.431958   0.978236    4.155095 100.000000
   9   15    0.307657   0.922584    4.647080 100.000000
   9   16    0.231531   0.967394    1.190362 100.000000
   9   17    0.152743   0.991648    2.779114   4.572672
   9   18    0.021148   0.970611    4.940107   1.863915
