   0    0    2.301774   0.037742  100.000000   1.524035
   0    1    2.221807   0.039690  100.000000 100.000000
   0    2    2.127297   0.046397  100.000000   5.369443
   0    3    2.079605   0.043931  100.000000 100.000000
   0    4    1.918914   0.027385    1.238393   3.062137
   0    5    1.813328   0.022799    5.016535 100.000000
   0    6    1.718413   0.083986  100.000000 100.000000
   0    7    1.650620   0.030100    2.481868   4.624747
   0    8    1.581958   0.025268    5.351741   2.034945
   0    9    1.490824   0.032484    2.657512   4.036093
   0   10    1.324033   0.082471  100.000000   1.380007
   0   11    1.264450   0.079838    2.655771   5.198513
   0   12    1.191015   0.060154  100.000000   2.485321
   0   13    1.036978   0.045981  100.000000   3.903467
   0   14    0.978634   0.084930  100.000000 100.000000
   0   15    0.802187   0.065222  100.000000 100.000000
   0   16    0.753779   0.022973    3.655705   1.958310
   0   17    0.633552   0.015474    3.263745   4.798000
   0   18    0.593878   0.036192  100.000000   2.181269
   0   19    0.404865   0.083322  100.000000   2.108681
   0   20    0.304653   0.015450  100.000000 100.000000
   0   21    0.212091   0.077703    1.537288   2.955633
   0   22    0.148328   0.016373  100.000000   3.468154
   0   23    0.034616   0.079669    3.832863   1.141730
   1    0    2.398294   0.122339  100.000000 100.000000
   1    1    2.242227   0.118847  100.000000 100.000000
   1    2    2.187248   0.180821    3.339349 100.000000
   1    3    2.040588   0.114658  100.000000   5.478951
   1    4    1.921463   0.129276    2.216089 100.000000
   1    5    1.844182   0.123699  100.000000 100.000000
   1    6    1.768015   0.108921  100.000000 100.000000
   1    7    1.689344   0.175375  100.000000 100.000000
   1    8    1.580534   0.111666  100.000000 100.000000
   1    9    1.474064   0.109705    5.268811   3.646434
   1   10    1.389932   0.133795  100.000000   3.554139
   1   11    1.298795   0.184186  100.000000   4.078732
   1   12    1.110564   0.197005  100.000000   3.307409
   1   13    1.011754   0.186804  100.000000 100.000000
   1   14    0.909249   0.191968    4.270290 100.000000
   1   15    0.811788   0.175699    1.125843 100.000000
   1   16    0.776499   0.155155    1.647916 100.000000
   1   17    0.665785   0.138405    4.770869   2.354327
   1   18    0.565744   0.129744    4.327865   1.817626
   1   19    0.427969   0.153756    1.369779   4.414331
   1   20    0.382693   0.161958    3.603582   2.439497
   1   21    0.248627   0.111254    4.699395   5.237294
   1   22    0.192703   0.155992  100.000000   2.814318
   1   23    0.025649   0.125257  100.000000 100.000000
   2    0    2.371341   0.220062  100.000000   3.767245
   2    1    2.249943   0.283175  100.000000 100.000000
   2    2    2.198432   0.285520    3.876661   5.984738
   2    3    2.045366   0.233480    5.700937 100.000000
   2    4    1.936979   0.212994  100.000000 100.000000
   2    5    1.805746   0.209052  100.000000   2.069642
   2    6    1.709885   0.225027  100.000000   4.603197
   2    7    1.665862   0.274772  100.000000   5.999185
   2    8    1.502419   0.247153  100.000000 100.000000
   2    9    1.456918   0.201448    5.012022   1.183551
   2   10    1.362944   0.276115    1.432627 100.000000
   2   11    1.225077   0.272119  100.000000   2.437788
   2   12    1.192009   0.293405    2.968053   1.883419
   2   13    1.075818   0.264633    2.351964   5.470870
   2   14    0.920290   0.289026  100.000000 100.000000
   2   15    0.833910   0.258341    3.861558 100.000000
   2   16    0.791999   0.209164  100.000000   3.037232
   2   17    0.608182   0.225469    5.379599   3.425937
   2   18    0.598427   0.289157  100.000000 100.000000
   2   19    0.445912   0.260479  100.000000   5.167866
   2   20    0.399714   0.280739    4.555537   5.955245
   2   21    0.266918   0.267923    2.952300 100.000000
   2   22    0.116686   0.230163  100.000000   1.097923
   2   23    0.041980   0.217191    4.009398 100.000000
   3    0    2.379589   0.330473    4.085894   1.372430
   3    1    2.262436   0.314504    4.109195   1.236606
   3    2    2.138566   0.358701  100.000000   4.035267
   3    3    2.067472   0.378980  100.000000 100.000000
   3    4    1.997817   0.390564  100.000000   4.184089
   3    5    1.885320   0.327534    3.967199 100.000000
   3    6    1.707121   0.310891  100.000000   3.999502
   3    7    1.682566   0.316164    5.666977   1.986806
   3    8    1.580544   0.371661  100.000000 100.000000
   3    9    1.497989   0.351291  100.000000 100.000000
   3   10    1.361755   0.349836  100.000000 100.000000
   3   11    1.249385   0.377793  100.000000   5.270756
   3   12    1.106505   0.387328  100.000000 100.000000
   3   13    1.051567   0.374542    4.408499 100.000000
   3   14    0.906335   0.399795  100.000000 100.000000
   3   15    0.839422   0.330078    5.629339 100.000000
   3   16    0.752434   0.344249    3.853338   2.093455
   3   17    0.667113   0.388985  100.000000 100.000000
   3   18    0.532677   0.371893    2.278599   2.874390
   3   19    0.417395   0.330415  100.000000 100.000000
   3   20    0.303998   0.387664    2.004816 100.000000
   3   21    0.295855   0.323034  100.000000   3.099333
   3   22    0.186020   0.321993    4.975431 100.000000
   3   23    0.071724   0.342278    3.289549   5.884409
   4    0    2.334406   0.489484  100.000000   2.965378
   4    1    2.238859   0.427614    2.594542 100.000000
   4    2    2.143112   0.472257  100.000000 100.000000
   4    3    2.012334   0.497803    3.423600 100.000000
   4    4    1.945829   0.487048  100.000000   3.757742
   4    5    1.839499   0.439024    4.225054   4.122766
   4    6    1.746593   0.453240  100.000000   2.652544
   4    7    1.681369   0.444109  100.000000 100.000000
   4    8    1.538088   0.466211  100.000000 100.000000
   4    9    1.429142   0.436430    2.031758   5.329544
   4   10    1.300734   0.482513    3.116306   5.131876
   4   11    1.241124   0.482334    4.581142   5.580735
   4   12    1.157405   0.456934    3.437236   2.102375
   4   13    1.044091   0.485701    2.518281   2.043439
   4   14    0.966443   0.496882  100.000000 100.000000
   4   15    0.864366   0.466578  100.000000 100.000000
   4   16    0.792851   0.431898  100.000000 100.000000
   4   17    0.684728   0.407930    5.598499 100.000000
   4   18    0.591082   0.461107  100.000000 100.000000
   4   19    0.455171   0.491178  100.000000   1.214236
   4   20    0.330888   0.497416    3.064544   1.640672
   4   21    0.296005   0.403042    1.774511   2.241113
   4   22    0.198633   0.435300    3.879797   5.200090
   4   23    0.005929   0.480528  100.000000 100.000000
   5    0    2.381837   0.567828  100.000000   2.260711
   5    1    2.221821   0.597103  100.000000   4.253961
   5    2    2.164077   0.541777  100.000000   1.832367
   5    3    2.080618   0.583647    3.425808 100.000000
   5    4    1.915433   0.541152    2.339593   3.208098
   5    5    1.812861   0.545374  100.000000 100.000000
   5    6    1.773157   0.599724  100.000000 100.000000
   5    7    1.696039   0.587305  100.000000   3.758243
   5    8    1.530515   0.553024    2.731003 100.000000
   5    9    1.488366   0.588490  100.000000 100.000000
   5   10    1.304931   0.504521  100.000000   2.446022
   5   11    1.260907   0.563434    4.706963 100.000000
   5   12    1.129597   0.538462    5.519474 100.000000
   5   13    1.080005   0.597491  100.000000   5.188440
   5   14    0.953892   0.510129  100.000000 100.000000
   5   15    0.844246   0.539982  100.000000 100.000000
   5   16    0.716938   0.561591    5.476366   2.379752
   5   17    0.686672   0.590250  100.000000 100.000000
   5   18    0.506214   0.521737  100.000000 100.000000
   5   19    0.412341   0.521098  100.000000 100.000000
   5   20    0.346629   0.502420  100.000000 100.000000
   5   21    0.255937   0.556103    2.424950 100.000000
   5   22    0.134003   0.557626    1.401479   2.170947
   5   23    0.003945   0.528653  100.000000 100.000000
   6    0    2.326271   0.629876  100.000000   4.403232
   6    1    2.225593   0.621127  100.000000   1.565815
   6    2    2.112508   0.696045  100.000000 100.000000
   6    3    2.056228   0.660111    4.554782 100.000000
   6    4    1.927457   0.602420  100.000000 100.000000
   6    5    1.895378   0.651054    4.182345   1.098937
   6    6    1.755206   0.609759    5.289503   1.631566
   6    7    1.687607   0.652848  100.000000 100.000000
   6    8    1.536311   0.620646  100.000000 100.000000
   6    9    1.446713   0.668762  100.000000 100.000000
   6   10    1.373967   0.640733  100.000000   2.149248
   6   11    1.252022   0.629040    2.947696 100.000000
   6   12    1.190974   0.620766  100.000000   5.278964
   6   13    1.079614   0.646146    3.678893 100.000000
   6   14    0.999350   0.613548    2.768067 100.000000
   6   15    0.812818   0.611229  100.000000 100.000000
   6   16    0.769226   0.663330    3.708858 100.000000
   6   17    0.694857   0.618736    5.809688 100.000000
   6   18    0.566563   0.647406  100.000000   1.148707
   6   19    0.488552   0.621134  100.000000   5.281971
   6   20    0.331551   0.674620  100.000000 100.000000
   6   21    0.263075   0.634980  100.000000 100.000000
   6   22    0.116407   0.617548    1.473271 100.000000
   6   23    0.083430   0.654491  100.000000 100.000000
   7    0    2.384505   0.719485    4.288961   3.838006
   7    1    2.286238   0.798729    1.257915 100.000000
   7    2    2.156047   0.701088  100.000000   1.533247
   7    3    2.089860   0.763580  100.000000   1.015779
   7    4    1.966580   0.716663    5.675988 100.000000
   7    5    1.808560   0.708845    2.966146   2.346323
   7    6    1.721518   0.783849    1.772549   1.472449
   7    7    1.618547   0.782569    5.795367   4.602509
   7    8    1.520562   0.773811  100.000000   4.172392
   7    9    1.445232   0.704443  100.000000   3.838860
   7   10    1.348922   0.701730  100.000000   1.638016
   7   11    1.238420   0.704912  100.000000   1.263354
   7   12    1.130493   0.728508    3.353532   1.129177
   7   13    1.067238   0.712014    4.992771 100.000000
   7   14    0.965125   0.784440    2.978018 100.000000
   7   15    0.855238   0.737433  100.000000 100.000000
   7   16    0.775851   0.762189    3.078496   4.041349
   7   17    0.652113   0.761153  100.000000 100.000000
   7   18    0.589215   0.786040  100.000000   1.103022
   7   19    0.452718   0.706375    4.802566 100.000000
   7   20    0.372051   0.785675  100.000000 100.000000
   7   21    0.247754   0.766283  100.000000   2.069526
   7   22    0.167168   0.745131    2.119552   1.256846
   7   23    0.038880   0.760190  100.000000   5.673447
   8    0    2.312262   0.835442    3.407529   5.284127
   8    1    2.246663   0.884769    4.681559   3.923339
   8    2    2.172251   0.831528    3.015783 100.000000
   8    3    2.091486   0.878086    3.944156   1.276792
   8    4    1.943487   0.878596    2.143242 100.000000
   8    5    1.834806   0.859654  100.000000 100.000000
   8    6    1.702316   0.854219    5.032397 100.000000
   8    7    1.638346   0.869737    5.533565   4.857479
   8    8    1.561858   0.803463  100.000000   4.692942
   8    9    1.463981   0.839860  100.000000 100.000000
   8   10    1.362531   0.871320    2.993526 100.000000
   8   11    1.238379   0.807547    4.174197   3.374620
   8   12    1.129786   0.860509  100.000000   1.832024
   8   13    1.053147   0.846378  100.000000 100.000000
   8   14    0.971522   0.894315  100.000000 100.000000
   8   15    0.859484   0.813920  100.000000 100.000000
   8   16    0.753484   0.893853  100.000000   5.850796
   8   17    0.654146   0.893785    4.122263 100.000000
   8   18    0.557436   0.869960    5.408379   3.748586
   8   19    0.414276   0.803218  100.000000 100.000000
   8   20    0.379624   0.809425    1.999874 100.000000
   8   21    0.289103   0.882745    5.738812   3.648558
   8   22    0.157870   0.811660    3.733257   1.175253
   8   23    0.040735   0.802722  100.000000   2.968575
   9    0    2.394677   0.925153    1.736550 100.000000
   9    1    2.255324   0.974435  100.000000 100.000000
   9    2    2.102608   0.922853    5.406559   5.001297
   9    3    2.071640   0.948033  100.000000   5.221231
   9    4    1.937613   0.990911  100.000000   4.769014
   9    5    1.880102   0.906593    5.274931 100.000000
   9    6    1.768155   0.930475    2.602972   1.725556
   9    7    1.601514   0.923005  100.000000   1.693815
   9    8    1.542961   0.942592    3.209295 100.000000
   9    9    1.470837   0.918068  100.000000   2.638014
   9   10    1.329626   0.974626  100.000000 100.000000
   9   11    1.229051   0.952742    1.231159 100.000000
   9   12    1.199164   0.989200  100.000000 100.000000
   9   13    1.037158   0.974891  100.000000   2.189098
   9   14    0.918776   0.911516  100.000000 100.000000
   9   15    0.815246   0.911967    4.285699 100.000000
   9   16    0.727706   0.932980  100.000000 100.000000
   9   17    0.663338   0.929477    3.624609   2.046251
   9   18    0.509849   0.942551    4.790369   5.461574
   9   19    0.412626   0.900825    2.218374   3.363350
   9   20    0.393170   0.968614  100.000000 100.000000
   9   21    0.277959   0.928347    3.071239   4.291098
   9   22    0.133697   0.969706    2.496161 100.000000
   9   23    0.026362   0.916750  100.000000   5.998335
