   0    0    1.115706   0.080123   33.375899  17.879480
   0    1    1.098144   0.088257   29.569845  39.817691
   0    2    0.967830   0.077905   22.472956  27.340749
   0    3    0.822233   0.074089   22.239173  35.560106
   0    4    0.753010   0.082182   34.789988   8.156791
   0    5    0.600653   0.073520    6.944986   3.935097
   0    6    0.534132   0.082667    7.096951  29.412257
   0    7    0.436746   0.022657    3.017843  40.364382
   0    8    0.351449   0.075370   30.401159  40.554874
   0    9    0.270410   0.040855   36.908434  16.502183
   0   10    0.157445   0.075431   22.457068   5.169415
   0   11    0.017546   0.027464   23.552198  22.074330
   1    0    1.134976   0.100960    4.541219  38.844882
   1    1    1.036293   0.169966   39.294659  13.128070
   1    2    0.904241   0.105815   21.155702  34.568728
   1    3    0.815413   0.109640   15.841571  36.005338
   1    4    0.752963   0.104613   10.737504  19.902285
   1    5    0.694924   0.196563   14.737061  40.297544
   1    6    0.599833   0.164190   16.115217  27.261841
   1    7    0.440714   0.167020    3.161999  14.235241
   1    8    0.323835   0.132331   15.368616  11.950164
   1    9    0.203351   0.193296    4.383892  12.411352
   1   10    0.161489   0.136804   36.910684   2.153535
   1   11    0.096687   0.188317   39.978674  38.431970
   2    0    1.190379   0.215538   17.025731  10.939715
   2    1    1.034088   0.295795   15.983802  14.034007
   2    2    0.980510   0.232262   23.761315   2.362545
   2    3    0.859255   0.260256   31.431154  11.404340
   2    4    0.705067   0.291011    7.985720  22.099202
   2    5    0.604598   0.250758   25.247271  26.880369
   2    6    0.559147   0.287578   30.586838  37.616466
   2    7    0.402970   0.207109   26.297566  31.907233
   2    8    0.338767   0.226364   34.202335   3.682624
   2    9    0.268358   0.288044   11.390158  11.072248
   2   10    0.183197   0.287010   38.535059  16.111995
   2   11    0.047708   0.227086   27.344078  27.232425
   3    0    1.181194   0.346777   20.221715  19.949338
   3    1    1.029585   0.343723   35.765643  40.196267
   3    2    0.986147   0.351865   11.386870  37.871742
   3    3    0.875718   0.315032   12.965862   8.116311
   3    4    0.776466   0.383677   35.428457  40.405885
   3    5    0.618755   0.386044   22.490789  39.694256
   3    6    0.535724   0.384489   34.244948  31.628889
   3    7    0.443633   0.385899   34.025820  40.495767
   3    8    0.312112   0.391089    8.028503  32.341281
   3    9    0.241015   0.321258   29.973981   8.117406
   3   10    0.148714   0.374636   26.912391   7.270917
   3   11    0.089061   0.338418   19.797308  38.643419
   4    0    1.154911   0.400329   23.175094   3.687002
   4    1    1.084600   0.481267   12.249505  10.775451
   4    2    0.914902   0.401432   13.367551   5.873677
   4    3    0.806351   0.423452   16.917115  14.213543
   4    4    0.701903   0.408782   31.644040  23.232944
   4    5    0.651356   0.420039   39.025491   5.312109
   4    6    0.585996   0.489123   18.741306  39.357031
   4    7    0.441158   0.406468   35.254949  25.729868
   4    8    0.389939   0.423426    5.464554  15.230571
   4    9    0.246495   0.470746   33.351500   8.738055
   4   10    0.160395   0.499819   35.203024   1.793337
   4   11    0.028411   0.438583    4.605676   3.046520
   5    0    1.182134   0.504842   26.911910  15.414535
   5    1    1.039677   0.540585   15.811976   5.452651
   5    2    0.969663   0.571432   28.161464  24.400008
   5    3    0.873286   0.575636   36.110557  31.313363
   5    4    0.724573   0.582388    7.268158  25.473994
   5    5    0.684531   0.545221   14.151838   5.785708
   5    6    0.547560   0.534018    4.186878  36.247403
   5    7    0.449804   0.509753   32.313750   8.976982
   5    8    0.341638   0.536254   21.757160  13.004890
   5    9    0.258731   0.509822    7.240444  34.590505
   5   10    0.137501   0.562719   12.060545  22.713307
   5   11    0.066661   0.502832   19.760303   4.348564
   6    0    1.113304   0.667091   17.060196  13.974439
   6    1    1.061730   0.688620    2.280189  39.419339
   6    2    0.969288   0.650511   38.357998   3.715235
   6    3    0.824894   0.636426   28.041913   5.269918
   6    4    0.752781   0.698931   17.818377  24.729065
   6    5    0.682263   0.679974   34.165974  37.812836
   6    6    0.510989   0.608958    8.972202   3.751824
   6    7    0.466998   0.617462   29.196680   6.408894
   6    8    0.377842   0.686085    8.528135  20.577057
   6    9    0.222727   0.638864    5.901816  33.234287
   6   10    0.176814   0.630189   37.982907  15.784550
   6   11    0.092099   0.604262   21.369119  28.715447
   7    0    1.144212   0.719728   37.236020   7.977170
   7    1    1.042555   0.713788   18.980825  39.180248
   7    2    0.946853   0.768275   35.278459  10.991039
   7    3    0.886800   0.742295   30.636678  35.569591
   7    4    0.784366   0.754888   17.439070  27.364443
   7    5    0.657680   0.760003   12.634814  40.998666
   7    6    0.529525   0.723237   34.336288  16.421194
   7    7    0.496298   0.724151   14.909001  40.152505
   7    8    0.370101   0.703517   34.596996  33.644463
   7    9    0.208210   0.706075   20.859795  14.945771
   7   10    0.172616   0.735869   11.568348  12.587420
   7   11    0.035390   0.713150   23.806209  28.572021
   8    0    1.192245   0.864367   13.662432  31.387347
   8    1    1.081420   0.875676    6.123590  14.012987
   8    2    0.903742   0.826587   18.637746  13.020168
   8    3    0.813975   0.895069   18.422418  13.273773
   8    4    0.725854   0.885361   14.035498  11.752679
   8    5    0.652164   0.891595   38.661836  20.055114
   8    6    0.556122   0.836507   19.152806  17.820071
   8    7    0.426663   0.847423    4.880778  21.269227
   8    8    0.324258   0.879181   28.348941   8.176642
   8    9    0.277830   0.813905   40.268605  31.751028
   8   10    0.110492   0.853952   31.144833  23.237905
   8   11    0.031095   0.840762   25.586252  31.711861
   9    0    1.160322   0.937748   11.490078  37.852626
   9    1    1.059934   0.989253    1.487915  27.928152
   9    2    0.959049   0.934595   26.735813  39.313634
   9    3    0.814589   0.911432    2.082409   7.352741
   9    4    0.708279   0.916323   36.265815  26.036530
   9    5    0.659465   0.913210   31.112359  15.781948
   9    6    0.572260   0.948440   10.402308  37.605792
   9    7    0.423719   0.970259   33.418462  14.406738
   9    8    0.334484   0.982917    2.116979  20.208021
   9    9    0.228102   0.932641    6.895122  23.521674
   9   10    0.124409   0.911837   27.241788   1.042437
   9   11    0.006437   0.936598    3.932818  35.360641
  10    0    1.140468   1.053719   13.288218  11.119010
  10    1    1.092397   1.040058    6.381624  26.973664
  10    2    0.908734   1.087748   22.647660  17.924949
  10    3    0.891348   1.012216    4.359377   9.254416
  10    4    0.776626   1.060249   32.859716   7.760574
  10    5    0.603036   1.036891   26.767036   9.673376
  10    6    0.548025   1.062456    4.799232  12.115898
  10    7    0.403742   1.034447   40.162837   3.966855
  10    8    0.319930   1.018923   29.046972  23.279590
  10    9    0.236304   1.067640   32.685936   5.977462
  10   10    0.181522   1.031925   11.372873  31.442254
  10   11    0.093005   1.073083   31.009251  35.036876
  11    0    1.183993   1.198753   40.174905  38.876329
  11    1    1.009836   1.151868   20.840332  26.727104
  11    2    0.983999   1.156010   31.880616  26.345172
  11    3    0.821002   1.160446   35.278089  15.551716
  11    4    0.704867   1.107875   34.732510  22.714248
  11    5    0.649789   1.165970   40.372326  16.993873
  11    6    0.547865   1.163725    7.042445  20.807615
  11    7    0.436052   1.169103    3.522055  11.633259
  11    8    0.320931   1.144610   12.914345  10.873252
  11    9    0.221526   1.151688   37.887645   5.439352
  11   10    0.134165   1.117773   36.598531  27.591053
  11   11    0.032108   1.176665   14.780908  28.053775
  12    0    1.140210   1.283753    6.055078  27.377648
  12    1    1.010932   1.253317    6.036311  14.819787
  12    2    0.973326   1.271530   16.967653  29.812499
  12    3    0.867736   1.282138   39.655532  38.512288
  12    4    0.763516   1.293812   40.363346  30.330069
  12    5    0.618470   1.210559    4.556681  33.167001
  12    6    0.571516   1.276704   20.158071  40.893124
  12    7    0.494517   1.263265    4.048518  25.102851
  12    8    0.306737   1.205884   21.361193   1.182598
  12    9    0.203079   1.258969   32.689125  35.176827
  12   10    0.153467   1.224853   15.337075  24.909706
  12   11    0.019476   1.289321   17.477492   1.505955
  13    0    1.140662   1.379872   25.435310  24.176352
  13    1    1.088032   1.314961   21.865576  13.336316
  13    2    0.947629   1.330984   24.465486  29.380159
  13    3    0.801146   1.328815   39.867452   4.434342
  13    4    0.741677   1.338755   14.906351  12.980770
  13    5    0.615862   1.347315   27.581211  28.320962
  13    6    0.594511   1.392419   13.403351  12.514394
  13    7    0.453880   1.316541   30.728360   7.864454
  13    8    0.321714   1.366610    3.022560  31.563860
  13    9    0.214460   1.362142   29.354512  18.193192
  13   10    0.134067   1.381143   29.893067  16.961768
  13   11    0.010014   1.369444   34.624231   4.584781
  14    0    1.180795   1.491082   25.283973   6.324655
  14    1    1.011460   1.453263   37.681954  35.933382
  14    2    0.902989   1.452829   29.826208  32.086355
  14    3    0.864500   1.465750   26.839982  29.592356
  14    4    0.700533   1.496021    3.503422  36.519122
  14    5    0.609015   1.494949   16.893574  34.834642
  14    6    0.547766   1.480754    3.200290  16.801307
  14    7    0.401607   1.426807   33.152282  29.868638
  14    8    0.371965   1.434969   39.010621  40.010781
  14    9    0.206086   1.478983   22.815668  11.292614
  14   10    0.134366   1.447793   21.171724   4.993541
  14   11    0.078315   1.466103    7.610662  15.066047
  15    0    1.126051   1.541220    1.405554   1.377281
  15    1    1.030328   1.522988    4.146863   4.521549
  15    2    0.910406   1.554713   35.611213  25.570017
  15    3    0.813987   1.594896    2.235117  13.636385
  15    4    0.710223   1.555142    9.267444  19.404177
  15    5    0.616715   1.501981    6.453830  22.727893
  15    6    0.550657   1.527949   32.567843  19.156838
  15    7    0.410957   1.598927   12.536474   8.932409
  15    8    0.329325   1.514468    9.225526  40.997176
  15    9    0.244989   1.580108    7.692857  15.272653
  15   10    0.191767   1.535092   31.048111  23.482435
  15   11    0.005624   1.525662   12.765754  39.813795
  16    0    1.144311   1.678263   29.797890  18.544080
  16    1    1.023045   1.644497   24.163571  20.353776
  16    2    0.937027   1.641257   28.516148  29.476091
  16    3    0.824664   1.646510   24.798798  20.288747
  16    4    0.797066   1.680268   16.404649  37.757686
  16    5    0.678379   1.668214   15.801023  27.739800
  16    6    0.587074   1.664573    4.521377  40.113036
  16    7    0.495977   1.683480   34.562390   2.722502
  16    8    0.304697   1.632317    3.961656  13.030903
  16    9    0.294685   1.654233    9.712411  26.086021
  16   10    0.127370   1.613967   23.859873  34.037383
  16   11    0.038971   1.614727   19.908131  19.143976
  17    0    1.141659   1.723546   33.461058  37.335312
  17    1    1.005728   1.737414   30.864678  34.364435
  17    2    0.978318   1.717461   10.675657  25.994139
  17    3    0.833797   1.798434    3.840328   5.181809
  17    4    0.703084   1.786081   28.944896   3.694446
  17    5    0.633591   1.746411   38.829242   6.938696
  17    6    0.588881   1.774178   14.908178  26.101555
  17    7    0.444137   1.779492   17.004125   1.161050
  17    8    0.317658   1.722912   21.278039   5.263018
  17    9    0.233413   1.752483   39.490099  31.815345
  17   10    0.129564   1.788270    2.492247  29.995054
  17   11    0.043169   1.768429   23.340148  34.891741
  18    0    1.153409   1.818672   35.126674  31.043360
  18    1    1.081725   1.857154   30.621566  11.602554
  18    2    0.915604   1.867957   10.716656  21.873987
  18    3    0.867300   1.807034   32.811894  20.680643
  18    4    0.734777   1.878992    5.548612   4.270318
  18    5    0.620487   1.895667   10.241888  26.707652
  18    6    0.566249   1.897893   40.147736  22.482483
  18    7    0.497290   1.860138   35.112133  19.097355
  18    8    0.364311   1.869171   20.601671  20.495857
  18    9    0.243952   1.858204    6.648985  30.304651
  18   10    0.180969   1.818053   24.524112  24.055618
  18   11    0.041373   1.898005   38.254558  12.026082
  19    0    1.117357   1.947840   36.376359  12.404617
  19    1    1.090444   1.955805   19.044577  14.603061
  19    2    0.988461   1.967349   30.028895  24.262173
  19    3    0.869978   1.958772   25.956942  37.534294
  19    4    0.753101   1.916327   20.859139  38.391679
  19    5    0.676176   1.982957    7.652932  37.949212
  19    6    0.599314   1.975178    5.345571  21.175225
  19    7    0.426671   1.905416   17.722045  19.089529
  19    8    0.360319   1.929436   13.032503   1.933792
  19    9    0.283216   1.953788    2.240498  32.291352
  19   10    0.168194   1.909103   13.903823   1.301814
  19   11    0.014917   1.916677   25.522531  33.655596
  20    0    1.131203   2.038334   33.618108  18.785301
  20    1    1.088699   2.013836    7.942661  40.539757
  20    2    0.946388   2.011871    9.721552   2.702949
  20    3    0.835275   2.076401   30.996135  13.199412
  20    4    0.731605   2.061250   33.869241  19.030036
  20    5    0.697410   2.054337   37.303885  23.353123
  20    6    0.580603   2.085972   28.249337  25.235189
  20    7    0.422638   2.050764   37.057332   4.139748
  20    8    0.311086   2.002694   38.818837  21.020405
  20    9    0.214829   2.080985    7.437479  24.882463
  20   10    0.188840   2.008939   33.623584   9.945065
  20   11    0.008124   2.067806   17.831766  39.269106
  21    0    1.171098   2.166894   11.389323   4.234946
  21    1    1.072771   2.114120   11.211243  17.003786
  21    2    0.919233   2.187601   33.734618  39.647575
  21    3    0.805230   2.138763   40.819674   6.679997
  21    4    0.784683   2.136154   13.770523  38.085585
  21    5    0.694708   2.122296    1.365240  31.570787
  21    6    0.572694   2.184476    4.515970   2.720016
  21    7    0.494853   2.185610    5.194576  30.226865
  21    8    0.336032   2.109844   12.471882  13.705855
  21    9    0.262890   2.116184   16.467954  40.218811
  21   10    0.145232   2.174525   14.861099  12.142395
  21   11    0.058793   2.164308   10.143456   6.054900
  22    0    1.123281   2.224716    3.455254  15.751313
  22    1    1.024386   2.254760    7.617072  11.251334
  22    2    0.920804   2.215459   33.573810   1.815679
  22    3    0.886350   2.298173   17.154706  29.727004
  22    4    0.742880   2.202250   23.754512  21.243426
  22    5    0.648134   2.240730   14.791142  23.140218
  22    6    0.520554   2.239803   29.758611  12.189116
  22    7    0.453614   2.260848   40.160072  18.480139
  22    8    0.348916   2.293739   25.988216  22.488152
  22    9    0.220124   2.207152   11.758370   4.170978
  22   10    0.189302   2.201927   28.057264   7.227898
  22   11    0.050064   2.273311   27.436848   3.142331
