   0    0    3.069154   0.053967   21.559517  12.711572
   0    1    2.935977   0.037796   38.208552  39.345126
   0    2    2.845868   0.068421    7.320097  22.404471
   0    3    2.784556   0.029745   14.396952  11.561490
   0    4    2.647264   0.091278   20.421985  37.741360
   0    5    2.582392   0.019655   10.982824  10.584442
   0    6    2.491064   0.085003   22.347354   3.975408
   0    7    2.357478   0.099747   28.576330   5.059883
   0    8    2.257103   0.078245   25.778630   7.474814
   0    9    2.121214   0.032330   20.776901  20.149422
   0   10    2.040157   0.063828    7.420769   1.059274
   0   11    1.913324   0.094206   20.850359  35.931975
   0   12    1.861050   0.092743   35.088703  23.429667
   0   13    1.748554   0.057461   29.966753  22.216080
   0   14    1.641597   0.042091    7.723302  36.124778
   0   15    1.560533   0.052788   16.463002  39.075670
   0   16    1.477755   0.000241   36.413228  22.259223
   0   17    1.352871   0.047145   25.633537  16.367350
   0   18    1.221032   0.043450   15.164135   8.367026
   0   19    1.179241   0.068818   40.841173  25.682575
   0   20    1.000785   0.074749   22.070752  23.995645
   0   21    0.982663   0.029873   29.279506  14.633372
   0   22    0.889425   0.058135   14.711405  23.265504
   0   23    0.729567   0.028452   29.507195   6.065640
   0   24    0.628925   0.008902   37.998641  18.430460
   0   25    0.576501   0.061571   32.913566  33.739302
   0   26    0.400132   0.094440    8.383641  37.544903
   0   27    0.306420   0.042810   17.564003  31.209949
   0   28    0.226507   0.058893   35.226206  16.663514
   0   29    0.167519   0.098682   10.412699  32.091897
   0   30    0.060818   0.009772   28.306136  11.570028
   1    0    3.040449   0.112512    2.659355  17.577904
   1    1    2.907118   0.194956   19.865893   4.851639
   1    2    2.849468   0.195266    3.065520   1.036109
   1    3    2.781052   0.154484   40.238513  11.206030
   1    4    2.619738   0.189072    5.335296  29.700050
   1    5    2.509051   0.153090    8.028780  27.188274
   1    6    2.466453   0.151048    8.204213  29.912957
   1    7    2.311453   0.186680    8.979732  31.175228
   1    8    2.281852   0.122589   20.669129  25.082802
   1    9    2.105860   0.108749   22.070657  35.145291
   1   10    2.063445   0.162382    9.831092  14.449916
   1   11    1.905243   0.141208    7.056783   1.941759
   1   12    1.800850   0.110224    5.112133  35.964306
   1   13    1.770372   0.118183   14.574908  30.008288
   1   14    1.609697   0.153080   20.146050   8.015072
   1   15    1.508057   0.161026   18.103333  12.155315
   1   16    1.468873   0.184868   12.432293  12.449707
   1   17    1.385521   0.198142   16.478463  35.736576
   1   18    1.282158   0.187057   10.881123  25.266302
   1   19    1.156891   0.124168   16.334550  28.685199
   1   20    1.046916   0.108500    2.667277   1.557050
   1   21    0.970363   0.139643   15.747075   9.179129
   1   22    0.870999   0.189746   23.348448  37.726718
   1   23    0.744023   0.124491   33.524378   6.275984
   1   24    0.634388   0.159654   17.993924  26.705084
   1   25    0.564623   0.176502    3.006149   4.677745
   1   26    0.444364   0.130239   36.107837  30.817641
   1   27    0.376782   0.189417   14.891501   8.855984
   1   28    0.282080   0.129466   29.420476   2.174204
   1   29    0.190152   0.154339   30.533398  40.088658
   1   30    0.084456   0.141104   19.160240   1.880328
   2    0    3.039020   0.242876   35.300247  14.529817
   2    1    2.948140   0.265753    8.207825  27.071795
   2    2    2.882626   0.270757   21.019566   1.253857
   2    3    2.782057   0.277833   13.573329  28.717732
   2    4    2.635147   0.246644   17.182681   6.286301
   2    5    2.571672   0.229564   25.926006  13.333211
   2    6    2.461881   0.282392   32.503455  11.953368
   2    7    2.351601   0.244872    5.445467  28.187530
   2    8    2.272583   0.278286   21.588149  40.452928
   2    9    2.113562   0.253679   37.052198  12.289658
   2   10    2.084205   0.299545   15.887537  26.369737
   2   11    1.903914   0.240185   13.114302  34.377661
   2   12    1.813498   0.228903   33.766502  34.928170
   2   13    1.789149   0.217484    8.016475  14.334214
   2   14    1.694979   0.214101   31.440364  11.095971
   2   15    1.588708   0.295315   16.516240  35.895646
   2   16    1.401687   0.228891   14.691271  29.222869
   2   17    1.392336   0.277694   26.601567   6.217250
   2   18    1.275006   0.231424   20.692059  13.718192
   2   19    1.193973   0.212881    7.603050  21.802920
   2   20    1.045446   0.234909   39.929022  38.341962
   2   21    0.985771   0.219366   35.602868  40.502489
   2   22    0.848904   0.201953   40.129114  25.004235
   2   23    0.764339   0.228471   10.721846  15.725435
   2   24    0.612309   0.236265   37.261166  32.537778
   2   25    0.506683   0.216667    4.654954   1.714967
   2   26    0.498894   0.273174   33.094759  31.729472
   2   27    0.375548   0.248887   11.864697   7.671782
   2   28    0.266499   0.263918    4.464452  24.966179
   2   29    0.113008   0.217829    4.130850   3.712128
   2   30    0.002386   0.207707   26.301146  27.171072
   3    0    3.077126   0.343692   25.694117  23.090086
   3    1    2.954967   0.310304   38.656400  19.276777
   3    2    2.869390   0.393772   15.020302   2.809328
   3    3    2.786674   0.338169    7.359599  36.301985
   3    4    2.690374   0.392009   19.250683  18.694914
   3    5    2.522852   0.393184   38.611931  19.168480
   3    6    2.447686   0.314826   38.693309  21.190969
   3    7    2.369142   0.354559   29.735182  22.715875
   3    8    2.223784   0.311528   21.249036  24.595461
   3    9    2.114254   0.321722   31.457438  31.941628
   3   10    2.091572   0.345009   40.455148  25.138536
   3   11    1.926308   0.344830   21.531832  34.314258
   3   12    1.842988   0.321683   35.868501   2.256248
   3   13    1.789153   0.347993    5.148541   8.077953
   3   14    1.669863   0.368331   30.799161  32.606778
   3   15    1.510084   0.334383   24.514306  34.787108
   3   16    1.407358   0.317928   29.944600  17.821593
   3   17    1.362347   0.312124   18.137793  28.879628
   3   18    1.218163   0.386550   38.263546  34.679279
   3   19    1.104609   0.395158   39.773203  37.918152
   3   20    1.060349   0.359097   32.467680  20.335102
   3   21    0.945263   0.314275    7.638573  24.198642
   3   22    0.843440   0.352854   17.798395   5.434680
   3   23    0.792003   0.320052   26.439292  11.746142
   3   24    0.635713   0.394772   35.294931   4.385428
   3   25    0.546505   0.371659    7.891416  32.287763
   3   26    0.441150   0.330917   28.549244   4.754789
   3   27    0.370420   0.383340    9.853412  29.613320
   3   28    0.216684   0.384634   33.982025  26.709548
   3   29    0.161992   0.343800   19.839046  23.804324
   3   30    0.049511   0.393777   24.963372  28.605842
   4    0    3.042742   0.432833   25.598187  35.132345
   4    1    2.960243   0.486734   37.640639  36.284816
   4    2    2.860550   0.434248   23.616338   1.998105
   4    3    2.740535   0.401992   15.125105  31.324151
   4    4    2.669283   0.484439   35.797810  38.102928
   4    5    2.573575   0.416649    6.728103   7.441028
   4    6    2.445820   0.401938   35.261477  21.114531
   4    7    2.322440   0.425531   30.226375  34.437404
   4    8    2.252859   0.414868    4.092138   8.409418
   4    9    2.104829   0.404470    7.675431  35.523761
   4   10    2.050332   0.440397   39.054562  15.044466
   4   11    1.903032   0.498845   39.078782   6.552855
   4   12    1.899585   0.473156    5.691360  24.930609
   4   13    1.785280   0.401574    3.259977  24.640230
   4   14    1.692612   0.408016   36.889893  18.251829
   4   15    1.538682   0.423585   31.573409   8.843660
   4   16    1.473760   0.456724   18.917475   6.492983
   4   17    1.335022   0.414137   27.628972   7.018913
   4   18    1.203182   0.417577   26.088208  11.010297
   4   19    1.168501   0.458399   24.994643  30.664607
   4   20    1.040192   0.422676   14.638841   1.898683
   4   21    0.919281   0.465344   24.880193  23.514201
   4   22    0.800304   0.418238    7.055104  30.980340
   4   23    0.708324   0.460281   37.094247  29.828492
   4   24    0.662331   0.430029   10.004039  26.059422
   4   25    0.517468   0.413235   40.106000  24.787309
   4   26    0.471341   0.428193   12.191905   3.157837
   4   27    0.354112   0.466918   39.831941  22.074384
   4   28    0.299568   0.433590    2.881302  39.267615
   4   29    0.142080   0.476162   21.807018  22.694717
   4   30    0.090580   0.401189   37.465218  30.225521
   5    0    3.019379   0.534480   37.688730  34.259047
   5    1    2.922048   0.575178   33.409764  36.635962
   5    2    2.819559   0.542784   24.581683  11.415371
   5    3    2.779386   0.535125    8.041432  15.338515
   5    4    2.606253   0.570326   24.459241  25.802740
   5    5    2.536377   0.542891   29.068768  24.736733
   5    6    2.420214   0.568582   10.997926  27.847907
   5    7    2.389539   0.555918   39.392408  19.375187
   5    8    2.284795   0.525050   22.429315  12.920675
   5    9    2.190566   0.594126   19.671503  32.472019
   5   10    2.099322   0.585822   21.553233  10.809148
   5   11    1.965626   0.534849   25.278611   4.684600
   5   12    1.830157   0.533353   17.845095  40.171362
   5   13    1.701571   0.563056   38.689193  33.206185
   5   14    1.686514   0.578931   11.629333   8.565115
   5   15    1.517331   0.522596   34.015931  27.361785
   5   16    1.442216   0.518171   16.579878  13.853104
   5   17    1.323805   0.598255   37.312114  25.191779
   5   18    1.235549   0.502239   24.347766  14.225812
   5   19    1.107495   0.508137    4.432450  30.082101
   5   20    1.047278   0.597512   13.904962  21.779879
   5   21    0.951959   0.501199   27.653670   7.320155
   5   22    0.821600   0.542043   18.232583  38.535025
   5   23    0.736797   0.535756    2.921396  37.525923
   5   24    0.656464   0.558477    2.270756  13.967877
   5   25    0.526509   0.561314    1.503787  37.228041
   5   26    0.448148   0.549931   38.586416  39.586400
   5   27    0.380922   0.538330   32.996538   6.424918
   5   28    0.230393   0.587893   31.004385   8.763918
   5   29    0.185262   0.508306   21.037879   8.791326
   5   30    0.000600   0.599340   31.486187  18.997027
   6    0    3.011074   0.670109   38.756279  32.261144
   6    1    2.974761   0.674023   21.830053  38.947030
   6    2    2.879295   0.627448    7.887621  36.037300
   6    3    2.758740   0.642288    9.304690   4.069810
   6    4    2.603686   0.647198   33.662682  24.650242
   6    5    2.566441   0.618805   14.118412  22.334408
   6    6    2.446658   0.608549    6.979798  20.506595
   6    7    2.355116   0.668229    6.664306   5.475838
   6    8    2.220200   0.628935   16.041693  13.439950
   6    9    2.184689   0.625076    3.771181  31.423026
   6   10    2.012186   0.624294   31.549461  29.096091
   6   11    1.941484   0.692007   35.729088   9.988043
   6   12    1.812759   0.698372   22.710804  17.555206
   6   13    1.797097   0.648225   29.647272   6.598140
   6   14    1.656799   0.658670    5.733657  39.414028
   6   15    1.500411   0.622827   19.741490  37.797368
   6   16    1.486692   0.625060    2.140406  18.621079
   6   17    1.324874   0.626739   11.436667   7.439935
   6   18    1.274626   0.631165   11.151972  19.678571
   6   19    1.114141   0.691235   13.709958  23.942701
   6   20    1.025628   0.618351   38.555084  31.394784
   6   21    0.987079   0.631089   12.888300  26.659572
   6   22    0.811327   0.687460   13.880140  40.191084
   6   23    0.777846   0.636022   31.153663  13.385843
   6   24    0.660118   0.604402   28.381106  33.038029
   6   25    0.598415   0.695405   14.298196   1.195868
   6   26    0.451979   0.652305   18.222971   3.415361
   6   27    0.319366   0.678040    5.810607   9.262727
   6   28    0.235609   0.685100   40.446348   3.260943
   6   29    0.170188   0.621407    8.164108  25.003886
   6   30    0.001861   0.665293    3.692843  29.694068
   7    0    3.062538   0.732855   27.215360  23.842172
   7    1    2.910645   0.762103    1.338919  17.368836
   7    2    2.839044   0.769031    1.912912  18.066656
   7    3    2.778522   0.745223   11.600010  25.633632
   7    4    2.646242   0.739208   39.052670  11.723399
   7    5    2.591137   0.734207   37.330716  24.243042
   7    6    2.423089   0.773206    1.607008  36.161296
   7    7    2.308478   0.753762   37.660979  12.188850
   7    8    2.286256   0.705231   39.193212  14.803567
   7    9    2.181578   0.701232   14.272181  31.287094
   7   10    2.080014   0.751247   20.535967  15.910781
   7   11    1.996904   0.754110   37.031201  39.478443
   7   12    1.842040   0.799369   30.317709  18.546579
   7   13    1.709046   0.732638   26.864491  28.369482
   7   14    1.616815   0.790299    6.599691  39.652600
   7   15    1.513672   0.785372   38.168330   5.362825
   7   16    1.425556   0.737965   20.035684  29.084411
   7   17    1.350875   0.784074   38.715448  32.794239
   7   18    1.275734   0.729295   32.389319  14.655562
   7   19    1.114107   0.798330   11.932299  24.815329
   7   20    1.064225   0.746455   19.405088  10.682203
   7   21    0.971830   0.770056    4.585303   7.330611
   7   22    0.896019   0.774887   21.872144  31.215993
   7   23    0.787805   0.723331   32.328457   7.118129
   7   24    0.605147   0.796143   38.759061  13.098378
   7   25    0.551660   0.725990   16.228771  13.333065
   7   26    0.426124   0.715785   17.586781  34.164583
   7   27    0.303885   0.765988   35.300033  27.914139
   7   28    0.222680   0.743480    9.746071  28.371024
   7   29    0.158891   0.717725   23.239500  10.982868
   7   30    0.035947   0.724983    2.254832  12.315119
   8    0    3.096032   0.851398   11.976152  13.146098
   8    1    2.966490   0.823828   12.489682   6.561802
   8    2    2.801704   0.881859   10.303209   8.682507
   8    3    2.753718   0.864293   18.715320  40.386374
   8    4    2.605681   0.862579    2.781683  21.914125
   8    5    2.562183   0.876649   36.774196  29.988613
   8    6    2.461772   0.804988    2.265793  33.634186
   8    7    2.327156   0.830672   22.088113  37.928379
   8    8    2.276718   0.843830   28.815142  25.282981
   8    9    2.151632   0.804075   36.162431  15.478296
   8   10    2.091904   0.875098   38.422598   5.633660
   8   11    1.983490   0.808776   28.072608  39.784348
   8   12    1.870038   0.864717   26.900914   8.070278
   8   13    1.735100   0.889805    3.951876   4.170593
   8   14    1.633369   0.863326   27.435149   6.110645
   8   15    1.537962   0.819192   11.287918  22.619489
   8   16    1.441339   0.865390   24.722046  30.646907
   8   17    1.352277   0.830294    9.875469  28.404623
   8   18    1.283739   0.819257    4.281567   4.447061
   8   19    1.175422   0.876821   17.560815  22.047974
   8   20    1.000492   0.828933    2.439851  17.780916
   8   21    0.914330   0.855186   26.453265  35.219142
   8   22    0.821134   0.887997   40.646928  33.604366
   8   23    0.704620   0.898843    4.067673   4.889284
   8   24    0.645864   0.851446   17.206581  11.556096
   8   25    0.574090   0.838924   23.901221  35.997811
   8   26    0.465711   0.882197   30.159810  17.091208
   8   27    0.359803   0.826725   11.236666  11.085217
   8   28    0.241943   0.805566   16.977415  35.396525
   8   29    0.196470   0.830527   22.503370  21.790734
   8   30    0.034259   0.867247   19.881284  19.302670
