   0    0    1.822602   0.027812    9.743136   7.543665
   0    1    1.773810   0.087336    6.847258  38.872562
   0    2    1.623907   0.058938   32.167239  17.468194
   0    3    1.546879   0.085401    6.554731  27.562874
   0    4    1.441517   0.000374    6.053982  27.325929
   0    5    1.364130   0.065790   15.020663  17.233787
   0    6    1.247996   0.087339   37.597757  18.538560
   0    7    1.178210   0.076837   14.134817   9.755385
   0    8    1.062758   0.081120   21.156102  14.394753
   0    9    0.972019   0.023805    4.645367  23.796660
   0   10    0.822869   0.052225   32.384469  36.949132
   0   11    0.709101   0.060947   18.148521   9.789619
   0   12    0.687123   0.084527   25.636186   8.014452
   0   13    0.560814   0.044956   20.638848  31.304091
   0   14    0.478953   0.078368   34.290903  37.680829
   0   15    0.305652   0.095936   17.084432   2.146002
   0   16    0.202546   0.095870   22.088953  24.616161
   0   17    0.110817   0.097726   36.530012  32.437157
   0   18    0.042232   0.022709   14.213054  29.472211
   1    0    1.817769   0.170616   38.520347  37.129908
   1    1    1.777734   0.117167   28.772888  36.041125
   1    2    1.661974   0.166451   14.175120  16.855391
   1    3    1.517361   0.179465   32.512127   4.377472
   1    4    1.462447   0.168586   19.035716  13.699309
   1    5    1.367471   0.102265   18.971551  25.921204
   1    6    1.218915   0.127346    9.843329  13.444597
   1    7    1.119754   0.156618   33.005967  32.727261
   1    8    1.053584   0.125363    3.696853  11.015558
   1    9    0.947947   0.126776   22.466693  11.227826
   1   10    0.830440   0.146606   35.578128  37.303424
   1   11    0.762488   0.131966   26.025434  25.523589
   1   12    0.677928   0.117916   19.021144   3.248574
   1   13    0.575469   0.163548    5.529451   6.020654
   1   14    0.430578   0.102489   34.740883  30.999970
   1   15    0.378906   0.121957    1.941968   6.300064
   1   16    0.291769   0.151057   23.326515  32.167675
   1   17    0.136908   0.159403   35.835846  34.427209
   1   18    0.003321   0.158373   20.642782  19.629648
   2    0    1.836760   0.221495    6.572593  24.478713
   2    1    1.787986   0.230146   28.372396   2.049293
   2    2    1.635254   0.233820    8.712858  29.884697
   2    3    1.508135   0.238721   37.171396  29.205577
   2    4    1.474762   0.297927   19.868618  12.254630
   2    5    1.358067   0.234548   16.198446  31.432845
   2    6    1.228632   0.245277   21.121313  27.675296
   2    7    1.178379   0.284903   10.318118   7.912738
   2    8    1.067400   0.247416    9.294275  17.039712
   2    9    0.948686   0.231318    5.067278  26.255994
   2   10    0.816132   0.295955    9.781833  27.786149
   2   11    0.779716   0.292847    9.512741  39.757152
   2   12    0.698880   0.246905   19.301549  11.496722
   2   13    0.587482   0.293547   28.417440  28.900556
   2   14    0.438823   0.270503   39.850110  35.125314
   2   15    0.390641   0.259452    7.671404  30.141328
   2   16    0.202050   0.259858    8.307450  13.194937
   2   17    0.127618   0.212839   40.732899  27.680299
   2   18    0.039308   0.229577   40.547743  34.124919
   3    0    1.842233   0.389731   38.864174  12.897227
   3    1    1.793169   0.379014   34.579979  15.918630
   3    2    1.635749   0.320350   14.235276   1.301889
   3    3    1.598169   0.303836   34.154886  24.762781
   3    4    1.429235   0.341623   22.508504  38.308004
   3    5    1.308378   0.314319    2.439029   4.659626
   3    6    1.222994   0.355869   20.305093  22.830227
   3    7    1.140680   0.359127   34.770973  17.033720
   3    8    1.079582   0.310445   12.994821  11.649757
   3    9    0.922734   0.359269   30.178483  16.325199
   3   10    0.893540   0.349375   19.538262  17.689440
   3   11    0.782125   0.328530    3.249750  10.901846
   3   12    0.644471   0.379921    3.650491  21.784554
   3   13    0.507665   0.393852   31.115753  18.192549
   3   14    0.460464   0.304527   14.344092  20.230751
   3   15    0.355106   0.332000   14.714877  38.765035
   3   16    0.246097   0.391749   23.948415  29.335982
   3   17    0.157709   0.307295   29.175006  26.141104
   3   18    0.053404   0.398543   27.991037  23.398510
   4    0    1.837176   0.429270    5.062350  37.462878
   4    1    1.795153   0.410656   38.866505  33.978455
   4    2    1.692386   0.448823   20.410339  14.693915
   4    3    1.517675   0.437925   24.006454   6.025605
   4    4    1.472171   0.476764   32.855982   6.859326
   4    5    1.365219   0.486897    9.304283  10.371553
   4    6    1.214078   0.439628    1.875136  20.899373
   4    7    1.179443   0.434471    9.836618  12.289531
   4    8    1.053595   0.484177    3.022208   2.031300
   4    9    0.986123   0.443153    2.462867  32.270622
   4   10    0.877764   0.404254   39.243874  14.084517
   4   11    0.726566   0.491039   18.673231   7.860342
   4   12    0.613423   0.491460    8.750448  36.094501
   4   13    0.593416   0.437771   11.094580  14.344898
   4   14    0.403473   0.404598   14.592616  33.511164
   4   15    0.329718   0.411507   33.352698   7.271752
   4   16    0.234670   0.411896   18.005296  20.697681
   4   17    0.146042   0.481309   30.528439  31.234400
   4   18    0.037318   0.484739   25.744451  25.966134
   5    0    1.803391   0.574395    6.234396  17.046636
   5    1    1.781103   0.511971    1.056767   1.216623
   5    2    1.699328   0.508341   32.377777  23.376840
   5    3    1.541961   0.559781   18.586117  25.316793
   5    4    1.481398   0.534582   18.964201  29.108166
   5    5    1.312431   0.523756    5.434866  33.679071
   5    6    1.295403   0.531462    3.836235  29.135808
   5    7    1.172386   0.506937    3.762070   6.063185
   5    8    1.056480   0.542596   36.029518  29.007846
   5    9    0.928359   0.510479   14.714722  20.451875
   5   10    0.808147   0.529461   31.468397  12.761468
   5   11    0.767815   0.542034   19.152250  32.918002
   5   12    0.608631   0.595901   36.012070  33.501695
   5   13    0.559847   0.531017   37.538534  31.721589
   5   14    0.454783   0.546603   18.401285   7.715034
   5   15    0.365646   0.589653    9.539774  18.445622
   5   16    0.221737   0.561667   34.444683  22.005817
   5   17    0.100939   0.573993    3.280592   9.799774
   5   18    0.061234   0.504984   33.823001  24.888256
   6    0    1.818267   0.680111    4.874838  10.791493
   6    1    1.763161   0.635449    2.178328  36.462621
   6    2    1.649521   0.657186   10.761606   3.284263
   6    3    1.543324   0.656903   23.694740  25.249181
   6    4    1.468602   0.631480   28.541045  23.533088
   6    5    1.375863   0.625236   13.165670  14.148937
   6    6    1.200372   0.612961    6.418606   8.107630
   6    7    1.140971   0.629209   21.582427  26.445432
   6    8    1.015250   0.699851   17.030433  29.683699
   6    9    0.907674   0.675339    5.567366   7.957268
   6   10    0.808858   0.605417   18.336658  22.504117
   6   11    0.717450   0.636577    8.514242  22.896256
   6   12    0.673076   0.606041    2.433444  31.880311
   6   13    0.577328   0.669537   30.087372  18.681447
   6   14    0.418636   0.649955    2.548647  12.926265
   6   15    0.310847   0.665659   20.770271   8.904595
   6   16    0.210119   0.671951   19.150081  10.786808
   6   17    0.151876   0.677978   29.443500  33.837931
   6   18    0.021725   0.630983    8.009371  17.942508
   7    0    1.899821   0.757073   34.510530   4.320419
   7    1    1.716665   0.724784    6.228507   3.743760
   7    2    1.685063   0.737244    2.879476  37.553994
   7    3    1.594302   0.738436   16.650210  27.146969
   7    4    1.420770   0.737178    6.147627  32.286588
   7    5    1.337360   0.752307   26.737341  15.696043
   7    6    1.241312   0.778067   19.624763   6.054061
   7    7    1.126589   0.768839   24.920605   2.112715
   7    8    1.048518   0.776587   17.370299   8.598474
   7    9    0.972199   0.717381   15.577886  34.429541
   7   10    0.804893   0.740132   35.208378  33.275440
   7   11    0.740173   0.761600   23.222605  16.419717
   7   12    0.627630   0.777370    3.724075  32.208614
   7   13    0.527282   0.764946   37.142555  32.148181
   7   14    0.448913   0.738424   34.532962  21.144695
   7   15    0.361147   0.766245   19.644732  21.788774
   7   16    0.216466   0.715911   35.655319  16.407617
   7   17    0.171167   0.779682    4.225739   5.422550
   7   18    0.013708   0.770570   35.615363  19.045918
   8    0    1.892398   0.861295   24.401411  37.352632
   8    1    1.781081   0.893354   10.924911  10.212607
   8    2    1.627694   0.877525   19.593361  35.541337
   8    3    1.519281   0.879639   17.899967  27.012139
   8    4    1.403434   0.870483    1.384217   9.095572
   8    5    1.351086   0.870606   27.297790   9.494425
   8    6    1.211142   0.839266   31.617377   1.296871
   8    7    1.111360   0.811836    9.051030   7.171138
   8    8    1.031078   0.847026    3.231185  36.492696
   8    9    0.924566   0.889850   34.414641  27.374851
   8   10    0.884566   0.819416   25.381465  26.235980
   8   11    0.715710   0.833559   14.130270  17.976896
   8   12    0.659417   0.821643   36.320446  33.380178
   8   13    0.584185   0.809502   13.751953   3.425104
   8   14    0.497185   0.888556   20.664154  32.407431
   8   15    0.350300   0.897263    1.065959  35.757944
   8   16    0.222348   0.835029   12.094414  20.087715
   8   17    0.161569   0.804598   25.576711  21.196848
   8   18    0.031674   0.892362   38.205654  22.637215
   9    0    1.819932   0.970592    6.319774  38.113852
   9    1    1.747077   0.900490   31.120806  13.864437
   9    2    1.662083   0.909529   31.801958  33.616981
   9    3    1.567225   0.935519    5.664610   3.362895
   9    4    1.492948   0.968216   34.657642  13.691120
   9    5    1.331953   0.967429   16.296718  14.629528
   9    6    1.237114   0.905103   13.649498  25.777436
   9    7    1.139228   0.923719   24.671067  30.058306
   9    8    1.034613   0.950851   36.930850  12.869706
   9    9    0.926967   0.981408    1.602019  33.078801
   9   10    0.865968   0.976874   33.025968  34.651251
   9   11    0.751439   0.921947   30.381863  27.279819
   9   12    0.646799   0.980891   19.773652   3.891451
   9   13    0.560301   0.961470   32.808313  38.178476
   9   14    0.484485   0.996699   16.518544  15.266162
   9   15    0.371491   0.912268    4.944714   5.365451
   9   16    0.238566   0.949119   31.123632  28.961650
   9   17    0.129266   0.940428    6.549717  31.077424
   9   18    0.072491   0.904468   10.916523  32.866966
  10    0    1.815606   1.059305   36.277252  25.818050
  10    1    1.727258   1.011948   15.471070   4.855020
  10    2    1.649004   1.038834   24.161706  22.469109
  10    3    1.587186   1.091961   29.165040  30.597899
  10    4    1.403372   1.016614    3.567239  37.403810
  10    5    1.344714   1.003641   22.743564   2.557304
  10    6    1.227306   1.068321    6.694273  20.434496
  10    7    1.104590   1.015799   15.657153  32.236286
  10    8    1.038443   1.032171   40.900232  34.997376
  10    9    0.998217   1.012969   24.732155  10.473777
  10   10    0.808902   1.085024    7.505658  25.797154
  10   11    0.706137   1.091421   29.770568   9.508714
  10   12    0.646014   1.036153   20.420938   3.204775
  10   13    0.510776   1.038751    2.965204  35.735894
  10   14    0.407592   1.038785   28.842886   2.021830
  10   15    0.322554   1.045056   36.555237  13.520968
  10   16    0.272939   1.019242   26.434511  36.795430
  10   17    0.140360   1.063743   21.936273   8.137334
  10   18    0.019570   1.088839   38.815384  36.687722
  11    0    1.822102   1.125634   23.478084  19.832989
  11    1    1.731355   1.134627    1.854033  39.974503
  11    2    1.652693   1.111317   11.592267   1.230687
  11    3    1.586301   1.181697   15.167903   1.567705
  11    4    1.405319   1.103597   12.131116  26.710109
  11    5    1.341655   1.181929   38.400449  16.526832
  11    6    1.297207   1.174385   32.988067  15.116032
  11    7    1.150313   1.111915   12.259013  28.344776
  11    8    1.043351   1.108556   23.809153  36.081790
  11    9    0.905687   1.156248   31.961182  12.863684
  11   10    0.810787   1.131027   11.013930  15.452669
  11   11    0.722266   1.111454   17.651408   6.996946
  11   12    0.671996   1.182749   27.863451  36.739147
  11   13    0.516026   1.170520   34.513697  26.003600
  11   14    0.448887   1.186274    8.101883  13.225237
  11   15    0.352644   1.138352   14.720287   3.881842
  11   16    0.228559   1.152259   31.737438  39.302483
  11   17    0.182186   1.184410    4.020250  38.518571
  11   18    0.018655   1.104490    2.817376  19.795480
  12    0    1.876450   1.260380   37.686043  26.552269
  12    1    1.793637   1.242934    1.590841  22.490098
  12    2    1.629631   1.297927   23.700087  32.476792
  12    3    1.563652   1.221826   27.242439   1.770907
  12    4    1.474244   1.254418   15.477521  12.333972
  12    5    1.374936   1.292972   32.418436  20.219609
  12    6    1.202436   1.292969   32.085326   4.413253
  12    7    1.124796   1.253174    7.056593  10.221595
  12    8    1.067896   1.267224   10.832095   7.696866
  12    9    0.945234   1.239123   36.569677  29.073054
  12   10    0.875466   1.231009   35.266782  13.359409
  12   11    0.777121   1.233097   18.221758  28.776391
  12   12    0.644408   1.208327   31.038807  35.450957
  12   13    0.521595   1.278451   29.575461  25.656998
  12   14    0.456931   1.240108   22.735991  23.963182
  12   15    0.316974   1.255170    4.177426  15.129753
  12   16    0.276165   1.270725   36.730825  36.798242
  12   17    0.147951   1.232622   22.188258  33.388926
  12   18    0.037178   1.249478   18.229662  36.730547
  13    0    1.849256   1.399203    7.452332  20.490490
  13    1    1.780977   1.300101   25.133467   5.271790
  13    2    1.618151   1.366670   17.541885  28.241141
  13    3    1.514568   1.354780   26.982835   7.419948
  13    4    1.499312   1.360780   19.598875   1.503643
  13    5    1.340263   1.358264   34.174043  39.593304
  13    6    1.251594   1.339179   22.337149   2.973439
  13    7    1.104310   1.322375   10.796969  27.620797
  13    8    1.049083   1.322582    3.356552  29.176762
  13    9    0.968753   1.351506    3.859760  12.480376
  13   10    0.808556   1.385855   30.959623  39.385806
  13   11    0.711114   1.365721   32.329226   8.547305
  13   12    0.672128   1.331941   10.950640   9.341830
  13   13    0.504044   1.319589    1.329946   2.434701
  13   14    0.407311   1.363425   31.435797   8.122375
  13   15    0.321505   1.352127   40.009199  40.078894
  13   16    0.217132   1.374075   12.432381  39.184078
  13   17    0.159396   1.306064    5.988838   5.542501
  13   18    0.080168   1.305828   12.133866   5.557912
  14    0    1.846673   1.423056   14.989325   7.078443
  14    1    1.764494   1.455469   17.966925  14.368944
  14    2    1.658103   1.455617   21.125190  14.318407
  14    3    1.580527   1.469641   38.115387   7.298066
  14    4    1.421714   1.436191   11.535246  15.019616
  14    5    1.355625   1.436838    7.975275  31.298430
  14    6    1.242812   1.409153    8.424947  40.624040
  14    7    1.128056   1.470696   36.044072  27.824643
  14    8    1.042120   1.462466   32.262356  26.954518
  14    9    0.969543   1.480139   35.036483  19.028103
  14   10    0.828152   1.492319   31.783227  29.692562
  14   11    0.754119   1.438853   16.557957   5.817143
  14   12    0.693376   1.496258    9.624793   3.852939
  14   13    0.596392   1.499080   31.456359   5.375988
  14   14    0.440016   1.418172    6.821886  22.290421
  14   15    0.384537   1.442855   33.011200   4.681823
  14   16    0.204531   1.461948   15.063121  10.344425
  14   17    0.132494   1.427582   26.408919  31.754604
  14   18    0.059879   1.449682   22.518881  12.047562
