   0    0    0.676050   0.001656   37.926755   2.375757
   0    1    0.511643   0.036875   15.485964  38.399998
   0    2    0.401945   0.049454   17.014380  12.531916
   0    3    0.309202   0.041057   38.712510   3.564258
   0    4    0.235770   0.009470   31.685978  16.910499
   0    5    0.145869   0.011925   19.058501  23.883133
   0    6    0.004927   0.089675   12.848161  33.101711
   1    0    0.698942   0.153927   39.693304  14.450887
   1    1    0.568412   0.183996   16.533573  21.314692
   1    2    0.422823   0.115280   28.513834  27.443899
   1    3    0.305581   0.140621   17.348170  32.838990
   1    4    0.204879   0.127689   15.446682  23.647264
   1    5    0.113197   0.176311   16.183669  32.599237
   1    6    0.073075   0.132450   11.310942  40.392102
   2    0    0.616309   0.214645   20.858503  39.236879
   2    1    0.550772   0.239085   17.705863   5.216334
   2    2    0.427338   0.291498    7.764677  26.973098
   2    3    0.368764   0.248308    7.426487   8.506963
   2    4    0.263431   0.201969   13.261972  10.577396
   2    5    0.156296   0.272415   36.199521   8.577242
   2    6    0.054683   0.259584   35.475024   8.086606
   3    0    0.641286   0.303028   39.070733  19.077410
   3    1    0.545298   0.300796   10.312848  25.489440
   3    2    0.495326   0.308721    8.564237  21.332979
   3    3    0.306016   0.395629   39.944460  33.411949
   3    4    0.261329   0.393122   26.773093  33.149892
   3    5    0.139377   0.318796   17.628293  27.909619
   3    6    0.000748   0.307916   29.829703  30.821166
   4    0    0.669388   0.494658    9.707179   5.792138
   4    1    0.593361   0.494530   20.743556   2.514951
   4    2    0.464159   0.454160   23.744732  39.477150
   4    3    0.315407   0.423319   35.382934  28.919245
   4    4    0.243821   0.432139   31.193009   7.189669
   4    5    0.111688   0.409711   26.416245  20.963831
   4    6    0.076761   0.489431    3.645422   1.394099
   5    0    0.663799   0.513043    1.317734  34.635300
   5    1    0.564765   0.565716   23.642911   1.666145
   5    2    0.440189   0.565698   33.081352   9.346339
   5    3    0.362067   0.556310    4.165454  17.782199
   5    4    0.294121   0.537703   36.075663  19.015784
   5    5    0.164648   0.558891   35.355059  24.624103
   5    6    0.052825   0.515059   24.511699   3.961238
   6    0    0.644281   0.654646   32.680453  22.567501
   6    1    0.515283   0.658872   27.284759  26.901383
   6    2    0.486892   0.672371   27.667717  25.342304
   6    3    0.347062   0.616725   40.490186   7.810404
   6    4    0.226743   0.633807   40.485217  21.924110
   6    5    0.128498   0.677767   37.702263  40.062281
   6    6    0.046742   0.693767    3.085202  19.835723
   7    0    0.677275   0.798637    8.144359  14.248003
   7    1    0.540869   0.769641   22.268548  34.308244
   7    2    0.428047   0.778595   14.167603  16.244063
   7    3    0.307283   0.701364   23.953145  21.071499
   7    4    0.210284   0.729159   31.994360  22.555937
   7    5    0.160078   0.795226   23.090522  20.113890
   7    6    0.020848   0.766024   23.471874  28.655515
   8    0    0.613993   0.882652   38.089337  23.572093
   8    1    0.540101   0.849223    1.620511  34.976814
   8    2    0.409556   0.868612   14.268457  22.981276
   8    3    0.389417   0.811233   39.050077  40.429573
   8    4    0.206187   0.853333   37.776374   9.436903
   8    5    0.174014   0.842141   25.856768  34.735681
   8    6    0.077735   0.885763    9.577811  34.789435
   9    0    0.697848   0.945986   32.402360  18.588660
   9    1    0.598733   0.947496    8.522381  32.813584
   9    2    0.477107   0.943057   12.416312  34.581781
   9    3    0.310320   0.971895    3.174285  26.364097
   9    4    0.215408   0.969186   13.150519  22.045669
   9    5    0.102368   0.974669   13.996044   9.850324
   9    6    0.037341   0.914971    1.855514  15.381579
  10    0    0.642747   1.009418   40.643357  35.932170
  10    1    0.507365   1.055374   31.635987  28.171845
  10    2    0.426008   1.064454   13.542217  11.160334
  10    3    0.388280   1.043314   34.782529  24.294303
  10    4    0.201920   1.085687   24.583510  17.354038
  10    5    0.117659   1.079602    7.965599  32.462806
  10    6    0.079374   1.044440   18.684336  23.829785
  11    0    0.601599   1.125997   21.216770  32.061265
  11    1    0.583085   1.168755   26.129408  40.164960
  11    2    0.443014   1.198156   21.411342   5.833961
  11    3    0.369336   1.122104    5.019906  40.000461
  11    4    0.236465   1.160914   11.005516  38.940187
  11    5    0.182710   1.144348    3.821250   3.456784
  11    6    0.073114   1.149576   24.070367  24.076574
  12    0    0.658287   1.266402    5.915302  19.058365
  12    1    0.507907   1.257836   34.203888   8.815809
  12    2    0.443220   1.272244    1.226581  35.631255
  12    3    0.346449   1.265410   32.691508  14.005717
  12    4    0.227951   1.209746   24.406137  40.459530
  12    5    0.111285   1.226654   10.324463  21.018014
  12    6    0.040447   1.245279   24.720781   2.056150
  13    0    0.646428   1.305185   22.574547  10.831376
  13    1    0.566955   1.316085    9.709445  14.224291
  13    2    0.414958   1.318926   35.362761  39.378714
  13    3    0.319669   1.359173   12.832503  32.655492
  13    4    0.237391   1.355017   37.448490  31.283944
  13    5    0.175532   1.385774   34.753934   6.131260
  13    6    0.008282   1.324673    5.504870  28.058766
  14    0    0.661071   1.426378   38.560302  31.465105
  14    1    0.515109   1.454339   39.235092  37.025362
  14    2    0.455719   1.492954   21.134550   4.642267
  14    3    0.367023   1.451396   26.423435  33.676155
  14    4    0.230519   1.492152   16.066702  20.184742
  14    5    0.121389   1.440182   31.603888  32.877156
  14    6    0.030410   1.476128    7.897612   6.589491
  15    0    0.673305   1.537239   27.068292  23.266689
  15    1    0.546476   1.536075   33.155958  17.758051
  15    2    0.447398   1.523470    1.224980  34.396612
  15    3    0.309610   1.527652   10.562762  28.656070
  15    4    0.202208   1.575278    6.857969  37.608476
  15    5    0.168944   1.567181   40.941755   8.011617
  15    6    0.025311   1.536785   30.625820   9.332354
  16    0    0.697269   1.652829    6.787981  21.681396
  16    1    0.562118   1.650871   35.178323  29.441410
  16    2    0.491270   1.645946    2.111103  37.384344
  16    3    0.382882   1.618044   26.558261  27.490562
  16    4    0.207039   1.694321   35.083919  34.822384
  16    5    0.150935   1.619034   12.094549   6.112935
  16    6    0.090699   1.691302    9.190673  14.778413
  17    0    0.610576   1.719556   37.782096  23.543084
  17    1    0.530324   1.742582    2.983800  26.601941
  17    2    0.465259   1.773785    9.182829  26.181316
  17    3    0.368508   1.755903   14.221819  35.563074
  17    4    0.265837   1.756900   26.171360  27.308694
  17    5    0.174974   1.778000   11.075130   9.875889
  17    6    0.074657   1.786420   19.387846   9.507696
  18    0    0.685601   1.877833   21.250550  21.762518
  18    1    0.514121   1.837083    5.049640   6.038743
  18    2    0.467989   1.815471    9.299484  27.749603
  18    3    0.348118   1.814668   34.812438  10.368161
  18    4    0.274417   1.841964    3.038684  40.459085
  18    5    0.181311   1.830426   28.660624  33.238458
  18    6    0.090590   1.847098   11.926604  27.475598
  19    0    0.694813   1.909675   21.345628  13.117076
  19    1    0.582998   1.909171   13.402453  32.443054
  19    2    0.467094   1.975643    6.680169  28.555133
  19    3    0.389020   1.903717   27.609060  29.363329
  19    4    0.256260   1.972782    9.035278  39.932945
  19    5    0.182107   1.996598   16.584789  13.140256
  19    6    0.043941   1.932549    7.676117   3.264462
  20    0    0.679418   2.080953   30.923735  37.732446
  20    1    0.562014   2.039036    7.111626  10.178036
  20    2    0.441216   2.017184    5.067563  17.848785
  20    3    0.341286   2.021866    5.422112  35.886273
  20    4    0.240155   2.000523   31.806369  30.940752
  20    5    0.135979   2.089397   22.567957  40.903027
  20    6    0.054260   2.011654   27.230006  33.316022
  21    0    0.689501   2.116567   31.971676  12.460899
  21    1    0.559962   2.102461   29.285425  17.518127
  21    2    0.415464   2.118587   31.204639   8.027925
  21    3    0.370992   2.131171   36.259573   7.687262
  21    4    0.273304   2.174223   31.398786  16.017452
  21    5    0.185229   2.189000    5.921520  35.437649
  21    6    0.020083   2.110546   40.042804  37.730498
  22    0    0.664808   2.253862    1.721505  40.857152
  22    1    0.519184   2.224799   38.111205  19.765231
  22    2    0.484820   2.265789    9.358670  21.555182
  22    3    0.382613   2.298429   30.013896   7.573479
  22    4    0.242899   2.243407   15.193323  27.255228
  22    5    0.116467   2.253347   33.642819  28.539536
  22    6    0.025778   2.251162   17.393603   8.248660
  23    0    0.628917   2.311117   17.831355  26.901796
  23    1    0.579594   2.382915   11.370522  33.096772
  23    2    0.446625   2.342068    5.831225  23.033117
  23    3    0.328269   2.349160   12.969388  34.288338
  23    4    0.269047   2.333183    5.950674  36.041060
  23    5    0.128743   2.342262   16.049698  20.130263
  23    6    0.070443   2.361173   24.286824  31.344525
  24    0    0.643124   2.407003   25.499634   6.969245
  24    1    0.536624   2.430266   39.524089  33.828581
  24    2    0.446016   2.462129    2.395376  17.912644
  24    3    0.397649   2.423013   36.059671  22.374600
  24    4    0.270349   2.402724   24.929498   2.537094
  24    5    0.188617   2.416819   39.256150  13.008151
  24    6    0.026954   2.462902    6.896770  16.643689
  25    0    0.638618   2.538920   15.410322   5.602362
  25    1    0.511947   2.533658    4.939767  21.938902
  25    2    0.452629   2.568162    9.066414  13.019847
  25    3    0.341659   2.511681    6.420739  22.590688
  25    4    0.212762   2.543225   31.590944  11.771535
  25    5    0.127425   2.501502    1.700252  28.929561
  25    6    0.083789   2.503817   27.465520  29.716102
  26    0    0.621956   2.605564   27.767188   8.134719
  26    1    0.563205   2.673888    8.542920  39.018983
  26    2    0.435340   2.614634    4.578747  27.565626
  26    3    0.368370   2.694058    1.550900  11.535297
  26    4    0.231908   2.654428   11.133150  18.469758
  26    5    0.102371   2.624215   40.417211  18.976271
  26    6    0.079237   2.653407    5.211812  26.117548
  27    0    0.686242   2.766648   12.528356  21.664123
  27    1    0.527525   2.771411   38.891822  26.985857
  27    2    0.488075   2.705091   16.823728  27.375633
  27    3    0.351351   2.769119    1.343614  24.431624
  27    4    0.219257   2.715693   11.665774  15.719961
  27    5    0.186545   2.704293   31.092784  21.367669
  27    6    0.004739   2.782207    1.715947  13.691583
  28    0    0.642426   2.812347   21.839086  11.772901
  28    1    0.567695   2.839592   35.585218  14.484530
  28    2    0.464128   2.865969   19.089659  12.439546
  28    3    0.399337   2.877713   19.817038  14.349414
  28    4    0.261005   2.811378    9.277658  12.180279
  28    5    0.111864   2.860015   39.799647  21.220061
  28    6    0.005335   2.847246   38.701471  27.788472
  29    0    0.696678   2.950763   34.493740  24.031853
  29    1    0.540559   2.946404    6.533800  24.365090
  29    2    0.430967   2.998877   19.400517   3.099234
  29    3    0.320250   2.920133   14.313938   2.196075
  29    4    0.293642   2.996398   30.984246  29.615097
  29    5    0.127813   2.990218   23.750628  33.184359
  29    6    0.066358   2.915246   15.802506  26.280136
  30    0    0.602592   3.064851   15.326961   6.910977
  30    1    0.506970   3.027230    8.886338   1.265505
  30    2    0.420622   3.011090   12.112836  39.720048
  30    3    0.391272   3.029154   18.451624   4.157491
  30    4    0.247701   3.078759   36.354550  29.792722
  30    5    0.124226   3.027363   17.812027   5.228177
  30    6    0.098766   3.058536   20.825182  26.995484
  31    0    0.624164   3.184256   20.402947   8.321407
  31    1    0.500729   3.150394   22.583445   8.358533
  31    2    0.482530   3.193024   20.114948  12.838682
  31    3    0.366011   3.177685   23.702805  28.360259
  31    4    0.297750   3.126290   16.674233  21.754894
  31    5    0.140914   3.106834   31.696677  27.764159
  31    6    0.074686   3.199341   14.596757  30.289178
  32    0    0.696811   3.222942   31.779595  35.574834
  32    1    0.570862   3.299286   24.281665  23.801399
  32    2    0.482795   3.267589   33.768319   5.750047
  32    3    0.357296   3.257733   25.098784  23.680179
  32    4    0.255997   3.266650   38.340885  13.626095
  32    5    0.145234   3.286498   12.863973  26.433616
  32    6    0.050217   3.263215   20.535683  36.584101
  33    0    0.610490   3.353353    7.885188   3.889213
  33    1    0.534815   3.323463   32.786712  19.305119
  33    2    0.424316   3.347980    4.801187  11.354808
  33    3    0.353997   3.301864   25.455203  16.032266
  33    4    0.273859   3.377053   21.723867   5.787628
  33    5    0.121684   3.336118    9.731892  30.578402
  33    6    0.026243   3.331791   13.734267   7.463905
  34    0    0.679101   3.491962   25.948262  19.388206
  34    1    0.558222   3.491307   14.571371  26.336789
  34    2    0.401010   3.493324   29.749157  23.783786
  34    3    0.338043   3.460758   20.391861  38.215619
  34    4    0.262203   3.454227   29.243210  34.593299
  34    5    0.107823   3.494554   30.768072  36.094924
  34    6    0.048445   3.475462   38.161617   5.682344
  35    0    0.673222   3.521765   34.630444  38.406828
  35    1    0.515466   3.581231   13.219824  22.478226
  35    2    0.462565   3.573422   12.649831  28.665861
  35    3    0.365922   3.548805   38.290782  37.397482
  35    4    0.269812   3.509513   22.594088   9.920479
  35    5    0.127431   3.527700    3.662461   6.157390
  35    6    0.044906   3.557267   20.482429   2.620911
  36    0    0.674846   3.653950   25.566403  17.272483
  36    1    0.541006   3.601709    7.900103  15.958266
  36    2    0.446849   3.639761   19.328144  21.607408
  36    3    0.371009   3.614492   24.624991  20.425145
  36    4    0.260788   3.659182   18.904379  39.677772
  36    5    0.165480   3.667634   25.756814  23.293315
  36    6    0.030325   3.656344   26.235854  11.460949
  37    0    0.660765   3.755106   33.828672  18.899313
  37    1    0.538050   3.774461   15.758978  36.799124
  37    2    0.479521   3.737045   18.919719  12.074157
  37    3    0.309642   3.740929   12.583249  34.047143
  37    4    0.296301   3.728959   13.576843  15.748667
  37    5    0.177454   3.746738   27.255629  20.438095
  37    6    0.008059   3.781362   14.392263  22.711200
  38    0    0.609608   3.826854   25.697082   9.709825
  38    1    0.553566   3.834117   18.373034   6.689914
  38    2    0.415714   3.882300   39.810529  10.855897
  38    3    0.346723   3.884096    9.777510  19.376991
  38    4    0.222294   3.884385   22.423563  36.434866
  38    5    0.106631   3.874833   11.882876  17.707576
  38    6    0.039761   3.866860   39.643312  29.691984
  39    0    0.682023   3.902468    8.186924  19.651476
  39    1    0.518529   3.942736   34.364901  36.817828
  39    2    0.479282   3.933552   18.836301  26.970989
  39    3    0.314361   3.979073    6.589039  23.988600
  39    4    0.211768   3.947178   10.612545  29.843553
  39    5    0.152493   3.925270   39.368301  28.403208
  39    6    0.093544   3.946427   22.596246  40.943198
  40    0    0.696409   4.018207   33.615757  38.352523
  40    1    0.502841   4.032265   24.668785  15.520121
  40    2    0.490289   4.081056   20.673645  39.426510
  40    3    0.339725   4.096773   32.300108  19.212991
  40    4    0.254238   4.091649   18.453864   2.285282
  40    5    0.198417   4.072028   38.610106  26.773918
  40    6    0.068334   4.021006   25.126111  21.990398
  41    0    0.667596   4.165929   33.480203  32.581340
  41    1    0.585314   4.132963   23.743552  29.713063
  41    2    0.461757   4.126944   39.530825   7.761368
  41    3    0.362448   4.191779    1.859994   4.706187
  41    4    0.273319   4.105983   26.069486   8.933474
  41    5    0.100668   4.146201   12.106561  17.747586
  41    6    0.018674   4.125551    4.653300  30.041697
  42    0    0.623475   4.245669   12.859962  16.831908
  42    1    0.531733   4.223794    3.698763  31.427853
  42    2    0.419441   4.297163   32.548497  21.709183
  42    3    0.335787   4.214240    4.610745  19.248576
  42    4    0.210326   4.289671   16.805997   5.938214
  42    5    0.198599   4.290790   18.191666   3.533284
  42    6    0.091872   4.297321   24.597972  13.443332
  43    0    0.646663   4.311906    7.630920  14.625526
  43    1    0.526272   4.321934   37.608293  21.133358
  43    2    0.482420   4.317971    3.163631  25.445433
  43    3    0.344126   4.351098   16.588807  39.961905
  43    4    0.212969   4.371427   23.526956  10.956347
  43    5    0.139378   4.388794   19.038331  23.878512
  43    6    0.060449   4.360590   40.631124  36.413982
  44    0    0.613285   4.462216   24.491551   9.440360
  44    1    0.582734   4.474905   36.401554   2.421814
  44    2    0.442904   4.420607   36.862403  18.424664
  44    3    0.388485   4.441953    4.537378   7.511679
  44    4    0.215885   4.419802    7.700571  21.602156
  44    5    0.182832   4.414638   24.970816  17.913897
  44    6    0.086562   4.429568   29.883825   3.902345
