   0    0    1.129498   0.075501   26.110373  37.207849
   0    1    1.049476   0.086415   24.124670  37.927434
   0    2    0.979983   0.039970    1.861522   7.595638
   0    3    0.871525   0.096713   30.870289  19.565642
   0    4    0.730023   0.018567   17.317975   6.495068
   0    5    0.627608   0.058060   23.096340  30.532478
   0    6    0.561859   0.092011   28.098564   7.664862
   0    7    0.419674   0.031017   25.251791  19.146388
   0    8    0.374067   0.086871   11.911044  28.234632
   0    9    0.273628   0.006755   12.382300  31.091138
   0   10    0.188293   0.029018    2.311871  28.728848
   0   11    0.000656   0.094431   12.744843  37.504908
   1    0    1.139271   0.168095    6.731153  17.184022
   1    1    1.085336   0.119945    1.983036   9.480113
   1    2    0.953665   0.150922    7.426104  40.792929
   1    3    0.895892   0.182233   18.327293   8.286666
   1    4    0.752130   0.187127   33.440402  29.330036
   1    5    0.626710   0.198890   18.322962  24.576769
   1    6    0.584630   0.181229   12.310891  31.682580
   1    7    0.494824   0.174213   33.878696  20.024576
   1    8    0.331632   0.102002    2.177160  20.132086
   1    9    0.220597   0.139605   23.966347  21.299430
   1   10    0.173234   0.122126   28.113570   6.601408
   1   11    0.028206   0.148855   38.092758  28.966648
   2    0    1.144562   0.288993   20.917370  40.902693
   2    1    1.003742   0.258898    3.702856  12.855187
   2    2    0.958999   0.280974    2.250619  23.091977
   2    3    0.847913   0.290469   15.962552  10.626775
   2    4    0.790828   0.262541   36.947666  40.356450
   2    5    0.656282   0.242454    5.908984   7.726479
   2    6    0.565830   0.276354   21.464030  13.430712
   2    7    0.452886   0.228722   11.744723  14.589915
   2    8    0.312172   0.200731   16.856567   8.358684
   2    9    0.292799   0.216934   18.091608  10.927692
   2   10    0.174615   0.256904    5.348876  36.488134
   2   11    0.035829   0.275029   19.308953  37.102925
   3    0    1.192622   0.372029   11.449977   8.905081
   3    1    1.077056   0.373024    5.519921  39.063030
   3    2    0.987374   0.391125    1.758315  11.085685
   3    3    0.800255   0.345260    3.778930  35.982275
   3    4    0.794043   0.383963   21.997260  19.363509
   3    5    0.697515   0.391398   11.852003  18.716899
   3    6    0.513800   0.311365    5.492288  32.880372
   3    7    0.472500   0.383197   38.371071  22.369922
   3    8    0.345152   0.399465   34.214122  23.009312
   3    9    0.215744   0.348548   30.662255   7.708070
   3   10    0.186086   0.320197   31.676159  26.808507
   3   11    0.008310   0.324217   30.337248  13.868569
   4    0    1.177352   0.491580   36.388571  11.885296
   4    1    1.074833   0.404426    6.775977  28.738853
   4    2    0.982858   0.492377   25.235546  17.119767
   4    3    0.868613   0.463642   39.917766   3.587569
   4    4    0.775744   0.432225    8.056180   7.017683
   4    5    0.629926   0.498866   16.317316  14.970546
   4    6    0.518105   0.430593   37.873594  27.032844
   4    7    0.414078   0.419209    6.210849  29.630731
   4    8    0.388677   0.435728   35.630932  13.019267
   4    9    0.237970   0.408715    4.376847  17.056400
   4   10    0.125943   0.458209   33.956934  30.043922
   4   11    0.043086   0.402117   23.864877  39.557258
   5    0    1.114205   0.502831    1.397862  34.111026
   5    1    1.018792   0.542660   29.205032  31.163358
   5    2    0.947093   0.557207   16.716593  24.919243
   5    3    0.872702   0.536102    4.499628  14.347092
   5    4    0.756786   0.535865   22.273789   8.593447
   5    5    0.674633   0.575668   11.837804  17.513806
   5    6    0.597907   0.584520   16.170087  36.402995
   5    7    0.437276   0.588998    6.762775  26.401898
   5    8    0.322612   0.520807   24.742339   8.798802
   5    9    0.230211   0.550021   40.060537   8.978603
   5   10    0.177829   0.524984   10.170961  13.671791
   5   11    0.054266   0.506222    8.927882  36.112939
   6    0    1.196909   0.696908   12.369558  23.555632
   6    1    1.030463   0.694878    5.616642  19.252625
   6    2    0.946130   0.664079   19.992014   8.566973
   6    3    0.881914   0.660660   27.940161   1.527102
   6    4    0.721572   0.659609   32.306323  10.196691
   6    5    0.608044   0.641338    3.567036  30.144074
   6    6    0.573784   0.688688   31.848477  25.636006
   6    7    0.468352   0.658388   18.816229   5.642317
   6    8    0.366500   0.667444   17.183830  33.141596
   6    9    0.207711   0.634930   12.706750  27.508820
   6   10    0.151342   0.649068    5.767365  26.014196
   6   11    0.066786   0.664681   38.304116  35.863616
   7    0    1.162978   0.748627    8.808396  36.085430
   7    1    1.029692   0.772519   25.944910  25.360997
   7    2    0.908676   0.740233    3.209289  17.177994
   7    3    0.866332   0.739782    6.709784  20.151092
   7    4    0.742480   0.728032   40.061826   4.824559
   7    5    0.629153   0.715538    9.554346  27.691130
   7    6    0.577421   0.785959   34.848945  10.601135
   7    7    0.463138   0.798863   11.796395  14.390999
   7    8    0.399240   0.720274    1.413595   7.750900
   7    9    0.283874   0.756542   40.197084   7.523028
   7   10    0.102019   0.733608   39.920554  39.344849
   7   11    0.071392   0.735639   28.662584   5.521251
   8    0    1.169960   0.859576   28.451101  11.045898
   8    1    1.017236   0.841005   18.631963  32.740693
   8    2    0.980180   0.892975   18.534487  37.613417
   8    3    0.848820   0.874096   19.505984   4.942559
   8    4    0.799007   0.862151   36.834234  15.605463
   8    5    0.638642   0.871330    9.010635  38.216501
   8    6    0.588651   0.877368   28.371335  34.306299
   8    7    0.486297   0.837768   27.178259  36.746465
   8    8    0.332460   0.841777    1.080502  32.727108
   8    9    0.238463   0.845017   22.668188  33.771909
   8   10    0.125138   0.830116    7.159666   2.598099
   8   11    0.086166   0.851040    6.437889  35.291529
   9    0    1.159372   0.924287   23.586990  25.590551
   9    1    1.049633   0.903953   35.314654  27.501917
   9    2    0.972242   0.944710   32.343735  37.577611
   9    3    0.828884   0.911902   26.806958  36.658892
   9    4    0.793599   0.931664   10.295369  33.563017
   9    5    0.663003   0.996758   36.533644  33.994564
   9    6    0.564274   0.911781   39.347368  23.977195
   9    7    0.402603   0.900639   10.938194  18.518504
   9    8    0.364558   0.931456   19.406233  26.360505
   9    9    0.258546   0.981165   40.494358  26.976688
   9   10    0.112796   0.951124   29.840301   6.023739
   9   11    0.045289   0.913875   22.398521  32.937232
  10    0    1.160277   1.072203   39.548994   5.096251
  10    1    1.089546   1.018360   36.783230  25.917200
  10    2    0.921765   1.011955   11.413205   1.442449
  10    3    0.824000   1.038462    6.775355   6.660120
  10    4    0.741090   1.050584    3.813601  37.247661
  10    5    0.631863   1.036263   30.261449  36.119136
  10    6    0.598127   1.049625   40.067656  11.644724
  10    7    0.450915   1.004628   20.011907  33.396039
  10    8    0.317342   1.080987   16.050322   2.572940
  10    9    0.285389   1.063677    8.854606  11.831727
  10   10    0.138715   1.011977   26.927288  30.131362
  10   11    0.010746   1.082874   27.877748  32.638985
  11    0    1.159456   1.163214   15.843838  37.008688
  11    1    1.089805   1.162277    8.180727  21.913733
  11    2    0.949331   1.193558   20.576398  21.142348
  11    3    0.849124   1.114042   10.480863  19.556272
  11    4    0.783737   1.168997   38.567911  31.579690
  11    5    0.691751   1.108386   11.922929   7.579302
  11    6    0.526854   1.140889    6.432237  10.584470
  11    7    0.446571   1.187031   35.727471  40.474863
  11    8    0.332247   1.193068   36.926865  33.352177
  11    9    0.275510   1.101486   36.852954  11.757597
  11   10    0.110232   1.116988   34.557241   1.268028
  11   11    0.077679   1.103600   15.635847  38.497105
  12    0    1.140136   1.239447   40.390132   5.461787
  12    1    1.044328   1.201423    1.411839   9.597440
  12    2    0.981238   1.258362   17.317457  34.483864
  12    3    0.830090   1.294710   29.410391   3.777103
  12    4    0.758778   1.238678   38.926118  13.247479
  12    5    0.614462   1.221263   26.753958  39.648233
  12    6    0.570818   1.282661   28.293407   9.951975
  12    7    0.432900   1.277876   27.182209  12.988985
  12    8    0.378060   1.216705   27.441629  33.522666
  12    9    0.259084   1.227738   29.160697  25.248388
  12   10    0.101922   1.230198   23.849648   6.172967
  12   11    0.019087   1.269958   18.322443  12.518322
  13    0    1.166206   1.361094   17.333124  34.014792
  13    1    1.014140   1.326251   32.730003   5.652534
  13    2    0.974656   1.347549   38.769269  13.213584
  13    3    0.821574   1.394857   18.234608   9.907933
  13    4    0.720479   1.355297   31.556020  20.004623
  13    5    0.633269   1.332384    1.248070  26.428741
  13    6    0.574621   1.346413   37.359579  39.957565
  13    7    0.477540   1.350577   37.532179  28.089338
  13    8    0.397120   1.376676   29.618331  35.196497
  13    9    0.253910   1.356863   38.149394  28.657016
  13   10    0.160302   1.395969   11.435242   7.853094
  13   11    0.090586   1.325083    7.507688  26.931107
  14    0    1.163900   1.478977   38.904854  33.850775
  14    1    1.011679   1.455934   13.471468   6.460313
  14    2    0.960358   1.431895    6.585099  13.188074
  14    3    0.875365   1.475434   25.799567   6.635349
  14    4    0.793621   1.404958   18.738190  31.209752
  14    5    0.615151   1.424109    6.710342  32.399320
  14    6    0.586684   1.490285    8.128930  29.924483
  14    7    0.484289   1.409625   36.163002  37.513603
  14    8    0.391941   1.499888   33.582816  29.248275
  14    9    0.268143   1.431222    4.483329  40.262257
  14   10    0.144090   1.499644   28.170411  15.123070
  14   11    0.090911   1.435599   26.251038  10.673365
  15    0    1.127884   1.521596    1.798484  24.780321
  15    1    1.001609   1.530760   21.905073  24.780953
  15    2    0.992473   1.589181   25.152513  28.989620
  15    3    0.879611   1.566886   37.312187  34.146516
  15    4    0.710379   1.567797   16.349181  16.952775
  15    5    0.652255   1.591417   26.583257   7.804432
  15    6    0.592324   1.596587   17.321586  31.574064
  15    7    0.466175   1.599311    9.710790   8.990892
  15    8    0.329207   1.566387    3.873908  21.157672
  15    9    0.299993   1.528828   14.140189  10.461280
  15   10    0.139444   1.583518    1.506393  28.153664
  15   11    0.048892   1.598234   18.176385   9.896246
  16    0    1.153698   1.699404   18.525521  26.394139
  16    1    1.051328   1.639424   34.166508  40.842022
  16    2    0.969718   1.691972   18.618329   5.331528
  16    3    0.864764   1.660773   20.688330  24.825861
  16    4    0.757546   1.656374   36.983898   3.111305
  16    5    0.630801   1.663384   15.513283  36.732773
  16    6    0.589812   1.699768   37.279086  29.881716
  16    7    0.400457   1.642457   14.901920  18.225052
  16    8    0.313108   1.637731   11.049659  38.563405
  16    9    0.217590   1.628609    9.828726  32.931407
  16   10    0.164657   1.658339   16.982003  12.372168
  16   11    0.082580   1.662774   26.022276  12.327812
  17    0    1.173526   1.754023   24.224714   6.708349
  17    1    1.039380   1.752698    2.245796  32.677500
  17    2    0.967560   1.721024    2.193365   7.596720
  17    3    0.846924   1.729053   40.032219  11.092860
  17    4    0.736056   1.791597    8.685872  29.680997
  17    5    0.610614   1.704857    8.126927  32.727282
  17    6    0.573829   1.795076   28.799889  13.847451
  17    7    0.461248   1.743143    6.180409   1.300323
  17    8    0.354943   1.740483    9.057768  37.872392
  17    9    0.277225   1.754711   24.772132  21.604873
  17   10    0.153747   1.775589   34.308651   3.058611
  17   11    0.051245   1.780341    2.635987  35.340322
  18    0    1.147218   1.805158   29.391352  25.646192
  18    1    1.004978   1.859957   16.996740  20.561025
  18    2    0.995770   1.844540   13.205708   3.853381
  18    3    0.854274   1.855021   29.215966  10.224695
  18    4    0.709755   1.843917   29.754203   9.723573
  18    5    0.623505   1.869831    5.485015   6.770642
  18    6    0.565802   1.843147   28.879657  29.524717
  18    7    0.400484   1.812409   21.091632   7.353119
  18    8    0.340977   1.807532    8.838903  27.267827
  18    9    0.213166   1.846314   16.825892   8.300316
  18   10    0.183403   1.850767   23.516388  12.981524
  18   11    0.095937   1.810976    7.380193  27.564878
  19    0    1.135543   1.972921   38.995727  40.699921
  19    1    1.096830   1.930062   24.137105  30.377134
  19    2    0.970802   1.928504   17.371279  40.691410
  19    3    0.857327   1.984880   28.527937   6.007519
  19    4    0.795387   1.992509   10.095903  26.276266
  19    5    0.673696   1.902988   17.183939   2.490006
  19    6    0.505558   1.910760   18.825081  27.651280
  19    7    0.422921   1.900932   36.391141   1.353660
  19    8    0.375472   1.905012    8.631688  13.459939
  19    9    0.207252   1.924459   30.898857  25.854756
  19   10    0.182737   1.952915   16.629742  25.417003
  19   11    0.039324   1.949516   10.920984  23.897186
  20    0    1.157613   2.078320   28.459506  12.116614
  20    1    1.054491   2.043066   11.208261  10.774239
  20    2    0.967474   2.068346   35.750429   5.223415
  20    3    0.898673   2.033938   17.358717  17.060094
  20    4    0.720725   2.080200   39.592409  14.566447
  20    5    0.698493   2.010908    7.072631   3.424729
  20    6    0.593754   2.012984    8.209987   8.225905
  20    7    0.475874   2.047642   17.847331  36.841232
  20    8    0.350867   2.097508   11.448097  29.523174
  20    9    0.221474   2.052356   27.646291  31.599818
  20   10    0.140295   2.000620   20.342086   4.894831
  20   11    0.090500   2.053753   21.365984   3.738180
  21    0    1.109428   2.149635   16.958764  34.951662
  21    1    1.030418   2.164239   33.463056  28.943092
  21    2    0.989387   2.157148   27.859319  15.594019
  21    3    0.892935   2.106401    5.893430  11.673527
  21    4    0.752823   2.166858   33.948998  26.875167
  21    5    0.622404   2.149414   20.554006   7.200825
  21    6    0.549535   2.146967   20.142482  14.374594
  21    7    0.449403   2.178271   16.706704  28.456796
  21    8    0.372056   2.129334   30.188010  31.163547
  21    9    0.251731   2.110666    6.403640  16.025939
  21   10    0.197779   2.129730   25.157299  28.015392
  21   11    0.075470   2.183842   14.721306  32.313256
  22    0    1.195512   2.287412    8.522421  35.333689
  22    1    1.035950   2.256896   16.650661  39.864489
  22    2    0.972542   2.230653   36.404840  12.341207
  22    3    0.842638   2.212765   18.779143  39.010884
  22    4    0.773326   2.208984   18.495868   7.393387
  22    5    0.612920   2.298551   21.439632  31.455915
  22    6    0.522874   2.232578   33.311880  17.850116
  22    7    0.457636   2.212828   15.790477   4.116722
  22    8    0.336709   2.224567   30.861677  18.759928
  22    9    0.235989   2.234240   20.329775  11.478309
  22   10    0.194938   2.223005   36.467447   6.681138
  22   11    0.089021   2.286966    2.636119  34.913876
  23    0    1.100570   2.365826   21.394851  18.284637
  23    1    1.069418   2.355503    4.667132  13.869962
  23    2    0.911610   2.354281   29.111810  12.953478
  23    3    0.890696   2.393775   13.736134  36.510408
  23    4    0.752802   2.318242   20.409628  14.414625
  23    5    0.621145   2.321675   16.326370  26.358419
  23    6    0.576046   2.300164   26.284168  28.508595
  23    7    0.446956   2.365964   38.191296   6.671378
  23    8    0.348598   2.333615   14.388846  32.523002
  23    9    0.225015   2.381800   11.728454   5.728312
  23   10    0.105079   2.316957   23.035266   6.086362
  23   11    0.038671   2.386223   20.403554   3.905278
  24    0    1.103141   2.473130   36.131391  24.438787
  24    1    1.059565   2.445557   10.040454  17.359209
  24    2    0.973301   2.442415    3.111216  21.966550
  24    3    0.805209   2.484941   28.081739  23.336104
  24    4    0.751042   2.476659   29.823943  37.207782
  24    5    0.665496   2.430137   14.463734  38.564731
  24    6    0.523688   2.490630   39.514750  10.106898
  24    7    0.451725   2.449233    1.538787  24.892338
  24    8    0.315877   2.479027    7.443299  38.115650
  24    9    0.298921   2.435038    5.516760  15.264193
  24   10    0.175643   2.426099    8.350170   9.809014
  24   11    0.026405   2.457733   28.186709   8.344054
  25    0    1.108183   2.518934   22.895513   3.004452
  25    1    1.032513   2.521714   35.218798  11.518011
  25    2    0.936291   2.525173    7.358233  38.943361
  25    3    0.867288   2.580605   16.135568  39.719440
  25    4    0.745282   2.511234   20.298098   4.913891
  25    5    0.691654   2.500057   21.080731  21.458130
  25    6    0.595903   2.558097   20.547238  34.764566
  25    7    0.493271   2.509216   10.802712  23.631947
  25    8    0.361269   2.578281   22.811544  10.078508
  25    9    0.287696   2.548635    8.809265  23.144720
  25   10    0.163312   2.549837   20.326543  34.348325
  25   11    0.088907   2.504938    8.438500  26.049342
  26    0    1.150556   2.661043   18.426407  18.312093
  26    1    1.085449   2.620664    2.630755  23.880393
  26    2    0.972161   2.602902   28.548781  16.681124
  26    3    0.807605   2.681523   10.474799   2.035903
  26    4    0.763305   2.655679   29.112213  34.810549
  26    5    0.616993   2.612651   32.140915  16.513189
  26    6    0.563857   2.690360   27.867013  38.434059
  26    7    0.492838   2.660506   32.602471  32.999009
  26    8    0.346117   2.646300   19.734424  10.404458
  26    9    0.228942   2.697668   14.586656  16.259584
  26   10    0.128095   2.652258   24.813076  25.451973
  26   11    0.091981   2.664089   32.484117  27.971373
  27    0    1.196344   2.729596   33.145726  17.292617
  27    1    1.025249   2.750217   21.486298  37.578762
  27    2    0.956795   2.753643   16.003370  31.989183
  27    3    0.812365   2.734966   10.008332  13.460174
  27    4    0.773372   2.752046   27.857878  17.287767
  27    5    0.642671   2.714616    8.494423  40.629410
  27    6    0.542319   2.787385   18.878337  29.723039
  27    7    0.444189   2.797524   23.991702  26.394325
  27    8    0.385246   2.705416   24.700387  29.605787
  27    9    0.271015   2.793892   37.417594   6.840286
  27   10    0.125840   2.730017   18.381879  18.576562
  27   11    0.049862   2.799898   39.234819  34.701146
  28    0    1.143981   2.851232   18.872235  35.229594
  28    1    1.005247   2.861100   29.287206  33.125797
  28    2    0.976695   2.883778   10.986977  21.381416
  28    3    0.894415   2.801312    7.838534  40.043671
  28    4    0.757936   2.869950    3.792937   4.878999
  28    5    0.691598   2.820053   17.395724  24.277858
  28    6    0.558611   2.863080   17.473735  14.412461
  28    7    0.466580   2.894169   38.686728   7.249860
  28    8    0.304595   2.855517   23.159154   7.617770
  28    9    0.204770   2.867389   39.202541  13.065260
  28   10    0.113637   2.808586   25.866132  15.825140
  28   11    0.015141   2.875342   39.001829  34.964948
  29    0    1.102131   2.901020   17.613130   7.129153
  29    1    1.068338   2.932947   16.015716  27.571817
  29    2    0.969669   2.937115   35.933705   4.026944
  29    3    0.800177   2.906123   21.879337  32.058191
  29    4    0.773087   2.946144    2.429191   2.691097
  29    5    0.605479   2.900395   19.355846  35.304524
  29    6    0.552395   2.960569   26.664426  28.014214
  29    7    0.433797   2.925265    3.707597  14.315256
  29    8    0.368566   2.982122    2.624562  21.882441
  29    9    0.282121   2.935068   12.908311  23.602991
  29   10    0.157553   2.932087   38.115022   1.705523
  29   11    0.059979   2.904605   25.379083  25.947507
  30    0    1.196260   3.034893   21.900754   2.051306
  30    1    1.079629   3.070962    8.970153   5.881392
  30    2    0.914330   3.002633    9.044987   4.302886
  30    3    0.898133   3.061678    1.199432  20.449433
  30    4    0.770696   3.072169   11.821757   7.576940
  30    5    0.609132   3.033856   28.297828  33.234187
  30    6    0.545788   3.096215   21.740528  38.712061
  30    7    0.449973   3.068812   29.400482   5.335475
  30    8    0.379049   3.005109   17.635311  39.956276
  30    9    0.254611   3.002484   22.262093  20.936862
  30   10    0.107161   3.036943   15.434716  10.053172
  30   11    0.044335   3.023136    8.163565   5.287490
  31    0    1.130885   3.180310    7.143487  27.746444
  31    1    1.006837   3.134739    6.216271   9.372939
  31    2    0.957883   3.186125   39.730064  16.292922
  31    3    0.869534   3.166964   11.059305   8.244119
  31    4    0.735195   3.182813   19.028839  33.394492
  31    5    0.625299   3.110852   22.984137   8.918501
  31    6    0.598213   3.172612    9.429806  13.029631
  31    7    0.417869   3.172998    5.810164  28.963292
  31    8    0.323075   3.195829   37.042364   3.985559
  31    9    0.240198   3.170487    5.373696  28.315499
  31   10    0.176313   3.124580   12.184115   4.462367
  31   11    0.041895   3.133817   30.282002  34.589128
  32    0    1.109415   3.287889    6.459538   2.940762
  32    1    1.081639   3.245730   16.623077  16.065060
  32    2    0.946635   3.235972   30.357507   2.575393
  32    3    0.897063   3.220092   29.610879   6.754488
  32    4    0.761950   3.223120   19.210660  29.696034
  32    5    0.698127   3.216901   37.684818  14.372084
  32    6    0.535484   3.225787   28.523700   6.569211
  32    7    0.420341   3.296990    8.371374  24.750409
  32    8    0.321047   3.215349   24.091775  24.393175
  32    9    0.201465   3.243158   40.254767  35.172345
  32   10    0.144608   3.273423    7.994145  24.569431
  32   11    0.069423   3.213214    1.692645  24.293696
  33    0    1.188570   3.371742   28.462393  24.614353
  33    1    1.050175   3.344836   14.451874  17.773370
  33    2    0.998682   3.338286   39.786518   9.644720
  33    3    0.822141   3.302133   19.228501  16.423897
  33    4    0.779190   3.396677    7.836299  11.191319
  33    5    0.658551   3.339483   30.055104  37.640335
  33    6    0.517540   3.396854   17.439389  32.165090
  33    7    0.410680   3.359456    5.887727   1.060932
  33    8    0.302503   3.351554   29.771655  30.120573
  33    9    0.293447   3.358540   20.203734  25.858232
  33   10    0.169012   3.355411    1.079339  20.531760
  33   11    0.040217   3.386910   33.230911  19.754609
  34    0    1.119313   3.491250   28.466690  27.615741
  34    1    1.095906   3.496619   26.467271  28.801552
  34    2    0.933239   3.421649   34.146768  12.309859
  34    3    0.816578   3.416357   25.440023   2.157292
  34    4    0.790432   3.422919   36.467191   5.328408
  34    5    0.639761   3.470332   14.191262   7.542742
  34    6    0.584309   3.443337    4.186645  27.795200
  34    7    0.482544   3.453824   13.767004  30.750954
  34    8    0.311366   3.457836    9.892067  32.768659
  34    9    0.214288   3.488632   17.025218  26.530680
  34   10    0.170079   3.447271    9.110442   8.046399
  34   11    0.037390   3.407886    3.367606  18.359885
  35    0    1.101248   3.551999   33.583232  23.956573
  35    1    1.093040   3.561601   19.538929  11.070415
  35    2    0.946049   3.536696   20.335524  29.413562
  35    3    0.889287   3.591859   26.426732   2.980286
  35    4    0.789362   3.556176   22.586043  35.335928
  35    5    0.625966   3.599660   36.833400  23.135434
  35    6    0.594140   3.530417    4.208215  16.594818
  35    7    0.465169   3.514254    5.481533  34.458013
  35    8    0.317635   3.521119    6.366572  11.981365
  35    9    0.266928   3.580136   20.052672  15.043696
  35   10    0.132233   3.551780   33.116815  26.251920
  35   11    0.077668   3.596953   20.848514  37.545713
