   0    0    1.582946   0.049346   14.293992  32.039942
   0    1    1.487310   0.035955   32.763376  37.454870
   0    2    1.358022   0.030487   26.708664   2.659360
   0    3    1.233848   0.052369   23.028068  35.567026
   0    4    1.124276   0.027663    2.949972  36.079637
   0    5    1.009347   0.004195   27.134178  37.181823
   0    6    0.918791   0.094348    3.348967  22.228013
   0    7    0.840406   0.008107   10.810278  23.841890
   0    8    0.779721   0.089746    7.288515  35.154571
   0    9    0.624432   0.098230   36.250767  34.738376
   0   10    0.571006   0.017414   27.275572  24.618706
   0   11    0.496434   0.061173   10.043004  11.362553
   0   12    0.365345   0.059879   37.278636   1.768807
   0   13    0.297596   0.007440   32.655130  18.568123
   0   14    0.191021   0.087199   33.993704   2.348980
   0   15    0.041011   0.025381   18.948724  11.356998
   1    0    1.576922   0.182755   19.116126  31.686974
   1    1    1.484657   0.149472   29.219438  40.646575
   1    2    1.305829   0.160488   11.359810  12.787765
   1    3    1.233351   0.176011   31.557870  31.471910
   1    4    1.108582   0.144420    8.879297  32.177567
   1    5    1.099909   0.176183    8.861961  23.521449
   1    6    0.901171   0.143457    5.914292  27.713377
   1    7    0.861086   0.188990   27.621279  36.600318
   1    8    0.783108   0.182357    1.890280   8.393438
   1    9    0.646156   0.124673   20.632620  32.560482
   1   10    0.578621   0.143152   26.872945  18.274335
   1   11    0.495077   0.173023    2.095402  30.432384
   1   12    0.312268   0.130423   24.188153  34.920762
   1   13    0.219202   0.190377   31.074413  12.938006
   1   14    0.167500   0.198548   19.183328  27.384273
   1   15    0.090365   0.134125   28.106512  40.260586
   2    0    1.580523   0.269323    2.520125   9.527699
   2    1    1.473909   0.224156    9.766970  40.891553
   2    2    1.372470   0.224378    7.052331  31.582169
   2    3    1.207859   0.237015   37.300172  39.570550
   2    4    1.120478   0.278342   39.257043  16.144016
   2    5    1.013924   0.280349   17.958491  28.779720
   2    6    0.912681   0.225940   39.351176   4.389170
   2    7    0.806389   0.252817   11.482197  12.948766
   2    8    0.723437   0.209034    8.639460  14.102915
   2    9    0.642206   0.267736   39.192307  33.472560
   2   10    0.583319   0.268084   18.304123   3.193243
   2   11    0.429716   0.207521    9.457384  17.838461
   2   12    0.303412   0.226560   40.760527  20.676320
   2   13    0.284426   0.280370   20.834323   7.605736
   2   14    0.145429   0.206587   22.867101  31.692905
   2   15    0.088122   0.270667   22.972233  27.674856
   3    0    1.507962   0.389393   29.691940   3.934870
   3    1    1.472391   0.310216    5.407595   3.229704
   3    2    1.324847   0.315113   28.202545  39.931290
   3    3    1.209178   0.348690   25.667929  30.931076
   3    4    1.144204   0.363085   32.159216  32.963868
   3    5    1.049569   0.368572   40.640272   7.385155
   3    6    0.976132   0.365960   12.656666  33.951797
   3    7    0.807308   0.372394   28.949824  30.605947
   3    8    0.763362   0.388803   33.172526   2.466441
   3    9    0.635838   0.368207    7.133184  39.135986
   3   10    0.542331   0.347807   13.645412  37.106569
   3   11    0.496755   0.393000    8.679677  38.684942
   3   12    0.322223   0.352328    5.019350  18.785149
   3   13    0.263571   0.343179   32.553296  27.591034
   3   14    0.116451   0.328650   23.855375  15.049052
   3   15    0.047556   0.326219   16.596896  10.105525
   4    0    1.514839   0.424235   36.025196  24.373311
   4    1    1.472158   0.408280   11.259295  40.445830
   4    2    1.385494   0.497146   29.165890   6.441894
   4    3    1.259143   0.408809   40.375031  30.758127
   4    4    1.142856   0.466946   35.488634   7.747280
   4    5    1.023081   0.485071   38.265561   2.575628
   4    6    0.912911   0.440550   19.698565  31.411412
   4    7    0.801168   0.457069   26.219777   4.054033
   4    8    0.767810   0.429362   11.196898  35.950930
   4    9    0.672646   0.446443   16.450755  14.210946
   4   10    0.590341   0.442471   15.400519  39.779907
   4   11    0.446169   0.441719    7.914724  10.591398
   4   12    0.363770   0.474779    5.928309  36.563598
   4   13    0.214489   0.456678   25.917301  28.226884
   4   14    0.164482   0.408620   37.567545  11.107051
   4   15    0.093691   0.418619   16.221116   5.450673
   5    0    1.563665   0.512784   29.347754  26.282731
   5    1    1.478957   0.508947   14.407983  16.077453
   5    2    1.319974   0.553787    7.713479   8.571607
   5    3    1.260458   0.579786   12.537865   7.650658
   5    4    1.167670   0.530852   11.701491  13.112495
   5    5    1.051476   0.587202   17.685931   1.906184
   5    6    0.974131   0.508223    5.191996  38.724733
   5    7    0.886214   0.514154   20.728061  26.296467
   5    8    0.757008   0.546319   15.717515   9.189589
   5    9    0.647021   0.504422    8.784228  34.364246
   5   10    0.514395   0.526640    4.977109  19.146120
   5   11    0.479848   0.592541    1.018244  17.950623
   5   12    0.331525   0.524463   33.117744   1.277509
   5   13    0.252789   0.594159    5.031406  15.667343
   5   14    0.184370   0.508043   27.008606   6.034206
   5   15    0.005392   0.516262   19.876678  19.758559
   6    0    1.564389   0.633379   22.148269  15.960536
   6    1    1.426190   0.657338   31.759056  37.422619
   6    2    1.399290   0.659572   38.508673   3.761729
   6    3    1.282532   0.693853   39.776875  12.859755
   6    4    1.142295   0.631349   12.533918  26.568659
   6    5    1.010262   0.691264   31.597835   2.756848
   6    6    0.946784   0.662583   40.675967   8.427856
   6    7    0.851206   0.635355   22.752629  40.615775
   6    8    0.734511   0.607426   34.263392  18.864724
   6    9    0.603621   0.652795   18.268084   4.277129
   6   10    0.503800   0.624157   21.163375  27.438148
   6   11    0.424934   0.678609   11.650798  36.186446
   6   12    0.309135   0.620921   36.611218  22.525032
   6   13    0.297058   0.632628   23.771339  17.395358
   6   14    0.175541   0.622238   23.745716  27.143605
   6   15    0.032458   0.687020   22.988095  23.985429
   7    0    1.589929   0.710499   13.802758   5.444639
   7    1    1.463887   0.742645   37.888965  38.547719
   7    2    1.337277   0.777617   36.583633  10.570046
   7    3    1.222324   0.783234   35.318127   9.546445
   7    4    1.122076   0.768591    3.728546  17.898626
   7    5    1.066156   0.743296   28.894167   7.840442
   7    6    0.934892   0.710946   10.489929  37.269064
   7    7    0.880003   0.708195    7.014947   2.331380
   7    8    0.790229   0.701824   36.114188  23.590561
   7    9    0.613834   0.762936   24.383632  25.653084
   7   10    0.575023   0.768007    8.604592   7.321824
   7   11    0.482163   0.720023   27.379349  26.011546
   7   12    0.307206   0.723167   36.552073  24.619432
   7   13    0.289070   0.786106    1.135052  22.730576
   7   14    0.110652   0.721417   18.884762   1.526931
   7   15    0.087708   0.772173   34.974175  20.753335
   8    0    1.566694   0.846504   22.801159  17.396278
   8    1    1.422660   0.812686   22.896774  13.295294
   8    2    1.303013   0.881990   10.815891  19.803640
   8    3    1.240182   0.835321   27.094872  32.039512
   8    4    1.128322   0.879329   19.761071   6.541778
   8    5    1.084797   0.814880   35.015826  30.710391
   8    6    0.915664   0.877945   27.750343   9.841642
   8    7    0.831155   0.852441   14.281556  10.557411
   8    8    0.778454   0.834277    9.526761  33.796050
   8    9    0.627241   0.843991   14.810579  15.225660
   8   10    0.571601   0.885180   36.279685   8.028684
   8   11    0.449201   0.841513   23.778825  37.685264
   8   12    0.385075   0.805182    2.929995  28.971909
   8   13    0.289006   0.863936   26.594281  13.337158
   8   14    0.179249   0.816792   24.046919  24.687272
   8   15    0.014071   0.885333   25.849582   1.107938
   9    0    1.540118   0.978370    8.973896  19.982822
   9    1    1.452677   0.913450   20.255721  18.291854
   9    2    1.308216   0.905070    7.404908  35.651705
   9    3    1.270678   0.972853   26.849106  35.093307
   9    4    1.157593   0.974894    8.566811   8.976832
   9    5    1.013460   0.923939   22.303277  31.268542
   9    6    0.970643   0.934150   20.327241  12.216687
   9    7    0.892496   0.981529   22.965632   9.960519
   9    8    0.770890   0.944411    8.961738  31.607683
   9    9    0.698086   0.944930   18.278590  12.766278
   9   10    0.539035   0.906535    5.977792  11.488783
   9   11    0.418990   0.915117   38.533681   5.271414
   9   12    0.347592   0.956399   25.307577   6.474402
   9   13    0.245667   0.954074   35.446110   3.731588
   9   14    0.106413   0.951690   22.345214  39.171940
   9   15    0.026681   0.936368    2.826397  31.276331
  10    0    1.515179   1.059432    5.718438  31.760587
  10    1    1.437621   1.053652   24.664784  25.955686
  10    2    1.369649   1.009912   23.348636   6.818358
  10    3    1.208455   1.059086   29.233134  33.145559
  10    4    1.165972   1.004193    6.267273  36.104657
  10    5    1.038772   1.080543   30.348115  21.272972
  10    6    0.991861   1.049676    6.820786  35.575926
  10    7    0.810728   1.088993   30.728552  22.517688
  10    8    0.784677   1.050950   12.310075  20.732305
  10    9    0.686733   1.081602   27.418846  19.092046
  10   10    0.574700   1.001662   10.774822   8.463503
  10   11    0.453081   1.027855   15.539463  30.896097
  10   12    0.316893   1.007193   12.546882  19.882409
  10   13    0.241685   1.031399   14.164534  11.790490
  10   14    0.146413   1.017668    9.361089   3.205277
  10   15    0.029959   1.080329   16.915682  29.424844
  11    0    1.571935   1.166118   22.225865  36.557648
  11    1    1.483658   1.194282   39.900244  27.504668
  11    2    1.346521   1.187607    9.920083   7.655452
  11    3    1.269060   1.127973   20.911132   9.575194
  11    4    1.128342   1.141690    1.896716  20.631081
  11    5    1.019429   1.157703   16.344625  19.845804
  11    6    0.962990   1.172798   22.537837   9.844520
  11    7    0.896017   1.159883   26.081455  29.274049
  11    8    0.785418   1.120961   28.119615   6.339925
  11    9    0.636140   1.188776   11.615614   4.073567
  11   10    0.552741   1.138746   23.510021   4.678371
  11   11    0.429980   1.174407   19.004369  39.005512
  11   12    0.379178   1.179367    2.536003  16.197796
  11   13    0.213744   1.191008   15.752022  39.258437
  11   14    0.151363   1.195625    4.120963  29.321471
  11   15    0.009709   1.191377   19.529043  32.416859
  12    0    1.556045   1.229689   35.707429  28.356654
  12    1    1.483399   1.263156   16.667243  25.964083
  12    2    1.352890   1.279650    6.143875  29.295387
  12    3    1.224789   1.239339   39.660712  35.960139
  12    4    1.172666   1.200400   12.128710  34.449710
  12    5    1.093907   1.287176   35.441348  18.981016
  12    6    0.915497   1.233567   15.468514   7.323886
  12    7    0.801577   1.207202    9.986803  22.100689
  12    8    0.765211   1.264085   12.821659  24.946531
  12    9    0.623316   1.297203   19.857804   4.642754
  12   10    0.523979   1.269432   35.262536  36.955864
  12   11    0.468482   1.274786   17.550812  40.623771
  12   12    0.306492   1.261642    1.915628  29.051608
  12   13    0.247794   1.206519   25.091076  22.255766
  12   14    0.114871   1.221915   30.072793  12.997365
  12   15    0.000205   1.261708    9.080192  32.570623
  13    0    1.544298   1.392977   33.621116  26.177635
  13    1    1.454869   1.394469   40.451348  39.174429
  13    2    1.345066   1.325301    2.272817  20.783925
  13    3    1.215526   1.359055    3.474480   1.335142
  13    4    1.189265   1.369875    6.002700  36.024735
  13    5    1.063178   1.380268   31.092640  39.052255
  13    6    0.959793   1.372419   32.262752  16.324501
  13    7    0.878264   1.333319   27.459947  25.452467
  13    8    0.795670   1.351779   37.957521  24.296900
  13    9    0.685791   1.335658   13.590534  32.800643
  13   10    0.590812   1.338685    3.827971  39.348230
  13   11    0.426017   1.317018   38.316984   7.610707
  13   12    0.353499   1.310148   35.805601  31.086886
  13   13    0.249259   1.313372   34.295797  31.786389
  13   14    0.190690   1.379461   26.062637  31.285276
  13   15    0.026283   1.325477   27.586506  24.417060
  14    0    1.585144   1.492123   25.898211  18.960819
  14    1    1.455469   1.493341    9.370118  32.799232
  14    2    1.384012   1.433946   13.264457  20.213000
  14    3    1.234578   1.464218   29.661601  31.449577
  14    4    1.115090   1.479191   39.650569  27.773747
  14    5    1.048427   1.473626   35.410237  34.320653
  14    6    0.991388   1.493793   14.206875   4.798719
  14    7    0.804164   1.416408    9.170685   8.125826
  14    8    0.755958   1.461554   27.405094  33.247413
  14    9    0.623077   1.457995   29.566691  33.625205
  14   10    0.557118   1.419655   12.194958  39.270294
  14   11    0.471983   1.424812   11.058415  36.919693
  14   12    0.329260   1.473906    7.531484  36.341476
  14   13    0.288261   1.417127    8.063446   4.245607
  14   14    0.186373   1.413867    7.311221  31.445800
  14   15    0.020426   1.407726    7.270598  21.457584
  15    0    1.514215   1.563317   27.169856  40.449442
  15    1    1.470939   1.525373    2.024661  23.332860
  15    2    1.372746   1.582464    2.257648  15.853532
  15    3    1.289522   1.573322    3.949363  38.025265
  15    4    1.193005   1.584937    1.023201  23.450549
  15    5    1.023764   1.500050   19.514817   8.442631
  15    6    0.972041   1.544737    3.200149  33.973584
  15    7    0.889183   1.521861   23.044831   5.016603
  15    8    0.735812   1.546212   24.605412  21.648866
  15    9    0.673135   1.595198   32.698494  13.279157
  15   10    0.553158   1.573541   37.021712   3.632273
  15   11    0.436094   1.550240   22.249538   4.855448
  15   12    0.344010   1.545320    8.351124  12.630842
  15   13    0.219829   1.526769   19.026009   1.927919
  15   14    0.131925   1.574535   36.390495   9.580630
  15   15    0.014861   1.598311   27.161869   2.921910
  16    0    1.544858   1.674534    8.993616  14.072562
  16    1    1.479328   1.631194   15.351197  31.108334
  16    2    1.368745   1.637590   14.049110  17.288238
  16    3    1.238040   1.601436   39.584736  38.014279
  16    4    1.106062   1.684206    4.617042  25.527970
  16    5    1.023942   1.684286   33.887562  19.977721
  16    6    0.985915   1.618531   37.731348  21.983641
  16    7    0.854639   1.638726   15.865768   8.877845
  16    8    0.713569   1.628086   29.789212  10.229283
  16    9    0.663841   1.632430   18.909058  17.017778
  16   10    0.535477   1.634451    7.112598  14.972589
  16   11    0.431710   1.691413   19.185253  31.331854
  16   12    0.330937   1.635667   37.181207   3.930878
  16   13    0.279116   1.613006   33.101755   3.534839
  16   14    0.123454   1.680772    4.200198  39.265365
  16   15    0.008642   1.650823   19.698079  30.525868
  17    0    1.533658   1.782273   22.080042   7.827873
  17    1    1.489955   1.766012   32.472626   3.305142
  17    2    1.371347   1.703275   38.569992  16.544448
  17    3    1.298761   1.740380   26.435937   2.856762
  17    4    1.186779   1.752579   36.200663  12.580674
  17    5    1.027067   1.763829   38.721720  37.896371
  17    6    0.970727   1.783292   18.855319  37.503747
  17    7    0.887848   1.741122    4.876021  32.077618
  17    8    0.709195   1.718276    7.203498  30.476728
  17    9    0.639449   1.711084    7.983955  37.196717
  17   10    0.561804   1.719272   31.894691  17.590680
  17   11    0.454188   1.735155    4.082485  34.129765
  17   12    0.342958   1.775582   10.323829  22.760723
  17   13    0.251613   1.791572   24.846801  24.682706
  17   14    0.141825   1.712909   20.944422  30.182326
  17   15    0.009745   1.706517    7.326905  15.229215
  18    0    1.520968   1.813298    8.519231  19.164511
  18    1    1.457374   1.864170   20.550083  26.957050
  18    2    1.384153   1.893052    4.362438  39.226913
  18    3    1.237098   1.863899   30.093992  37.738734
  18    4    1.101415   1.807117    7.541325  16.667977
  18    5    1.012318   1.834723   24.274168   7.087764
  18    6    0.923901   1.835592   26.169539   3.381888
  18    7    0.871716   1.874671   39.378811  18.356822
  18    8    0.712312   1.860891   22.338101  14.522116
  18    9    0.662055   1.855835    6.422776  11.279810
  18   10    0.540961   1.862526   39.894342  13.679815
  18   11    0.454211   1.824677   38.181751  13.154825
  18   12    0.324495   1.840547   21.193055  32.565571
  18   13    0.218364   1.831522   22.806676   8.410497
  18   14    0.146309   1.828411   17.108173  16.753364
  18   15    0.052156   1.843240   29.107506  13.993448
  19    0    1.546437   1.971369   24.007389   9.865877
  19    1    1.470340   1.928688   18.634506  31.959914
  19    2    1.352428   1.927400   22.056145   5.650621
  19    3    1.226093   1.957842   20.974299  10.849912
  19    4    1.109252   1.994346   21.131536  10.716656
  19    5    1.092659   1.922366   21.216976   3.867625
  19    6    0.983721   1.979067    3.790683  10.271985
  19    7    0.889329   1.967924   12.339623   4.587004
  19    8    0.785227   1.902283   29.152244  15.022031
  19    9    0.688065   1.926691   20.290695  29.846888
  19   10    0.557759   1.976237   27.213737  29.459904
  19   11    0.486135   1.952257   15.848720  24.695272
  19   12    0.358256   1.901380   10.041479  20.099486
  19   13    0.276181   1.988543    4.867880   5.687638
  19   14    0.143240   1.902993   34.433934  16.772677
  19   15    0.087958   1.949351   37.312082  16.539614
  20    0    1.539534   2.068989   30.073395  30.932437
  20    1    1.415774   2.045821   35.518195  24.079495
  20    2    1.375506   2.056104   37.844928   1.973606
  20    3    1.282253   2.075335   13.418189  32.641514
  20    4    1.196867   2.003249    4.915618   5.903762
  20    5    1.022555   2.077303   40.988967   1.486036
  20    6    0.985484   2.028038   16.331183  40.266715
  20    7    0.803544   2.068782    1.987765  12.528168
  20    8    0.740954   2.085288   27.301102  35.041532
  20    9    0.619656   2.096040   38.070030  34.601594
  20   10    0.572905   2.034792   36.007460  11.310310
  20   11    0.431329   2.076914    8.675775   5.679759
  20   12    0.387009   2.099723    3.686791  37.808211
  20   13    0.232861   2.063244    3.609450   5.921821
  20   14    0.129665   2.096729    6.898227  20.039620
  20   15    0.054426   2.022652    4.027440  22.106128
  21    0    1.585080   2.184138   16.305362  37.464547
  21    1    1.417727   2.124607   37.586377   7.959269
  21    2    1.394190   2.105621   16.963281   1.329765
  21    3    1.276388   2.116958   14.794489  25.084077
  21    4    1.187414   2.103249   37.016270  39.039433
  21    5    1.080685   2.196034   26.147281   5.635248
  21    6    0.992649   2.136113   34.875792  20.530314
  21    7    0.811574   2.105929   23.417933  30.586588
  21    8    0.796248   2.168462   29.362366  27.936969
  21    9    0.631243   2.150708   23.511808   6.379192
  21   10    0.597899   2.184810   22.959056  11.902664
  21   11    0.496508   2.167084   19.583579   7.935163
  21   12    0.310362   2.148532    5.238338  16.211983
  21   13    0.277395   2.184463   21.654520  17.466811
  21   14    0.111997   2.145171   31.688176  26.991516
  21   15    0.016113   2.194311   37.756555   6.206578
  22    0    1.563769   2.242011   12.577202  33.545256
  22    1    1.451346   2.261419   26.668768  40.128243
  22    2    1.353155   2.251442   17.162941  34.961667
  22    3    1.219457   2.235920   24.601085  20.925270
  22    4    1.124898   2.207203   40.461125   9.949710
  22    5    1.027659   2.266813   10.718938  39.957494
  22    6    0.902994   2.249813   12.958145   6.931397
  22    7    0.874585   2.275249   30.191773   5.572623
  22    8    0.799630   2.270324   38.062808  27.238796
  22    9    0.670946   2.219001   38.487323   3.154381
  22   10    0.544942   2.279996   17.757596  26.333678
  22   11    0.487080   2.268292   26.922633   2.444394
  22   12    0.356537   2.257561   13.823684  26.288345
  22   13    0.225190   2.217568   37.021885  38.130260
  22   14    0.199664   2.275456   10.178070  17.336474
  22   15    0.081942   2.277790   30.020134  17.387545
  23    0    1.567701   2.321755   31.275184  27.123123
  23    1    1.431837   2.329512    7.891134  12.008762
  23    2    1.338353   2.315458   32.189452  13.353367
  23    3    1.223403   2.368236    3.566486  32.947702
  23    4    1.133454   2.359388    7.909321   8.859341
  23    5    1.038733   2.340445   10.552397  21.552801
  23    6    0.929764   2.387173   12.537323  17.675767
  23    7    0.822279   2.351260    5.939441   4.458526
  23    8    0.734410   2.338587   33.504838   6.534379
  23    9    0.637049   2.322762   15.839704   8.049107
  23   10    0.551835   2.341014   11.574234  38.257952
  23   11    0.455484   2.395836   38.574841  13.604215
  23   12    0.329152   2.383854   14.315176  31.854958
  23   13    0.238279   2.397754   18.477562  35.681524
  23   14    0.173767   2.347425   18.905922   8.686195
  23   15    0.097294   2.342767   31.958174   3.986410
  24    0    1.590909   2.488213   19.524500  34.895027
  24    1    1.478431   2.493580    7.526855   2.924325
  24    2    1.389410   2.488318    5.258722  37.363217
  24    3    1.236993   2.487900   12.751382  13.226739
  24    4    1.151623   2.448488   36.378054  13.774603
  24    5    1.011521   2.426090    3.669125   6.486804
  24    6    0.957826   2.441366   19.974417  36.939228
  24    7    0.832489   2.423534   25.961168  26.136260
  24    8    0.796723   2.444405   10.393070  29.350815
  24    9    0.629471   2.454422   22.235473  27.340378
  24   10    0.581882   2.440342   15.538775  36.020793
  24   11    0.424527   2.452454   36.055072  23.483047
  24   12    0.328991   2.407233   17.056504  11.952415
  24   13    0.220536   2.488347   30.886354  18.359469
  24   14    0.130728   2.419733   10.550037   5.188788
  24   15    0.011099   2.414065   40.931532  10.889168
  25    0    1.594882   2.548656   21.415828  17.188985
  25    1    1.453350   2.549301   20.848487   3.107400
  25    2    1.387032   2.576798   12.533592  39.356681
  25    3    1.256660   2.587066    2.650211  22.388313
  25    4    1.141633   2.545582   11.969148  37.866107
  25    5    1.048712   2.512066   40.615152   5.298555
  25    6    0.974822   2.509308   12.009085  28.500399
  25    7    0.885765   2.558127    8.828825  23.175308
  25    8    0.748546   2.501602   25.260885   9.037740
  25    9    0.676227   2.579047   11.016110  38.468070
  25   10    0.598793   2.512142    9.216234  38.791026
  25   11    0.485728   2.571006    8.612724   6.078788
  25   12    0.350792   2.530785   27.589265  13.227052
  25   13    0.287895   2.564105   30.563413  35.380288
  25   14    0.100945   2.540962    4.905573  36.161584
  25   15    0.017927   2.595577   37.123480  26.288244
  26    0    1.549097   2.634524   30.231891  22.846957
  26    1    1.475768   2.687891    9.979324   6.707229
  26    2    1.315409   2.676159   16.600392  34.339145
  26    3    1.212344   2.681219   12.292720   8.866737
  26    4    1.173671   2.667137   24.595616   6.851617
  26    5    1.015786   2.611644    4.812639   8.508339
  26    6    0.977319   2.645276   31.736121  39.373523
  26    7    0.894967   2.684002   37.987478  13.580486
  26    8    0.745735   2.610919   13.696990  38.650144
  26    9    0.634895   2.661389   25.049616  28.042748
  26   10    0.516585   2.687119   19.083401  12.693802
  26   11    0.472654   2.682145   37.333284  11.576618
  26   12    0.355013   2.606349   26.379526  12.313759
  26   13    0.213559   2.619514   30.625799  27.445310
  26   14    0.142442   2.665738    9.861098   4.723945
  26   15    0.075074   2.619193   30.141271  38.440299
  27    0    1.546543   2.708164   10.674023  24.107662
  27    1    1.410781   2.785655   31.744962  34.797649
  27    2    1.399613   2.767515   29.945510  21.088732
  27    3    1.228325   2.739352   18.345527  38.162516
  27    4    1.185164   2.762990   32.708217   6.378856
  27    5    1.073726   2.733853   22.911439  22.125485
  27    6    0.951961   2.739521   34.582013  33.441284
  27    7    0.809852   2.704454   13.356957   2.549756
  27    8    0.741046   2.729245   17.571986  10.831180
  27    9    0.669077   2.717941    9.582071  39.853473
  27   10    0.524486   2.752384    7.005400  36.943416
  27   11    0.409263   2.707000   29.239890  20.606821
  27   12    0.314618   2.785009   38.544384  28.218798
  27   13    0.248221   2.702096   36.344046   7.248817
  27   14    0.109524   2.795839   32.375160  26.430077
  27   15    0.094656   2.718723   35.617702  22.424048
  28    0    1.594250   2.894570   11.088731   1.489393
  28    1    1.433368   2.818534   15.524860   8.384899
  28    2    1.318001   2.840193    8.431951  13.289111
  28    3    1.259072   2.839141   34.213685  12.100162
  28    4    1.115055   2.829340   18.022026  19.408323
  28    5    1.086734   2.879282    5.140658  33.156179
  28    6    0.931624   2.821879   24.281509  15.087615
  28    7    0.896667   2.833539   32.933417  34.232038
  28    8    0.762166   2.863860   22.264925   7.694981
  28    9    0.699870   2.893984   35.089202  32.875615
  28   10    0.586837   2.836321    8.712256  39.976117
  28   11    0.433242   2.874841   21.394898   8.502589
  28   12    0.336850   2.892577   13.578530   4.702608
  28   13    0.215271   2.870703   30.493724   9.985853
  28   14    0.196425   2.846312   19.452846  17.901844
  28   15    0.010698   2.828824   21.812677  16.898069
  29    0    1.578818   2.938117    5.694253  38.672825
  29    1    1.467358   2.901661   31.103903  31.415434
  29    2    1.389623   2.939099   34.775897  40.662313
  29    3    1.200075   2.947126   19.142240  38.086003
  29    4    1.113081   2.946736   30.242993  33.596105
  29    5    1.004948   2.960873   35.660219  25.111276
  29    6    0.926568   2.990385   38.854174   2.830514
  29    7    0.892737   2.957499   24.390900  13.485022
  29    8    0.764737   2.991671    3.889875  20.709468
  29    9    0.632327   2.965639   10.127944  29.278667
  29   10    0.517991   2.918447    2.275455  25.582921
  29   11    0.494346   2.965765   15.001440  19.557839
  29   12    0.360010   2.930085   35.080812  22.662626
  29   13    0.281021   2.978824    8.707002  13.860035
  29   14    0.155967   2.936585    9.122345  15.461582
  29   15    0.021222   2.908927   26.214766  10.858620
  30    0    1.506939   3.084304   26.807128  27.383830
  30    1    1.499392   3.053909    6.523965   3.783737
  30    2    1.336615   3.037078   32.023278  40.101542
  30    3    1.273692   3.023878   37.317800   8.365997
  30    4    1.124051   3.043064    1.794505  38.676686
  30    5    1.022153   3.049734   12.912426   3.514112
  30    6    0.930587   3.064887   26.580959  12.954856
  30    7    0.836053   3.021184   26.682895  17.632984
  30    8    0.760386   3.003453   26.522484  40.579167
  30    9    0.656920   3.066918    4.188000  32.434056
  30   10    0.532223   3.064278   26.584503  29.042423
  30   11    0.427742   3.078367   19.504989  11.285024
  30   12    0.325231   3.099271   20.480797   2.516089
  30   13    0.299911   3.082881   24.824205  30.591372
  30   14    0.193206   3.006579   11.411508  23.764906
  30   15    0.005336   3.092160    2.142770  40.397444
  31    0    1.520931   3.186490   27.068754  22.276290
  31    1    1.467893   3.187441   15.935469   4.340134
  31    2    1.321610   3.132279    7.026323  36.803988
  31    3    1.289981   3.154183   26.970094  29.283546
  31    4    1.147120   3.181536   12.543949  33.845765
  31    5    1.008498   3.145928   19.973521  31.408317
  31    6    0.902163   3.165661   11.980761  13.145204
  31    7    0.869865   3.139484    1.643907  18.224593
  31    8    0.719751   3.173083   29.426540  37.128019
  31    9    0.626010   3.141774   20.543407  34.922957
  31   10    0.568623   3.185189   29.823498   3.253610
  31   11    0.402344   3.122415   26.694919  28.672947
  31   12    0.323261   3.153068   30.765335  16.582859
  31   13    0.234726   3.175530    6.245386   5.924071
  31   14    0.134088   3.157827   19.324415  34.433530
  31   15    0.015330   3.159279   35.347284  15.459591
