   0    0    1.936394   0.023190    2.477610  26.872034
   0    1    1.825143   0.085494    1.402082  36.982306
   0    2    1.736060   0.021003   11.555805  37.723083
   0    3    1.696171   0.008025   15.185847  11.568410
   0    4    1.518529   0.036759   28.581969  25.664206
   0    5    1.491086   0.050330   31.172017   3.831168
   0    6    1.375722   0.096684   18.599371  36.791164
   0    7    1.261138   0.085197   36.368764  28.537391
   0    8    1.185376   0.092621    2.665987   2.074510
   0    9    1.075237   0.089705   20.119234  38.385615
   0   10    0.953718   0.005811   12.239273  20.508564
   0   11    0.892211   0.027915    7.341165  25.220197
   0   12    0.791419   0.051663   27.826119  26.353591
   0   13    0.609857   0.094935   23.327224  27.656134
   0   14    0.528377   0.023476   20.561305   3.905030
   0   15    0.486131   0.068529   19.570154  14.427330
   0   16    0.301714   0.078383    4.791851  34.043912
   0   17    0.242603   0.000054   40.115913  16.716381
   0   18    0.127028   0.039748   10.408728  33.892950
   0   19    0.071879   0.077809   29.237044   2.919244
   1    0    1.985531   0.186837   15.581433   4.223047
   1    1    1.879220   0.112760   33.757574  25.743469
   1    2    1.729107   0.164787   23.715013   8.825345
   1    3    1.693965   0.129125   17.149800   4.233988
   1    4    1.521653   0.175721   22.863189  15.884182
   1    5    1.488570   0.190449   37.562383  12.265776
   1    6    1.398243   0.105330   11.495271  13.456694
   1    7    1.242241   0.155576   28.228252  10.237992
   1    8    1.133708   0.198306   11.428639  29.485074
   1    9    1.082123   0.138301   16.239841  18.149533
   1   10    0.969171   0.120742   16.902626   1.337834
   1   11    0.827844   0.139528    4.468302  25.931257
   1   12    0.748874   0.137914   28.183683  10.696714
   1   13    0.655019   0.131379    1.442333  30.855414
   1   14    0.570325   0.191852    8.755785  26.676204
   1   15    0.479889   0.199001   15.291390   2.038174
   1   16    0.348335   0.184655   27.064108  23.382952
   1   17    0.250792   0.187674   30.397061  18.496411
   1   18    0.137987   0.160754   36.944037  37.692656
   1   19    0.012523   0.160374   19.185464  29.915257
   2    0    1.952831   0.234105   35.281661   8.842321
   2    1    1.886896   0.244075   26.532610   8.228221
   2    2    1.752839   0.224802   31.115957  13.506114
   2    3    1.686933   0.231846   20.543697  13.306999
   2    4    1.561672   0.253654    7.306932  18.343328
   2    5    1.453108   0.212193   11.006392   7.503402
   2    6    1.304772   0.292977   14.058043  36.577302
   2    7    1.267935   0.217117   15.607218   1.481143
   2    8    1.138573   0.287205   22.995309  35.984443
   2    9    1.069949   0.216006    4.039213  17.720554
   2   10    0.966836   0.237849   31.169544  22.742812
   2   11    0.849744   0.233737   11.418092  18.274582
   2   12    0.712664   0.293946   16.262251  18.910053
   2   13    0.669212   0.238279   24.963228  39.799764
   2   14    0.534159   0.201328   27.439738  40.870750
   2   15    0.400538   0.225580   11.688799  31.581162
   2   16    0.338047   0.241878   30.714120  31.913615
   2   17    0.233707   0.227699    9.889521  21.215573
   2   18    0.158718   0.237405   33.333889   4.169215
   2   19    0.050424   0.283884   33.494477  37.812627
   3    0    1.930241   0.301825    8.640838   3.459272
   3    1    1.808350   0.343697   35.901560  24.018711
   3    2    1.785808   0.300094   30.994158   5.178861
   3    3    1.622410   0.316335   28.694164   5.863957
   3    4    1.572892   0.312604    9.776604  40.153174
   3    5    1.469684   0.340892   10.680787  23.377855
   3    6    1.373080   0.309771    2.161692  16.480792
   3    7    1.281011   0.328620   33.987287  35.114356
   3    8    1.163099   0.313084    6.234928   6.695758
   3    9    1.015951   0.320120   36.470584  36.172653
   3   10    0.947993   0.356117   29.226169   9.151033
   3   11    0.848069   0.307916    3.511672  11.995126
   3   12    0.738712   0.361817   10.024239   8.346228
   3   13    0.614829   0.398007   27.284868   9.169268
   3   14    0.534552   0.320863   10.809023  30.992842
   3   15    0.410424   0.322778   27.889286  19.655695
   3   16    0.305968   0.389948   19.550295  22.930504
   3   17    0.220934   0.372019    8.267566  26.309693
   3   18    0.155181   0.328553    3.286614  36.578097
   3   19    0.019030   0.378850   13.626004   5.259029
   4    0    1.960829   0.458124    1.511678  19.423866
   4    1    1.850202   0.482964   16.109216   4.646086
   4    2    1.788607   0.458507    9.659594  31.129018
   4    3    1.654129   0.494891   26.771614  19.437701
   4    4    1.572361   0.413076   14.594585  30.139560
   4    5    1.473260   0.401885    9.426952  18.451371
   4    6    1.339587   0.476212    7.174704  20.271472
   4    7    1.206097   0.488526   34.746337  32.441842
   4    8    1.171537   0.464605   31.373204  13.554618
   4    9    1.064889   0.493306    8.014111   1.037362
   4   10    0.951369   0.467321   15.105274  27.691105
   4   11    0.896558   0.486219   30.240092  21.510246
   4   12    0.763809   0.428652   24.821894  34.804119
   4   13    0.621705   0.431776    9.865728  23.811657
   4   14    0.566721   0.482477   14.096657  12.723564
   4   15    0.439393   0.496884   11.090771  33.995866
   4   16    0.358818   0.407181   15.845436  20.875173
   4   17    0.235145   0.473670    4.886150   2.104546
   4   18    0.118399   0.426168   18.482858   9.910041
   4   19    0.016243   0.413609   20.047766  20.776951
   5    0    1.985584   0.500546   28.233601  37.531855
   5    1    1.881882   0.511198   14.185034   7.297195
   5    2    1.704916   0.547798   12.980599  22.549413
   5    3    1.616115   0.532941   18.326999   4.485085
   5    4    1.536562   0.573075   27.446283   5.002341
   5    5    1.468779   0.560573   13.867979  14.782349
   5    6    1.382461   0.518198   35.167083  12.278197
   5    7    1.263702   0.506179   16.863707  37.081363
   5    8    1.158897   0.517556    9.635446  19.459513
   5    9    1.044483   0.561302   12.228024   7.288799
   5   10    0.978839   0.599767   15.147697  16.709599
   5   11    0.836032   0.562137   19.169232  11.311967
   5   12    0.786259   0.589334   17.310147  17.326261
   5   13    0.664771   0.588533   39.244287   3.100873
   5   14    0.510280   0.543452   33.819898  37.162896
   5   15    0.442045   0.565829   19.698060  40.574387
   5   16    0.379594   0.505726   28.050860   9.436747
   5   17    0.273767   0.505427   17.293976  28.704195
   5   18    0.156989   0.570768   31.139557  28.514389
   5   19    0.014716   0.502514   31.631373  11.725527
   6    0    1.920181   0.631445   32.679381   2.084871
   6    1    1.838121   0.607511   11.984033  25.388968
   6    2    1.728281   0.624059    5.795978  13.201198
   6    3    1.640325   0.601585    7.983344   5.362972
   6    4    1.573322   0.695751   29.290544  11.991204
   6    5    1.446277   0.635949   12.008655   9.342017
   6    6    1.323178   0.693209   37.701868  31.409137
   6    7    1.224501   0.639719    9.936442   8.110631
   6    8    1.116047   0.612020   29.551997  32.219616
   6    9    1.059932   0.661695   36.938941  14.758860
   6   10    0.967311   0.652003   34.704495   9.475917
   6   11    0.869617   0.687769   26.311996  31.440039
   6   12    0.797188   0.695444   23.678304  16.074867
   6   13    0.679789   0.667482   21.850925  39.507048
   6   14    0.581997   0.662333   34.924289  38.540935
   6   15    0.413186   0.690839   18.082249   1.558550
   6   16    0.373172   0.699558   20.485611  36.012411
   6   17    0.262731   0.679595   17.698230  22.872017
   6   18    0.116348   0.629471   26.127133   5.472898
   6   19    0.051831   0.695995   11.830179  34.895665
   7    0    1.937904   0.717297    8.933124  24.591640
   7    1    1.802503   0.726385   16.335608  14.916719
   7    2    1.748266   0.716595   13.536596   8.106516
   7    3    1.650464   0.767067   36.063317   3.718771
   7    4    1.540099   0.717294   17.557659  34.503856
   7    5    1.461026   0.725476   39.099603  26.986267
   7    6    1.335194   0.751778   37.492358  36.819546
   7    7    1.211266   0.750996   24.287821  26.409510
   7    8    1.156409   0.711110   18.207503   4.706185
   7    9    1.012458   0.726615   17.852597  22.888850
   7   10    0.970468   0.785639   12.361075  14.481400
   7   11    0.852092   0.785182   18.749055   6.932052
   7   12    0.763721   0.772116   30.481847  29.692700
   7   13    0.637087   0.762123    7.396483  40.284169
   7   14    0.576149   0.782871   28.105935  16.804598
   7   15    0.418893   0.760276   18.744919  38.024506
   7   16    0.328979   0.751705   33.282030  18.934012
   7   17    0.277193   0.781896   38.162217   1.810642
   7   18    0.138169   0.755831    5.921160  25.130297
   7   19    0.031788   0.777878   27.418186  12.644729
   8    0    1.909880   0.863568   19.880855   3.516550
   8    1    1.841973   0.874919    8.081499  25.482630
   8    2    1.764676   0.873410    9.337692  13.679151
   8    3    1.639369   0.867595   20.934089  38.201781
   8    4    1.534823   0.831709   22.916216  37.012816
   8    5    1.423635   0.804223   22.546835  13.888928
   8    6    1.323419   0.803382    2.206330  23.298757
   8    7    1.230871   0.852902   13.949416  18.104270
   8    8    1.105453   0.822924   25.715295   7.613835
   8    9    1.061788   0.807270    1.366224  31.723779
   8   10    0.989042   0.871428   14.964544   3.738933
   8   11    0.830798   0.880276    5.279359  15.156845
   8   12    0.740165   0.809427    6.355574   8.555066
   8   13    0.668218   0.838689   21.618726  31.181659
   8   14    0.506142   0.845051   10.593249  16.486072
   8   15    0.475629   0.851033   37.668362  21.336085
   8   16    0.351929   0.832348   10.868914   3.867022
   8   17    0.299172   0.857341   35.317160  14.747079
   8   18    0.148952   0.875570   31.669755  40.187834
   8   19    0.047209   0.820347   15.571227   8.477024
   9    0    1.928800   0.961784    1.994949  16.481841
   9    1    1.837250   0.984646   10.784177  14.910655
   9    2    1.733507   0.956415   19.923162  30.699421
   9    3    1.612423   0.952881   14.850722  24.401582
   9    4    1.560457   0.974125   39.890049  35.727075
   9    5    1.420025   0.986135   36.647971  40.342702
   9    6    1.313158   0.980906   29.698457  17.782677
   9    7    1.293785   0.949503   28.297948  29.020133
   9    8    1.129149   0.992346    1.198099  11.237919
   9    9    1.027495   0.953188   17.363855  28.055594
   9   10    0.963282   0.907731    6.735533  30.489278
   9   11    0.870526   0.984520   20.881701  14.937471
   9   12    0.758391   0.959974   12.889337  30.319169
   9   13    0.615470   0.986888   39.167977  11.086145
   9   14    0.536063   0.967329   33.669420  13.259246
   9   15    0.484815   0.917904   18.633095   7.094418
   9   16    0.387786   0.944427   27.273522  25.788115
   9   17    0.257012   0.910969   15.369413   1.229259
   9   18    0.141181   0.967366   33.657941  24.766056
   9   19    0.002697   0.971946    5.071685  25.976326
  10    0    1.917313   1.090439   14.593660  11.329656
  10    1    1.829043   1.065797   29.886883  16.354100
  10    2    1.783301   1.080525   13.543068  21.539560
  10    3    1.654385   1.086798    9.079349  28.919730
  10    4    1.539459   1.069262   19.606542  11.394867
  10    5    1.456207   1.060340    7.936355  11.834032
  10    6    1.362182   1.022806   17.952220  18.398011
  10    7    1.253487   1.094362   18.128164  14.048385
  10    8    1.152541   1.094356   18.556361  22.674273
  10    9    1.099125   1.084081   32.775770   5.621575
  10   10    0.916303   1.055525   15.745745  27.720399
  10   11    0.869803   1.074968   40.768551   1.369960
  10   12    0.723586   1.099268    2.947632  34.177078
  10   13    0.649131   1.005824   37.413148  16.499638
  10   14    0.565839   1.069249   30.216853  29.590390
  10   15    0.405283   1.086297   12.283906  15.564612
  10   16    0.344122   1.098401    6.523691  22.947608
  10   17    0.266604   1.011359   10.184328   5.040260
  10   18    0.185854   1.032831   34.450234  34.843079
  10   19    0.097760   1.079014    7.418002   4.996720
  11    0    1.997244   1.176379    1.856998  12.450200
  11    1    1.875013   1.156912   23.106578  16.802137
  11    2    1.715578   1.115774   23.245618  33.045835
  11    3    1.652081   1.138544   34.081381   1.481001
  11    4    1.529311   1.176713    2.957519  10.653811
  11    5    1.497772   1.140369    1.914345  17.298148
  11    6    1.384620   1.117124    3.012526  27.444476
  11    7    1.273219   1.117461   11.943010  35.334276
  11    8    1.194636   1.185461   40.305411  14.847573
  11    9    1.000023   1.117190    6.683369  38.264171
  11   10    0.911973   1.159081   11.042471   8.906028
  11   11    0.851001   1.147935   29.813434  10.244132
  11   12    0.716530   1.130599    4.714285  40.218560
  11   13    0.672457   1.113003    1.949442  24.760403
  11   14    0.508679   1.128550    5.564835  10.889307
  11   15    0.421046   1.148691   25.725689  32.485726
  11   16    0.383048   1.142800    6.431281  19.223013
  11   17    0.269270   1.109794   25.228036  22.636458
  11   18    0.190009   1.174820   37.992701  37.474597
  11   19    0.001528   1.165936    3.620211  19.017981
  12    0    1.970818   1.248313   25.880205  28.782270
  12    1    1.887387   1.207680   32.841061  35.891480
  12    2    1.778017   1.296583    8.764867  26.483648
  12    3    1.680371   1.212707   30.540008  18.990435
  12    4    1.565285   1.289674    2.453993  32.334652
  12    5    1.449035   1.289193   31.957004  13.460533
  12    6    1.350329   1.276491   38.190311  19.721263
  12    7    1.202493   1.296081   28.242330  13.191974
  12    8    1.120757   1.294916   37.762727  13.774558
  12    9    1.024796   1.238041   37.750697  34.958496
  12   10    0.966022   1.246461   13.701337   2.369714
  12   11    0.881687   1.246727   23.133093   5.972717
  12   12    0.778593   1.241005   39.743484  30.310021
  12   13    0.609241   1.289299    4.588962  14.912745
  12   14    0.574464   1.291922    4.921670   3.567241
  12   15    0.436787   1.290221    8.430308  34.170292
  12   16    0.336893   1.282210   24.038235   1.269958
  12   17    0.236253   1.212973   10.148389  15.015844
  12   18    0.187955   1.228213    7.955738  20.201883
  12   19    0.026677   1.224601   22.462768   7.571762
  13    0    1.940068   1.339078   19.046074  19.892393
  13    1    1.896152   1.357907   21.371483  23.929503
  13    2    1.774052   1.307333   10.305398  15.951890
  13    3    1.633809   1.393609   17.010231  25.442433
  13    4    1.531627   1.368760   11.056004  25.124877
  13    5    1.491732   1.307964   21.167455  34.171067
  13    6    1.398411   1.338250   17.820355  17.603970
  13    7    1.220782   1.370061   19.591362  23.652824
  13    8    1.188549   1.362351   15.866546  40.468368
  13    9    1.045313   1.327462    4.763877  15.613763
  13   10    0.924034   1.328966   15.088515  20.680615
  13   11    0.859648   1.388817   23.605680  16.935014
  13   12    0.730606   1.339980   13.298407  36.895817
  13   13    0.643921   1.397784    4.615478  35.131975
  13   14    0.547757   1.383544   40.672538  26.407758
  13   15    0.408500   1.393793   10.235755  10.799648
  13   16    0.372988   1.339333   11.006475   6.876712
  13   17    0.284716   1.372154   32.776307  21.922781
  13   18    0.129844   1.312304    8.598828  22.054017
  13   19    0.085000   1.388469   36.015908  27.644828
  14    0    1.965588   1.418311   33.997369   6.538830
  14    1    1.857753   1.400494   39.641540   8.035015
  14    2    1.747561   1.438381   37.505215   6.672765
  14    3    1.661419   1.404345    9.973674  21.588153
  14    4    1.537317   1.417549    6.258812  12.998443
  14    5    1.478211   1.401344   37.965148   3.637100
  14    6    1.378570   1.408861   18.853577  14.278290
  14    7    1.280820   1.426811   34.250256  26.553152
  14    8    1.138795   1.453465   20.907070  13.890236
  14    9    1.055182   1.482782   31.059713  36.554890
  14   10    0.995006   1.443689    5.613660  16.487276
  14   11    0.868988   1.442857   32.106245  12.141364
  14   12    0.751789   1.437576   25.258707  36.128173
  14   13    0.659140   1.439309   34.084602  15.610798
  14   14    0.524114   1.480553   12.824328  36.656877
  14   15    0.491707   1.400109   37.218835  11.821307
  14   16    0.308748   1.442756   37.232904  30.928583
  14   17    0.225189   1.476633    7.328791   7.295427
  14   18    0.106278   1.498954   31.438515  17.550616
  14   19    0.082017   1.491620    8.176793  17.965595
  15    0    1.940806   1.562160   19.490596  22.126691
  15    1    1.804214   1.541331   10.394554   5.302982
  15    2    1.756327   1.531650   26.858113  34.563368
  15    3    1.637024   1.505874    2.079443  28.267455
  15    4    1.547592   1.531504   27.716680  14.817862
  15    5    1.449025   1.557318   16.188281   2.461697
  15    6    1.308953   1.596702   23.565052  16.536675
  15    7    1.258916   1.506468   31.145887  38.067877
  15    8    1.157236   1.510412   19.451528  11.354804
  15    9    1.097622   1.596096   33.624687  24.590531
  15   10    0.904130   1.508297   27.254824  26.195646
  15   11    0.889752   1.530909   16.240745  23.124666
  15   12    0.719897   1.543523   39.878080  11.731969
  15   13    0.690681   1.532718   37.950634  35.813384
  15   14    0.543358   1.549571   25.878693   2.238683
  15   15    0.464666   1.522991   21.222640   7.354641
  15   16    0.353207   1.547080   30.970744   5.388424
  15   17    0.235370   1.564435   17.594844  34.862088
  15   18    0.122623   1.515626    1.000855  35.111295
  15   19    0.083078   1.538196    2.021692  40.080220
  16    0    1.932952   1.691679   40.412365  11.460416
  16    1    1.802605   1.693973   16.449735  31.899405
  16    2    1.722917   1.659949   10.876779  18.495239
  16    3    1.672525   1.686581   34.352261  37.311654
  16    4    1.597391   1.676901   16.685510  34.514906
  16    5    1.419861   1.604389   20.491636   5.393310
  16    6    1.314173   1.602432   16.658997   8.544246
  16    7    1.294722   1.602599   33.967198  11.596161
  16    8    1.108536   1.618529   26.744325  12.795298
  16    9    1.096640   1.677465   27.645637  28.573778
  16   10    0.903490   1.682200   13.136583  32.897580
  16   11    0.818468   1.656305   33.359848  24.965194
  16   12    0.788772   1.694031   22.673196   6.010636
  16   13    0.694707   1.632596    9.801306   5.003357
  16   14    0.533490   1.663442   35.414575  21.502677
  16   15    0.458991   1.645406    8.820060   9.511110
  16   16    0.326178   1.617045   13.738489  39.699501
  16   17    0.230207   1.688115    5.885549  22.792742
  16   18    0.111684   1.627463   22.939584  21.278114
  16   19    0.058362   1.632604   21.750444  10.124484
  17    0    1.916893   1.736547   30.239602  33.199868
  17    1    1.869772   1.772016   34.898839  26.992637
  17    2    1.726688   1.709147   12.277849  26.648166
  17    3    1.656569   1.717689    8.149138  13.923316
  17    4    1.587902   1.781407   35.565579   8.256169
  17    5    1.457716   1.734026    7.821074  39.693124
  17    6    1.382160   1.761034   20.051980   7.980189
  17    7    1.277874   1.758825   40.165329  20.905378
  17    8    1.118593   1.796043   32.863546  25.294813
  17    9    1.086453   1.735979   27.293324   7.361804
  17   10    0.954324   1.753226   27.442648   9.956089
  17   11    0.832050   1.782500   13.633773  20.354965
  17   12    0.754450   1.737877   22.725213  24.399415
  17   13    0.697213   1.722442   33.981691   4.951962
  17   14    0.553915   1.742316    7.661457   1.909120
  17   15    0.405118   1.746575    5.494573  27.535284
  17   16    0.381230   1.732284   38.297688  38.016978
  17   17    0.273198   1.798558    8.529564  16.311996
  17   18    0.148435   1.767538   27.801267  12.157270
  17   19    0.089191   1.745893   35.004462  25.197738
  18    0    1.903000   1.805754   14.224863  12.426285
  18    1    1.862263   1.867039   28.004493  40.427370
  18    2    1.775554   1.857359   26.470205   8.364469
  18    3    1.676027   1.874907   12.645834  24.439356
  18    4    1.542379   1.842952   15.825611   4.999750
  18    5    1.441248   1.801279    5.745942   3.026334
  18    6    1.353539   1.854696   38.615611  35.960886
  18    7    1.213912   1.886768   30.639786  29.439615
  18    8    1.156354   1.838402    4.915057  14.289969
  18    9    1.009063   1.856541   33.520176   3.080661
  18   10    0.969545   1.893973    8.944188  16.653562
  18   11    0.802470   1.813335   38.969406  20.607915
  18   12    0.736023   1.838466    8.675154  29.972238
  18   13    0.670629   1.846150   14.888524  33.732663
  18   14    0.501644   1.888221   25.344582  19.058612
  18   15    0.475024   1.835555   40.819576  40.672933
  18   16    0.333626   1.894362    7.980837  19.674266
  18   17    0.248799   1.834673    8.695270   7.179713
  18   18    0.105457   1.809416   13.718661  23.486272
  18   19    0.093098   1.818674   31.339518  38.245138
  19    0    1.935228   1.971879   31.587987  19.724357
  19    1    1.836360   1.925021   31.581428   3.047550
  19    2    1.771220   1.970270   25.627729  12.910023
  19    3    1.652693   1.951716   33.634347  13.383691
  19    4    1.572404   1.988537   32.589462  26.849293
  19    5    1.475223   1.941431   38.430633  29.783590
  19    6    1.332184   1.940664   20.159937  32.151041
  19    7    1.276922   1.955709   35.891884  19.698990
  19    8    1.141297   1.973856   13.545447  37.853171
  19    9    1.024914   1.935279    9.653431  38.601523
  19   10    0.980169   1.956945   11.425134  27.309245
  19   11    0.844636   1.950078    3.550962  27.522112
  19   12    0.772398   1.973461   36.694366  34.308455
  19   13    0.657478   1.965687    4.216179  19.508410
  19   14    0.519156   1.907262   23.083404   7.472156
  19   15    0.479631   1.991694   30.417500  22.672399
  19   16    0.369413   1.942724    5.650614  39.290477
  19   17    0.290898   1.931859    7.320835  18.945569
  19   18    0.162774   1.901180   21.313557  40.732857
  19   19    0.000058   1.925997   22.634563   5.354440
  20    0    1.910575   2.000634   34.995357  23.186651
  20    1    1.848148   2.059120   11.641870   8.574465
  20    2    1.756525   2.056742    7.627794   6.548272
  20    3    1.602640   2.014677   39.412694   3.715693
  20    4    1.580763   2.039611   34.166642   5.611642
  20    5    1.403977   2.065591   21.026570  24.738878
  20    6    1.380633   2.063205   22.938831  36.469037
  20    7    1.231312   2.029344   24.426739  26.596007
  20    8    1.177779   2.011955   22.055080  30.459740
  20    9    1.056549   2.061474   35.564950   8.134589
  20   10    0.964347   2.002636   24.285700  25.272193
  20   11    0.854877   2.025654   31.785426  10.000283
  20   12    0.711152   2.038651   18.711340  21.125695
  20   13    0.636029   2.057877    6.935563  23.217834
  20   14    0.517581   2.038588    5.624501   4.527968
  20   15    0.453309   2.037330   20.479955  21.825534
  20   16    0.386828   2.011211   10.571715  12.925254
  20   17    0.237248   2.087151    2.933431  26.883779
  20   18    0.160740   2.005047   24.090341  20.631891
  20   19    0.087298   2.054552   21.217834  39.373588
  21    0    1.946094   2.182275   15.608000  29.746662
  21    1    1.838532   2.161686   30.086349   5.946263
  21    2    1.708588   2.153856    3.136717   9.333484
  21    3    1.600646   2.176144    9.548224  24.180686
  21    4    1.502108   2.165662    4.807937   1.964360
  21    5    1.443823   2.123117   13.265831  32.950063
  21    6    1.339030   2.143820   33.958586   8.792787
  21    7    1.280139   2.150037   29.185035  28.695223
  21    8    1.192391   2.191579    6.392480  12.646153
  21    9    1.060191   2.158891    1.198925  39.846925
  21   10    0.952651   2.179696   26.605381  23.195970
  21   11    0.872480   2.141434   39.434028  39.334885
  21   12    0.740637   2.187693    9.176119   9.085073
  21   13    0.697852   2.188157   36.787160  39.066618
  21   14    0.503885   2.134271   12.190215  18.961270
  21   15    0.432910   2.193155   10.630171  30.454429
  21   16    0.396200   2.181765   11.476531   6.687204
  21   17    0.254796   2.143921   21.138871  11.514257
  21   18    0.159664   2.111728    7.601532  25.566517
  21   19    0.055130   2.167603    1.491497  33.755360
  22    0    1.994626   2.246550   11.979787  22.246719
  22    1    1.823139   2.203436   30.221155  11.025143
  22    2    1.716419   2.235506    4.123439   3.029481
  22    3    1.607109   2.284797    2.295714  37.668752
  22    4    1.557577   2.232669   28.967381  23.639361
  22    5    1.429311   2.243751   33.037704   4.808372
  22    6    1.381273   2.268862   11.370994  28.072318
  22    7    1.272419   2.295946   17.785828  21.242459
  22    8    1.125516   2.260151    4.311326  32.965648
  22    9    1.095175   2.224408   10.238767  19.410472
  22   10    0.998303   2.201319   17.946670   1.001330
  22   11    0.871681   2.256993   33.711008  37.063977
  22   12    0.791510   2.264357   18.643561  10.175019
  22   13    0.682206   2.224212    2.069493  11.730297
  22   14    0.575721   2.259233   20.224270   5.333320
  22   15    0.413744   2.291604   40.908963  27.750200
  22   16    0.379504   2.216977   14.105933  34.202198
  22   17    0.255828   2.284039   24.562899  14.616449
  22   18    0.144838   2.223656   40.666533  22.199775
  22   19    0.001208   2.258036   20.836070  30.535311
  23    0    1.985437   2.367811   31.086987  28.647011
  23    1    1.882015   2.332637    2.883720  36.578470
  23    2    1.756667   2.363709   27.082678  31.560126
  23    3    1.689886   2.359353    6.451508  34.488083
  23    4    1.574549   2.378040   15.351826   9.028906
  23    5    1.443278   2.397365   40.729388   5.143045
  23    6    1.397027   2.318673   14.232140  22.255350
  23    7    1.276834   2.361431   22.361642   4.889811
  23    8    1.103245   2.340679   21.971289  38.647443
  23    9    1.036133   2.326831   34.694389  13.386485
  23   10    0.976002   2.386985   19.180750   2.933142
  23   11    0.866548   2.308217   38.130913  39.304145
  23   12    0.708868   2.308928   12.456693  10.079971
  23   13    0.687175   2.377376   12.504246  19.174725
  23   14    0.522625   2.305363   31.815602  35.875934
  23   15    0.439926   2.348677   38.665485  29.870068
  23   16    0.385755   2.378115   11.506393  19.347785
  23   17    0.299847   2.340366   24.025390  36.642087
  23   18    0.190637   2.326246   31.924870   5.762980
  23   19    0.025636   2.314912    5.575889  16.349265
  24    0    1.940913   2.491935   39.770405  29.781969
  24    1    1.819039   2.412229   23.957145  29.440071
  24    2    1.756178   2.426759   14.248802   5.397784
  24    3    1.648462   2.415870   13.424930  24.459139
  24    4    1.597696   2.468694    9.039351  12.620210
  24    5    1.475598   2.434211   35.112110   5.287410
  24    6    1.363286   2.407413   12.908171  30.432107
  24    7    1.204267   2.436120   14.767088  34.022721
  24    8    1.190831   2.468256   16.263965   1.365813
  24    9    1.047889   2.453787   11.191151  21.352648
  24   10    0.948039   2.463722    6.616406   5.117804
  24   11    0.886163   2.454142   17.885680  11.466726
  24   12    0.771152   2.445398    2.811418  26.940175
  24   13    0.652483   2.484687   27.959292  20.000480
  24   14    0.547224   2.438971   36.081673  11.117747
  24   15    0.461513   2.419582   11.134023  31.199000
  24   16    0.313410   2.460274   35.364713  30.659968
  24   17    0.251112   2.467491    1.728714  24.433125
  24   18    0.172374   2.491304   35.005138   1.407073
  24   19    0.074357   2.453923   37.786852  40.396612
  25    0    1.995506   2.541693   34.871386  22.070269
  25    1    1.835984   2.557746   24.055150  33.757953
  25    2    1.705040   2.533367    6.081679  11.296028
  25    3    1.622885   2.564031   35.308241  31.735848
  25    4    1.592514   2.523916   29.947785  38.664913
  25    5    1.430563   2.593553   11.553900   7.012643
  25    6    1.344155   2.527686   23.409290   8.605622
  25    7    1.236569   2.583030   22.942281  38.595338
  25    8    1.103858   2.502671   21.145160  34.525290
  25    9    1.017942   2.519586   19.741727  15.679108
  25   10    0.911359   2.545993   32.713416  15.027387
  25   11    0.852541   2.577945   31.532753  17.263584
  25   12    0.706991   2.581091   32.483816  34.908855
  25   13    0.683898   2.569485   19.810882  14.217435
  25   14    0.595127   2.525702   30.792496  20.698454
  25   15    0.465858   2.588590   19.478068  10.682136
  25   16    0.305939   2.501281   16.661592  23.818592
  25   17    0.236753   2.533589   27.241508   8.151099
  25   18    0.189569   2.581741   15.590929  24.023218
  25   19    0.003236   2.587129   28.727699  38.255653
  26    0    1.918079   2.682207   10.342896   1.584690
  26    1    1.841144   2.663948    1.158673   9.234695
  26    2    1.758771   2.656932   28.305746  18.772828
  26    3    1.644880   2.672786    4.726377   6.260115
  26    4    1.517495   2.609629   25.934561  19.489668
  26    5    1.477808   2.693585   23.340281  17.235440
  26    6    1.332512   2.619142   18.933219  40.493771
  26    7    1.294008   2.641132   34.212281  23.380431
  26    8    1.128285   2.648759   16.254771   8.468217
  26    9    1.016504   2.671938   35.782113  37.859696
  26   10    0.914245   2.638380   36.661656  34.256775
  26   11    0.868688   2.692434    4.775487  35.908686
  26   12    0.736167   2.675364   18.501297  28.912990
  26   13    0.664162   2.643454   25.726248  36.355756
  26   14    0.557174   2.602079   16.516643  35.777305
  26   15    0.465589   2.668482   20.082927  27.134285
  26   16    0.361754   2.646008   33.925304  18.617602
  26   17    0.225392   2.621289   37.059108  16.324161
  26   18    0.139310   2.651726    3.664981   7.938881
  26   19    0.020263   2.632384   34.676087  35.457247
  27    0    1.913850   2.753138    9.616970   5.888094
  27    1    1.887439   2.733043   36.985388  23.266773
  27    2    1.743349   2.749081   26.783552   4.750487
  27    3    1.663561   2.730753   22.247724  15.755879
  27    4    1.516124   2.735724   18.809177   4.854089
  27    5    1.416710   2.740518   36.884111   2.405880
  27    6    1.322240   2.705158    1.899389  24.769307
  27    7    1.248791   2.702756    1.303828  18.540114
  27    8    1.175538   2.741142   26.105513  20.010921
  27    9    1.028974   2.760421   36.253064  10.304563
  27   10    0.906297   2.730192   18.107181   6.020043
  27   11    0.899240   2.725469   12.117088  11.421728
  27   12    0.735860   2.759018   34.038845  37.023962
  27   13    0.670349   2.737985    8.647863   9.819582
  27   14    0.582721   2.787782    6.570472  24.442068
  27   15    0.400654   2.709999   28.878118  37.432705
  27   16    0.334654   2.772726   17.366705   6.826405
  27   17    0.221183   2.750456   38.521892   7.918039
  27   18    0.153380   2.761421    4.212799   7.895658
  27   19    0.038294   2.787819   40.950684  14.723007
