   0    0    2.377398   0.088774    1.507926   4.707654
   0    1    2.211493   0.079467  100.000000 100.000000
   0    2    2.136319   0.015859    4.321224 100.000000
   0    3    2.054144   0.033035  100.000000 100.000000
   0    4    1.974114   0.027176    5.823231   2.185064
   0    5    1.837713   0.052318    5.029112   5.950996
   0    6    1.704504   0.092609  100.000000 100.000000
   0    7    1.618819   0.007469  100.000000 100.000000
   0    8    1.504805   0.063570    5.710372   2.924803
   0    9    1.456566   0.024846    1.600549 100.000000
   0   10    1.317571   0.032498    5.468018 100.000000
   0   11    1.265734   0.059753  100.000000   1.557635
   0   12    1.131250   0.011677  100.000000 100.000000
   0   13    1.074969   0.079465    4.674687   4.683447
   0   14    0.980992   0.021144  100.000000   5.972510
   0   15    0.861829   0.089594    4.980343   2.670822
   0   16    0.755867   0.067414  100.000000   2.462748
   0   17    0.698711   0.072343  100.000000 100.000000
   0   18    0.530741   0.014196  100.000000   3.147827
   0   19    0.460199   0.069085  100.000000   3.796866
   0   20    0.312206   0.019098    4.450840   2.686518
   0   21    0.289406   0.038129    2.670138   5.106716
   0   22    0.198987   0.055903    3.242590   5.708641
   0   23    0.057064   0.034055  100.000000   3.747801
   1    0    2.355069   0.149575  100.000000 100.000000
   1    1    2.293494   0.132118  100.000000 100.000000
   1    2    2.148074   0.163871    2.930061   3.477409
   1    3    2.019293   0.108764    2.591036 100.000000
   1    4    1.976192   0.190968    2.733897   3.404034
   1    5    1.887660   0.194999  100.000000 100.000000
   1    6    1.735278   0.114704    2.835294   5.192112
   1    7    1.640823   0.152310  100.000000   5.067132
   1    8    1.531586   0.120414    2.609114 100.000000
   1    9    1.423425   0.119439    4.882113   1.365974
   1   10    1.319252   0.132133  100.000000   3.792521
   1   11    1.221790   0.144015  100.000000   1.800133
   1   12    1.164115   0.179367  100.000000 100.000000
   1   13    1.047747   0.163567  100.000000 100.000000
   1   14    0.995823   0.178029    2.540864   2.912335
   1   15    0.817159   0.111386  100.000000 100.000000
   1   16    0.781215   0.190421  100.000000   5.558737
   1   17    0.675193   0.198413  100.000000 100.000000
   1   18    0.588854   0.107985    2.035773 100.000000
   1   19    0.492187   0.136695  100.000000 100.000000
   1   20    0.331861   0.150902    1.311596   5.178472
   1   21    0.212808   0.129115  100.000000   5.363424
   1   22    0.175105   0.127002  100.000000   2.278983
   1   23    0.071844   0.167833    5.795389   3.163660
   2    0    2.355784   0.295625  100.000000   4.087064
   2    1    2.255166   0.271537    5.641617 100.000000
   2    2    2.162667   0.202736    1.322596 100.000000
   2    3    2.026496   0.222756    1.663735   1.048668
   2    4    1.960667   0.222397    2.769687 100.000000
   2    5    1.888389   0.297121  100.000000   4.324943
   2    6    1.715811   0.271924    1.832858 100.000000
   2    7    1.683075   0.271683    5.719222   5.558974
   2    8    1.594970   0.258764  100.000000 100.000000
   2    9    1.409613   0.294271  100.000000 100.000000
   2   10    1.346986   0.242988    3.478596 100.000000
   2   11    1.282840   0.269300    2.061890 100.000000
   2   12    1.119569   0.220744  100.000000 100.000000
   2   13    1.012640   0.274045    3.924063 100.000000
   2   14    0.945880   0.248485  100.000000   3.631143
   2   15    0.844368   0.239082  100.000000 100.000000
   2   16    0.757994   0.203464  100.000000 100.000000
   2   17    0.673486   0.231716    4.927583   3.101306
   2   18    0.547801   0.209995    1.000670   3.138072
   2   19    0.477052   0.295301  100.000000 100.000000
   2   20    0.397954   0.204956  100.000000   1.020997
   2   21    0.206032   0.294957  100.000000 100.000000
   2   22    0.184928   0.242299    4.701008 100.000000
   2   23    0.017810   0.215610  100.000000   1.696742
   3    0    2.388343   0.308001    4.029180 100.000000
   3    1    2.261185   0.368327    5.336624   3.307743
   3    2    2.165750   0.377390  100.000000 100.000000
   3    3    2.043088   0.300462  100.000000   1.468956
   3    4    1.973393   0.377506  100.000000   1.904147
   3    5    1.857467   0.314466    3.337680   2.067825
   3    6    1.707235   0.393643  100.000000   3.795064
   3    7    1.681262   0.350046    2.668302   4.461768
   3    8    1.510569   0.327094    4.556401 100.000000
   3    9    1.439287   0.389177  100.000000 100.000000
   3   10    1.367747   0.318386  100.000000 100.000000
   3   11    1.250927   0.375350  100.000000 100.000000
   3   12    1.131649   0.321170    4.035946 100.000000
   3   13    1.061123   0.312239  100.000000   5.514781
   3   14    0.961515   0.397531  100.000000   3.634577
   3   15    0.810023   0.399212    5.522780   1.709506
   3   16    0.722705   0.313874  100.000000 100.000000
   3   17    0.639606   0.337255    2.793796 100.000000
   3   18    0.501001   0.316635    1.870568   3.477192
   3   19    0.424860   0.356889  100.000000 100.000000
   3   20    0.392305   0.376506  100.000000 100.000000
   3   21    0.271567   0.399937  100.000000 100.000000
   3   22    0.132442   0.311734    2.070994 100.000000
   3   23    0.069411   0.326973  100.000000 100.000000
   4    0    2.349429   0.496833    2.905975 100.000000
   4    1    2.239688   0.449867    4.053325 100.000000
   4    2    2.195032   0.445201  100.000000   3.604340
   4    3    2.098488   0.483146    4.448417   1.923048
   4    4    1.945294   0.487384    4.028130   3.628627
   4    5    1.835704   0.465002    2.939872   5.825803
   4    6    1.784893   0.438706  100.000000   3.987339
   4    7    1.675047   0.438056  100.000000   4.876797
   4    8    1.556017   0.495370  100.000000 100.000000
   4    9    1.459783   0.461323    4.730071 100.000000
   4   10    1.366054   0.411559    4.324442 100.000000
   4   11    1.274781   0.420084  100.000000 100.000000
   4   12    1.121101   0.451670  100.000000   1.137279
   4   13    1.023889   0.493072  100.000000   2.461915
   4   14    0.998222   0.415199    3.448235   2.605542
   4   15    0.861095   0.473762  100.000000 100.000000
   4   16    0.765159   0.448028    3.276955   5.860192
   4   17    0.687308   0.438741  100.000000 100.000000
   4   18    0.517283   0.416399    1.253284   5.200068
   4   19    0.486857   0.448800  100.000000 100.000000
   4   20    0.313298   0.459919    3.810858 100.000000
   4   21    0.207532   0.430625  100.000000 100.000000
   4   22    0.148184   0.441814  100.000000   5.924307
   4   23    0.032880   0.498589  100.000000 100.000000
   5    0    2.368995   0.533773  100.000000 100.000000
   5    1    2.262871   0.508487    2.968264 100.000000
   5    2    2.111165   0.533831  100.000000 100.000000
   5    3    2.056552   0.599821  100.000000   4.347215
   5    4    1.976915   0.552801    2.195590   5.439297
   5    5    1.818796   0.505435    5.744520   5.336849
   5    6    1.702776   0.589635  100.000000   1.032060
   5    7    1.640028   0.571243    2.261082   1.485947
   5    8    1.536895   0.519389    2.376247 100.000000
   5    9    1.439976   0.595420    4.385148 100.000000
   5   10    1.363091   0.585817    3.442493   5.809312
   5   11    1.223896   0.529088  100.000000 100.000000
   5   12    1.103675   0.559226    5.820645 100.000000
   5   13    1.008497   0.527903  100.000000 100.000000
   5   14    0.968273   0.545022    3.854440 100.000000
   5   15    0.804699   0.583738  100.000000   1.840611
   5   16    0.767063   0.535784  100.000000   4.688512
   5   17    0.603385   0.541195  100.000000   5.751795
   5   18    0.509431   0.591486  100.000000   5.252407
   5   19    0.429818   0.523932  100.000000   1.583087
   5   20    0.372936   0.571917  100.000000 100.000000
   5   21    0.278263   0.543553  100.000000   2.706421
   5   22    0.197526   0.568077    5.928890   2.272049
   5   23    0.036467   0.531049    4.965027   2.020046
   6    0    2.387280   0.623078  100.000000 100.000000
   6    1    2.229258   0.681878  100.000000   2.416575
   6    2    2.155070   0.611589  100.000000 100.000000
   6    3    2.004024   0.640032  100.000000 100.000000
   6    4    1.928829   0.645878  100.000000 100.000000
   6    5    1.810970   0.664504  100.000000   2.332560
   6    6    1.776935   0.687217    4.735873   5.174721
   6    7    1.675401   0.691479  100.000000 100.000000
   6    8    1.594674   0.697150  100.000000 100.000000
   6    9    1.484632   0.644939  100.000000 100.000000
   6   10    1.375202   0.619838  100.000000   4.832136
   6   11    1.227322   0.678204    4.432838   3.654295
   6   12    1.147541   0.610620    3.583589   2.963093
   6   13    1.008486   0.643072    5.038230   3.524371
   6   14    0.911547   0.603546  100.000000   3.758015
   6   15    0.896979   0.679882    2.738071   3.809688
   6   16    0.727870   0.633134  100.000000 100.000000
   6   17    0.683208   0.638414    5.589098   2.834499
   6   18    0.534769   0.634391    5.864495 100.000000
   6   19    0.459461   0.657378    5.580926 100.000000
   6   20    0.323119   0.690744    5.092266   5.940488
   6   21    0.285839   0.674454  100.000000 100.000000
   6   22    0.109492   0.623696    1.603956 100.000000
   6   23    0.054573   0.693231  100.000000   4.272017
   7    0    2.339750   0.727672    2.960805 100.000000
   7    1    2.287540   0.785750    4.527334   3.830964
   7    2    2.121676   0.775919    5.544028 100.000000
   7    3    2.093166   0.782368  100.000000   2.433011
   7    4    1.933921   0.767927    1.232035 100.000000
   7    5    1.860725   0.790270  100.000000 100.000000
   7    6    1.792574   0.745022  100.000000   3.574789
   7    7    1.647417   0.787060  100.000000 100.000000
   7    8    1.596543   0.719105  100.000000   4.009062
   7    9    1.417966   0.730496  100.000000 100.000000
   7   10    1.397955   0.759012  100.000000 100.000000
   7   11    1.215484   0.799232  100.000000 100.000000
   7   12    1.101059   0.743862    3.976686 100.000000
   7   13    1.038697   0.747542  100.000000   2.106026
   7   14    0.912604   0.783646  100.000000 100.000000
   7   15    0.804453   0.714771    1.015129   5.209494
   7   16    0.708269   0.799901    1.115175   4.535200
   7   17    0.639245   0.742391  100.000000 100.000000
   7   18    0.575630   0.717195  100.000000 100.000000
   7   19    0.497838   0.779462  100.000000   2.420305
   7   20    0.362761   0.722899    5.982238 100.000000
   7   21    0.205163   0.753771    4.908165 100.000000
   7   22    0.101518   0.767629  100.000000 100.000000
   7   23    0.088307   0.710828  100.000000   2.494586
   8    0    2.350279   0.802462  100.000000   1.003414
   8    1    2.261054   0.806355    2.788656 100.000000
   8    2    2.141024   0.840288  100.000000   2.207313
   8    3    2.010012   0.856644    1.931263 100.000000
   8    4    1.983289   0.810701  100.000000   5.514221
   8    5    1.892788   0.800547    2.438954   3.016332
   8    6    1.721664   0.808498  100.000000   4.121760
   8    7    1.691756   0.880451  100.000000 100.000000
   8    8    1.587749   0.884198    4.515033   3.545918
   8    9    1.460905   0.894297  100.000000 100.000000
   8   10    1.326548   0.800268    2.177133 100.000000
   8   11    1.242458   0.815225  100.000000 100.000000
   8   12    1.163309   0.875340    1.873650 100.000000
   8   13    1.008615   0.801348    3.591428   4.362196
   8   14    0.938953   0.882998  100.000000 100.000000
   8   15    0.804793   0.868668  100.000000   5.106509
   8   16    0.793177   0.894753    1.493198   4.553614
   8   17    0.659677   0.892834  100.000000   1.107796
   8   18    0.566858   0.884685  100.000000 100.000000
   8   19    0.480361   0.867203  100.000000   5.697543
   8   20    0.345301   0.822300  100.000000 100.000000
   8   21    0.251507   0.842887  100.000000   2.890586
   8   22    0.174189   0.850316    1.471686   5.877559
   8   23    0.057952   0.868820    3.404419   5.174908
   9    0    2.351291   0.947494  100.000000 100.000000
   9    1    2.233268   0.953840    5.451713   5.500732
   9    2    2.197260   0.988491  100.000000 100.000000
   9    3    2.073188   0.966283    1.293020   4.857986
   9    4    1.927554   0.997687  100.000000   4.120470
   9    5    1.811822   0.902113  100.000000   2.969791
   9    6    1.717411   0.944356    4.791708 100.000000
   9    7    1.673914   0.962031    1.021594 100.000000
   9    8    1.519520   0.964577  100.000000 100.000000
   9    9    1.444470   0.911039    3.065768   1.700536
   9   10    1.350522   0.954002  100.000000   2.790795
   9   11    1.210096   0.975748    3.234164 100.000000
   9   12    1.133319   0.957489    1.264467 100.000000
   9   13    1.068650   0.973536  100.000000 100.000000
   9   14    0.931677   0.959515  100.000000 100.000000
   9   15    0.806564   0.995191  100.000000   2.260437
   9   16    0.707807   0.984685  100.000000 100.000000
   9   17    0.619263   0.919040  100.000000   3.355229
   9   18    0.598605   0.901423  100.000000   3.168899
   9   19    0.405859   0.994326    1.733110 100.000000
   9   20    0.363529   0.999123  100.000000   5.139812
   9   21    0.292762   0.957835    5.891894 100.000000
   9   22    0.174485   0.996198    4.616483 100.000000
   9   23    0.084162   0.988301    2.277396   1.535724
  10    0    2.394222   1.094816  100.000000 100.000000
  10    1    2.245043   1.051054    1.583817 100.000000
  10    2    2.157070   1.054441  100.000000 100.000000
  10    3    2.016227   1.041970  100.000000   5.508872
  10    4    1.948861   1.092456  100.000000 100.000000
  10    5    1.865111   1.089020  100.000000 100.000000
  10    6    1.731491   1.035128  100.000000 100.000000
  10    7    1.670091   1.051252    5.581980   3.346231
  10    8    1.539815   1.066057    4.614492 100.000000
  10    9    1.491738   1.055094    1.039684   2.726068
  10   10    1.305219   1.026477  100.000000 100.000000
  10   11    1.202585   1.069826  100.000000 100.000000
  10   12    1.124539   1.037527  100.000000 100.000000
  10   13    1.090174   1.093895  100.000000 100.000000
  10   14    0.954568   1.084764  100.000000 100.000000
  10   15    0.893297   1.038744  100.000000 100.000000
  10   16    0.727465   1.071044    2.145280 100.000000
  10   17    0.607219   1.027250    4.709670   5.686257
  10   18    0.568875   1.005442    3.016373   3.879567
  10   19    0.443448   1.097994  100.000000 100.000000
  10   20    0.322529   1.021802  100.000000 100.000000
  10   21    0.203202   1.073630  100.000000 100.000000
  10   22    0.142728   1.085042  100.000000   3.106296
  10   23    0.002173   1.035716  100.000000   2.483602
  11    0    2.397915   1.150554    4.431925 100.000000
  11    1    2.260446   1.182833    2.573734 100.000000
  11    2    2.137633   1.124160    3.856879 100.000000
  11    3    2.037031   1.173873  100.000000 100.000000
  11    4    1.973625   1.158889    3.027655   2.194137
  11    5    1.891873   1.165925    2.480347 100.000000
  11    6    1.766967   1.194393  100.000000 100.000000
  11    7    1.662517   1.107712    1.473260 100.000000
  11    8    1.542673   1.154914  100.000000 100.000000
  11    9    1.431840   1.131532    5.489511 100.000000
  11   10    1.350048   1.125429  100.000000 100.000000
  11   11    1.242688   1.151622    2.648090 100.000000
  11   12    1.114588   1.170821    3.465307 100.000000
  11   13    1.030154   1.156157    4.295038   3.412525
  11   14    0.958858   1.147998  100.000000   1.918753
  11   15    0.820299   1.190650    2.963700   4.584988
  11   16    0.705648   1.101922    4.446921 100.000000
  11   17    0.684190   1.117345    4.891293 100.000000
  11   18    0.566422   1.137258  100.000000 100.000000
  11   19    0.451278   1.183444    3.037963   3.468385
  11   20    0.312505   1.179830    5.532100 100.000000
  11   21    0.296652   1.161282    3.774640 100.000000
  11   22    0.120317   1.135634    3.600706   4.563874
  11   23    0.016534   1.100737    2.096960 100.000000
  12    0    2.317137   1.245325    2.659449   1.982072
  12    1    2.212164   1.262711  100.000000   3.861459
  12    2    2.118736   1.230304    1.667524   4.121886
  12    3    2.093875   1.285263  100.000000 100.000000
  12    4    1.908466   1.296204    1.826812 100.000000
  12    5    1.884923   1.241304    5.587545   3.059191
  12    6    1.706167   1.234722    5.272852 100.000000
  12    7    1.643222   1.235026    5.076054 100.000000
  12    8    1.582694   1.271780  100.000000 100.000000
  12    9    1.434867   1.233963    3.134675 100.000000
  12   10    1.304254   1.275649    1.061461 100.000000
  12   11    1.245006   1.255048  100.000000   1.057102
  12   12    1.138253   1.247384    1.685518   3.268652
  12   13    1.041566   1.283431  100.000000   5.963163
  12   14    0.982456   1.221102  100.000000 100.000000
  12   15    0.802525   1.251855  100.000000   1.614066
  12   16    0.710282   1.226475    5.463426 100.000000
  12   17    0.649864   1.253642    4.976769   1.992547
  12   18    0.560549   1.246584  100.000000   1.663790
  12   19    0.459078   1.277818  100.000000 100.000000
  12   20    0.383516   1.269287  100.000000   3.888024
  12   21    0.290787   1.223534    3.934801 100.000000
  12   22    0.106886   1.278374  100.000000   4.277929
  12   23    0.008092   1.260666    5.288815 100.000000
  13    0    2.353898   1.388862  100.000000 100.000000
  13    1    2.235153   1.327985    5.464089 100.000000
  13    2    2.154919   1.362928  100.000000   5.650522
  13    3    2.000777   1.374282    3.616468 100.000000
  13    4    1.938307   1.344469  100.000000   4.714530
  13    5    1.802511   1.372523  100.000000 100.000000
  13    6    1.745011   1.395665    3.160804   3.517595
  13    7    1.623048   1.362992    2.334555 100.000000
  13    8    1.525819   1.374070  100.000000 100.000000
  13    9    1.434735   1.330933    3.972491 100.000000
  13   10    1.343112   1.346329    5.508318   5.155591
  13   11    1.294819   1.382627    4.884635   2.937013
  13   12    1.129539   1.310984  100.000000   1.417199
  13   13    1.096412   1.332604    4.686616 100.000000
  13   14    0.963313   1.304305  100.000000   3.852692
  13   15    0.869107   1.351379    3.114340   4.005384
  13   16    0.792052   1.380107  100.000000 100.000000
  13   17    0.691406   1.340757  100.000000 100.000000
  13   18    0.502438   1.372542  100.000000   1.855084
  13   19    0.455377   1.327204  100.000000 100.000000
  13   20    0.356098   1.347784    3.100138 100.000000
  13   21    0.267696   1.370099    5.656439   2.344170
  13   22    0.177916   1.370061    4.798662 100.000000
  13   23    0.044231   1.325138  100.000000 100.000000
  14    0    2.363787   1.413359  100.000000   1.791870
  14    1    2.288692   1.479083  100.000000   3.045353
  14    2    2.184849   1.475441    5.394939 100.000000
  14    3    2.023549   1.414812  100.000000   5.320500
  14    4    1.972116   1.472857    4.610055 100.000000
  14    5    1.802586   1.414051  100.000000 100.000000
  14    6    1.761278   1.411729  100.000000   1.298023
  14    7    1.639858   1.462436  100.000000 100.000000
  14    8    1.512703   1.410696    5.683703   3.513621
  14    9    1.498795   1.492143  100.000000 100.000000
  14   10    1.399478   1.419584  100.000000   3.362429
  14   11    1.282071   1.450092  100.000000 100.000000
  14   12    1.123191   1.463514  100.000000 100.000000
  14   13    1.006823   1.498269  100.000000   2.406067
  14   14    0.962861   1.493654  100.000000 100.000000
  14   15    0.883304   1.482656    2.505717   1.965848
  14   16    0.709342   1.402073  100.000000   4.263459
  14   17    0.698973   1.483587  100.000000 100.000000
  14   18    0.537496   1.446959  100.000000   3.718293
  14   19    0.400242   1.492764    1.027018 100.000000
  14   20    0.350947   1.441729    4.206701 100.000000
  14   21    0.200408   1.430753    4.578255   2.631640
  14   22    0.175349   1.452992    3.589712   1.673449
  14   23    0.081371   1.400604  100.000000   2.139914
  15    0    2.304955   1.562595  100.000000   2.716335
  15    1    2.200535   1.580328  100.000000 100.000000
  15    2    2.128214   1.589599    5.270301 100.000000
  15    3    2.002615   1.547652  100.000000   3.094207
  15    4    1.956782   1.525733    5.566740   3.490915
  15    5    1.830716   1.543019  100.000000   1.494084
  15    6    1.719479   1.552569  100.000000   4.122180
  15    7    1.667965   1.599375    3.283137   1.785506
  15    8    1.562082   1.586448    2.116115   5.749791
  15    9    1.430821   1.549669    1.985564   5.009142
  15   10    1.396842   1.570094  100.000000 100.000000
  15   11    1.220948   1.508559    5.410737   2.629574
  15   12    1.158769   1.548193    2.446004 100.000000
  15   13    1.056955   1.518989  100.000000 100.000000
  15   14    0.948759   1.594571  100.000000   3.771386
  15   15    0.872305   1.583091    5.055346 100.000000
  15   16    0.739977   1.545962  100.000000   5.494085
  15   17    0.676613   1.544677  100.000000 100.000000
  15   18    0.501752   1.581721  100.000000   5.040113
  15   19    0.493253   1.546406    4.786843   2.336702
  15   20    0.398346   1.506592  100.000000 100.000000
  15   21    0.203732   1.505089  100.000000   5.639400
  15   22    0.140358   1.558935    2.358866   4.728240
  15   23    0.079823   1.547000  100.000000   3.502939
  16    0    2.349111   1.612922    3.898849 100.000000
  16    1    2.285506   1.631589    3.666191   4.637028
  16    2    2.153940   1.688499    2.307283 100.000000
  16    3    2.084093   1.634318    5.383047   1.095358
  16    4    1.922050   1.669950    2.044907   3.604989
  16    5    1.899024   1.635241    2.255619 100.000000
  16    6    1.783559   1.688686  100.000000   4.065762
  16    7    1.623232   1.607862    4.566508 100.000000
  16    8    1.559221   1.615152    2.432938   2.910525
  16    9    1.450062   1.695588    1.863670 100.000000
  16   10    1.348944   1.604628  100.000000 100.000000
  16   11    1.266941   1.612514  100.000000 100.000000
  16   12    1.138857   1.640656  100.000000   2.158905
  16   13    1.061834   1.626621    2.807236   4.206039
  16   14    0.908474   1.660355    2.295533 100.000000
  16   15    0.806324   1.694946    5.324645   2.051199
  16   16    0.752187   1.652501    5.937873 100.000000
  16   17    0.665942   1.606652    5.755456 100.000000
  16   18    0.587475   1.665668    3.377069   1.440764
  16   19    0.446337   1.619009    2.313710   3.516425
  16   20    0.398150   1.640497  100.000000 100.000000
  16   21    0.278883   1.636530    4.478223   5.388448
  16   22    0.111421   1.669931    1.530888   1.053628
  16   23    0.065277   1.674749    4.683629 100.000000
  17    0    2.335117   1.745333  100.000000 100.000000
  17    1    2.219687   1.770183  100.000000 100.000000
  17    2    2.170794   1.743644  100.000000 100.000000
  17    3    2.084456   1.752274  100.000000 100.000000
  17    4    1.987244   1.786553    5.942110   5.029758
  17    5    1.833204   1.745169  100.000000 100.000000
  17    6    1.724723   1.724552    5.036961   1.512376
  17    7    1.637517   1.759227  100.000000   3.646601
  17    8    1.525033   1.746207    5.978371   5.044232
  17    9    1.448909   1.758193    2.444110   1.186765
  17   10    1.304013   1.702320  100.000000   5.644873
  17   11    1.297839   1.756801  100.000000 100.000000
  17   12    1.111487   1.732468  100.000000 100.000000
  17   13    1.044467   1.752313  100.000000 100.000000
  17   14    0.980840   1.704192  100.000000 100.000000
  17   15    0.845606   1.709043    2.705836   4.673153
  17   16    0.741659   1.781247  100.000000   3.583001
  17   17    0.681295   1.717621    4.162434   3.160205
  17   18    0.555323   1.742031  100.000000 100.000000
  17   19    0.484499   1.770498  100.000000   5.097302
  17   20    0.333976   1.752651    1.905143 100.000000
  17   21    0.299745   1.765946    4.976318 100.000000
  17   22    0.193745   1.733406    2.164629   5.100093
  17   23    0.056008   1.781731  100.000000 100.000000
  18    0    2.383334   1.802919  100.000000   4.888649
  18    1    2.220544   1.829628  100.000000 100.000000
  18    2    2.101683   1.826896  100.000000 100.000000
  18    3    2.088870   1.849555  100.000000 100.000000
  18    4    1.908501   1.884188  100.000000 100.000000
  18    5    1.853858   1.805382    4.791309   2.695772
  18    6    1.787134   1.821157  100.000000 100.000000
  18    7    1.614778   1.858243    3.223602 100.000000
  18    8    1.595831   1.838409  100.000000   5.392361
  18    9    1.418328   1.829464  100.000000 100.000000
  18   10    1.355682   1.887924  100.000000 100.000000
  18   11    1.222728   1.879300  100.000000 100.000000
  18   12    1.195901   1.875559    5.555053 100.000000
  18   13    1.079530   1.884604    2.083149 100.000000
  18   14    0.931026   1.874754  100.000000   1.349723
  18   15    0.840928   1.823552    5.474608 100.000000
  18   16    0.779684   1.863553  100.000000 100.000000
  18   17    0.600617   1.888505  100.000000   5.322275
  18   18    0.592030   1.844042  100.000000 100.000000
  18   19    0.421125   1.865810    5.415204   5.129579
  18   20    0.344594   1.869939  100.000000   5.241479
  18   21    0.262659   1.824165    1.686998   2.048085
  18   22    0.116417   1.884115    2.182859   4.303426
  18   23    0.008845   1.800626  100.000000   2.353220
  19    0    2.382159   1.963232  100.000000 100.000000
  19    1    2.244477   1.941314    4.997838   3.669239
  19    2    2.112984   1.971509    3.734094   5.063070
  19    3    2.018076   1.934702    3.166266   5.645988
  19    4    1.991305   1.958463    5.719738   4.742259
  19    5    1.839800   1.947655    3.231778   5.048704
  19    6    1.792588   1.903198    4.857706   5.188578
  19    7    1.662771   1.983181    5.292762 100.000000
  19    8    1.506632   1.951111    4.119142 100.000000
  19    9    1.472110   1.904416  100.000000   1.899876
  19   10    1.370698   1.960191  100.000000   4.604949
  19   11    1.269663   1.909957    4.205143   5.990037
  19   12    1.172794   1.920180  100.000000 100.000000
  19   13    1.094583   1.929199    4.820493   4.580635
  19   14    0.967419   1.903672    1.125996   2.735217
  19   15    0.845555   1.935886  100.000000   3.413245
  19   16    0.798969   1.990347  100.000000 100.000000
  19   17    0.651023   1.962992    2.330194 100.000000
  19   18    0.587533   1.917595  100.000000   3.021519
  19   19    0.460130   1.975167  100.000000 100.000000
  19   20    0.379126   1.927245    3.809741   2.444586
  19   21    0.250040   1.964945  100.000000   2.755776
  19   22    0.153075   1.907309  100.000000   5.319812
  19   23    0.058677   1.920644    3.315810 100.000000
  20    0    2.319239   2.003489  100.000000   3.019023
  20    1    2.287727   2.043176  100.000000 100.000000
  20    2    2.133991   2.048658  100.000000   2.703149
  20    3    2.093311   2.082753    5.659860 100.000000
  20    4    1.976439   2.073734  100.000000 100.000000
  20    5    1.868862   2.041092  100.000000 100.000000
  20    6    1.756075   2.044195    2.937298   3.721854
  20    7    1.672313   2.010154    5.665971 100.000000
  20    8    1.563852   2.076165    2.690989   1.636879
  20    9    1.403322   2.099985  100.000000   2.547092
  20   10    1.394232   2.021028  100.000000   5.634354
  20   11    1.244656   2.034613  100.000000   5.682746
  20   12    1.138704   2.043099  100.000000 100.000000
  20   13    1.079614   2.097870  100.000000 100.000000
  20   14    0.981680   2.007837  100.000000   4.455511
  20   15    0.821595   2.061212  100.000000   3.233001
  20   16    0.712885   2.057327  100.000000 100.000000
  20   17    0.699874   2.089833    3.559524 100.000000
  20   18    0.559698   2.096975  100.000000   5.329420
  20   19    0.481397   2.026701    5.808492   2.912830
  20   20    0.365071   2.060859  100.000000   2.359394
  20   21    0.276064   2.004731  100.000000   5.880137
  20   22    0.184416   2.028475    4.810520   5.894488
  20   23    0.007254   2.022130    5.307049 100.000000
  21    0    2.333671   2.176207    3.351399 100.000000
  21    1    2.265407   2.172119  100.000000 100.000000
  21    2    2.154785   2.193499  100.000000 100.000000
  21    3    2.004757   2.194300    2.531263 100.000000
  21    4    1.961435   2.131902    2.611617 100.000000
  21    5    1.883623   2.105943    2.172465   2.661294
  21    6    1.710109   2.147071  100.000000 100.000000
  21    7    1.647674   2.106904    2.399462 100.000000
  21    8    1.597460   2.193468    5.679502 100.000000
  21    9    1.401906   2.106313    5.039047 100.000000
  21   10    1.314200   2.123411    4.134314   3.726332
  21   11    1.256925   2.151827    2.247705   3.773864
  21   12    1.119954   2.114015    5.066381   4.213950
  21   13    1.050290   2.163251    3.117953 100.000000
  21   14    0.903065   2.119447  100.000000   1.987956
  21   15    0.893713   2.179928    5.899397   4.564552
  21   16    0.722887   2.116988    4.870571   1.853560
  21   17    0.651578   2.115503  100.000000 100.000000
  21   18    0.572565   2.197570  100.000000 100.000000
  21   19    0.412203   2.135826  100.000000 100.000000
  21   20    0.328964   2.186366  100.000000 100.000000
  21   21    0.253375   2.168290  100.000000 100.000000
  21   22    0.134756   2.174101  100.000000   5.360484
  21   23    0.020855   2.145410    2.760495 100.000000
  22    0    2.308702   2.236384  100.000000   1.789363
  22    1    2.222769   2.243099  100.000000 100.000000
  22    2    2.103843   2.294474    1.870365   4.994953
  22    3    2.040181   2.241034  100.000000 100.000000
  22    4    1.921217   2.218413  100.000000   4.302568
  22    5    1.859498   2.262691  100.000000   3.674811
  22    6    1.774839   2.265757    1.401077   5.205934
  22    7    1.695914   2.283853    5.186643   4.544809
  22    8    1.526305   2.286475    2.340718 100.000000
  22    9    1.494639   2.207341    1.878431   1.367107
  22   10    1.364796   2.226158  100.000000 100.000000
  22   11    1.271266   2.212871  100.000000 100.000000
  22   12    1.171157   2.291829  100.000000 100.000000
  22   13    1.025770   2.296627  100.000000 100.000000
  22   14    0.913748   2.293918    2.014185 100.000000
  22   15    0.827574   2.276506    1.495763   1.570446
  22   16    0.773855   2.224040  100.000000 100.000000
  22   17    0.671050   2.295736  100.000000   5.992098
  22   18    0.518001   2.264004    4.437584   5.697465
  22   19    0.420501   2.269164    4.813885 100.000000
  22   20    0.388223   2.214680  100.000000   3.532670
  22   21    0.299553   2.203937  100.000000 100.000000
  22   22    0.149062   2.299650    4.748798 100.000000
  22   23    0.062365   2.282973  100.000000 100.000000
  23    0    2.316506   2.351135  100.000000 100.000000
  23    1    2.212428   2.389402  100.000000 100.000000
  23    2    2.171058   2.355473  100.000000   2.056535
  23    3    2.038011   2.334357    2.230721   4.462531
  23    4    1.986593   2.330796    5.496362 100.000000
  23    5    1.891988   2.339763    2.213498   3.729417
  23    6    1.712115   2.327375    3.467530 100.000000
  23    7    1.639017   2.334942  100.000000 100.000000
  23    8    1.554596   2.362956    5.067966 100.000000
  23    9    1.413269   2.353281    5.635843 100.000000
  23   10    1.345692   2.330342  100.000000   2.040620
  23   11    1.226900   2.349354  100.000000   3.959955
  23   12    1.168110   2.319638  100.000000 100.000000
  23   13    1.014138   2.398529    5.386118   5.985089
  23   14    0.901168   2.392206  100.000000   5.360733
  23   15    0.848723   2.302733  100.000000   2.072403
  23   16    0.706530   2.395497    5.892455   2.519695
  23   17    0.682406   2.396525    2.174266   1.068299
  23   18    0.555052   2.327145  100.000000 100.000000
  23   19    0.472962   2.369963  100.000000   1.732601
  23   20    0.389955   2.364605    4.613896 100.000000
  23   21    0.292545   2.311853  100.000000 100.000000
  23   22    0.113375   2.391886  100.000000   4.519725
  23   23    0.047253   2.335230  100.000000   1.257513
  24    0    2.370625   2.496449    1.845201 100.000000
  24    1    2.286243   2.455470  100.000000   5.115365
  24    2    2.145795   2.446620  100.000000 100.000000
  24    3    2.070850   2.487900  100.000000 100.000000
  24    4    1.928704   2.485630  100.000000   2.102745
  24    5    1.875733   2.413664    5.802670   1.784707
  24    6    1.707276   2.476632  100.000000 100.000000
  24    7    1.631899   2.447448  100.000000   4.965648
  24    8    1.549572   2.456256    3.818540   4.358627
  24    9    1.479250   2.476704    2.053332   2.340666
  24   10    1.371790   2.473936    3.216950   4.913020
  24   11    1.221352   2.497380  100.000000   3.441850
  24   12    1.104860   2.463042    5.989816   5.473530
  24   13    1.046359   2.422936  100.000000   5.193497
  24   14    0.948959   2.435994    5.555193   3.242265
  24   15    0.863649   2.474707    2.773928   4.029371
  24   16    0.771751   2.444768    5.998549 100.000000
  24   17    0.679504   2.464579  100.000000 100.000000
  24   18    0.539802   2.483493  100.000000   1.545965
  24   19    0.411330   2.437404  100.000000   1.495321
  24   20    0.339334   2.428124  100.000000 100.000000
  24   21    0.274522   2.412698    1.222002 100.000000
  24   22    0.123256   2.444168    5.294586   2.369076
  24   23    0.045828   2.471553  100.000000   5.715378
  25    0    2.372048   2.501217  100.000000   5.288939
  25    1    2.248465   2.557866    2.162721 100.000000
  25    2    2.123489   2.555723    3.225436   3.667459
  25    3    2.026128   2.587490  100.000000 100.000000
  25    4    1.956417   2.540805  100.000000 100.000000
  25    5    1.856302   2.592048  100.000000 100.000000
  25    6    1.702704   2.555066    5.443372   4.134179
  25    7    1.656840   2.508053    4.227509   1.992986
  25    8    1.542118   2.517726    4.352966 100.000000
  25    9    1.456790   2.562459  100.000000   2.605337
  25   10    1.349370   2.542499  100.000000 100.000000
  25   11    1.294469   2.540888    4.160703 100.000000
  25   12    1.126242   2.553215    1.183064   5.851517
  25   13    1.008632   2.577321  100.000000   2.807845
  25   14    0.971873   2.551145    4.563751   2.567864
  25   15    0.857691   2.521448  100.000000 100.000000
  25   16    0.788637   2.573395    5.729735 100.000000
  25   17    0.613042   2.578238  100.000000 100.000000
  25   18    0.509243   2.581712    2.323177 100.000000
  25   19    0.492755   2.597458    2.136216   5.274484
  25   20    0.396263   2.582997    5.128103 100.000000
  25   21    0.205953   2.561477  100.000000 100.000000
  25   22    0.167384   2.512265    4.483498 100.000000
  25   23    0.006121   2.555879  100.000000   5.326203
  26    0    2.366268   2.658087    5.958786 100.000000
  26    1    2.216155   2.620837    5.791511   2.269885
  26    2    2.111679   2.616417  100.000000   2.732834
  26    3    2.078347   2.698410    2.017602 100.000000
  26    4    1.915521   2.675564  100.000000 100.000000
  26    5    1.846481   2.628981    3.602791   4.666155
  26    6    1.758095   2.624987  100.000000 100.000000
  26    7    1.678460   2.668540    3.443378 100.000000
  26    8    1.553253   2.602718  100.000000   2.617516
  26    9    1.427314   2.669719    1.379179 100.000000
  26   10    1.384418   2.640097    4.246960   3.349604
  26   11    1.270963   2.683177  100.000000   5.856629
  26   12    1.160179   2.659510  100.000000 100.000000
  26   13    1.094572   2.626559    4.210199 100.000000
  26   14    0.991200   2.600146    2.899435 100.000000
  26   15    0.816340   2.606791    4.413256 100.000000
  26   16    0.733244   2.630167    4.973278   3.549496
  26   17    0.638066   2.688470    1.583293 100.000000
  26   18    0.512838   2.651027    5.353446 100.000000
  26   19    0.466653   2.631960  100.000000 100.000000
  26   20    0.382972   2.666493    2.649773 100.000000
  26   21    0.201547   2.647392    4.266431   3.139464
  26   22    0.194098   2.600119  100.000000 100.000000
  26   23    0.029421   2.643649  100.000000   3.339537
