   0    0    4.143289   0.070879  100.000000 100.000000
   0    1    4.049375   0.067126    5.959532   3.209937
   0    2    3.903746   0.006428  100.000000 100.000000
   0    3    3.845048   0.097115    1.479168 100.000000
   0    4    3.737706   0.045437    3.129980   3.016232
   0    5    3.607679   0.010414  100.000000 100.000000
   0    6    3.562714   0.097398  100.000000 100.000000
   0    7    3.432860   0.011700  100.000000   5.918567
   0    8    3.317396   0.052917  100.000000   2.157707
   0    9    3.283767   0.061398  100.000000   2.491936
   0   10    3.187920   0.056434  100.000000   1.990136
   0   11    3.018259   0.015043    4.281113 100.000000
   0   12    2.945175   0.049533  100.000000   5.845516
   0   13    2.851298   0.069640    2.892912 100.000000
   0   14    2.712242   0.041504    1.060860 100.000000
   0   15    2.641012   0.062035    2.528669 100.000000
   0   16    2.539430   0.071673    4.498213   3.553332
   0   17    2.454209   0.025123    4.107847   1.318600
   0   18    2.311983   0.046253  100.000000 100.000000
   0   19    2.240477   0.074664  100.000000 100.000000
   0   20    2.178000   0.076055  100.000000   1.062761
   0   21    2.070315   0.049350  100.000000 100.000000
   0   22    1.955966   0.063430    2.034118   2.106151
   0   23    1.836073   0.068931  100.000000   2.703537
   0   24    1.734870   0.028353    4.530620 100.000000
   0   25    1.602802   0.050334    5.523985 100.000000
   0   26    1.575542   0.014423    4.754892 100.000000
   0   27    1.473201   0.027907    2.983034   3.291186
   0   28    1.377027   0.025685  100.000000 100.000000
   0   29    1.204049   0.097281  100.000000   5.607603
   0   30    1.141751   0.075472  100.000000   2.784275
   0   31    1.016020   0.057121  100.000000   2.519206
   0   32    0.911620   0.084248    1.945758   4.760423
   0   33    0.860651   0.082830    2.186189   1.026652
   0   34    0.795709   0.008110  100.000000 100.000000
   0   35    0.692158   0.048499  100.000000   5.931691
   0   36    0.524163   0.075876  100.000000 100.000000
   0   37    0.434242   0.088600  100.000000 100.000000
   0   38    0.352291   0.072441    1.500827   4.511715
   0   39    0.299244   0.014256    1.010353 100.000000
   0   40    0.109741   0.068415  100.000000 100.000000
   0   41    0.030875   0.003832    3.739802   3.459288
   1    0    4.118477   0.159072    3.520786   3.933540
   1    1    4.027938   0.140015  100.000000   5.575155
   1    2    3.986998   0.131950    3.020844 100.000000
   1    3    3.839063   0.112584    3.401459 100.000000
   1    4    3.756764   0.170556  100.000000 100.000000
   1    5    3.694690   0.187670  100.000000   1.829986
   1    6    3.599181   0.137210  100.000000   3.111955
   1    7    3.497908   0.144735  100.000000   2.984258
   1    8    3.309048   0.175477  100.000000   1.533965
   1    9    3.209301   0.176782    2.394072 100.000000
   1   10    3.164734   0.106115    2.065471   1.550061
   1   11    3.092933   0.151746  100.000000   4.394162
   1   12    2.994639   0.166819    1.449089   4.412100
   1   13    2.890924   0.198310    5.511001   3.795838
   1   14    2.707261   0.167193    5.092125 100.000000
   1   15    2.673275   0.116697    5.017103 100.000000
   1   16    2.599195   0.101136    1.994137 100.000000
   1   17    2.422973   0.177647  100.000000 100.000000
   1   18    2.385514   0.186661    4.053310   4.354801
   1   19    2.270080   0.153688  100.000000 100.000000
   1   20    2.131583   0.134312    1.815023 100.000000
   1   21    2.069707   0.199313  100.000000   1.484468
   1   22    1.948042   0.144842    3.440189 100.000000
   1   23    1.811890   0.107306  100.000000 100.000000
   1   24    1.764402   0.105029    4.706469 100.000000
   1   25    1.622474   0.148452    3.899211 100.000000
   1   26    1.568750   0.179772  100.000000 100.000000
   1   27    1.470498   0.112191  100.000000   3.795619
   1   28    1.346788   0.154137    2.863466 100.000000
   1   29    1.228927   0.113685    2.672949   1.058836
   1   30    1.130926   0.174683    3.434081   1.472634
   1   31    1.081925   0.152143    4.501130 100.000000
   1   32    0.992990   0.146336    5.887536 100.000000
   1   33    0.831423   0.131347    4.409095 100.000000
   1   34    0.794401   0.174261    5.630316   5.064870
   1   35    0.693665   0.175351  100.000000   3.616245
   1   36    0.556618   0.159362    3.178904 100.000000
   1   37    0.453418   0.146146    1.816726   3.448694
   1   38    0.354101   0.138445  100.000000 100.000000
   1   39    0.281771   0.191475  100.000000   4.743954
   1   40    0.145932   0.128114  100.000000   2.402963
   1   41    0.040663   0.104373  100.000000 100.000000
   2    0    4.144564   0.252396    1.045236   1.508471
   2    1    4.038682   0.265724    5.733900 100.000000
   2    2    3.934811   0.241578    1.541232   2.541059
   2    3    3.845176   0.292379    5.355199   1.932610
   2    4    3.743180   0.212373    2.316438 100.000000
   2    5    3.671982   0.221081    3.350230 100.000000
   2    6    3.531769   0.223371    2.672984 100.000000
   2    7    3.481487   0.231018    4.432241   3.185639
   2    8    3.317266   0.273579    1.268470   5.461936
   2    9    3.221403   0.225013  100.000000 100.000000
   2   10    3.184142   0.291153    5.983028   5.940874
   2   11    3.034538   0.259652    1.995736   4.101221
   2   12    2.934797   0.236162    5.897344   1.665212
   2   13    2.856651   0.264708  100.000000 100.000000
   2   14    2.746088   0.294447  100.000000   2.720936
   2   15    2.614160   0.225434  100.000000   2.781776
   2   16    2.525191   0.297152    3.728153 100.000000
   2   17    2.414753   0.243052    1.256709 100.000000
   2   18    2.330449   0.265526    3.985676 100.000000
   2   19    2.240634   0.273103    1.204643 100.000000
   2   20    2.134920   0.227674    4.814096   4.575625
   2   21    2.062651   0.230226    4.634319 100.000000
   2   22    1.943598   0.285337  100.000000 100.000000
   2   23    1.896492   0.298613  100.000000   4.381858
   2   24    1.743816   0.292912  100.000000 100.000000
   2   25    1.605842   0.218053    1.602754   4.314393
   2   26    1.562922   0.242909  100.000000   4.366611
   2   27    1.457310   0.256438  100.000000 100.000000
   2   28    1.383797   0.278790    2.743125   3.564215
   2   29    1.269466   0.238727  100.000000 100.000000
   2   30    1.191562   0.259938    5.757034   3.818241
   2   31    1.058332   0.295388  100.000000   3.476470
   2   32    0.954587   0.220105  100.000000 100.000000
   2   33    0.808778   0.287912  100.000000 100.000000
   2   34    0.768033   0.219878  100.000000   3.298009
   2   35    0.600312   0.229881    5.430905   3.251353
   2   36    0.518695   0.262157    2.435833 100.000000
   2   37    0.403493   0.261581    2.789994 100.000000
   2   38    0.343673   0.249623    2.777207   4.304529
   2   39    0.279423   0.207133    5.065069 100.000000
   2   40    0.193514   0.292422  100.000000 100.000000
   2   41    0.035887   0.230183    5.505876 100.000000
   3    0    4.134929   0.357998    4.044963   2.797691
   3    1    4.065213   0.358841    1.035972 100.000000
   3    2    3.949210   0.366002  100.000000 100.000000
   3    3    3.891660   0.318286  100.000000 100.000000
   3    4    3.772526   0.386742    2.901763   5.940036
   3    5    3.620056   0.394361    1.332005   1.743035
   3    6    3.551522   0.320694  100.000000 100.000000
   3    7    3.447006   0.366871    2.440717   2.442153
   3    8    3.316776   0.388102    3.930255 100.000000
   3    9    3.214882   0.359398    3.834793   1.548074
   3   10    3.186709   0.313896    5.121620 100.000000
   3   11    3.069856   0.305119    4.935694   5.440889
   3   12    2.907558   0.395434  100.000000   4.719953
   3   13    2.835192   0.367888  100.000000 100.000000
   3   14    2.739369   0.369799    5.173030   4.528988
   3   15    2.690271   0.313202  100.000000   3.574764
   3   16    2.598028   0.302979    1.897920 100.000000
   3   17    2.421477   0.327110    2.926581   1.505045
   3   18    2.365858   0.325460  100.000000 100.000000
   3   19    2.219548   0.356077    2.687672   2.943799
   3   20    2.187795   0.380853  100.000000   4.985121
   3   21    2.033991   0.365225  100.000000 100.000000
   3   22    1.921394   0.399694  100.000000 100.000000
   3   23    1.888375   0.370910    1.915278 100.000000
   3   24    1.772588   0.379562    3.250114 100.000000
   3   25    1.643532   0.347447  100.000000 100.000000
   3   26    1.563085   0.320544    1.781644   1.391985
   3   27    1.449533   0.320388  100.000000   1.396181
   3   28    1.329093   0.397592  100.000000 100.000000
   3   29    1.258592   0.318662    5.756759 100.000000
   3   30    1.141446   0.335564    1.590718 100.000000
   3   31    1.065037   0.372592  100.000000 100.000000
   3   32    0.904937   0.301434    5.280181 100.000000
   3   33    0.803058   0.378481  100.000000   3.142208
   3   34    0.725733   0.359505  100.000000 100.000000
   3   35    0.688721   0.398056  100.000000 100.000000
   3   36    0.515500   0.334971    2.885173   1.541076
   3   37    0.473033   0.367982  100.000000   4.748821
   3   38    0.359990   0.343197  100.000000   5.088884
   3   39    0.231433   0.336669  100.000000   3.983595
   3   40    0.136696   0.341062  100.000000   2.548666
   3   41    0.084026   0.304229  100.000000 100.000000
   4    0    4.193207   0.485892  100.000000 100.000000
   4    1    4.092229   0.458053    5.479687 100.000000
   4    2    3.921037   0.456938  100.000000 100.000000
   4    3    3.813028   0.422069    4.145468 100.000000
   4    4    3.743360   0.448123  100.000000   5.612674
   4    5    3.628231   0.462761    1.296489   3.948677
   4    6    3.503078   0.424063  100.000000   2.836845
   4    7    3.491158   0.432399    2.772103   1.150401
   4    8    3.326522   0.443994    5.966018 100.000000
   4    9    3.284822   0.486522    2.732280   3.076447
   4   10    3.117644   0.445894    5.509517   5.816104
   4   11    3.097731   0.417621  100.000000   4.250350
   4   12    2.961235   0.405259  100.000000   5.174054
   4   13    2.898462   0.469988  100.000000 100.000000
   4   14    2.795681   0.470574  100.000000   3.313535
   4   15    2.653144   0.489659  100.000000   3.015081
   4   16    2.567098   0.455325    1.549452 100.000000
   4   17    2.476981   0.464287    1.753850   4.434509
   4   18    2.311801   0.446341    4.913074 100.000000
   4   19    2.291923   0.459965    5.041465   2.757530
   4   20    2.104870   0.446393  100.000000   1.468763
   4   21    2.097281   0.496726  100.000000   2.066524
   4   22    1.988880   0.436269    5.117810 100.000000
   4   23    1.866315   0.450022  100.000000   1.915324
   4   24    1.775180   0.451948  100.000000   4.985839
   4   25    1.608525   0.406803  100.000000 100.000000
   4   26    1.500851   0.410789  100.000000 100.000000
   4   27    1.499577   0.467478  100.000000   3.812042
   4   28    1.328643   0.493096  100.000000   4.396330
   4   29    1.207677   0.457693    5.628243   3.226013
   4   30    1.128119   0.423727    1.856888 100.000000
   4   31    1.040249   0.418018    1.412534   1.757574
   4   32    0.946179   0.461671  100.000000 100.000000
   4   33    0.885642   0.436787    5.985300 100.000000
   4   34    0.759541   0.426696    3.623003 100.000000
   4   35    0.680639   0.474040  100.000000 100.000000
   4   36    0.520963   0.497562  100.000000 100.000000
   4   37    0.413078   0.462573    3.494958   5.842847
   4   38    0.329068   0.468047    4.210841 100.000000
   4   39    0.208080   0.448823  100.000000   1.952655
   4   40    0.192779   0.459427  100.000000   5.417416
   4   41    0.054252   0.443929  100.000000   5.246770
   5    0    4.168526   0.534790  100.000000 100.000000
   5    1    4.047514   0.559032    4.085531   2.612909
   5    2    3.981763   0.575720  100.000000   5.779484
   5    3    3.818642   0.501074  100.000000 100.000000
   5    4    3.703071   0.596229  100.000000 100.000000
   5    5    3.610337   0.556278  100.000000   3.818596
   5    6    3.535193   0.576052    4.594163 100.000000
   5    7    3.444606   0.586838  100.000000 100.000000
   5    8    3.387164   0.548147    4.066411   3.223205
   5    9    3.235786   0.599425  100.000000 100.000000
   5   10    3.113828   0.572021  100.000000 100.000000
   5   11    3.011195   0.549714    4.621950   1.641969
   5   12    2.955552   0.551922    4.516341   4.769319
   5   13    2.883537   0.594158    2.034818 100.000000
   5   14    2.745108   0.571779  100.000000 100.000000
   5   15    2.619077   0.576597    1.965783   1.281963
   5   16    2.518815   0.524119  100.000000   3.594506
   5   17    2.479113   0.558005    1.068236   1.074101
   5   18    2.352060   0.500764  100.000000   3.683777
   5   19    2.222970   0.567398  100.000000 100.000000
   5   20    2.174449   0.533800  100.000000 100.000000
   5   21    2.050799   0.520008  100.000000 100.000000
   5   22    1.916711   0.544962  100.000000 100.000000
   5   23    1.814879   0.567233  100.000000   5.391344
   5   24    1.768236   0.579142    3.373224 100.000000
   5   25    1.637165   0.555517  100.000000 100.000000
   5   26    1.531690   0.550986    4.987360   4.773025
   5   27    1.404183   0.598380  100.000000   4.252814
   5   28    1.339269   0.548542  100.000000 100.000000
   5   29    1.232083   0.566468    4.154331 100.000000
   5   30    1.194614   0.537714    1.031116 100.000000
   5   31    1.075915   0.560947    4.071289 100.000000
   5   32    0.960461   0.523637  100.000000   1.669749
   5   33    0.848225   0.585338    3.965229   2.557158
   5   34    0.706395   0.514579  100.000000   3.808158
   5   35    0.671240   0.577996  100.000000   4.197858
   5   36    0.570922   0.575440  100.000000 100.000000
   5   37    0.437409   0.546797  100.000000 100.000000
   5   38    0.357393   0.592452  100.000000 100.000000
   5   39    0.243119   0.557607    3.399999   4.337875
   5   40    0.173996   0.550824  100.000000 100.000000
   5   41    0.055229   0.580676  100.000000 100.000000
   6    0    4.114555   0.696240    3.776076 100.000000
   6    1    4.062584   0.678273    4.222960 100.000000
   6    2    3.983780   0.605122    2.526373   2.924056
   6    3    3.881390   0.640892    2.641837 100.000000
   6    4    3.773318   0.615886  100.000000 100.000000
   6    5    3.683652   0.680213    2.852840 100.000000
   6    6    3.510149   0.626346    2.186643 100.000000
   6    7    3.490927   0.688051  100.000000   5.113055
   6    8    3.375793   0.698063  100.000000 100.000000
   6    9    3.241439   0.646242  100.000000 100.000000
   6   10    3.171552   0.651222  100.000000   4.012414
   6   11    3.077079   0.670233  100.000000 100.000000
   6   12    2.961205   0.656301    5.250573 100.000000
   6   13    2.812320   0.649391  100.000000 100.000000
   6   14    2.795680   0.656340    2.766993 100.000000
   6   15    2.650885   0.653539  100.000000 100.000000
   6   16    2.528700   0.652963  100.000000   1.385119
   6   17    2.441140   0.696867  100.000000   3.928599
   6   18    2.380988   0.607924    2.594015   3.175663
   6   19    2.284870   0.653710  100.000000   5.581272
   6   20    2.146673   0.671149    5.236524 100.000000
   6   21    2.048698   0.677691    4.194836 100.000000
   6   22    1.928231   0.624150  100.000000 100.000000
   6   23    1.805290   0.652055  100.000000 100.000000
   6   24    1.758471   0.648992    1.261776 100.000000
   6   25    1.692702   0.617430    1.986821 100.000000
   6   26    1.510663   0.600664    2.929951 100.000000
   6   27    1.485385   0.649316  100.000000   2.654729
   6   28    1.393849   0.659393  100.000000 100.000000
   6   29    1.206073   0.665379    4.247180 100.000000
   6   30    1.130663   0.644879    2.860654 100.000000
   6   31    1.063922   0.658878  100.000000   1.956467
   6   32    0.935814   0.629610  100.000000 100.000000
   6   33    0.888948   0.644489  100.000000 100.000000
   6   34    0.700612   0.644565    2.203117 100.000000
   6   35    0.617573   0.632879    2.178065 100.000000
   6   36    0.537951   0.607877  100.000000   1.305279
   6   37    0.439316   0.602989    3.060939 100.000000
   6   38    0.386128   0.654503    5.079918   1.453730
   6   39    0.244896   0.663115    1.754854   5.513049
   6   40    0.136779   0.612085  100.000000 100.000000
   6   41    0.052926   0.603556    3.303965   3.886530
   7    0    4.131298   0.755485    2.477310 100.000000
   7    1    4.061291   0.713177    2.811337 100.000000
   7    2    3.930941   0.722149    1.236204 100.000000
   7    3    3.889402   0.709446    4.028058   4.584697
   7    4    3.731929   0.751003    1.181707 100.000000
   7    5    3.622005   0.739394  100.000000   4.596906
   7    6    3.543598   0.742731    3.941967 100.000000
   7    7    3.445406   0.790316    2.244888   4.278972
   7    8    3.387615   0.719486  100.000000   4.697481
   7    9    3.241506   0.783516    1.555116   1.295510
   7   10    3.112700   0.746220    3.125939 100.000000
   7   11    3.068328   0.764349  100.000000 100.000000
   7   12    2.958051   0.752620  100.000000   4.141701
   7   13    2.804822   0.750894    4.373868 100.000000
   7   14    2.710033   0.777946  100.000000 100.000000
   7   15    2.610814   0.744298  100.000000   2.825477
   7   16    2.568807   0.737133  100.000000   1.312765
   7   17    2.420891   0.782266  100.000000   2.120296
   7   18    2.382799   0.712526    3.160948 100.000000
   7   19    2.246342   0.751555    3.728870 100.000000
   7   20    2.111898   0.783316  100.000000 100.000000
   7   21    2.091941   0.731068    1.158312   4.661727
   7   22    1.992889   0.776252  100.000000 100.000000
   7   23    1.807068   0.773437    5.325454 100.000000
   7   24    1.754644   0.750128  100.000000 100.000000
   7   25    1.686295   0.754597  100.000000   1.508052
   7   26    1.581118   0.797974  100.000000 100.000000
   7   27    1.426865   0.764074  100.000000   4.852624
   7   28    1.314545   0.722026  100.000000   4.130078
   7   29    1.221244   0.780572    3.313574   1.229588
   7   30    1.186574   0.704489    1.831555   3.491432
   7   31    1.006096   0.750257  100.000000   4.494849
   7   32    0.947876   0.756549  100.000000 100.000000
   7   33    0.829001   0.709496  100.000000   5.274601
   7   34    0.722408   0.771778    2.827821 100.000000
   7   35    0.633831   0.763756  100.000000   2.830434
   7   36    0.506914   0.782809  100.000000 100.000000
   7   37    0.407173   0.742108    1.227283 100.000000
   7   38    0.300111   0.789807  100.000000 100.000000
   7   39    0.232296   0.745421    5.834983   4.406373
   7   40    0.170250   0.749147  100.000000   1.757795
   7   41    0.035414   0.725628    5.010231   2.041790
   8    0    4.160208   0.885669    4.480205 100.000000
   8    1    4.004830   0.848468    3.429993   5.758780
   8    2    3.987448   0.891582    5.317094 100.000000
   8    3    3.884024   0.861771    5.954221 100.000000
   8    4    3.720826   0.810953    2.443649   4.117239
   8    5    3.624852   0.865075  100.000000   5.399718
   8    6    3.500023   0.838320    3.328728   1.220586
   8    7    3.470279   0.854831  100.000000   3.861181
   8    8    3.337962   0.813546  100.000000   1.244491
   8    9    3.253455   0.837646    3.668147 100.000000
   8   10    3.173070   0.807612  100.000000 100.000000
   8   11    3.067292   0.885915  100.000000 100.000000
   8   12    2.928825   0.846751  100.000000 100.000000
   8   13    2.871994   0.893160  100.000000 100.000000
   8   14    2.712428   0.867782  100.000000 100.000000
   8   15    2.684240   0.857918    1.038169 100.000000
   8   16    2.526770   0.881727  100.000000 100.000000
   8   17    2.418399   0.822042    5.153193 100.000000
   8   18    2.306098   0.841901  100.000000   2.246480
   8   19    2.219079   0.898215    5.058034   1.509725
   8   20    2.198248   0.893399    2.775201   4.721290
   8   21    2.066299   0.897199    3.019670   4.849077
   8   22    1.902681   0.856506  100.000000 100.000000
   8   23    1.879093   0.875892  100.000000   2.353062
   8   24    1.749607   0.852805    3.234910 100.000000
   8   25    1.698846   0.811952    5.565697   2.864770
   8   26    1.576431   0.889940    2.928221   2.807805
   8   27    1.407302   0.879264  100.000000 100.000000
   8   28    1.344420   0.834392    3.360829 100.000000
   8   29    1.237938   0.826851    1.703605 100.000000
   8   30    1.165534   0.836086  100.000000 100.000000
   8   31    1.084458   0.852102  100.000000 100.000000
   8   32    0.935851   0.806276    3.137265   2.160576
   8   33    0.860840   0.898325    3.946886 100.000000
   8   34    0.711160   0.862860  100.000000   3.339802
   8   35    0.633341   0.821909  100.000000   1.913918
   8   36    0.501496   0.803356  100.000000   5.224887
   8   37    0.448260   0.820411    2.841146 100.000000
   8   38    0.352549   0.878996    2.699430   5.208371
   8   39    0.211835   0.877822    2.518078   1.244119
   8   40    0.180625   0.869647    5.502122 100.000000
   8   41    0.027658   0.816429  100.000000 100.000000
   9    0    4.152915   0.905346  100.000000   3.937263
   9    1    4.090348   0.961527  100.000000   2.256570
   9    2    3.905083   0.902869    3.172140   4.477622
   9    3    3.861345   0.903129  100.000000 100.000000
   9    4    3.787516   0.923736    4.405329 100.000000
   9    5    3.625824   0.908394    2.464763 100.000000
   9    6    3.537499   0.963449  100.000000   1.150774
   9    7    3.434174   0.940024  100.000000   5.566240
   9    8    3.316054   0.965537  100.000000 100.000000
   9    9    3.271131   0.944559    5.969092   1.359831
   9   10    3.193878   0.944250  100.000000 100.000000
   9   11    3.000145   0.911598  100.000000 100.000000
   9   12    2.944986   0.919954    3.816130 100.000000
   9   13    2.839033   0.917512    1.158293 100.000000
   9   14    2.734008   0.974839    4.225275   5.623164
   9   15    2.604525   0.948279    5.893121   1.242388
   9   16    2.537390   0.914201    5.533571   2.376288
   9   17    2.494307   0.934118  100.000000 100.000000
   9   18    2.362995   0.937653  100.000000   5.348543
   9   19    2.288945   0.962059    3.118684   5.153683
   9   20    2.129709   0.929505  100.000000 100.000000
   9   21    2.092158   0.927392  100.000000   2.306607
   9   22    1.917551   0.927592    2.539400 100.000000
   9   23    1.873904   0.909353  100.000000 100.000000
   9   24    1.703684   0.993798    3.844577   3.302546
   9   25    1.690955   0.981383    4.902301   1.386185
   9   26    1.555604   0.989208    4.438907 100.000000
   9   27    1.474417   0.974976    1.092338   1.656306
   9   28    1.354226   0.960330    5.855617   4.774002
   9   29    1.256400   0.904781  100.000000 100.000000
   9   30    1.126475   0.994981  100.000000 100.000000
   9   31    1.014527   0.934947  100.000000 100.000000
   9   32    0.961962   0.915627  100.000000 100.000000
   9   33    0.850321   0.934098  100.000000 100.000000
   9   34    0.731987   0.982769    2.512094   1.763806
   9   35    0.624280   0.902353    4.196525   5.231888
   9   36    0.525071   0.934890  100.000000 100.000000
   9   37    0.400184   0.950424    4.375968 100.000000
   9   38    0.373836   0.952206    4.864252   2.116214
   9   39    0.279536   0.972529    1.559001 100.000000
   9   40    0.146331   0.963474    2.741591 100.000000
   9   41    0.089330   0.984040  100.000000 100.000000
  10    0    4.175760   1.070055    4.197642 100.000000
  10    1    4.054700   1.058917  100.000000 100.000000
  10    2    3.920012   1.086701  100.000000   5.316570
  10    3    3.809591   1.027763    4.510416   4.807135
  10    4    3.798969   1.089847  100.000000 100.000000
  10    5    3.683527   1.045222  100.000000 100.000000
  10    6    3.535732   1.060933  100.000000   3.964348
  10    7    3.470155   1.034466  100.000000 100.000000
  10    8    3.349828   1.032691    5.694920   3.231008
  10    9    3.265085   1.077700    3.433855 100.000000
  10   10    3.145630   1.016754    3.477118 100.000000
  10   11    3.085132   1.024844    1.950356   4.399786
  10   12    2.970894   1.058323    1.777322 100.000000
  10   13    2.840813   1.004913  100.000000 100.000000
  10   14    2.755531   1.096855  100.000000 100.000000
  10   15    2.610779   1.039432  100.000000 100.000000
  10   16    2.547649   1.079309  100.000000 100.000000
  10   17    2.432594   1.024485  100.000000   2.014612
  10   18    2.357471   1.022575  100.000000 100.000000
  10   19    2.224949   1.063116    2.730740 100.000000
  10   20    2.174225   1.029213    5.627902   3.173050
  10   21    2.013977   1.062957    1.534736 100.000000
  10   22    1.995745   1.045434  100.000000 100.000000
  10   23    1.898561   1.045756    5.026016   2.003227
  10   24    1.750292   1.061023  100.000000   1.965756
  10   25    1.659761   1.092865  100.000000   3.317229
  10   26    1.581595   1.004776    2.745283   1.929154
  10   27    1.453755   1.097003  100.000000   3.448032
  10   28    1.341105   1.035691    1.974921 100.000000
  10   29    1.206427   1.061061    3.122545   3.344394
  10   30    1.151548   1.093172    2.300760 100.000000
  10   31    1.051932   1.016382  100.000000   5.756940
  10   32    0.988262   1.006594  100.000000 100.000000
  10   33    0.843066   1.027256    1.052394 100.000000
  10   34    0.766435   1.068713    3.997312   4.516963
  10   35    0.608358   1.061008  100.000000   4.295358
  10   36    0.508138   1.002145  100.000000 100.000000
  10   37    0.428193   1.030950    2.409579   4.835791
  10   38    0.373879   1.093619    5.408726   2.885516
  10   39    0.219220   1.019179    3.425238 100.000000
  10   40    0.124729   1.066786    3.770122   4.230989
  10   41    0.033039   1.020736  100.000000 100.000000
  11    0    4.155614   1.162136  100.000000   3.424542
  11    1    4.036780   1.152318  100.000000 100.000000
  11    2    3.952962   1.192253    2.553050   1.745411
  11    3    3.893462   1.141966  100.000000   3.727826
  11    4    3.781436   1.195562  100.000000   3.424640
  11    5    3.666504   1.112197    2.293103 100.000000
  11    6    3.584894   1.196998    4.855115   5.296669
  11    7    3.424021   1.155948    2.238912 100.000000
  11    8    3.361425   1.188976    2.197435   5.302671
  11    9    3.290273   1.105867    2.461216   3.291794
  11   10    3.193842   1.135892  100.000000   1.446744
  11   11    3.003227   1.109170    5.060237   1.415474
  11   12    2.911939   1.111076  100.000000   1.206947
  11   13    2.890753   1.145847  100.000000   3.251363
  11   14    2.762925   1.175100    3.715802   4.066537
  11   15    2.624838   1.192428  100.000000 100.000000
  11   16    2.550825   1.167601    3.203690 100.000000
  11   17    2.477292   1.145389    3.273516 100.000000
  11   18    2.359602   1.107919  100.000000 100.000000
  11   19    2.246640   1.101842    4.347532   5.978616
  11   20    2.135727   1.190696    5.011729   5.766052
  11   21    2.062002   1.139279    4.912884   5.628568
  11   22    1.926443   1.183684  100.000000 100.000000
  11   23    1.835049   1.152711  100.000000 100.000000
  11   24    1.724434   1.188183  100.000000 100.000000
  11   25    1.629478   1.156106  100.000000 100.000000
  11   26    1.597576   1.125171    3.406732   1.152027
  11   27    1.499638   1.128138    3.279906   5.918774
  11   28    1.389808   1.116712  100.000000 100.000000
  11   29    1.294908   1.159816  100.000000   1.185950
  11   30    1.166486   1.116859  100.000000 100.000000
  11   31    1.017989   1.126892    2.290637 100.000000
  11   32    0.929137   1.168832  100.000000   2.026886
  11   33    0.833901   1.178926  100.000000 100.000000
  11   34    0.750065   1.153437    2.529143 100.000000
  11   35    0.697674   1.147543  100.000000   4.918288
  11   36    0.559883   1.188750    4.326406 100.000000
  11   37    0.472285   1.117371    4.751864 100.000000
  11   38    0.305400   1.196119  100.000000   2.158083
  11   39    0.243274   1.146407    3.832621 100.000000
  11   40    0.159637   1.122739    2.645175 100.000000
  11   41    0.006053   1.139203    1.518014   3.519597
  12    0    4.187294   1.295247  100.000000 100.000000
  12    1    4.019793   1.227640  100.000000   5.423469
  12    2    3.952555   1.240708    1.050735 100.000000
  12    3    3.834488   1.241897  100.000000   3.656024
  12    4    3.759215   1.256222    5.548231   5.243311
  12    5    3.636604   1.256039    4.965212 100.000000
  12    6    3.573577   1.298717    1.109302   4.995875
  12    7    3.496169   1.239470  100.000000   1.955050
  12    8    3.304436   1.222328  100.000000 100.000000
  12    9    3.217712   1.208846  100.000000   3.978455
  12   10    3.148106   1.212682  100.000000   5.665922
  12   11    3.074293   1.285425    4.125267 100.000000
  12   12    2.936753   1.221485  100.000000   4.519311
  12   13    2.899786   1.287504    3.940023   4.332133
  12   14    2.714352   1.204821  100.000000 100.000000
  12   15    2.677493   1.206933    2.820330 100.000000
  12   16    2.527256   1.296897  100.000000   5.583323
  12   17    2.451575   1.239172  100.000000 100.000000
  12   18    2.312609   1.274503    4.861779 100.000000
  12   19    2.208199   1.268115    2.639968   4.474746
  12   20    2.118770   1.235438    2.099741 100.000000
  12   21    2.096703   1.252514    3.606098 100.000000
  12   22    1.914392   1.248415  100.000000   5.522653
  12   23    1.861822   1.234921  100.000000   5.636625
  12   24    1.701937   1.200632    1.070351   2.001176
  12   25    1.690273   1.292486    5.608332   3.964632
  12   26    1.520575   1.238734  100.000000 100.000000
  12   27    1.479912   1.287739    3.872842   1.516198
  12   28    1.378661   1.222448    2.474521 100.000000
  12   29    1.248869   1.272200    3.597767 100.000000
  12   30    1.147140   1.238207    4.551685   1.229901
  12   31    1.008693   1.216601  100.000000   1.539966
  12   32    0.910791   1.234825    1.965102   2.135588
  12   33    0.896370   1.264552  100.000000   4.484677
  12   34    0.719065   1.253095    5.639658   5.505209
  12   35    0.659935   1.254745  100.000000 100.000000
  12   36    0.563401   1.283784    3.112198 100.000000
  12   37    0.441293   1.254468  100.000000   1.024092
  12   38    0.374963   1.281399  100.000000   2.266906
  12   39    0.287994   1.214935  100.000000 100.000000
  12   40    0.132414   1.237421    3.123713   1.705348
  12   41    0.034129   1.245016    5.792961 100.000000
  13    0    4.174117   1.398973    4.528553   2.949366
  13    1    4.004023   1.374087    3.734836   1.465595
  13    2    3.966212   1.354420  100.000000 100.000000
  13    3    3.850919   1.354550    4.315445 100.000000
  13    4    3.725657   1.390021    1.336028   3.738012
  13    5    3.611705   1.334407    1.743893 100.000000
  13    6    3.517413   1.375536    3.468493 100.000000
  13    7    3.484034   1.377096    5.276606 100.000000
  13    8    3.334910   1.343238  100.000000 100.000000
  13    9    3.274231   1.388561    4.072844 100.000000
  13   10    3.107463   1.338227  100.000000   2.738202
  13   11    3.004964   1.326313  100.000000   5.656531
  13   12    2.995604   1.316637  100.000000   1.415613
  13   13    2.823209   1.376472    4.848684   1.193509
  13   14    2.760336   1.331252  100.000000 100.000000
  13   15    2.663032   1.399125  100.000000 100.000000
  13   16    2.590449   1.317331    2.064742   1.996544
  13   17    2.434960   1.303602    2.630231 100.000000
  13   18    2.386702   1.313577  100.000000   4.793294
  13   19    2.207547   1.303608    4.514975   3.195458
  13   20    2.190329   1.303177    2.210338 100.000000
  13   21    2.061275   1.349641    2.074271 100.000000
  13   22    1.920819   1.313839  100.000000   5.877817
  13   23    1.839108   1.342802    5.334866 100.000000
  13   24    1.792680   1.371110    3.781505 100.000000
  13   25    1.636121   1.376767    3.436902   3.453260
  13   26    1.500386   1.387593    3.072865   4.851339
  13   27    1.483154   1.388605  100.000000 100.000000
  13   28    1.354260   1.392796  100.000000   3.529622
  13   29    1.268188   1.323069  100.000000   1.949133
  13   30    1.147677   1.301101    3.044110 100.000000
  13   31    1.040268   1.374361    4.854529 100.000000
  13   32    0.987729   1.388933  100.000000 100.000000
  13   33    0.867752   1.349633  100.000000   2.808478
  13   34    0.790705   1.355408    3.673336   1.784539
  13   35    0.661503   1.302224  100.000000   4.507311
  13   36    0.574958   1.354949    1.950912   4.338037
  13   37    0.468274   1.323850  100.000000   3.931578
  13   38    0.346087   1.326461    3.891466 100.000000
  13   39    0.288332   1.352268    4.548898   5.363398
  13   40    0.125256   1.307049  100.000000   1.061586
  13   41    0.012284   1.325282  100.000000   1.824724
  14    0    4.103877   1.448688  100.000000 100.000000
  14    1    4.019474   1.473333  100.000000 100.000000
  14    2    3.974412   1.479632  100.000000 100.000000
  14    3    3.879420   1.442492    5.574307   5.841314
  14    4    3.760857   1.495288    1.760338   2.065178
  14    5    3.658571   1.484234  100.000000 100.000000
  14    6    3.516845   1.452762  100.000000   4.662704
  14    7    3.481340   1.455010    5.118366   3.293274
  14    8    3.364232   1.433391    1.161655 100.000000
  14    9    3.201888   1.455283    5.221997 100.000000
  14   10    3.183699   1.480956  100.000000 100.000000
  14   11    3.011163   1.446055  100.000000   3.937041
  14   12    2.976470   1.470897  100.000000 100.000000
  14   13    2.812351   1.445704  100.000000   4.142264
  14   14    2.712803   1.485935    5.999059 100.000000
  14   15    2.643428   1.490121    1.384215   3.973231
  14   16    2.534502   1.451106  100.000000   2.436119
  14   17    2.437021   1.457029  100.000000   5.579603
  14   18    2.323386   1.431438  100.000000   1.918504
  14   19    2.278544   1.420862    1.573530   4.667477
  14   20    2.196914   1.482500    1.157388 100.000000
  14   21    2.033325   1.436274    1.161543 100.000000
  14   22    1.908269   1.444591    4.602306 100.000000
  14   23    1.810362   1.438330    4.003512 100.000000
  14   24    1.741287   1.468385    5.693765 100.000000
  14   25    1.639752   1.485964  100.000000 100.000000
  14   26    1.503799   1.458654    5.194396   4.504399
  14   27    1.453725   1.469855  100.000000   2.168478
  14   28    1.392654   1.496893  100.000000   4.659980
  14   29    1.213117   1.453865  100.000000   3.265970
  14   30    1.187826   1.485792    2.590848 100.000000
  14   31    1.020426   1.485802    5.995326 100.000000
  14   32    0.919261   1.441328  100.000000 100.000000
  14   33    0.889306   1.462337  100.000000 100.000000
  14   34    0.793156   1.412732    1.750952 100.000000
  14   35    0.665915   1.414914    1.327633 100.000000
  14   36    0.551825   1.499177    5.277023   1.517551
  14   37    0.460871   1.410209  100.000000   5.912097
  14   38    0.342779   1.492589  100.000000   2.364574
  14   39    0.293506   1.443264  100.000000 100.000000
  14   40    0.142092   1.402817    5.327260 100.000000
  14   41    0.055872   1.449091    4.504818 100.000000
  15    0    4.113525   1.572869    4.270175   4.817779
  15    1    4.048426   1.589332    4.639575 100.000000
  15    2    3.969318   1.520373    3.380523 100.000000
  15    3    3.849278   1.521871  100.000000   2.176276
  15    4    3.716442   1.567062  100.000000 100.000000
  15    5    3.677784   1.521547  100.000000 100.000000
  15    6    3.583546   1.542796  100.000000 100.000000
  15    7    3.403387   1.587994    4.978329 100.000000
  15    8    3.398527   1.504626    3.277612 100.000000
  15    9    3.211706   1.532964  100.000000 100.000000
  15   10    3.183488   1.527932  100.000000   5.158992
  15   11    3.072487   1.534037  100.000000   4.806345
  15   12    2.964363   1.569939  100.000000 100.000000
  15   13    2.812206   1.576653  100.000000 100.000000
  15   14    2.700035   1.559532    1.037151 100.000000
  15   15    2.658126   1.521663    5.382377   1.901258
  15   16    2.509958   1.592223    1.194523   1.540093
  15   17    2.486901   1.538367    1.667779 100.000000
  15   18    2.335701   1.533147  100.000000 100.000000
  15   19    2.285964   1.535758  100.000000 100.000000
  15   20    2.120418   1.526636    2.369619 100.000000
  15   21    2.042994   1.532705  100.000000 100.000000
  15   22    1.942314   1.549945    3.739530   4.068994
  15   23    1.800456   1.516696    5.821916   1.760664
  15   24    1.715996   1.599278    4.649832   4.690942
  15   25    1.681612   1.573981  100.000000   3.306796
  15   26    1.573023   1.578854  100.000000   3.028999
  15   27    1.492974   1.547622    3.782890   5.920316
  15   28    1.361903   1.590662  100.000000   2.090979
  15   29    1.200184   1.572778  100.000000 100.000000
  15   30    1.110006   1.581325  100.000000   2.457181
  15   31    1.001295   1.599960  100.000000   4.276823
  15   32    0.977594   1.522058  100.000000 100.000000
  15   33    0.833986   1.521954  100.000000 100.000000
  15   34    0.705618   1.586184  100.000000 100.000000
  15   35    0.688534   1.521456    1.430098   4.297522
  15   36    0.531055   1.599596    5.942467 100.000000
  15   37    0.495225   1.530983    3.027640   4.095058
  15   38    0.371718   1.584336    2.728470 100.000000
  15   39    0.294244   1.548541  100.000000 100.000000
  15   40    0.156863   1.512923    1.095618 100.000000
  15   41    0.056128   1.552419    3.584955 100.000000
