   0    0    3.796737   0.044724  100.000000 100.000000
   0    1    3.645214   0.061357  100.000000   4.289775
   0    2    3.523352   0.046431    2.491257 100.000000
   0    3    3.401289   0.064048    4.059745   1.843005
   0    4    3.341624   0.098702    4.184904   1.285692
   0    5    3.283533   0.080111    1.202987 100.000000
   0    6    3.179182   0.097660    1.062325   3.729291
   0    7    3.084674   0.017945    4.617482 100.000000
   0    8    2.979544   0.028140    5.779456   5.907282
   0    9    2.865200   0.030360    2.350717 100.000000
   0   10    2.767693   0.048160    1.946648   3.870942
   0   11    2.699713   0.078510    5.898639   3.829791
   0   12    2.520487   0.059814    2.195492 100.000000
   0   13    2.422473   0.016389  100.000000   5.177856
   0   14    2.387461   0.083203    3.659321 100.000000
   0   15    2.221476   0.083621  100.000000   5.335980
   0   16    2.171221   0.090293    4.895156   2.124598
   0   17    2.006609   0.007396    3.476412   4.266875
   0   18    1.981621   0.075954    4.135477 100.000000
   0   19    1.857110   0.091863    1.545281   5.209476
   0   20    1.769555   0.016266  100.000000   4.203350
   0   21    1.618040   0.001971  100.000000 100.000000
   0   22    1.577349   0.005496    2.455720 100.000000
   0   23    1.440281   0.055737    2.569209   2.290867
   0   24    1.300633   0.046072    3.184476 100.000000
   0   25    1.267835   0.027396    1.082552 100.000000
   0   26    1.115041   0.070663  100.000000   2.805576
   0   27    1.096406   0.073713  100.000000 100.000000
   0   28    0.958492   0.038604    1.482475   4.330810
   0   29    0.816955   0.003238    5.976841   4.259948
   0   30    0.771262   0.058986    1.465965   5.007567
   0   31    0.605041   0.071379    1.430591   4.654531
   0   32    0.558583   0.004819    2.600329 100.000000
   0   33    0.484509   0.063548    2.746825 100.000000
   0   34    0.333423   0.025576  100.000000   1.382994
   0   35    0.243534   0.081280  100.000000   1.859948
   0   36    0.130403   0.080643  100.000000   2.391645
   0   37    0.074557   0.037376  100.000000   5.866758
   1    0    3.780829   0.148263  100.000000   1.302880
   1    1    3.613472   0.118928  100.000000   2.427986
   1    2    3.528140   0.147399  100.000000   3.005449
   1    3    3.416233   0.191759  100.000000   4.848619
   1    4    3.344153   0.198138  100.000000   5.256757
   1    5    3.257104   0.116136  100.000000 100.000000
   1    6    3.193803   0.128498    4.044644 100.000000
   1    7    3.008796   0.188570    3.826734   5.274460
   1    8    2.987634   0.130754    3.285280 100.000000
   1    9    2.885575   0.128526    2.821036 100.000000
   1   10    2.746973   0.186685    3.998246 100.000000
   1   11    2.647052   0.177712  100.000000 100.000000
   1   12    2.562260   0.138727  100.000000 100.000000
   1   13    2.435840   0.147648  100.000000 100.000000
   1   14    2.346615   0.188053  100.000000 100.000000
   1   15    2.260091   0.176170    3.574991 100.000000
   1   16    2.157978   0.153425  100.000000   2.263490
   1   17    2.064032   0.187046  100.000000 100.000000
   1   18    1.940821   0.113766  100.000000   1.561339
   1   19    1.841378   0.152701    3.348401 100.000000
   1   20    1.785379   0.132817    3.801967 100.000000
   1   21    1.651459   0.152578    5.840561 100.000000
   1   22    1.581958   0.185796    3.444765 100.000000
   1   23    1.427277   0.188350  100.000000   4.998904
   1   24    1.395046   0.159544  100.000000 100.000000
   1   25    1.249468   0.123380    3.383852   5.625431
   1   26    1.163755   0.144503  100.000000 100.000000
   1   27    1.059795   0.171182  100.000000   1.274867
   1   28    0.932283   0.113565    3.987524   1.027594
   1   29    0.819819   0.130307    1.488961   3.296652
   1   30    0.735876   0.134255    1.582055   2.234746
   1   31    0.640043   0.111759    3.507089   1.973140
   1   32    0.562291   0.189362  100.000000   2.540758
   1   33    0.402664   0.135960    3.665636   5.613205
   1   34    0.341578   0.118111  100.000000 100.000000
   1   35    0.294219   0.135902    4.973954 100.000000
   1   36    0.113452   0.158606    2.937540   5.463474
   1   37    0.077333   0.108169    2.893791   2.429445
   2    0    3.775728   0.225959    5.675677 100.000000
   2    1    3.626446   0.282623    4.643974 100.000000
   2    2    3.529001   0.202367    3.489779   1.406943
   2    3    3.479313   0.203444    2.111812 100.000000
   2    4    3.310840   0.225700  100.000000 100.000000
   2    5    3.242714   0.270022  100.000000 100.000000
   2    6    3.185504   0.235747    5.195377 100.000000
   2    7    3.011113   0.278756    5.845764   1.016065
   2    8    2.992541   0.219270  100.000000 100.000000
   2    9    2.886757   0.247327  100.000000   2.996140
   2   10    2.769271   0.211266  100.000000   4.544205
   2   11    2.632919   0.229928    3.662332 100.000000
   2   12    2.594224   0.239401  100.000000 100.000000
   2   13    2.438678   0.289854  100.000000 100.000000
   2   14    2.386387   0.229595    2.582276 100.000000
   2   15    2.274261   0.247851    1.856565   3.881389
   2   16    2.169779   0.203126  100.000000   5.590977
   2   17    2.018855   0.285472    4.060081   4.836036
   2   18    1.941008   0.289963    2.015427 100.000000
   2   19    1.825402   0.289017  100.000000 100.000000
   2   20    1.728012   0.256043  100.000000   5.610712
   2   21    1.686498   0.216265    2.638315 100.000000
   2   22    1.514521   0.209074  100.000000 100.000000
   2   23    1.460755   0.208586  100.000000   1.006970
   2   24    1.334880   0.242354  100.000000 100.000000
   2   25    1.254626   0.235895  100.000000   2.100564
   2   26    1.136574   0.243732  100.000000   1.436133
   2   27    1.057923   0.245112    3.870421   2.989737
   2   28    0.937757   0.296214    3.189482 100.000000
   2   29    0.861385   0.209097  100.000000   2.264433
   2   30    0.728789   0.233905  100.000000 100.000000
   2   31    0.669095   0.204154  100.000000 100.000000
   2   32    0.513593   0.263403  100.000000   3.133804
   2   33    0.450589   0.262344    5.333685 100.000000
   2   34    0.335144   0.226127    3.013969   2.873030
   2   35    0.286266   0.261399  100.000000   1.180445
   2   36    0.173622   0.244683    1.800330   5.670531
   2   37    0.094228   0.292667  100.000000   1.613368
   3    0    3.738444   0.336578    2.508688 100.000000
   3    1    3.616128   0.391902    1.844339 100.000000
   3    2    3.584676   0.377236    4.348409   2.950496
   3    3    3.491249   0.391874  100.000000 100.000000
   3    4    3.359893   0.368656    3.534442 100.000000
   3    5    3.230879   0.396141    1.637415 100.000000
   3    6    3.165625   0.304595    3.889340   2.755272
   3    7    3.066274   0.379380  100.000000 100.000000
   3    8    2.904053   0.338209  100.000000 100.000000
   3    9    2.862379   0.340513  100.000000   5.069926
   3   10    2.771774   0.365364    1.663817 100.000000
   3   11    2.649516   0.389375    4.328032   5.456125
   3   12    2.524026   0.353420    5.723055 100.000000
   3   13    2.455028   0.338721    5.666455 100.000000
   3   14    2.312408   0.330926    3.512071   1.788108
   3   15    2.241378   0.314259    4.982880   4.394291
   3   16    2.131593   0.363668    2.088880   5.767875
   3   17    2.055368   0.306530  100.000000   5.095239
   3   18    1.961155   0.362327  100.000000 100.000000
   3   19    1.886952   0.384273    1.276045 100.000000
   3   20    1.766252   0.317348    4.396556   4.316714
   3   21    1.633046   0.333933  100.000000 100.000000
   3   22    1.539441   0.307453    2.044396 100.000000
   3   23    1.485330   0.327199  100.000000   2.916057
   3   24    1.360505   0.361988    5.367990   3.365800
   3   25    1.248580   0.338686  100.000000 100.000000
   3   26    1.160542   0.339797    3.098123 100.000000
   3   27    1.002532   0.396379  100.000000 100.000000
   3   28    0.977935   0.303224  100.000000 100.000000
   3   29    0.869340   0.309290    4.273729   5.888151
   3   30    0.778040   0.354943  100.000000 100.000000
   3   31    0.614497   0.307221  100.000000   2.593674
   3   32    0.523137   0.370375  100.000000 100.000000
   3   33    0.492616   0.318159  100.000000   2.415993
   3   34    0.385199   0.374790    2.897336 100.000000
   3   35    0.216382   0.320939  100.000000   5.523048
   3   36    0.166052   0.382482  100.000000   2.986427
   3   37    0.040151   0.303748  100.000000 100.000000
   4    0    3.765432   0.450829    3.929382   3.351131
   4    1    3.689623   0.488318    3.904158 100.000000
   4    2    3.513624   0.498743  100.000000   2.518259
   4    3    3.433146   0.476506    4.963495   2.755502
   4    4    3.381934   0.490231    3.683532   5.269201
   4    5    3.206057   0.466178    4.665792   5.088264
   4    6    3.173622   0.469500  100.000000 100.000000
   4    7    3.046222   0.471579  100.000000 100.000000
   4    8    2.917981   0.438734    1.690230 100.000000
   4    9    2.807881   0.479198    5.678081   2.141665
   4   10    2.716000   0.418554    2.090167   3.446104
   4   11    2.607673   0.410680    5.685209   2.273903
   4   12    2.577269   0.498493  100.000000   2.395523
   4   13    2.462089   0.418825    4.405393   2.093629
   4   14    2.377294   0.479127    1.059302 100.000000
   4   15    2.230396   0.473450    5.372267   4.454264
   4   16    2.142302   0.470970    5.650515 100.000000
   4   17    2.086339   0.445232    1.719473   1.801173
   4   18    1.998102   0.410521    2.913254 100.000000
   4   19    1.884732   0.413293    3.540953   2.923070
   4   20    1.712990   0.465005    5.215132 100.000000
   4   21    1.628653   0.427123    4.576143   3.376399
   4   22    1.590243   0.424715    2.724320   3.386184
   4   23    1.429476   0.477747  100.000000 100.000000
   4   24    1.375513   0.438190  100.000000   2.641930
   4   25    1.271858   0.420347    4.765899 100.000000
   4   26    1.122810   0.494468  100.000000   1.677698
   4   27    1.095729   0.403175  100.000000 100.000000
   4   28    0.949430   0.445187    3.394153   2.136841
   4   29    0.873146   0.438998    2.313514 100.000000
   4   30    0.760895   0.450330  100.000000 100.000000
   4   31    0.604756   0.492915  100.000000 100.000000
   4   32    0.544763   0.461686  100.000000   4.970154
   4   33    0.479672   0.471819  100.000000 100.000000
   4   34    0.350519   0.405327  100.000000 100.000000
   4   35    0.263598   0.487703    5.389889   5.601126
   4   36    0.120827   0.426748    5.954148 100.000000
   4   37    0.096697   0.452528    5.097594 100.000000
   5    0    3.736731   0.554603  100.000000   5.070918
   5    1    3.697785   0.506168    2.946910 100.000000
   5    2    3.585634   0.544967  100.000000   2.542968
   5    3    3.429291   0.568786  100.000000 100.000000
   5    4    3.328250   0.555402  100.000000   4.757603
   5    5    3.242420   0.518740    1.354354 100.000000
   5    6    3.152509   0.524407  100.000000   5.529334
   5    7    3.043149   0.593955    2.011009 100.000000
   5    8    2.963813   0.561959  100.000000   5.769353
   5    9    2.882340   0.528061  100.000000   1.293445
   5   10    2.777476   0.576888  100.000000 100.000000
   5   11    2.682711   0.597921  100.000000   4.689400
   5   12    2.594762   0.570430    1.232768   4.297471
   5   13    2.430143   0.592975    3.915585   1.717296
   5   14    2.305903   0.525242    5.405526   1.004061
   5   15    2.296304   0.553333  100.000000 100.000000
   5   16    2.107858   0.587217    4.938379   5.348106
   5   17    2.051391   0.585340    4.076927 100.000000
   5   18    1.985799   0.590782    5.232047   2.434185
   5   19    1.838755   0.524595    2.728305 100.000000
   5   20    1.700961   0.512786  100.000000 100.000000
   5   21    1.627298   0.512002  100.000000 100.000000
   5   22    1.503124   0.527126  100.000000   3.120061
   5   23    1.426453   0.516884  100.000000   3.804905
   5   24    1.392251   0.587336    1.140099   2.895306
   5   25    1.206900   0.500110    2.201559   1.655062
   5   26    1.176984   0.524353  100.000000   2.874711
   5   27    1.063940   0.571912    4.114107   1.079401
   5   28    0.902870   0.534850  100.000000   4.419255
   5   29    0.800662   0.542073  100.000000 100.000000
   5   30    0.776456   0.530510  100.000000   2.668307
   5   31    0.601125   0.565233    1.920782 100.000000
   5   32    0.566658   0.532298    5.366768 100.000000
   5   33    0.483113   0.511918    4.330905   5.758289
   5   34    0.351249   0.579604  100.000000   5.132970
   5   35    0.271047   0.513915  100.000000   2.532974
   5   36    0.112308   0.585051  100.000000   1.559744
   5   37    0.092276   0.573967    3.133824 100.000000
   6    0    3.731829   0.651393  100.000000   3.698575
   6    1    3.607142   0.635873    4.621797 100.000000
   6    2    3.571050   0.693527  100.000000   2.767192
   6    3    3.461295   0.600394    3.653351   1.022487
   6    4    3.321963   0.675248  100.000000 100.000000
   6    5    3.297707   0.697870  100.000000   4.821239
   6    6    3.114592   0.639027    2.130855   1.097187
   6    7    3.021505   0.697769  100.000000   1.633879
   6    8    2.966542   0.674525  100.000000   5.622530
   6    9    2.869605   0.687451  100.000000 100.000000
   6   10    2.758634   0.637770  100.000000   2.911722
   6   11    2.691629   0.693778    5.999407 100.000000
   6   12    2.517582   0.648942  100.000000   5.730569
   6   13    2.479513   0.614919  100.000000 100.000000
   6   14    2.348348   0.696804  100.000000   1.230516
   6   15    2.241392   0.633529  100.000000   3.130863
   6   16    2.117583   0.687490    1.864292   1.719906
   6   17    2.032640   0.694344    2.732165 100.000000
   6   18    1.922361   0.602154  100.000000 100.000000
   6   19    1.849203   0.624826  100.000000   4.804527
   6   20    1.700154   0.669575    3.609195 100.000000
   6   21    1.699362   0.699743  100.000000   5.543050
   6   22    1.563061   0.603464    4.097038 100.000000
   6   23    1.446475   0.649254  100.000000   5.353264
   6   24    1.368438   0.604732    2.893815 100.000000
   6   25    1.204389   0.635898    5.339757   4.803659
   6   26    1.177569   0.667650  100.000000 100.000000
   6   27    1.079681   0.640386  100.000000   2.742508
   6   28    0.998963   0.697860  100.000000   5.918542
   6   29    0.819058   0.688220    5.282327 100.000000
   6   30    0.780500   0.699759  100.000000 100.000000
   6   31    0.637359   0.631742  100.000000 100.000000
   6   32    0.578263   0.688431    2.186291   1.912639
   6   33    0.495446   0.604755    2.221077   3.082424
   6   34    0.303419   0.674045  100.000000   5.723845
   6   35    0.259348   0.668442  100.000000   1.296977
   6   36    0.144965   0.663579    5.995452 100.000000
   6   37    0.086489   0.627316    1.683383 100.000000
   7    0    3.734267   0.750527  100.000000 100.000000
   7    1    3.600329   0.700308  100.000000   4.931873
   7    2    3.520457   0.704046  100.000000   2.791624
   7    3    3.405328   0.736443  100.000000   2.835146
   7    4    3.389996   0.762968    5.998054 100.000000
   7    5    3.247031   0.703357    1.366687   2.412414
   7    6    3.162861   0.720243    2.646902 100.000000
   7    7    3.011968   0.762864    5.199109 100.000000
   7    8    2.947724   0.747040    4.252734 100.000000
   7    9    2.861422   0.786848    2.442913 100.000000
   7   10    2.713626   0.790526  100.000000   3.005848
   7   11    2.649336   0.754500    1.934625   2.713258
   7   12    2.569577   0.789905  100.000000 100.000000
   7   13    2.494487   0.737301    3.302890 100.000000
   7   14    2.356195   0.714936  100.000000   3.718935
   7   15    2.296953   0.737901    4.926916 100.000000
   7   16    2.197596   0.760939  100.000000   1.376370
   7   17    2.084757   0.720714    4.916329   5.509349
   7   18    1.933007   0.757824  100.000000 100.000000
   7   19    1.821884   0.786891    1.602206 100.000000
   7   20    1.710552   0.729020    5.182105   1.557647
   7   21    1.605250   0.722039  100.000000 100.000000
   7   22    1.558214   0.700098    5.956353   3.516746
   7   23    1.492679   0.727085  100.000000   3.620693
   7   24    1.309820   0.713702    4.937343   5.241652
   7   25    1.222311   0.788340  100.000000 100.000000
   7   26    1.136115   0.759258    2.881324 100.000000
   7   27    1.043529   0.736879  100.000000 100.000000
   7   28    0.924300   0.724932    2.538866   3.431633
   7   29    0.844482   0.733684    4.163265   4.659031
   7   30    0.711558   0.761150    4.539519   5.568197
   7   31    0.631273   0.761684  100.000000   3.261741
   7   32    0.554572   0.715951    4.520259 100.000000
   7   33    0.422080   0.733678  100.000000 100.000000
   7   34    0.393984   0.755831    5.702895 100.000000
   7   35    0.225267   0.760364  100.000000 100.000000
   7   36    0.161196   0.711983    4.072688 100.000000
   7   37    0.021435   0.794157  100.000000 100.000000
   8    0    3.726597   0.883112    5.475505   1.214011
   8    1    3.640341   0.838786    2.720065 100.000000
   8    2    3.596710   0.859134    4.039174   2.974571
   8    3    3.465136   0.889683  100.000000   4.005953
   8    4    3.338057   0.893548  100.000000   4.142351
   8    5    3.270290   0.838301    4.834958 100.000000
   8    6    3.139372   0.886496  100.000000 100.000000
   8    7    3.041497   0.899481    4.644787 100.000000
   8    8    2.930978   0.808020  100.000000 100.000000
   8    9    2.844943   0.809413  100.000000 100.000000
   8   10    2.790676   0.849196  100.000000 100.000000
   8   11    2.601983   0.862394  100.000000 100.000000
   8   12    2.530624   0.841090  100.000000   2.575514
   8   13    2.413165   0.800449    2.653366 100.000000
   8   14    2.332543   0.888574    3.877752   3.117355
   8   15    2.228250   0.866745    2.749837   4.988800
   8   16    2.198153   0.821697    3.469890   3.970968
   8   17    2.069773   0.826168  100.000000 100.000000
   8   18    1.998065   0.824895  100.000000 100.000000
   8   19    1.865686   0.832044  100.000000   4.777560
   8   20    1.709665   0.834523  100.000000 100.000000
   8   21    1.628765   0.859289  100.000000   1.437897
   8   22    1.562326   0.889599    3.537941   2.949594
   8   23    1.435674   0.807767    4.112475 100.000000
   8   24    1.328432   0.819570  100.000000 100.000000
   8   25    1.281406   0.832511  100.000000 100.000000
   8   26    1.123522   0.855400    3.027144 100.000000
   8   27    1.015071   0.851989    1.801678 100.000000
   8   28    0.996730   0.891712  100.000000   3.313766
   8   29    0.812159   0.874550  100.000000 100.000000
   8   30    0.706850   0.836638    2.384517 100.000000
   8   31    0.620404   0.890846    5.776671   1.590689
   8   32    0.517685   0.852573  100.000000   2.872661
   8   33    0.471226   0.829891  100.000000 100.000000
   8   34    0.370608   0.808303  100.000000 100.000000
   8   35    0.202372   0.893634  100.000000   5.698018
   8   36    0.136422   0.831608    5.870221 100.000000
   8   37    0.022977   0.879796    5.506471 100.000000
   9    0    3.797453   0.916721    2.078480   5.701506
   9    1    3.690794   0.907543  100.000000   1.407775
   9    2    3.504338   0.927284    2.359191 100.000000
   9    3    3.465462   0.994811  100.000000 100.000000
   9    4    3.383469   0.953333    3.728366   1.791271
   9    5    3.225875   0.937053    3.335072   2.904542
   9    6    3.171654   0.914150  100.000000 100.000000
   9    7    3.042948   0.912238  100.000000 100.000000
   9    8    2.901534   0.985508  100.000000 100.000000
   9    9    2.840079   0.927846  100.000000 100.000000
   9   10    2.792218   0.984875    5.309695 100.000000
   9   11    2.600648   0.918191  100.000000 100.000000
   9   12    2.508782   0.913548    4.782367 100.000000
   9   13    2.431604   0.979998  100.000000   4.435824
   9   14    2.372384   0.908226  100.000000   1.173894
   9   15    2.271282   0.980686    3.844768   1.799302
   9   16    2.186273   0.907845  100.000000   3.101510
   9   17    2.009508   0.910550    4.900372   4.039612
   9   18    1.920360   0.966132    4.956263   3.438521
   9   19    1.828706   0.917631  100.000000   2.568942
   9   20    1.718190   0.935025    4.289985   1.913086
   9   21    1.645795   0.979960    5.854869   4.816440
   9   22    1.518841   0.985660  100.000000   1.983843
   9   23    1.405106   0.907622  100.000000 100.000000
   9   24    1.331196   0.993512  100.000000 100.000000
   9   25    1.221163   0.917754  100.000000   5.881713
   9   26    1.184355   0.962608  100.000000 100.000000
   9   27    1.002193   0.908311    5.887144   3.546975
   9   28    0.915522   0.971515  100.000000 100.000000
   9   29    0.842604   0.979002  100.000000 100.000000
   9   30    0.767996   0.992888    1.217402   4.037654
   9   31    0.623008   0.943030  100.000000   2.125399
   9   32    0.523212   0.997901    1.280128 100.000000
   9   33    0.457021   0.912021    4.018520   5.470189
   9   34    0.387412   0.946583    4.482863   4.035000
   9   35    0.236527   0.966110    5.929506 100.000000
   9   36    0.178992   0.923335    5.870604 100.000000
   9   37    0.040029   0.937007  100.000000 100.000000
  10    0    3.751669   1.039168  100.000000   2.249498
  10    1    3.638877   1.032870    3.832408   1.267693
  10    2    3.536477   1.057164  100.000000   5.707529
  10    3    3.400187   1.050716  100.000000   5.359481
  10    4    3.372771   1.091847    3.593290   5.256525
  10    5    3.275982   1.081369    3.279223 100.000000
  10    6    3.165011   1.027225    1.232982   5.382158
  10    7    3.019072   1.045049  100.000000 100.000000
  10    8    2.932229   1.017834    4.133280   1.340719
  10    9    2.837947   1.064280    2.542993   1.719752
  10   10    2.718531   1.030069  100.000000 100.000000
  10   11    2.616219   1.072008  100.000000 100.000000
  10   12    2.569559   1.089802    5.505244   4.403476
  10   13    2.498152   1.092769    1.325458   2.807197
  10   14    2.390849   1.081626  100.000000   2.851375
  10   15    2.264459   1.099229    1.382105 100.000000
  10   16    2.146857   1.073093    5.091976   4.418912
  10   17    2.000483   1.059338    2.108195   4.217972
  10   18    1.963516   1.068461    1.593562   5.660069
  10   19    1.881948   1.037673  100.000000   4.908702
  10   20    1.794296   1.089196    4.820802 100.000000
  10   21    1.644823   1.007917    3.957707   3.444592
  10   22    1.539244   1.064874    2.335546 100.000000
  10   23    1.490139   1.054349    3.574068 100.000000
  10   24    1.320299   1.089522    2.620542 100.000000
  10   25    1.266058   1.047723    3.709446 100.000000
  10   26    1.188527   1.084799  100.000000 100.000000
  10   27    1.088847   1.064742  100.000000 100.000000
  10   28    0.900101   1.091250    2.301199 100.000000
  10   29    0.802887   1.084208  100.000000   3.311459
  10   30    0.716874   1.017519    5.322802 100.000000
  10   31    0.684993   1.091843  100.000000 100.000000
  10   32    0.546134   1.047270    4.392220   1.178913
  10   33    0.434194   1.015766    4.960557   1.941248
  10   34    0.342107   1.020950  100.000000   3.567257
  10   35    0.218442   1.083718  100.000000 100.000000
  10   36    0.121270   1.025237  100.000000   1.319251
  10   37    0.007723   1.044217  100.000000   5.314435
  11    0    3.748233   1.160031    3.839757   1.891642
  11    1    3.696927   1.113975  100.000000   1.424852
  11    2    3.568213   1.190961  100.000000   3.396068
  11    3    3.405369   1.181889    2.164719   4.778896
  11    4    3.377645   1.191099    3.474529   3.018315
  11    5    3.244264   1.130842    4.014956 100.000000
  11    6    3.105730   1.166389  100.000000   2.155294
  11    7    3.095803   1.121984    4.436069 100.000000
  11    8    2.900552   1.110029  100.000000 100.000000
  11    9    2.897789   1.131183  100.000000   5.272487
  11   10    2.796962   1.122764  100.000000 100.000000
  11   11    2.616455   1.141131  100.000000   2.607502
  11   12    2.557636   1.176568    1.224918   2.207891
  11   13    2.406762   1.142349    3.420825 100.000000
  11   14    2.329664   1.137988    2.031962 100.000000
  11   15    2.200083   1.137538    1.705392 100.000000
  11   16    2.168377   1.170885    4.882788   3.205846
  11   17    2.022453   1.118466  100.000000   5.290597
  11   18    1.935060   1.195883  100.000000 100.000000
  11   19    1.830863   1.117538    1.533272   1.975889
  11   20    1.783150   1.162379  100.000000   3.399976
  11   21    1.629703   1.148305    5.616927 100.000000
  11   22    1.524204   1.184520  100.000000   4.005177
  11   23    1.494069   1.151980    5.153936 100.000000
  11   24    1.368259   1.152183    2.922409 100.000000
  11   25    1.263614   1.172740    4.630242   3.002111
  11   26    1.127520   1.148935  100.000000 100.000000
  11   27    1.031915   1.168049    5.820629   2.315119
  11   28    0.966150   1.111263  100.000000 100.000000
  11   29    0.812827   1.155866    4.325384 100.000000
  11   30    0.737603   1.127598    3.037749   4.814543
  11   31    0.671880   1.104407  100.000000 100.000000
  11   32    0.544434   1.179977  100.000000   3.533646
  11   33    0.421456   1.117886  100.000000   1.953441
  11   34    0.309296   1.152374  100.000000   1.226376
  11   35    0.225455   1.145468  100.000000 100.000000
  11   36    0.132363   1.143129  100.000000 100.000000
  11   37    0.030966   1.156167    3.537044 100.000000
  12    0    3.786096   1.215332    2.883082 100.000000
  12    1    3.609977   1.209188    1.096329   2.074853
  12    2    3.514192   1.251453  100.000000   2.694290
  12    3    3.410449   1.266648  100.000000   3.448681
  12    4    3.359683   1.280111    5.450941   1.847428
  12    5    3.294635   1.219500    3.327901   4.022129
  12    6    3.107156   1.288769  100.000000 100.000000
  12    7    3.090070   1.227073    1.883106   1.673431
  12    8    2.904544   1.241313    3.016141   4.805894
  12    9    2.840682   1.296595    1.013972   3.030129
  12   10    2.792232   1.240666  100.000000   3.750721
  12   11    2.669194   1.281033  100.000000   1.018624
  12   12    2.574891   1.270108  100.000000 100.000000
  12   13    2.484648   1.209742  100.000000   1.091333
  12   14    2.327825   1.293048    2.391650   5.108728
  12   15    2.278443   1.229077  100.000000 100.000000
  12   16    2.134094   1.261065  100.000000 100.000000
  12   17    2.048150   1.239662    1.316629   2.330993
  12   18    1.983609   1.269298  100.000000 100.000000
  12   19    1.867014   1.295741  100.000000 100.000000
  12   20    1.749747   1.219377  100.000000   5.092740
  12   21    1.687680   1.260659  100.000000   4.218354
  12   22    1.542785   1.281002    3.161390 100.000000
  12   23    1.486863   1.283972  100.000000 100.000000
  12   24    1.379810   1.297375  100.000000   1.586960
  12   25    1.245054   1.266340  100.000000   5.493365
  12   26    1.188808   1.291630    5.525056 100.000000
  12   27    1.042376   1.245630    4.577691   4.106912
  12   28    0.920408   1.222515    2.120351 100.000000
  12   29    0.897652   1.279621  100.000000 100.000000
  12   30    0.701759   1.241432    5.452924 100.000000
  12   31    0.608578   1.206694  100.000000   2.845675
  12   32    0.508552   1.252413    3.594677   4.866407
  12   33    0.431383   1.288785    3.731535   1.026035
  12   34    0.312633   1.230031  100.000000 100.000000
  12   35    0.201873   1.211490    2.322926 100.000000
  12   36    0.173861   1.204161    1.922310 100.000000
  12   37    0.023346   1.247374    4.505646   3.876977
  13    0    3.708825   1.378016  100.000000 100.000000
  13    1    3.610400   1.306945    4.511314 100.000000
  13    2    3.582661   1.328664  100.000000   4.613938
  13    3    3.476444   1.373075    3.825526   4.777498
  13    4    3.371819   1.392929    4.891410   1.045671
  13    5    3.251809   1.330211  100.000000 100.000000
  13    6    3.120170   1.300298  100.000000 100.000000
  13    7    3.015744   1.385001    4.992058   1.783864
  13    8    2.921903   1.308030  100.000000   4.733272
  13    9    2.842573   1.398083  100.000000 100.000000
  13   10    2.745248   1.391121  100.000000 100.000000
  13   11    2.615749   1.316253    1.602966 100.000000
  13   12    2.532689   1.335324    1.422932   5.665085
  13   13    2.494691   1.312133  100.000000   2.109817
  13   14    2.338240   1.316530    4.185056   3.265908
  13   15    2.208380   1.333214    4.977498 100.000000
  13   16    2.134661   1.368081    4.978481 100.000000
  13   17    2.097108   1.313690    3.280117 100.000000
  13   18    1.951247   1.379073    3.990593 100.000000
  13   19    1.858421   1.363705  100.000000   5.829554
  13   20    1.709453   1.321977  100.000000   1.406811
  13   21    1.663991   1.344631    5.171780   1.828536
  13   22    1.590500   1.388613    4.919451   5.618254
  13   23    1.482950   1.335667    4.423196 100.000000
  13   24    1.347702   1.370211    5.264548   3.475418
  13   25    1.294434   1.319555    5.699281   2.084984
  13   26    1.128821   1.301510    2.506544   3.621752
  13   27    1.030689   1.304784  100.000000   3.072247
  13   28    0.976771   1.394506    4.297936   1.277492
  13   29    0.895521   1.368770    3.085326 100.000000
  13   30    0.721779   1.361915    3.634809 100.000000
  13   31    0.684681   1.385417  100.000000   4.052150
  13   32    0.598146   1.343602  100.000000   3.896285
  13   33    0.499640   1.369074  100.000000 100.000000
  13   34    0.353390   1.397998    4.218234 100.000000
  13   35    0.257235   1.326474  100.000000   2.627618
  13   36    0.166969   1.332477    1.494360   2.297807
  13   37    0.008331   1.381409  100.000000 100.000000
  14    0    3.700425   1.461129    2.840276 100.000000
  14    1    3.656471   1.449387    5.831081 100.000000
  14    2    3.586801   1.411222    1.056085 100.000000
  14    3    3.413930   1.494047    3.971929   5.921725
  14    4    3.351285   1.417939    3.386671   4.698055
  14    5    3.249402   1.420493  100.000000   2.714755
  14    6    3.119076   1.431295    5.304744 100.000000
  14    7    3.064389   1.447008    3.074625 100.000000
  14    8    2.959181   1.432177    4.918198   2.782523
  14    9    2.855715   1.445189    4.908698   2.070581
  14   10    2.765572   1.454434    3.134476 100.000000
  14   11    2.685671   1.455428  100.000000 100.000000
  14   12    2.521113   1.450476  100.000000 100.000000
  14   13    2.419767   1.444151    1.300906 100.000000
  14   14    2.353955   1.458306  100.000000 100.000000
  14   15    2.224979   1.426441  100.000000   5.129027
  14   16    2.195578   1.422200    4.111014 100.000000
  14   17    2.010377   1.407986  100.000000   5.775440
  14   18    1.944177   1.431815    4.477404   5.645751
  14   19    1.805726   1.474075    2.366076 100.000000
  14   20    1.778896   1.483008  100.000000 100.000000
  14   21    1.640529   1.452517  100.000000 100.000000
  14   22    1.513279   1.425329    1.099201   5.580276
  14   23    1.486786   1.473239  100.000000   3.382813
  14   24    1.323189   1.499224    3.134954 100.000000
  14   25    1.209580   1.456235  100.000000 100.000000
  14   26    1.135667   1.427029  100.000000 100.000000
  14   27    1.036714   1.401008  100.000000 100.000000
  14   28    0.934117   1.408695    5.585136   1.007277
  14   29    0.886764   1.405173  100.000000   2.877835
  14   30    0.765866   1.446509  100.000000   3.752795
  14   31    0.670102   1.461754  100.000000 100.000000
  14   32    0.520591   1.414292    1.305497 100.000000
  14   33    0.401617   1.457084    5.028603   5.473580
  14   34    0.338571   1.427444    3.868247 100.000000
  14   35    0.201651   1.416927    2.150250   4.077985
  14   36    0.101178   1.469424    1.629840 100.000000
  14   37    0.057232   1.486641    3.396500   2.389768
  15    0    3.738542   1.579728    2.716306   4.896731
  15    1    3.652729   1.509765    4.132234   3.007563
  15    2    3.585933   1.543011  100.000000   1.656084
  15    3    3.402161   1.534112    5.293340   1.228412
  15    4    3.396942   1.560109    2.966131 100.000000
  15    5    3.287481   1.504843  100.000000   3.271864
  15    6    3.152096   1.539483  100.000000   3.863945
  15    7    3.049626   1.531789    1.410861 100.000000
  15    8    2.986568   1.565117    1.333335   2.707837
  15    9    2.885991   1.535895    5.251817   4.710361
  15   10    2.790746   1.575461    3.918116   5.831894
  15   11    2.624761   1.576458    4.929207 100.000000
  15   12    2.541788   1.599066    5.833308   3.506668
  15   13    2.484690   1.564643    5.715112   4.446940
  15   14    2.313864   1.553539    4.837088 100.000000
  15   15    2.273814   1.513372    3.054351   4.348087
  15   16    2.111678   1.572002    2.817775 100.000000
  15   17    2.001510   1.524241    5.397314 100.000000
  15   18    1.951717   1.586091    4.178329 100.000000
  15   19    1.880176   1.534695    3.860859   5.760054
  15   20    1.770008   1.587379    1.580985 100.000000
  15   21    1.655789   1.514144    3.629069 100.000000
  15   22    1.518007   1.594608  100.000000 100.000000
  15   23    1.424567   1.519061  100.000000 100.000000
  15   24    1.345466   1.581033  100.000000 100.000000
  15   25    1.225346   1.572209    5.599618 100.000000
  15   26    1.166126   1.596181    2.985940 100.000000
  15   27    1.089348   1.584671  100.000000   3.011013
  15   28    0.929167   1.586110  100.000000 100.000000
  15   29    0.874089   1.550308    3.058392   5.500690
  15   30    0.757156   1.519609  100.000000   2.962545
  15   31    0.679791   1.593764    1.256866 100.000000
  15   32    0.584034   1.543020    5.696572 100.000000
  15   33    0.497273   1.597260    5.768161   3.898773
  15   34    0.385931   1.538218  100.000000   1.714308
  15   35    0.281946   1.531144  100.000000 100.000000
  15   36    0.117714   1.515453  100.000000   1.797707
  15   37    0.042605   1.539494    2.750085 100.000000
  16    0    3.790965   1.642662  100.000000   1.499445
  16    1    3.628494   1.650838  100.000000   3.660725
  16    2    3.522890   1.603433    2.071641 100.000000
  16    3    3.499933   1.698510    5.379429 100.000000
  16    4    3.342741   1.615742  100.000000   1.053064
  16    5    3.235468   1.640828    2.104408 100.000000
  16    6    3.121025   1.637142  100.000000   3.396120
  16    7    3.040557   1.608175  100.000000   4.582386
  16    8    2.911667   1.640403  100.000000 100.000000
  16    9    2.832497   1.631195  100.000000 100.000000
  16   10    2.789042   1.666472  100.000000 100.000000
  16   11    2.634425   1.685574  100.000000 100.000000
  16   12    2.519362   1.633651  100.000000 100.000000
  16   13    2.440038   1.626343  100.000000 100.000000
  16   14    2.332493   1.645166  100.000000 100.000000
  16   15    2.212228   1.684689  100.000000 100.000000
  16   16    2.145405   1.675818  100.000000   1.761244
  16   17    2.051830   1.695052  100.000000   1.827291
  16   18    1.958377   1.679421    5.858020   3.827695
  16   19    1.873985   1.621440    3.976689   4.012054
  16   20    1.708548   1.659433    1.789196 100.000000
  16   21    1.658569   1.602741    1.306273 100.000000
  16   22    1.518777   1.604757    4.216103 100.000000
  16   23    1.412625   1.651919  100.000000   2.256382
  16   24    1.358742   1.649562  100.000000   3.821890
  16   25    1.259319   1.666531  100.000000 100.000000
  16   26    1.149383   1.610703    5.484901   1.570519
  16   27    1.019301   1.643906  100.000000 100.000000
  16   28    0.930146   1.630907    4.479137   2.439843
  16   29    0.839400   1.641208  100.000000 100.000000
  16   30    0.770933   1.658096    1.125771 100.000000
  16   31    0.616264   1.638123    3.786697   3.541137
  16   32    0.557967   1.656984  100.000000 100.000000
  16   33    0.442933   1.640858    2.756729 100.000000
  16   34    0.365208   1.617467  100.000000   4.780463
  16   35    0.281515   1.644185  100.000000 100.000000
  16   36    0.162683   1.671877  100.000000 100.000000
  16   37    0.043191   1.681532    5.447225   2.304350
  17    0    3.792711   1.771010  100.000000   3.933655
  17    1    3.691054   1.706391  100.000000   2.591805
  17    2    3.560069   1.770407    2.512623 100.000000
  17    3    3.494574   1.738765  100.000000 100.000000
  17    4    3.389486   1.701241    2.064757   2.145108
  17    5    3.278320   1.797303    5.160819   4.593269
  17    6    3.113975   1.718634    2.479842 100.000000
  17    7    3.021395   1.793216  100.000000 100.000000
  17    8    2.955103   1.772135    2.724616   2.032599
  17    9    2.805944   1.730889    4.555555 100.000000
  17   10    2.749539   1.768348  100.000000   3.509064
  17   11    2.622432   1.718883  100.000000   1.335358
  17   12    2.506736   1.711667    1.069202 100.000000
  17   13    2.461565   1.792049    4.181920   2.839985
  17   14    2.368243   1.782484    4.160183 100.000000
  17   15    2.261542   1.740520    1.981021   5.375268
  17   16    2.169872   1.728902  100.000000   4.671299
  17   17    2.046587   1.753758    1.901234 100.000000
  17   18    1.953643   1.742410    1.648048 100.000000
  17   19    1.821263   1.712527    1.006086 100.000000
  17   20    1.714226   1.799323  100.000000   4.314265
  17   21    1.639558   1.731226    1.464983 100.000000
  17   22    1.569508   1.742217  100.000000 100.000000
  17   23    1.449732   1.718125  100.000000   3.520652
  17   24    1.310568   1.798797  100.000000 100.000000
  17   25    1.207183   1.747671    3.431535 100.000000
  17   26    1.113253   1.758042    3.733033   4.518539
  17   27    1.051627   1.768895    5.035490   3.382474
  17   28    0.987293   1.725654  100.000000 100.000000
  17   29    0.870883   1.702334    3.660152 100.000000
  17   30    0.709582   1.797488  100.000000   5.396332
  17   31    0.681931   1.710976    2.924121 100.000000
  17   32    0.567586   1.793082  100.000000 100.000000
  17   33    0.429498   1.790409  100.000000 100.000000
  17   34    0.319193   1.769426  100.000000   3.528709
  17   35    0.275682   1.739835    1.351464 100.000000
  17   36    0.161637   1.716132    1.746160 100.000000
  17   37    0.071787   1.717086  100.000000 100.000000
