   0    0    1.750185   0.018568   35.212085   6.200404
   0    1    1.676476   0.083652   35.956907  35.092049
   0    2    1.548213   0.083068   30.944371  17.977972
   0    3    1.445463   0.030649   23.816963  35.573946
   0    4    1.395542   0.073145   11.109956  24.002483
   0    5    1.218041   0.034870    7.323371  30.428549
   0    6    1.103449   0.006028   39.600984  15.043769
   0    7    1.044066   0.093557   18.602712   7.319398
   0    8    0.907994   0.004122   24.175871  29.754268
   0    9    0.878455   0.055606   35.593100  12.974569
   0   10    0.784567   0.059397   32.094076   4.067997
   0   11    0.675322   0.094882   36.533809  40.650775
   0   12    0.595714   0.018798   30.016053   4.692731
   0   13    0.458899   0.044914   26.015601  24.008177
   0   14    0.377802   0.068584    6.831707  10.129231
   0   15    0.266609   0.041121   22.055876  26.708659
   0   16    0.100882   0.060897   27.494749   3.471664
   0   17    0.074389   0.002381    3.701814  40.995606
   1    0    1.711825   0.156787    6.604402  38.313688
   1    1    1.625988   0.185001   19.953741   8.708580
   1    2    1.593328   0.156508    2.389978  12.404969
   1    3    1.496466   0.159069   13.340029  34.631546
   1    4    1.340853   0.150109   14.917900  13.273218
   1    5    1.225484   0.189663   15.263884  34.768666
   1    6    1.175836   0.149177   26.754828   5.847160
   1    7    1.058224   0.153551   25.281437  11.086956
   1    8    0.976733   0.154041   29.984575  34.186126
   1    9    0.830899   0.185789   12.759650   9.460427
   1   10    0.719469   0.169836   40.390585   7.742322
   1   11    0.633806   0.129997   36.901555  38.995642
   1   12    0.575853   0.109518    7.779819  17.152079
   1   13    0.477759   0.161140   29.915459   8.613939
   1   14    0.322279   0.112281   10.837915  15.372774
   1   15    0.279459   0.160269    8.143783  30.710858
   1   16    0.161743   0.161746   15.569602   7.052343
   1   17    0.068010   0.146944    7.256266  11.908674
   2    0    1.759763   0.209908   18.292371  12.338694
   2    1    1.698264   0.216975   40.151339  17.363174
   2    2    1.539215   0.200014   27.315482  10.906598
   2    3    1.437060   0.290602    9.998532  17.781221
   2    4    1.370408   0.234391   21.850464  27.799945
   2    5    1.265657   0.249429   15.893825  27.250864
   2    6    1.130915   0.251678    2.363297  14.757597
   2    7    1.015799   0.229144   24.888948  35.181154
   2    8    0.994712   0.262031   33.492551   9.011359
   2    9    0.827836   0.239482   11.694665   7.094066
   2   10    0.742144   0.238538   18.821811  16.114892
   2   11    0.687184   0.202916   26.147159  16.706293
   2   12    0.561013   0.278456   36.208785   4.182737
   2   13    0.460182   0.239165   38.565684  35.683956
   2   14    0.334792   0.228794    3.037540  33.988903
   2   15    0.212006   0.273928   34.418743   7.648608
   2   16    0.186505   0.217388   32.674391   2.694792
   2   17    0.047782   0.217105    2.255053   9.458201
   3    0    1.766268   0.342797    6.572026  28.546563
   3    1    1.673458   0.338320   22.644698  35.482025
   3    2    1.536786   0.354180   20.880497  29.702310
   3    3    1.425181   0.365668   20.914869  29.533918
   3    4    1.324266   0.395795   32.087800  32.419800
   3    5    1.265098   0.347418   12.753678  34.323365
   3    6    1.162312   0.399813   23.126790  22.155763
   3    7    1.087465   0.345772    9.294616   9.729417
   3    8    0.963238   0.385868   19.549287   5.698097
   3    9    0.821827   0.376802   37.083235  28.897687
   3   10    0.705105   0.366081   24.782234  23.272628
   3   11    0.659785   0.371339    8.366753  35.105953
   3   12    0.523427   0.360273   14.144901  16.636384
   3   13    0.468483   0.307864    8.436313  12.539272
   3   14    0.344074   0.397638    9.220107   2.489669
   3   15    0.287430   0.360320   29.290678  10.560751
   3   16    0.188322   0.318382   27.336585  40.109516
   3   17    0.035675   0.311306   32.679251   3.759501
   4    0    1.722317   0.491634    5.333600  17.927422
   4    1    1.683561   0.404266   30.621322  29.002553
   4    2    1.511394   0.434431   32.443039  35.844579
   4    3    1.467444   0.447013   27.787534  15.912879
   4    4    1.374760   0.450626   34.038240   8.398131
   4    5    1.246715   0.433382   17.668628  18.640931
   4    6    1.117976   0.408282   26.162889  18.462279
   4    7    1.020384   0.419776    3.245553   4.492452
   4    8    0.949488   0.439484   10.167373  31.988405
   4    9    0.835186   0.479030   22.914150  38.920619
   4   10    0.763135   0.477386   17.444051   1.358663
   4   11    0.628816   0.455310    3.706611  26.585870
   4   12    0.591127   0.441975   26.166962  18.247820
   4   13    0.460396   0.460616   16.391037   4.632120
   4   14    0.301410   0.448170   15.105533  26.458427
   4   15    0.285628   0.486013   10.819444  17.023342
   4   16    0.129651   0.437749   13.995960  31.014734
   4   17    0.036362   0.448841    4.933643  27.729827
   5    0    1.799265   0.530043   15.617931  21.871046
   5    1    1.663397   0.560931   27.127486  35.748741
   5    2    1.592948   0.545409   31.638493   8.910556
   5    3    1.497368   0.582243   29.203017  16.388914
   5    4    1.396125   0.580216    2.448863  39.480993
   5    5    1.275395   0.519373   15.947147  10.945097
   5    6    1.136532   0.502391   30.634106  40.533724
   5    7    1.070961   0.538999   17.394523  20.832251
   5    8    0.994837   0.592556   18.379599  34.503290
   5    9    0.851088   0.592636   21.131332  12.445737
   5   10    0.758737   0.577336   11.032337   1.384639
   5   11    0.668360   0.590933   24.533833  25.458582
   5   12    0.537446   0.588660   22.199127  39.035641
   5   13    0.475749   0.523287   40.624480  19.962324
   5   14    0.344764   0.535671   40.177843  29.552807
   5   15    0.229412   0.591686   36.267562  16.803230
   5   16    0.197108   0.594362   11.181917  31.638391
   5   17    0.018773   0.516457   37.715344  40.661030
   6    0    1.757948   0.604094   21.732358   7.197437
   6    1    1.634182   0.676002    6.054764   6.862564
   6    2    1.592033   0.609881   20.755619  14.973577
   6    3    1.450327   0.662608    3.893781  40.618118
   6    4    1.371579   0.604675   31.339701  24.852749
   6    5    1.268309   0.672081    4.665572  21.313489
   6    6    1.102294   0.606793   22.764958  23.534300
   6    7    1.020929   0.696208   37.217793   4.686152
   6    8    0.909667   0.654266    5.340113  15.589230
   6    9    0.804211   0.653950   10.893212  32.159209
   6   10    0.745376   0.610055   33.738070  33.495691
   6   11    0.653568   0.679791   10.097077   9.302118
   6   12    0.539990   0.649930   18.940157  36.062112
   6   13    0.435271   0.685813    2.385640  24.332504
   6   14    0.341313   0.648266   34.561523  36.718698
   6   15    0.272977   0.627831   10.399321   2.768676
   6   16    0.137785   0.686085   40.244430   1.478291
   6   17    0.075104   0.635322   15.503068  35.787777
   7    0    1.773280   0.780378   32.970292  30.937963
   7    1    1.671673   0.709900   29.785513  37.539815
   7    2    1.513458   0.774084   16.555346  11.512966
   7    3    1.409017   0.757732   13.107612  20.613126
   7    4    1.324503   0.732055   10.258909   8.165025
   7    5    1.287358   0.797560   23.180493  29.042148
   7    6    1.172652   0.759905   39.347236  14.207227
   7    7    1.059758   0.777891    9.191320  34.693677
   7    8    0.947329   0.799881   23.620070  33.338111
   7    9    0.841308   0.744435   33.285023   5.563105
   7   10    0.752041   0.760679   24.321012   4.877852
   7   11    0.604693   0.722011   29.248833  13.457447
   7   12    0.595337   0.706635   25.516925  35.249753
   7   13    0.462350   0.713923    4.035595  23.737269
   7   14    0.349220   0.765755   32.945644   7.070566
   7   15    0.256487   0.776183   15.300916  21.234964
   7   16    0.124334   0.715810   11.495307  21.783491
   7   17    0.096035   0.794001   36.918256  14.162102
   8    0    1.740025   0.872988   11.892714  12.587996
   8    1    1.694422   0.873582   34.475131  21.763920
   8    2    1.543106   0.838610   37.842162   1.490910
   8    3    1.473620   0.863568   14.042680  31.674325
   8    4    1.351671   0.855976   16.770275  27.623595
   8    5    1.208449   0.837319   40.049874  29.370082
   8    6    1.169770   0.891597   20.496411  23.540250
   8    7    1.090475   0.899794    1.882746  34.818187
   8    8    0.935044   0.882937   36.562283  22.032769
   8    9    0.893092   0.830892    3.868054  30.355730
   8   10    0.724604   0.888217   36.618509  38.067859
   8   11    0.618504   0.840913   19.589871   9.036873
   8   12    0.554523   0.832927   25.179844  28.772451
   8   13    0.403301   0.893186    9.026643  34.126860
   8   14    0.365196   0.872396   20.224942   8.963722
   8   15    0.252216   0.843920    5.785341  18.118320
   8   16    0.188682   0.880109   36.530525  10.540404
   8   17    0.059380   0.859988   21.748358  23.590409
   9    0    1.744786   0.927404   33.293920   1.122322
   9    1    1.663029   0.901631   27.737907  18.426665
   9    2    1.510229   0.941775    9.511986  40.645454
   9    3    1.463085   0.998944   31.341718  24.352752
   9    4    1.349654   0.918209   23.748505  14.190083
   9    5    1.211443   0.908542   26.832873  40.450596
   9    6    1.188559   0.910818   39.336176  35.139956
   9    7    1.062007   0.909941   17.155738   2.250710
   9    8    0.946411   0.950495   31.723435  24.840651
   9    9    0.841663   0.989960    4.238945  32.199839
   9   10    0.733253   0.918365   21.590341   3.245696
   9   11    0.674354   0.967849   11.435494  28.746337
   9   12    0.545060   0.954582   15.521889  29.609248
   9   13    0.458310   0.933850   40.679082  28.981049
   9   14    0.371905   0.997267    5.441109  33.104516
   9   15    0.261229   0.909580   16.984821   3.716722
   9   16    0.158675   0.927421   38.668442  10.317363
   9   17    0.059805   0.989842   34.211603   4.084341
  10    0    1.730633   1.042159    2.387879  39.884882
  10    1    1.608531   1.092418   28.542387  35.170059
  10    2    1.515574   1.090883    9.464462  34.119023
  10    3    1.478048   1.024871    9.927792   4.911713
  10    4    1.360613   1.086780    6.971786  33.275673
  10    5    1.255565   1.075571   16.777399  25.419241
  10    6    1.154824   1.049543   14.452199  30.199904
  10    7    1.049003   1.049886   25.472265  29.078616
  10    8    0.929032   1.044265   35.846480  31.398415
  10    9    0.882500   1.001909   23.811186  23.244221
  10   10    0.710959   1.056158   17.193815  35.160506
  10   11    0.613794   1.057092   26.292333  25.019922
  10   12    0.567778   1.081114    1.616967  38.169229
  10   13    0.443753   1.081815    9.170914  31.574390
  10   14    0.368753   1.018044   23.771602  29.114683
  10   15    0.224915   1.032167   14.522626  11.631532
  10   16    0.148266   1.020533    7.852771  31.141734
  10   17    0.009435   1.006139   15.081672  10.222231
  11    0    1.743919   1.102561   26.415650  14.534736
  11    1    1.607177   1.130923   25.411216   1.478875
  11    2    1.525725   1.195853   21.681662  36.862159
  11    3    1.451948   1.140173   30.003198  23.199486
  11    4    1.320587   1.124898    6.665198  39.874345
  11    5    1.297993   1.134845   15.193494  22.103565
  11    6    1.171326   1.199738   10.370198  20.767905
  11    7    1.089859   1.175624   19.317473  10.147096
  11    8    0.951424   1.126369    9.469928  40.000592
  11    9    0.866614   1.124981   14.320056  19.959436
  11   10    0.785512   1.199872   38.297337   8.660825
  11   11    0.676148   1.142527    2.073455  31.410161
  11   12    0.501251   1.176424   29.637457  15.466295
  11   13    0.486914   1.138618   29.944835   1.509233
  11   14    0.360871   1.116838   30.727360  26.786452
  11   15    0.292943   1.108052   22.695180   6.289166
  11   16    0.190022   1.156569   22.033258   2.653948
  11   17    0.013358   1.198210   31.579745  16.013193
  12    0    1.737931   1.284887   40.788369  17.550440
  12    1    1.689857   1.214162   36.559502  13.998731
  12    2    1.566020   1.209414   36.939287  16.822473
  12    3    1.484734   1.227002    3.822074  34.540772
  12    4    1.372222   1.241304   26.062589  17.903455
  12    5    1.278031   1.231076   18.349706  36.865127
  12    6    1.115131   1.261028   11.977539  40.088069
  12    7    1.055275   1.290815   20.060879  29.736765
  12    8    0.905977   1.215074   31.194751  17.425780
  12    9    0.866985   1.228479   12.091251  35.293813
  12   10    0.787055   1.249838    2.004803  16.370382
  12   11    0.627783   1.230432   21.068644  10.873072
  12   12    0.512822   1.210541    2.924779   3.142877
  12   13    0.406410   1.291447   11.775896  14.038245
  12   14    0.394315   1.220236   38.384856  25.335264
  12   15    0.238349   1.274043   32.384429  18.717358
  12   16    0.158816   1.206781   33.951049  28.103147
  12   17    0.069977   1.233034   11.480449  29.301197
  13    0    1.714923   1.364132   19.044345  17.365362
  13    1    1.617296   1.344207    4.394785  14.749857
  13    2    1.598201   1.318375    2.030466  30.749161
  13    3    1.493306   1.380466   13.886395  16.199862
  13    4    1.304553   1.318632   40.718619  21.589786
  13    5    1.225935   1.398776   29.018664   9.259572
  13    6    1.197228   1.388300   20.721604  22.113582
  13    7    1.053179   1.336910   36.106661   6.125963
  13    8    0.999103   1.353057   34.793744  29.004115
  13    9    0.843769   1.370244   16.902591  22.851117
  13   10    0.754405   1.308624    8.177161  27.871062
  13   11    0.650119   1.345764    1.725749  33.532139
  13   12    0.563479   1.303503   18.150961   2.711979
  13   13    0.455729   1.392959    9.032329   5.893458
  13   14    0.360538   1.389730   10.391987  22.277327
  13   15    0.231441   1.309412   17.959508   1.675851
  13   16    0.117477   1.338142   40.419840  37.319480
  13   17    0.064063   1.332674   26.667310  10.441791
  14    0    1.716922   1.423747    5.312924  21.026737
  14    1    1.666887   1.439418   26.840776  26.852051
  14    2    1.544618   1.461469   39.046371  19.513684
  14    3    1.424491   1.457859   13.504063  39.163823
  14    4    1.305033   1.412914    4.216709  30.059539
  14    5    1.263949   1.440091   29.337155  30.645881
  14    6    1.164796   1.490704   23.582250  31.856460
  14    7    1.081227   1.417262   33.974896   5.801693
  14    8    0.976092   1.458568   36.762202  37.350085
  14    9    0.884993   1.452388   11.307170  39.736630
  14   10    0.726598   1.462538   20.601598  31.824886
  14   11    0.650486   1.413144   21.588080  11.700789
  14   12    0.503857   1.431456   16.123171   4.707253
  14   13    0.403296   1.410100   30.201044  22.784221
  14   14    0.350149   1.453444   20.651385  28.129498
  14   15    0.277070   1.484653   21.215799  32.936704
  14   16    0.118994   1.469085   10.607901  26.618329
  14   17    0.010098   1.485282   11.412368  23.929460
  15    0    1.726355   1.521741   18.641784  26.341614
  15    1    1.663670   1.540797   39.236086   2.571597
  15    2    1.518399   1.570808   18.171868  33.167593
  15    3    1.459786   1.524872   13.186883   2.439306
  15    4    1.353393   1.504623    9.082720  25.860998
  15    5    1.247457   1.507448   25.435026   2.571192
  15    6    1.117824   1.586346   30.229724  24.060861
  15    7    1.015313   1.505456    8.994657  38.028418
  15    8    0.966311   1.528350    7.572863  40.255094
  15    9    0.873607   1.577857   40.575457   9.913667
  15   10    0.791160   1.518450   21.172852  30.787238
  15   11    0.630969   1.558132    6.271879  11.388208
  15   12    0.590592   1.514813   19.947308   3.001105
  15   13    0.490344   1.581109   33.538428  11.421702
  15   14    0.314755   1.585415   29.998743  13.949325
  15   15    0.284603   1.540431   10.438538  39.454675
  15   16    0.125550   1.592667   10.490200  30.662146
  15   17    0.065120   1.507986   21.943660  31.848902
  16    0    1.710103   1.614134   30.458427  32.793133
  16    1    1.646416   1.657234   33.098229  34.946254
  16    2    1.538417   1.646236   10.618548   5.528729
  16    3    1.496546   1.658689   40.155258  29.751884
  16    4    1.353282   1.659409   16.128235  33.968956
  16    5    1.246427   1.657653   33.326338   9.702934
  16    6    1.124965   1.660400   39.443484   9.756837
  16    7    1.071673   1.601863   28.578930  25.679244
  16    8    0.994492   1.670213   16.812113  16.554450
  16    9    0.877726   1.659824   10.952854  31.357896
  16   10    0.767548   1.644664   37.615207  33.033820
  16   11    0.693240   1.659394    8.156963  37.208677
  16   12    0.506051   1.648612   12.680762  20.371169
  16   13    0.447616   1.680564   40.746066  32.872925
  16   14    0.396399   1.644605   25.857874  25.803381
  16   15    0.276497   1.656412   13.967192   5.363484
  16   16    0.152214   1.672046    2.553844  34.625806
  16   17    0.063766   1.671839    6.403382   4.468831
  17    0    1.735054   1.773913   29.600681  20.080891
  17    1    1.690205   1.700972   31.832238  26.939736
  17    2    1.549170   1.774674   12.731497  13.907396
  17    3    1.417473   1.791016    3.255531  27.482152
  17    4    1.385766   1.725217    1.111385   9.890288
  17    5    1.291440   1.782852   31.845235  17.275315
  17    6    1.158580   1.708485    2.781426  38.571721
  17    7    1.001146   1.756824   28.590392  19.679368
  17    8    0.985752   1.742909   20.538518  13.353801
  17    9    0.878788   1.705927    2.718322  17.992119
  17   10    0.733010   1.729882   34.687806  26.544174
  17   11    0.672123   1.768004   28.502701  31.559886
  17   12    0.540156   1.766158   27.268539  28.465766
  17   13    0.463558   1.793577   20.860134  14.242642
  17   14    0.306622   1.782435    1.768246  13.572332
  17   15    0.249929   1.786584   20.175892  23.179048
  17   16    0.112561   1.775330   23.004183   4.581770
  17   17    0.033614   1.731566   38.088548  15.992216
  18    0    1.799486   1.871513   23.765080  28.959483
  18    1    1.609086   1.812732   18.502312  21.022406
  18    2    1.528930   1.800011   17.970249   1.654372
  18    3    1.459436   1.837866    1.884929   7.868135
  18    4    1.378862   1.851494   24.517218   3.810359
  18    5    1.204578   1.803161   25.948063   4.462514
  18    6    1.125831   1.871829    1.653076  39.246663
  18    7    1.067025   1.873868   12.096140  22.106930
  18    8    0.995823   1.871260   18.618813  38.820334
  18    9    0.842091   1.810004   34.568731   1.329498
  18   10    0.748790   1.830292   29.479968  27.354907
  18   11    0.677249   1.836422   27.990543  39.131038
  18   12    0.590571   1.848672    3.470997   8.639315
  18   13    0.480129   1.842145   39.082237   2.126631
  18   14    0.381662   1.814835    6.844800  21.071511
  18   15    0.286255   1.895189    9.574265  30.286112
  18   16    0.134807   1.869742    3.132932   9.841605
  18   17    0.026118   1.875943   29.905068  32.422196
  19    0    1.762841   1.901282    1.886078  11.119576
  19    1    1.636548   1.964729   27.073960  27.270227
  19    2    1.554514   1.933188   20.378429   9.532966
  19    3    1.463609   1.967301   25.058141  12.948851
  19    4    1.319207   1.965930    8.423677  32.290287
  19    5    1.203341   1.925790    2.492329  32.786237
  19    6    1.151519   1.986090   23.364379  21.626135
  19    7    1.022684   1.942042    9.848539   6.941777
  19    8    0.923635   1.985449   10.460534  21.814378
  19    9    0.895795   1.935256   37.142644  36.948513
  19   10    0.717178   1.921343   23.317258  27.816053
  19   11    0.680683   1.966536   23.233380  24.246836
  19   12    0.556955   1.905809    9.655519  29.698933
  19   13    0.447760   1.989193    9.068526  13.975341
  19   14    0.306559   1.932608   29.643939  30.286052
  19   15    0.255351   1.925540   39.772071   1.730006
  19   16    0.130198   1.938440    7.173757  33.060765
  19   17    0.047613   1.928467   14.255221  23.698201
  20    0    1.716478   2.047474   38.873080  33.176245
  20    1    1.627530   2.059191   26.073173  29.519327
  20    2    1.598004   2.066811   21.320640  16.487633
  20    3    1.431815   2.001364   35.538639  32.419200
  20    4    1.385743   2.084519   23.833320  39.845371
  20    5    1.205481   2.036125   40.642170  22.610627
  20    6    1.169043   2.071657   32.365776  30.458537
  20    7    1.041790   2.022680   33.118393  37.647896
  20    8    0.910963   2.004986   19.474549   2.957357
  20    9    0.817969   2.064655   16.036340   7.368259
  20   10    0.794313   2.008033   35.963131  29.854341
  20   11    0.618741   2.093732   20.581088  11.248763
  20   12    0.546299   2.054778   11.738486  34.423824
  20   13    0.498212   2.068970   32.233029   2.452112
  20   14    0.389167   2.092412   36.573619  24.589993
  20   15    0.286004   2.072738   20.340120  25.530560
  20   16    0.130488   2.017459   25.884831  32.233812
  20   17    0.095799   2.082316   20.117537   3.702138
  21    0    1.719943   2.183024   22.296371   4.399554
  21    1    1.643557   2.110025    2.398226  16.808832
  21    2    1.559533   2.123980   20.679232  11.201953
  21    3    1.428685   2.134091    3.996891  32.511651
  21    4    1.361035   2.161649   12.514958  29.805334
  21    5    1.274288   2.187515   40.339039  10.972818
  21    6    1.198382   2.189834    4.849312  34.666356
  21    7    1.062391   2.132834    2.045745  17.220650
  21    8    0.903283   2.150049   39.764797  11.302339
  21    9    0.836640   2.126942    8.453893   5.587994
  21   10    0.799991   2.175327    2.215021  14.167446
  21   11    0.678488   2.172036   33.590659   7.060399
  21   12    0.569539   2.119260   17.228001  28.789312
  21   13    0.493227   2.156254   33.910139  33.065516
  21   14    0.375098   2.189684   21.899548  14.139015
  21   15    0.269504   2.110745   12.139005  28.180540
  21   16    0.168252   2.174939   13.261923  13.277606
  21   17    0.000047   2.148653    7.867209  19.429805
  22    0    1.731097   2.284687   40.027056  28.642724
  22    1    1.672345   2.205905   33.058757  21.289967
  22    2    1.590956   2.226968   24.367635  22.909130
  22    3    1.455891   2.273724   29.446686  23.215526
  22    4    1.373346   2.208549    9.313474   7.177315
  22    5    1.227341   2.298393   14.815402  30.442724
  22    6    1.134496   2.276520   28.004606  35.314638
  22    7    1.086561   2.225117   26.462628   9.025217
  22    8    0.937283   2.215725    2.956617  36.593780
  22    9    0.825039   2.279694   22.672242  22.500170
  22   10    0.703876   2.278792   26.657815  28.343592
  22   11    0.613503   2.214213    6.818395  40.278803
  22   12    0.594709   2.253366    9.231860  36.147739
  22   13    0.477834   2.291186   13.760307   6.800663
  22   14    0.326562   2.264609    4.563563  11.196862
  22   15    0.231475   2.244247    4.476233  25.686264
  22   16    0.152593   2.270116   23.199638  12.720269
  22   17    0.028564   2.232966   32.424166  14.568017
  23    0    1.784125   2.329089    8.500213  37.993505
  23    1    1.694840   2.304341   33.905857   3.974692
  23    2    1.537752   2.317961   11.931010  13.238445
  23    3    1.483167   2.384188   14.749856  27.589977
  23    4    1.342061   2.320600   14.050140   5.802876
  23    5    1.287113   2.347882   16.918290   1.400993
  23    6    1.135785   2.342829   19.657536   1.326840
  23    7    1.029517   2.361856   11.181188  35.697959
  23    8    0.933666   2.388176    8.739104   9.173327
  23    9    0.823365   2.344716   15.791208  26.581486
  23   10    0.727599   2.384635    9.251725  15.221224
  23   11    0.679537   2.370032    6.130692  12.579319
  23   12    0.528812   2.370627   13.459329  33.188725
  23   13    0.410081   2.321604   36.592038  17.169644
  23   14    0.341903   2.332498    6.444294  13.975729
  23   15    0.246719   2.316401    3.491432   9.453381
  23   16    0.193488   2.335527   13.582513  17.084069
  23   17    0.062103   2.330396   36.605057   2.913230
  24    0    1.717012   2.405810    3.184502  28.994716
  24    1    1.646137   2.498164   16.955951  16.142493
  24    2    1.520972   2.401294   21.169035  10.451425
  24    3    1.451253   2.408371   19.768747  39.622080
  24    4    1.340345   2.456866    6.549789   7.920598
  24    5    1.279076   2.484193   14.048600   9.069346
  24    6    1.190477   2.400553   19.679605  34.067448
  24    7    1.036242   2.420201   34.029657  38.577778
  24    8    0.908945   2.415771   29.610993  27.908873
  24    9    0.839389   2.445416   32.777493  15.711820
  24   10    0.784151   2.467998   32.595596  27.373740
  24   11    0.698494   2.495989   14.519011  25.916474
  24   12    0.529411   2.423307   30.659373   5.321616
  24   13    0.453672   2.410372   19.812337  35.046590
  24   14    0.368272   2.460952    7.354331  34.641282
  24   15    0.283470   2.404839   26.458331  16.516102
  24   16    0.150580   2.422477   17.201707  38.870670
  24   17    0.042400   2.447904   29.094396  23.512761
  25    0    1.719509   2.545819   16.005547  31.850205
  25    1    1.622117   2.528402   31.700301  16.919237
  25    2    1.597330   2.504427   21.129701  13.241804
  25    3    1.464093   2.503932   29.784835   6.026766
  25    4    1.352106   2.508648    3.995315   6.316142
  25    5    1.282051   2.523865   32.811146   1.822848
  25    6    1.148855   2.529446   21.469967  20.231069
  25    7    1.079658   2.544260   22.457686  21.579785
  25    8    0.976842   2.572995    8.483640  31.094405
  25    9    0.873072   2.590817   18.600759  38.666199
  25   10    0.779782   2.568746   21.120815   4.424619
  25   11    0.648989   2.580373   12.443701  22.948938
  25   12    0.597634   2.533299   17.602004   6.193255
  25   13    0.406634   2.581468   25.006833  24.848139
  25   14    0.357474   2.537730   13.982115  10.453232
  25   15    0.246957   2.580182   39.231328  20.053488
  25   16    0.126643   2.536970   12.057110  28.627497
  25   17    0.083871   2.518654   35.239250  32.105043
  26    0    1.763897   2.616451   28.884471  18.852794
  26    1    1.660874   2.690660   30.831066   6.487324
  26    2    1.573735   2.673389   20.487052   3.343654
  26    3    1.461790   2.611088   13.090967  22.580638
  26    4    1.385395   2.677957    6.723965   7.561984
  26    5    1.206567   2.624325   22.009456  18.758959
  26    6    1.141161   2.653026   29.976194  37.047986
  26    7    1.022245   2.680324   13.321662  31.118985
  26    8    0.988739   2.670237   37.208719   6.088424
  26    9    0.875151   2.686531    5.298943   7.770293
  26   10    0.729316   2.684890    3.134971   6.968575
  26   11    0.643291   2.638856    3.020384  38.311847
  26   12    0.576811   2.622458   11.623513  39.374525
  26   13    0.497623   2.645510   13.689868  12.065405
  26   14    0.334433   2.685485   23.150899  26.582754
  26   15    0.247541   2.683839   37.853452   8.831706
  26   16    0.192277   2.671215   38.018735  28.394304
  26   17    0.089379   2.672120    3.910844  12.380606
  27    0    1.794080   2.777514   38.217016  20.341111
  27    1    1.677122   2.795864    7.103861  19.581671
  27    2    1.512612   2.727469   15.229885   4.512394
  27    3    1.411763   2.701264   39.203756  17.027017
  27    4    1.311304   2.761497    6.744018  29.419329
  27    5    1.219849   2.757244   11.408444  12.193535
  27    6    1.154838   2.729908   12.133901   4.636520
  27    7    1.062770   2.791911   40.499639  17.636913
  27    8    0.963297   2.768535   14.762334  40.529108
  27    9    0.886222   2.729270    7.099035  34.405220
  27   10    0.783329   2.755410   28.548549  24.194680
  27   11    0.683991   2.787692   24.901693  24.805089
  27   12    0.575433   2.727403   26.920397  19.819416
  27   13    0.411860   2.752883    1.053883   4.848877
  27   14    0.389047   2.782321    4.181132  14.968282
  27   15    0.245927   2.705020   40.381665   3.156494
  27   16    0.116545   2.704189   22.485352   3.899323
  27   17    0.034969   2.762221    9.965580   5.780868
  28    0    1.783567   2.827249   32.032764   4.812487
  28    1    1.648777   2.800671   15.595872  15.371386
  28    2    1.546283   2.897674   37.752456  30.013670
  28    3    1.473470   2.825488    7.931729  38.284901
  28    4    1.326248   2.801085   22.664460  26.295016
  28    5    1.250805   2.895809   33.727091  14.699255
  28    6    1.120444   2.898657    6.269423  17.402816
  28    7    1.001387   2.852607   16.274630  24.479557
  28    8    0.977917   2.854934   35.731291  31.284648
  28    9    0.811396   2.858376   29.258590  15.492767
  28   10    0.735093   2.846432   18.281953   1.877721
  28   11    0.699103   2.834100   19.496208  11.261464
  28   12    0.549412   2.811687   25.190861  18.520699
  28   13    0.410918   2.870824   36.586526  21.292974
  28   14    0.365373   2.840619   30.806714  15.641606
  28   15    0.227100   2.800650    1.274452  20.115357
  28   16    0.188359   2.803910   34.592344  11.194684
  28   17    0.084492   2.835132    9.376985  19.997050
  29    0    1.729835   2.991547   29.738003  34.389450
  29    1    1.647783   2.917815    4.407608  37.522297
  29    2    1.522528   2.963774    8.852338  11.575451
  29    3    1.481775   2.992060   39.573884   5.639790
  29    4    1.386166   2.917397   15.394356  23.716568
  29    5    1.295012   2.955312    8.612370  10.497270
  29    6    1.153141   2.935714   38.923794  29.709018
  29    7    1.039884   2.956599   14.964022  36.320134
  29    8    0.939159   2.921310   32.911346   6.867516
  29    9    0.865930   2.995363   30.082333   1.787438
  29   10    0.766479   2.907533   25.764249  13.224367
  29   11    0.631547   2.996561    4.205492  27.803953
  29   12    0.516801   2.906661   38.886827   5.856587
  29   13    0.484723   2.969533   16.712941  29.262287
  29   14    0.307153   2.980643   40.009631  35.276442
  29   15    0.225606   2.906276   28.225732  32.334366
  29   16    0.145319   2.913692    5.684864  37.991128
  29   17    0.062894   2.938510    2.899197   4.026910
  30    0    1.731403   3.025154   23.759885  27.657609
  30    1    1.671977   3.052336    6.895453   2.180814
  30    2    1.529065   3.085731   34.804604  39.828954
  30    3    1.455682   3.054304   37.812374  31.789696
  30    4    1.333773   3.090508   10.882659  36.108823
  30    5    1.298174   3.093344   39.884694   7.458163
  30    6    1.116081   3.098170   20.720347  40.601074
  30    7    1.089224   3.069289   11.061977  32.015655
  30    8    0.915535   3.067369   12.241307  24.861744
  30    9    0.879515   3.000620   30.607257   7.747070
  30   10    0.705211   3.008438   16.599048  37.131019
  30   11    0.608071   3.081561   29.649211  39.396639
  30   12    0.538208   3.021459    2.253461  27.443072
  30   13    0.420099   3.031826   32.159773   7.046876
  30   14    0.325622   3.010139   23.301516  32.281992
  30   15    0.267672   3.031061   10.118206   2.169714
  30   16    0.180541   3.045065   13.186418  10.772329
  30   17    0.056695   3.034445   24.161643  31.592260
  31    0    1.794590   3.199582   13.073552  28.963094
  31    1    1.671428   3.185908   39.811242  21.814916
  31    2    1.592315   3.196891   33.595596  29.584354
  31    3    1.472622   3.181087   39.402109  20.064917
  31    4    1.334408   3.187901    9.333283  21.725900
  31    5    1.226931   3.183406   31.134228  28.663661
  31    6    1.113325   3.125984   17.312300  18.207752
  31    7    1.083745   3.163555    9.200707   5.731507
  31    8    0.904280   3.116953   13.960930  37.982597
  31    9    0.870997   3.115170    2.738687  17.949043
  31   10    0.700904   3.100427   39.387060  16.730551
  31   11    0.633696   3.197650   26.387347  20.039120
  31   12    0.578059   3.162228   23.497274  10.876969
  31   13    0.488101   3.170833   11.526493  20.829281
  31   14    0.384333   3.186494    5.394787  38.584318
  31   15    0.210424   3.115636   14.808269  37.199513
  31   16    0.173687   3.130937   25.657062  35.839457
  31   17    0.021820   3.179774    9.383615  34.915559
  32    0    1.739530   3.248985   10.507988  36.577976
  32    1    1.671188   3.248349    4.264133   9.293365
  32    2    1.515196   3.288511   37.563597  12.857550
  32    3    1.453901   3.215333   28.549109  28.835507
  32    4    1.352330   3.268437   14.744303  34.412587
  32    5    1.238102   3.223883   19.786481  11.425803
  32    6    1.183137   3.271701   17.110784   6.492763
  32    7    1.000559   3.250958   29.525620  25.363584
  32    8    0.913767   3.295912   30.794609  20.708334
  32    9    0.801332   3.234810    4.158839   6.464446
  32   10    0.784277   3.271478    8.858853  25.675445
  32   11    0.650608   3.282744   35.437635  37.649596
  32   12    0.565669   3.291065   30.837936  12.574963
  32   13    0.442073   3.250894    2.588687  28.891220
  32   14    0.346452   3.293953   15.870034  15.308666
  32   15    0.245053   3.257806   26.743742   3.076621
  32   16    0.189967   3.214205   28.749452  25.756936
  32   17    0.062399   3.279249    8.436560  37.299190
  33    0    1.719410   3.332496   18.890413  21.712439
  33    1    1.672728   3.372956   40.209138  29.279564
  33    2    1.510042   3.368040    4.107769  18.384532
  33    3    1.484100   3.398886   38.908536  15.065666
  33    4    1.337511   3.309282   14.284241  23.939525
  33    5    1.231611   3.333116    6.044646  36.855618
  33    6    1.147501   3.309811   24.407803   5.362164
  33    7    1.053618   3.321616   19.618341  28.732826
  33    8    0.975157   3.369449   32.126927  12.994069
  33    9    0.880411   3.383940   27.118484  13.297866
  33   10    0.752714   3.379526   11.885463  30.425148
  33   11    0.665192   3.356248   26.925345   3.627103
  33   12    0.500787   3.336076   25.862971  30.984315
  33   13    0.480039   3.358088   14.147040  22.683273
  33   14    0.302490   3.314994   11.360403  12.896180
  33   15    0.289316   3.378050    6.954672  26.248604
  33   16    0.110321   3.359195   14.935097  12.240656
  33   17    0.099588   3.399603   40.770894   5.646330
  34    0    1.733244   3.449350   25.503085  16.172771
  34    1    1.668622   3.430412   20.205707  32.961787
  34    2    1.595885   3.417017   31.790817  38.430268
  34    3    1.436397   3.455852   32.422352  14.169587
  34    4    1.353013   3.411795   13.932415  14.976890
  34    5    1.218304   3.410674   30.655216  34.518665
  34    6    1.180714   3.452602   34.672693  29.699572
  34    7    1.074854   3.451475   12.890734  15.722335
  34    8    0.950687   3.477241   22.550189   8.398058
  34    9    0.843177   3.417064   28.261355  35.945773
  34   10    0.726047   3.454154   37.598541  23.875781
  34   11    0.683498   3.483809   22.491655  11.278677
  34   12    0.595805   3.435560   19.518615  15.761159
  34   13    0.458495   3.458712    3.774802  21.326160
  34   14    0.390914   3.412158   38.937820   5.758775
  34   15    0.225078   3.404220   31.746574  21.746247
  34   16    0.197285   3.476155   24.287143  22.350198
  34   17    0.076635   3.455673   24.763271  23.007650
  35    0    1.700651   3.511557   19.990471  18.534563
  35    1    1.629135   3.574816   24.478838  27.336826
  35    2    1.564439   3.508546    6.074860  32.019273
  35    3    1.496748   3.580937   31.755657  24.768618
  35    4    1.355004   3.542167   14.974437  19.341575
  35    5    1.251750   3.514981   34.232480  34.410097
  35    6    1.188638   3.564671   38.214713  33.722001
  35    7    1.009491   3.521354   23.412051  18.472541
  35    8    0.981694   3.535547   23.828137  31.021036
  35    9    0.822046   3.577187    7.920029  14.321796
  35   10    0.738986   3.553615    4.765784  18.990650
  35   11    0.603958   3.559445   29.625895  23.742566
  35   12    0.516291   3.561511   29.234122  32.082668
  35   13    0.450062   3.516545   20.605564  28.807514
  35   14    0.340360   3.564466    5.799892  37.396234
  35   15    0.238901   3.503052    1.464511  10.187346
  35   16    0.164257   3.542501   29.270171  36.916984
  35   17    0.045610   3.543529   15.329275  26.433380
  36    0    1.777171   3.637994   17.768757   7.020805
  36    1    1.615373   3.614759   36.854253  31.709398
  36    2    1.576021   3.669005    7.094091  28.285405
  36    3    1.472720   3.674346   11.879783   4.644906
  36    4    1.341223   3.652870   15.357980   6.973213
  36    5    1.262876   3.618068   10.916552  12.427232
  36    6    1.140952   3.624243    9.068443  14.119458
  36    7    1.039283   3.618399   18.420457   1.945209
  36    8    0.917003   3.697118   11.234090  28.979562
  36    9    0.826151   3.682258    9.861075  33.742494
  36   10    0.781067   3.651315   32.731469  10.660319
  36   11    0.696502   3.667287    9.875990  34.733893
  36   12    0.572783   3.620500   40.090912  15.079635
  36   13    0.414696   3.612896   17.342273  22.083384
  36   14    0.300362   3.621006   36.020458   3.969920
  36   15    0.297763   3.674803   26.985473  23.337813
  36   16    0.100890   3.688555    3.401490  18.460516
  36   17    0.052141   3.699940   32.185551  26.855590
  37    0    1.720605   3.783468   29.153801  31.844903
  37    1    1.641532   3.742393   19.928231   1.764990
  37    2    1.525488   3.783969   21.281841  14.458674
  37    3    1.437569   3.700402    6.389326   8.131994
  37    4    1.309456   3.711972   20.577994  18.164647
  37    5    1.297889   3.749504   30.428654  35.712921
  37    6    1.171249   3.726005   27.872763  18.761750
  37    7    1.005913   3.757508    2.309202  23.612396
  37    8    0.981778   3.771930   38.385824   1.704633
  37    9    0.893305   3.793298   36.246292   3.362532
  37   10    0.761271   3.703674   36.645967  19.841309
  37   11    0.649521   3.783323   17.930535  34.384507
  37   12    0.529992   3.773399   18.612001  11.446383
  37   13    0.403281   3.727174   31.957443   3.489023
  37   14    0.387586   3.743373   32.040771   2.647790
  37   15    0.238011   3.756783   19.135617  39.017465
  37   16    0.114338   3.790266    1.812483  10.415243
  37   17    0.077440   3.712550    9.934502   5.420864
