   0    0    1.603633   0.092413   23.395703   1.032496
   0    1    1.514309   0.033192    4.595613  34.619485
   0    2    1.426251   0.073585   15.791513  13.041694
   0    3    1.307786   0.086305   15.974742  11.575330
   0    4    1.289795   0.082241   36.741953  13.587052
   0    5    1.199780   0.081005   11.361209  37.077894
   0    6    1.060381   0.008365   14.851388  29.606920
   0    7    0.964798   0.070647    4.161198  12.014899
   0    8    0.813649   0.006997   19.553343  36.674207
   0    9    0.729259   0.047081   19.461566  16.621808
   0   10    0.667279   0.047794   17.057777  39.957855
   0   11    0.571099   0.061624   33.831970  14.508419
   0   12    0.421788   0.010582   20.563536  29.277516
   0   13    0.371159   0.032408   16.687695  33.096188
   0   14    0.215158   0.004861   33.399307  11.685281
   0   15    0.111729   0.084269   22.677307  29.778991
   0   16    0.025674   0.056525   13.170474   5.828602
   1    0    1.632336   0.152963   14.598289  17.065412
   1    1    1.533024   0.136047    5.653321  19.418873
   1    2    1.464516   0.186799   17.632915  20.155914
   1    3    1.370278   0.198926    9.092114  24.450449
   1    4    1.275777   0.195647   38.235643  36.853566
   1    5    1.168789   0.171440   32.718621  34.385186
   1    6    1.058364   0.129797    4.792405   2.402336
   1    7    0.914382   0.142541    7.727738  13.337904
   1    8    0.800638   0.119327    2.211201  30.792251
   1    9    0.796355   0.116219   14.606901  29.368484
   1   10    0.678063   0.168342   38.892500  29.266036
   1   11    0.540909   0.137718   27.631072   2.306633
   1   12    0.496727   0.177920   22.066984   4.207170
   1   13    0.377524   0.131712    5.499117  31.105641
   1   14    0.215238   0.166543    6.277248  34.284609
   1   15    0.190631   0.180873   36.501473  16.541789
   1   16    0.060569   0.167491   39.819145  20.674720
   2    0    1.659598   0.229220   17.273057   2.146377
   2    1    1.540040   0.208930   25.247484  14.376298
   2    2    1.487620   0.216221    6.099436  19.577630
   2    3    1.335132   0.224300   12.589909   7.079865
   2    4    1.264521   0.234829   24.908343   4.210084
   2    5    1.143194   0.298159   17.701799  34.747712
   2    6    1.099802   0.259462    8.492665  22.539351
   2    7    0.910347   0.225768    3.234128   2.006525
   2    8    0.800434   0.208397   15.175132  25.070468
   2    9    0.773016   0.253468   35.975261  30.649693
   2   10    0.652972   0.289125   40.038955   6.678367
   2   11    0.596518   0.271305    1.866734   6.991732
   2   12    0.401487   0.224928   10.012753  20.999290
   2   13    0.366996   0.249366   18.782144  30.512580
   2   14    0.291624   0.276268   29.512154  36.232311
   2   15    0.157741   0.244955   37.197302  10.174807
   2   16    0.076781   0.251530    6.004539  16.800425
   3    0    1.652571   0.358975   20.168906  34.992115
   3    1    1.554965   0.348249   16.777426  28.640977
   3    2    1.467425   0.386812   26.578009   1.872810
   3    3    1.324295   0.378165   21.355098  35.465516
   3    4    1.266688   0.391505    5.383673  36.457241
   3    5    1.111470   0.307255   18.422092  19.149484
   3    6    1.023049   0.325160   23.671205  11.613505
   3    7    0.940653   0.385392   11.776277  39.482446
   3    8    0.818767   0.338302   37.568479  33.451049
   3    9    0.770330   0.349311   26.748278   6.829885
   3   10    0.632244   0.346291   12.642880   6.157094
   3   11    0.532596   0.357312   26.688069  35.827906
   3   12    0.496681   0.366918    9.180502  24.656119
   3   13    0.363158   0.354451   38.533642  39.052491
   3   14    0.257311   0.303951    7.788245  18.037978
   3   15    0.111014   0.372898   27.140703  26.675282
   3   16    0.090351   0.327675    2.048569  16.895501
   4    0    1.664317   0.443777   19.966402   1.438147
   4    1    1.580300   0.495369   27.495701   4.157776
   4    2    1.423404   0.433948   36.864189  17.849137
   4    3    1.382576   0.462154    9.971146  11.700595
   4    4    1.293218   0.424088    4.160941  30.322720
   4    5    1.125744   0.455830    1.455435  23.960875
   4    6    1.055605   0.412823   27.851543  27.057513
   4    7    0.931699   0.428071    7.762097  24.977175
   4    8    0.816958   0.465795    7.660227  34.765037
   4    9    0.753160   0.448723   40.018893  16.723740
   4   10    0.608675   0.428215   31.881958   3.933324
   4   11    0.545723   0.480007   40.650440   4.300808
   4   12    0.446652   0.484823   22.331296  25.129540
   4   13    0.306432   0.453046   24.615383  27.489252
   4   14    0.231767   0.482105   19.390166  23.916075
   4   15    0.122488   0.470415   17.940360  38.372912
   4   16    0.095818   0.424200   29.060056  35.274885
   5    0    1.682180   0.575299    8.132058  21.177307
   5    1    1.566865   0.516159   17.088241   8.005166
   5    2    1.405511   0.560385   24.837720  23.168717
   5    3    1.344179   0.556035   29.651649  35.379763
   5    4    1.254230   0.537725    4.163526  34.402943
   5    5    1.136239   0.570723   25.746096  30.416031
   5    6    1.080107   0.554609   16.349335  39.308365
   5    7    0.925233   0.549598   23.342642   2.437166
   5    8    0.866284   0.519860   34.037339  24.533228
   5    9    0.778476   0.554651   29.536915   6.170350
   5   10    0.609395   0.599995    7.161240  25.182404
   5   11    0.530961   0.576194   24.331273   5.448361
   5   12    0.479915   0.555332   30.521616  25.514177
   5   13    0.313947   0.559153   38.353784  40.651602
   5   14    0.284799   0.512393    1.402223  20.362934
   5   15    0.102025   0.546534   26.732020  12.347835
   5   16    0.039980   0.510867    7.121033  29.998929
   6    0    1.695578   0.673875   34.503760  13.157198
   6    1    1.540657   0.620873   36.198850  23.831633
   6    2    1.446815   0.601320   33.360734  15.690423
   6    3    1.394570   0.699464   31.867457  27.308451
   6    4    1.275769   0.688403   25.185626  16.478440
   6    5    1.157540   0.644027    2.928253   1.555947
   6    6    1.007710   0.600728   34.756586   4.131918
   6    7    0.981607   0.604677   34.511448  36.756005
   6    8    0.895331   0.687410   12.157600   4.539571
   6    9    0.753901   0.637725   40.074918  27.944655
   6   10    0.667909   0.683510   34.847090  36.734371
   6   11    0.569194   0.617968    6.020893  25.866643
   6   12    0.475297   0.672628   20.001223  10.127151
   6   13    0.340650   0.678803   21.597726  35.714094
   6   14    0.267185   0.691401   29.662427   7.127351
   6   15    0.111822   0.616081   39.293021  13.022963
   6   16    0.067473   0.669877   14.387698  24.741016
   7    0    1.688281   0.774111   34.713502  18.696266
   7    1    1.569942   0.779551   15.505351  14.556422
   7    2    1.459558   0.730389   29.986041  24.068388
   7    3    1.394571   0.704318   31.752909   2.598073
   7    4    1.231140   0.709392   31.003315  22.120102
   7    5    1.103901   0.758669   32.982901  28.850063
   7    6    1.032311   0.785165   26.376671  22.399217
   7    7    0.985806   0.752171   11.787398  20.820169
   7    8    0.808466   0.777445    4.747780  24.897111
   7    9    0.762811   0.739601   23.306183  26.336304
   7   10    0.646288   0.706741   27.149779  22.076692
   7   11    0.588801   0.702067   34.147512  37.837302
   7   12    0.416793   0.750007   22.397617  28.442675
   7   13    0.341518   0.776020    3.264469  23.740317
   7   14    0.254750   0.730493   36.026419   3.490334
   7   15    0.113662   0.784268   30.794016  22.037405
   7   16    0.023339   0.782834   37.085716  36.564244
   8    0    1.646759   0.825960   35.279862   7.094213
   8    1    1.540183   0.857615   32.136483  21.103804
   8    2    1.440084   0.850925   15.364373  32.693966
   8    3    1.364980   0.868405   32.086949  20.947670
   8    4    1.202049   0.877870   38.948774   2.690297
   8    5    1.169983   0.838633    5.042243  22.814525
   8    6    1.093351   0.815614   40.984985   5.202735
   8    7    0.932427   0.875734    7.131990  16.772935
   8    8    0.840007   0.811911   20.476478  27.109030
   8    9    0.702771   0.885609   13.319013  30.458333
   8   10    0.670084   0.885318   27.929613   2.658751
   8   11    0.514209   0.841711   11.481394  22.990529
   8   12    0.450486   0.892192   26.410968  23.352948
   8   13    0.307447   0.839995   35.599193  20.990390
   8   14    0.269596   0.843086   12.530245  25.804963
   8   15    0.150071   0.803447   37.666169  31.789720
   8   16    0.027875   0.810642   18.082392  20.117786
   9    0    1.632094   0.948084   32.985947  17.873620
   9    1    1.561718   0.964553   18.746652   3.383675
   9    2    1.418407   0.986072   39.801109   1.789964
   9    3    1.335909   0.928232   33.154297   1.232061
   9    4    1.234828   0.921009   11.742750  32.205914
   9    5    1.196953   0.976537    3.800888  34.922079
   9    6    1.057323   0.985431   30.377130  39.486718
   9    7    0.983382   0.984244   10.692942  22.296367
   9    8    0.863732   0.981255    5.165072  23.117354
   9    9    0.739814   0.990903   19.282977   7.983114
   9   10    0.693944   0.910140   19.438862  23.482886
   9   11    0.579081   0.969292   26.160929   1.553613
   9   12    0.447947   0.922624   23.540438  16.968708
   9   13    0.381213   0.971915   19.134049   1.912915
   9   14    0.231585   0.972451   10.053737  36.037177
   9   15    0.109335   0.982792   12.741396  22.021486
   9   16    0.037062   0.935608   31.103116  14.882443
  10    0    1.660753   1.020261   35.913157  20.116081
  10    1    1.519380   1.042381   33.978841  16.460587
  10    2    1.456525   1.020600   15.399033  31.918354
  10    3    1.300888   1.075139   18.889686   8.137507
  10    4    1.204789   1.081965   16.754048   2.890042
  10    5    1.103981   1.004554   21.431762  20.892290
  10    6    1.051900   1.063497   34.084158  40.413889
  10    7    0.976744   1.072640   12.401736  30.959133
  10    8    0.861106   1.015384   20.418113   2.849745
  10    9    0.737954   1.082216   28.871697   2.986171
  10   10    0.631091   1.062253    2.486111  35.735642
  10   11    0.526351   1.019360   22.981939  30.234910
  10   12    0.486091   1.074500    6.849787  14.973924
  10   13    0.394454   1.017869   38.697059  40.039245
  10   14    0.235652   1.039944   18.742220  22.662823
  10   15    0.139450   1.072930    1.809756  21.688376
  10   16    0.015241   1.091703   20.640635   3.304210
  11    0    1.612808   1.124982   34.765844  19.093237
  11    1    1.579002   1.157245   34.508576  26.438539
  11    2    1.496251   1.164089   25.423019  12.041377
  11    3    1.322879   1.168264   19.808385  36.328313
  11    4    1.274612   1.150235   27.644991   7.540535
  11    5    1.170125   1.111399   18.798875  40.131744
  11    6    1.075824   1.105547   31.671648  16.696451
  11    7    0.951926   1.105723   11.297148  13.078543
  11    8    0.884940   1.110733   33.495009  22.765810
  11    9    0.763386   1.164559   22.997584  22.480139
  11   10    0.672541   1.129931   35.009737  32.470474
  11   11    0.569604   1.136360    4.605078  31.976905
  11   12    0.408297   1.195667   20.496098   5.354513
  11   13    0.377827   1.122207   23.453663  23.245284
  11   14    0.257675   1.108767   40.032276  34.910833
  11   15    0.179909   1.135991   24.945730  24.458042
  11   16    0.083896   1.146857    6.722030  10.399524
  12    0    1.604293   1.207358   28.061112   3.111164
  12    1    1.598273   1.229445    2.162753  39.725363
  12    2    1.498735   1.227260   37.349355   5.401237
  12    3    1.319895   1.257636   23.368028   1.437199
  12    4    1.293755   1.201252   23.232581   5.157463
  12    5    1.120404   1.232139   34.397876  37.857308
  12    6    1.072489   1.206648    3.110384  22.402769
  12    7    0.941192   1.254531   27.238906   1.544052
  12    8    0.895193   1.246230   27.672293  24.938796
  12    9    0.778896   1.233609   29.015688  23.736549
  12   10    0.696068   1.253399   19.987359  15.919837
  12   11    0.540377   1.251188   16.403705   6.125338
  12   12    0.486383   1.231508    9.354538  16.201148
  12   13    0.370670   1.289863   33.153295  26.238349
  12   14    0.261062   1.203559   27.561550  12.317322
  12   15    0.156477   1.288998   12.923092  31.926785
  12   16    0.015966   1.207536   32.113987  39.266768
  13    0    1.603785   1.374617    7.160487  21.880874
  13    1    1.540019   1.397342    9.160519   1.848628
  13    2    1.481073   1.303883   26.555754   6.800706
  13    3    1.350144   1.399665    8.254059   9.118772
  13    4    1.209289   1.375506    4.635478  19.792729
  13    5    1.187663   1.333017   31.752872  23.601859
  13    6    1.066424   1.383675    3.350052  14.757771
  13    7    0.992369   1.316812    3.579621  30.216703
  13    8    0.858006   1.335011   23.049028  17.981763
  13    9    0.714901   1.385525   35.220452  29.442574
  13   10    0.685187   1.305570   13.027178  20.835664
  13   11    0.519387   1.375826   11.260240  35.074294
  13   12    0.419357   1.388042   23.863200  20.436395
  13   13    0.366483   1.373027   12.414223  28.984376
  13   14    0.266358   1.368086   19.062059  10.315890
  13   15    0.151989   1.387269   40.930263  13.630698
  13   16    0.074315   1.373133   31.050985  34.590713
  14    0    1.608189   1.479584   31.400099  27.618583
  14    1    1.507036   1.456986   25.368277   6.819970
  14    2    1.453830   1.473296   19.431953  10.446410
  14    3    1.369627   1.419218   26.923061  18.684583
  14    4    1.204375   1.467175    1.300963  39.634231
  14    5    1.134619   1.409628    3.493236   3.816288
  14    6    1.026685   1.413361    9.607953  36.755164
  14    7    0.975390   1.434906   14.167936  38.550041
  14    8    0.841767   1.435256   13.141123  28.459658
  14    9    0.769038   1.467179   14.229828  14.068829
  14   10    0.645483   1.438433   23.549302  14.403019
  14   11    0.583102   1.452255   23.011711  23.355190
  14   12    0.430340   1.411062   17.099465  36.056921
  14   13    0.309657   1.429161   27.550865  11.559059
  14   14    0.251505   1.419432   36.705284  38.705916
  14   15    0.156299   1.401948   12.403729  39.836878
  14   16    0.087156   1.478856    7.577547  13.500295
  15    0    1.646417   1.549769   34.772502  30.412205
  15    1    1.597068   1.520590   19.261328  17.256935
  15    2    1.420873   1.521871   24.134347  14.553391
  15    3    1.384007   1.581327   17.488878  34.770105
  15    4    1.269865   1.540427   16.852927  15.359176
  15    5    1.110098   1.513440   11.191234  31.714508
  15    6    1.057204   1.526008   38.791091   3.688412
  15    7    0.914735   1.551339   33.175648  25.793135
  15    8    0.829655   1.568027   22.732543  28.265377
  15    9    0.721915   1.572129   37.389962  19.602847
  15   10    0.631187   1.585634   32.459442  39.937510
  15   11    0.513083   1.557243   31.359143  30.760880
  15   12    0.466142   1.563301   21.621909  25.257674
  15   13    0.376605   1.595768   29.293240  23.155820
  15   14    0.276295   1.599738   23.074490  36.008384
  15   15    0.126935   1.569935   29.530101   7.756864
  15   16    0.014676   1.578792    3.143688  28.980743
  16    0    1.615348   1.628515    9.390233  22.235537
  16    1    1.513752   1.656644   25.329734  34.266139
  16    2    1.429803   1.684892   11.185266  35.724308
  16    3    1.357197   1.660862    9.234844  10.514078
  16    4    1.204033   1.673099    5.035536  18.356899
  16    5    1.172962   1.613781    3.049244  22.054828
  16    6    1.025428   1.657361   37.316372  24.805363
  16    7    0.970759   1.625204   31.715344   5.480877
  16    8    0.847553   1.618485    7.966723   6.849340
  16    9    0.749272   1.647542   37.929464  22.226506
  16   10    0.676349   1.633922   25.557831  32.083190
  16   11    0.597575   1.650300   39.429617  38.880089
  16   12    0.409115   1.627382   25.933725   4.187045
  16   13    0.311200   1.650203   23.556886  18.409069
  16   14    0.262295   1.688619    8.399355  14.758110
  16   15    0.136195   1.628280    8.867011   3.172840
  16   16    0.027930   1.654302    2.846267  27.518857
  17    0    1.644224   1.775847    3.607858   4.544095
  17    1    1.549269   1.796873   11.869770  22.789092
  17    2    1.428435   1.737647    2.167511   4.154514
  17    3    1.303656   1.789867   33.845617  13.429152
  17    4    1.293249   1.762239    3.136771  18.225967
  17    5    1.125178   1.705362   26.098273   3.031827
  17    6    1.091664   1.727302   26.418954  19.143729
  17    7    0.990928   1.752077   31.706915  32.960917
  17    8    0.840860   1.780622   11.858869  27.373513
  17    9    0.732866   1.781091   29.159380  36.904620
  17   10    0.621046   1.726338   18.152005   2.019447
  17   11    0.522362   1.770224   10.978304   9.932288
  17   12    0.433466   1.790372   28.333944  29.765410
  17   13    0.306417   1.747843   35.607814   3.613384
  17   14    0.261365   1.719047   26.939130  19.637492
  17   15    0.153369   1.732181    6.263135  39.577792
  17   16    0.042451   1.700470    3.957157  14.970614
  18    0    1.691579   1.843216   31.109588  30.966946
  18    1    1.523027   1.849598    2.003826  14.157701
  18    2    1.497153   1.890739   11.051489  14.545544
  18    3    1.322436   1.864746   15.663243   8.205057
  18    4    1.206174   1.854448   24.575526  25.813948
  18    5    1.191862   1.845837   35.746357  35.812978
  18    6    1.093251   1.849725   13.507263  35.281659
  18    7    0.903762   1.862851    6.250331  25.645863
  18    8    0.871351   1.816244   19.203474  26.132580
  18    9    0.757318   1.876661    8.092243  40.651488
  18   10    0.627961   1.875583   15.617071  11.833111
  18   11    0.531311   1.843897    1.229665  20.734335
  18   12    0.419539   1.878790   33.835460   6.804384
  18   13    0.358678   1.882422   25.569745  37.783248
  18   14    0.200040   1.805124   12.107216  34.100311
  18   15    0.136761   1.834736    1.107432  30.998958
  18   16    0.059972   1.879175   36.036034  21.103403
  19    0    1.623886   1.942812   19.022620  20.662356
  19    1    1.500010   1.945166   35.534972  17.570627
  19    2    1.406392   1.939818   38.004981  24.929680
  19    3    1.357620   1.974406   18.298062   9.931903
  19    4    1.250615   1.971683   33.864362   6.936128
  19    5    1.146444   1.984735   23.960441  21.564125
  19    6    1.081562   1.984586   15.523669  38.434699
  19    7    0.956416   1.919236   18.782200  20.833934
  19    8    0.854164   1.953258   36.780213   1.392364
  19    9    0.797586   1.965567   37.605217   7.022758
  19   10    0.603937   1.979356   40.760587  40.411033
  19   11    0.552615   1.997004   17.996316  28.817965
  19   12    0.481813   1.959176   32.783164  26.536020
  19   13    0.331670   1.981579   40.904124  10.874268
  19   14    0.292609   1.905653    7.381409  16.960104
  19   15    0.199156   1.936677   12.821104   1.019860
  19   16    0.068229   1.910835   16.530220  15.326519
  20    0    1.664285   2.003041   36.356265   4.002040
  20    1    1.515205   2.051924   38.656626  13.779586
  20    2    1.496880   2.074316   19.288135  17.237428
  20    3    1.381543   2.076489   11.805165  10.606955
  20    4    1.246168   2.046133   26.581642  29.852166
  20    5    1.190083   2.050619    9.367408   6.262783
  20    6    1.003469   2.042154    5.516601  28.367812
  20    7    0.984707   2.017532   23.074079   5.756451
  20    8    0.859751   2.033602   10.989588  30.708965
  20    9    0.731742   2.093558   15.487342  36.836770
  20   10    0.665963   2.093504    6.215005   4.778951
  20   11    0.511731   2.023444   13.019862  11.096900
  20   12    0.407859   2.017209   33.465269  18.670212
  20   13    0.326550   2.027560   30.546303  29.070555
  20   14    0.257715   2.096682   40.154034  36.646386
  20   15    0.133420   2.099847   29.962014  20.585355
  20   16    0.062891   2.057689   27.480502  18.353321
  21    0    1.600890   2.157285   37.582697  18.084508
  21    1    1.575639   2.156165   22.016880  38.286639
  21    2    1.462218   2.199111   19.067911   3.323317
  21    3    1.319848   2.182904   15.035134  18.363734
  21    4    1.218847   2.107229   15.590344  26.792316
  21    5    1.128616   2.144174   30.033249  38.518425
  21    6    1.020761   2.107979   21.261841  14.414161
  21    7    0.971584   2.169910   25.835248  18.556776
  21    8    0.821539   2.119837    9.366227  27.506700
  21    9    0.722919   2.150898   20.803317   9.082949
  21   10    0.673760   2.131658   33.738045   9.699966
  21   11    0.599616   2.121633   33.114422  30.124203
  21   12    0.495195   2.191683    1.665381  38.440159
  21   13    0.325504   2.186548   12.717867  33.154536
  21   14    0.297809   2.138831   15.984008  38.908976
  21   15    0.148868   2.133857   12.504319  15.536721
  21   16    0.030108   2.174676   36.569156  14.631974
  22    0    1.661048   2.293459    9.380878  25.972838
  22    1    1.538749   2.257033   15.220256  21.744967
  22    2    1.429704   2.273233   40.360830   5.373699
  22    3    1.307549   2.294227   12.973104   2.832744
  22    4    1.273565   2.251426   24.440798  29.627875
  22    5    1.181171   2.232863   35.162903   1.449756
  22    6    1.065609   2.212005   37.952044  39.071352
  22    7    0.926766   2.261358   17.100757  39.877677
  22    8    0.858488   2.284493   19.236765  34.029162
  22    9    0.729687   2.296465    2.015211  20.370100
  22   10    0.679877   2.290159   17.914274  26.620621
  22   11    0.559182   2.280685   32.949523   4.079915
  22   12    0.446058   2.202395   14.666012   6.090163
  22   13    0.376569   2.294751   31.594395  12.060245
  22   14    0.289664   2.200695   19.382414  38.246015
  22   15    0.191881   2.281225   39.574966  39.175118
  22   16    0.091882   2.234839    8.678718  19.159329
  23    0    1.605374   2.382798   11.499933  34.451367
  23    1    1.550773   2.318739    8.200843  19.096655
  23    2    1.497511   2.322010   34.119711  20.348573
  23    3    1.305526   2.341859   20.806553  24.728968
  23    4    1.255151   2.387892    2.229636  18.619156
  23    5    1.171518   2.320178   28.621166  15.980786
  23    6    1.042706   2.349417    9.493237  21.876067
  23    7    0.923001   2.308415   35.131154  18.453198
  23    8    0.844849   2.385656   11.149716  17.680798
  23    9    0.789038   2.360528   22.893004  13.174981
  23   10    0.622139   2.308211    5.608785  35.909789
  23   11    0.503989   2.356464   23.098809   2.506229
  23   12    0.432541   2.352728   23.225111  30.352598
  23   13    0.376412   2.309754   25.154111   4.339315
  23   14    0.280304   2.333219    3.083660   1.940493
  23   15    0.109686   2.332689   37.587562  36.312231
  23   16    0.059051   2.385430   22.416309   3.699502
  24    0    1.623942   2.463718    6.026055  17.569739
  24    1    1.558155   2.473614   38.309146  16.467181
  24    2    1.492116   2.455102   19.633028  37.678029
  24    3    1.300625   2.498895   27.648935  29.607760
  24    4    1.212953   2.477982   14.321712  20.618912
  24    5    1.176698   2.426738    8.796317   2.405563
  24    6    1.000760   2.426715    9.219141   6.359889
  24    7    0.930222   2.446094   17.262332  39.511982
  24    8    0.875483   2.494649   32.270834   3.316743
  24    9    0.744647   2.483447    7.703962   7.766526
  24   10    0.687391   2.449489   21.540089  32.095622
  24   11    0.562067   2.421215   25.843404  31.907845
  24   12    0.408207   2.457967   10.669920  24.221884
  24   13    0.352263   2.411899   36.454898  33.135883
  24   14    0.264935   2.496756   20.139700  19.133287
  24   15    0.129045   2.436859   27.351954  37.181686
  24   16    0.083972   2.439378   40.362672  18.535440
  25    0    1.688465   2.531760   34.346907  17.486633
  25    1    1.551257   2.527329   28.334514  29.287710
  25    2    1.417566   2.589496   28.443789  34.288249
  25    3    1.379280   2.517728   26.457248  14.308123
  25    4    1.293351   2.555778   14.064558  21.854995
  25    5    1.103697   2.549485   30.326795  35.556094
  25    6    1.059509   2.552637    5.897814   3.807816
  25    7    0.911106   2.585339    1.686598  13.972127
  25    8    0.833208   2.500666   21.998148  20.411461
  25    9    0.725243   2.568050    3.413740   8.323964
  25   10    0.655838   2.562175   12.053391  31.913993
  25   11    0.551381   2.575641   25.318104   8.228946
  25   12    0.460147   2.594261   12.276033  38.458118
  25   13    0.398180   2.572759   32.699123  26.192681
  25   14    0.281520   2.583351   22.164197  29.783382
  25   15    0.162525   2.533077   24.018794  39.324412
  25   16    0.093451   2.530911   13.416578  26.883489
  26    0    1.676084   2.651121   29.713636  33.459804
  26    1    1.596340   2.673787   27.574836   2.978405
  26    2    1.472369   2.670966   21.082371  40.742180
  26    3    1.334763   2.652027   16.505995  32.606145
  26    4    1.240021   2.633974   26.350165  36.283523
  26    5    1.161232   2.682062    8.626457  15.334513
  26    6    1.081846   2.688058   10.424302  30.346926
  26    7    0.904206   2.653778   23.808303  34.538334
  26    8    0.899811   2.606944   25.520267  19.562424
  26    9    0.734726   2.646255   31.197624   1.883052
  26   10    0.673785   2.639445   21.751236   4.008500
  26   11    0.559565   2.648863   26.713671  24.600883
  26   12    0.496203   2.646002   39.938077  36.561847
  26   13    0.399128   2.681930   40.786692  35.341010
  26   14    0.266193   2.682563   13.310975   6.738287
  26   15    0.135615   2.634315   11.931383   3.320620
  26   16    0.034843   2.660330   40.437916  13.318062
  27    0    1.641039   2.774012   18.041931  20.698921
  27    1    1.528368   2.743979   38.629272  28.369021
  27    2    1.415733   2.742306   24.833697   9.541555
  27    3    1.357875   2.750697   25.231836  19.851538
  27    4    1.285821   2.711997    9.645665   2.438153
  27    5    1.153205   2.777653   23.639687  20.809314
  27    6    1.022877   2.775886    8.856812  33.781098
  27    7    0.934047   2.716545   31.513352  10.220533
  27    8    0.860630   2.732959   38.458652  38.908851
  27    9    0.754060   2.710394   20.612766  23.904132
  27   10    0.692060   2.756617   29.865235  34.762534
  27   11    0.523169   2.769989   40.813628   3.446282
  27   12    0.435601   2.761806   26.830980   8.399761
  27   13    0.329526   2.795214   15.290783  36.932488
  27   14    0.261415   2.736062   24.385759   8.655017
  27   15    0.145795   2.739942   19.516342   7.340999
  27   16    0.067825   2.763236   36.985707   1.431214
  28    0    1.614485   2.818267   13.634300   2.773583
  28    1    1.593977   2.848073   20.617331  30.552345
  28    2    1.463986   2.874551   25.937496  37.269974
  28    3    1.347705   2.844841   22.381508   3.802492
  28    4    1.210785   2.830089   24.586790   1.772664
  28    5    1.117269   2.803830   31.123049  37.721739
  28    6    1.053997   2.875167    5.376423  31.878996
  28    7    0.922311   2.875831   13.960582  24.924848
  28    8    0.865922   2.896845    5.263581   2.337828
  28    9    0.742824   2.856598   26.110528  14.153905
  28   10    0.626779   2.820039   24.544227  37.818361
  28   11    0.545336   2.810800   35.188054  35.971408
  28   12    0.443057   2.892272    4.971365   5.299039
  28   13    0.302732   2.888134    6.206907   5.945610
  28   14    0.227120   2.860941   26.775921   5.494710
  28   15    0.178270   2.833020    9.789135  12.375237
  28   16    0.000759   2.876036   34.464521  29.060606
  29    0    1.615342   2.993717    3.634726   7.046021
  29    1    1.517315   2.900926   39.432499  27.881949
  29    2    1.442399   2.956692   16.090288  25.206776
  29    3    1.375809   2.929195   36.844508  32.578358
  29    4    1.267210   2.967743   10.694938   4.898080
  29    5    1.126198   2.986428   14.899212  24.422502
  29    6    1.096236   2.952623   11.870641  15.961944
  29    7    0.937432   2.942478   26.508568   3.192785
  29    8    0.873412   2.916838    4.463294   5.506129
  29    9    0.719421   2.971895   16.586270   2.050147
  29   10    0.687989   2.986768    3.629914  19.292123
  29   11    0.556330   2.978083   32.554009   6.349381
  29   12    0.453331   2.952451    6.606365  27.461072
  29   13    0.321815   2.940171   31.338248  35.365682
  29   14    0.207695   2.986103    4.179091   8.207292
  29   15    0.106846   2.950688   13.044285   4.237447
  29   16    0.034021   2.939865    7.223432  24.454292
  30    0    1.697715   3.086823   19.658424  37.996673
  30    1    1.538598   3.071273   12.460099  26.283551
  30    2    1.495649   3.098395   36.543160  20.378597
  30    3    1.368270   3.005599   31.620517  25.811600
  30    4    1.270084   3.001615   25.154318   7.172537
  30    5    1.182414   3.020477   19.500742   1.406295
  30    6    1.085280   3.039289   37.323178  37.196226
  30    7    0.929460   3.030133   38.922781  34.578443
  30    8    0.834323   3.005339   14.610661  33.546203
  30    9    0.708066   3.054031   14.411140   5.580283
  30   10    0.655929   3.034336   20.654706  23.597183
  30   11    0.520329   3.077928   31.431563  32.687639
  30   12    0.497601   3.025200   10.096068  18.293606
  30   13    0.348509   3.054072   14.327915  15.337842
  30   14    0.223786   3.002310    4.581783  19.596897
  30   15    0.107767   3.041679    3.632285  12.740878
  30   16    0.049579   3.016960    4.509640   9.522267
  31    0    1.645263   3.158856   32.212393  37.276479
  31    1    1.509356   3.157452   34.591050  15.019219
  31    2    1.470730   3.102764    9.759500   5.935243
  31    3    1.345388   3.167043    1.973769  40.020202
  31    4    1.215241   3.196096   26.409044  33.257126
  31    5    1.124057   3.165575   17.579986   9.302211
  31    6    1.023394   3.134837   38.825303   5.666003
  31    7    0.956708   3.132807   14.479373  38.376407
  31    8    0.889506   3.144795    5.870444   9.794287
  31    9    0.718503   3.139302   11.530712   9.441152
  31   10    0.650660   3.102523   36.017389  16.336918
  31   11    0.521821   3.104184   16.189834  35.504190
  31   12    0.448551   3.140042   34.954975   6.169326
  31   13    0.310791   3.118158   17.295614  13.099988
  31   14    0.268111   3.132160   19.372970  26.909324
  31   15    0.100494   3.194893   26.809867  18.598570
  31   16    0.053712   3.160192   11.703537   5.798151
  32    0    1.688185   3.204204    8.901030  33.922506
  32    1    1.593541   3.256550   10.634840  38.721233
  32    2    1.414541   3.296423   25.425587  34.559015
  32    3    1.349332   3.260922   23.501514   5.384540
  32    4    1.250534   3.248925   28.775256  36.074450
  32    5    1.192150   3.260670   29.195806   7.107697
  32    6    1.029939   3.253000    6.222015  34.908764
  32    7    0.985279   3.245584   14.032241   6.390367
  32    8    0.838795   3.212069   24.307115  15.047850
  32    9    0.732536   3.280286    8.037751   6.353700
  32   10    0.611347   3.240728   17.484276   4.241972
  32   11    0.584427   3.286327   25.428228  23.353966
  32   12    0.467013   3.238150   32.141347  31.758810
  32   13    0.365574   3.230443   20.571580  17.510815
  32   14    0.254892   3.259123   35.288740   4.229953
  32   15    0.154712   3.235430    9.526381  13.587893
  32   16    0.051125   3.221302    6.617059  16.970002
  33    0    1.613294   3.365761   17.284291  28.608884
  33    1    1.580079   3.368223   13.290348  15.217736
  33    2    1.420369   3.391313   12.133490   2.787334
  33    3    1.302942   3.354208   38.755499  13.069113
  33    4    1.229888   3.399512    1.099423  26.793959
  33    5    1.136680   3.329499   20.012389  27.442215
  33    6    1.021971   3.308659   24.208207  11.080402
  33    7    0.932670   3.381786    2.203389  10.234503
  33    8    0.871919   3.333414   20.357139  31.923775
  33    9    0.757478   3.333753   25.044959   3.903132
  33   10    0.609853   3.367121    3.865784  34.051586
  33   11    0.578327   3.305351   32.538080  24.019320
  33   12    0.489881   3.375105    8.320184  11.151985
  33   13    0.362705   3.324212   25.558371  26.918134
  33   14    0.230565   3.338051   23.111818  23.269588
  33   15    0.155421   3.307947   16.340771  31.385320
  33   16    0.028185   3.345246   28.111970   4.032412
  34    0    1.697041   3.448029   14.537747  30.393167
  34    1    1.580937   3.413717   23.211246  20.850809
  34    2    1.495244   3.496558   36.444043  32.217648
  34    3    1.395704   3.401208   11.993046  37.674576
  34    4    1.255043   3.494377   22.145056   9.839455
  34    5    1.179374   3.488447   32.598841  12.589727
  34    6    1.015138   3.481893    9.759965  33.351816
  34    7    0.943977   3.429297   13.882189  21.481743
  34    8    0.825846   3.402354   31.614846  12.168302
  34    9    0.778991   3.406169   31.237469  34.187418
  34   10    0.639107   3.441463    4.095008   2.144156
  34   11    0.565179   3.482461    4.028384  21.002731
  34   12    0.463013   3.446899   21.089911  17.294985
  34   13    0.322203   3.413786   15.330346  35.109479
  34   14    0.262108   3.436632   10.358033   6.616958
  34   15    0.196974   3.465451    4.739920  40.428751
  34   16    0.060376   3.435915   32.803156  33.582976
  35    0    1.611363   3.584847   26.293549  14.604585
  35    1    1.526417   3.579366   36.567590   9.209586
  35    2    1.496348   3.594370   16.076879  13.266509
  35    3    1.389741   3.576813   21.011898  19.159741
  35    4    1.245078   3.502967   37.895030  34.414949
  35    5    1.153389   3.569368   40.064789  31.166784
  35    6    1.019555   3.582572   30.413242  30.718823
  35    7    0.931315   3.595669   40.090861  11.135383
  35    8    0.844793   3.519448    5.466386   2.709922
  35    9    0.749002   3.547314   24.337980  14.595449
  35   10    0.620251   3.529865    4.774880   7.304025
  35   11    0.502701   3.517206   24.190113  14.755352
  35   12    0.471271   3.524547   31.093632  13.773989
  35   13    0.376535   3.534877   36.865508  39.221111
  35   14    0.252956   3.516967   29.859673  33.245365
  35   15    0.167340   3.538798   19.864193  14.518500
  35   16    0.005557   3.596859    8.693228  37.980412
  36    0    1.664730   3.657267   14.382777  40.875362
  36    1    1.543939   3.632172   24.646010  33.161695
  36    2    1.478244   3.656705   23.078679  39.291708
  36    3    1.344059   3.620256    2.879612   6.581759
  36    4    1.294811   3.668960   31.979883  28.745503
  36    5    1.166640   3.682175   15.495910  40.590673
  36    6    1.087886   3.627740   22.000452  23.452356
  36    7    0.932339   3.682837   25.530478  25.848591
  36    8    0.884716   3.628342    2.436065   8.417638
  36    9    0.733727   3.664015   28.659034   7.875729
  36   10    0.630110   3.674559   16.977893  16.089862
  36   11    0.537223   3.697351    3.956072  25.087530
  36   12    0.463890   3.691970    2.197223  27.744481
  36   13    0.392923   3.600085   35.083812  40.948055
  36   14    0.254904   3.667806   39.117277  20.297564
  36   15    0.131852   3.607527   24.578732  33.069980
  36   16    0.007014   3.624129   10.402745  12.569121
  37    0    1.688676   3.763156   36.441965  38.534871
  37    1    1.571925   3.743284   38.861611  34.586178
  37    2    1.443272   3.769791   26.028934   7.402742
  37    3    1.370027   3.742427   17.367913  29.335987
  37    4    1.226820   3.743386   31.272639   5.325196
  37    5    1.133599   3.737372    5.978155  38.450091
  37    6    1.087176   3.724798    5.564090  31.371768
  37    7    0.946784   3.745091   28.928114  21.620277
  37    8    0.854306   3.734248   10.152429  38.624402
  37    9    0.763685   3.748897   12.360896  34.117735
  37   10    0.689410   3.798245   12.716357  22.790314
  37   11    0.539732   3.790701   23.051121  37.607094
  37   12    0.441129   3.739341   18.797534  38.028780
  37   13    0.312152   3.760644   39.054198  26.517290
  37   14    0.268844   3.795417   14.075694  29.382739
  37   15    0.112950   3.726039    5.123696  15.551532
  37   16    0.026555   3.727031   18.004275  37.651377
  38    0    1.692218   3.878725   18.903910  33.488974
  38    1    1.531234   3.878921    3.114419  35.235193
  38    2    1.470914   3.882778   38.318748   4.250975
  38    3    1.366755   3.884887   39.334265  30.430356
  38    4    1.230432   3.873006   16.242153  28.275166
  38    5    1.198658   3.844047   18.959533  12.844458
  38    6    1.081346   3.888690   15.449321  25.560855
  38    7    0.995963   3.850844   25.450436   4.051120
  38    8    0.835635   3.826787   35.012055   6.319601
  38    9    0.774167   3.831233   28.019034   5.296170
  38   10    0.635516   3.864105   28.715635  35.985109
  38   11    0.588258   3.823071   34.010209  38.013461
  38   12    0.467684   3.828949   36.738674  18.406910
  38   13    0.316233   3.840067   32.368492  33.103701
  38   14    0.214337   3.899294    3.751456  14.372602
  38   15    0.182088   3.875474   14.022039   1.374972
  38   16    0.061767   3.866763   39.752366  22.173735
  39    0    1.672622   3.934287   18.804129  30.238927
  39    1    1.503634   3.933508   34.376021  12.750749
  39    2    1.404642   3.930807   13.571587  40.701987
  39    3    1.339208   3.902571   21.070839  14.022672
  39    4    1.298287   3.952234   12.468646  23.886139
  39    5    1.176931   3.981349   24.457787  17.327601
  39    6    1.008169   3.968327    7.823771  17.759281
  39    7    0.910580   3.942535   32.346154  33.470309
  39    8    0.856906   3.962202   28.956066  22.450352
  39    9    0.739120   3.977197   13.296243  36.693632
  39   10    0.605381   3.967962   26.206950  26.469800
  39   11    0.552020   3.930661   31.282916   1.960582
  39   12    0.480658   3.927157    8.801815   6.351263
  39   13    0.399375   3.933388   10.928042   4.254488
  39   14    0.266010   3.917931   27.685484   8.675649
  39   15    0.110581   3.926306   19.933900   8.174723
  39   16    0.037857   3.968253   28.264321  26.134092
  40    0    1.616665   4.032839   19.763695  11.925942
  40    1    1.511672   4.037776   23.026920  18.231610
  40    2    1.469496   4.048356   11.279382  21.869032
  40    3    1.333054   4.041616   10.304358  22.428575
  40    4    1.236230   4.001844    8.961081   2.122301
  40    5    1.121106   4.093764   32.970062  12.962423
  40    6    1.079204   4.094301   35.496394  28.271740
  40    7    0.939208   4.067847    9.668399  32.287357
  40    8    0.810373   4.033714   17.942031  15.069526
  40    9    0.732930   4.008600    1.200169  24.015090
  40   10    0.635003   4.067383    7.324189  25.070197
  40   11    0.536543   4.078691   35.982223  16.435012
  40   12    0.471939   4.058998   15.458218  18.474309
  40   13    0.308001   4.092415   31.037528   2.137444
  40   14    0.257183   4.070045    5.932131  14.019641
  40   15    0.107697   4.070326   28.761017  31.958981
  40   16    0.003819   4.082954   30.612622  36.580353
  41    0    1.688506   4.146975    4.745662  10.414244
  41    1    1.504511   4.146870    8.696286   9.204811
  41    2    1.413773   4.177735    8.242248   4.973632
  41    3    1.322872   4.136003    2.242806  25.643109
  41    4    1.265879   4.120067   14.365409   2.992034
  41    5    1.126908   4.185215   10.290951  13.985622
  41    6    1.050904   4.109596   35.947521   7.788729
  41    7    0.971584   4.107849    3.072260  32.854228
  41    8    0.844657   4.112023    2.981140  39.324027
  41    9    0.738197   4.106745   28.501378   8.658193
  41   10    0.661932   4.108166   28.879708  35.113541
  41   11    0.585859   4.160979   25.036063  25.746958
  41   12    0.464394   4.161313   25.325344  33.466249
  41   13    0.364766   4.108073   28.163933  40.862444
  41   14    0.252825   4.123587    1.261564   3.827848
  41   15    0.182280   4.144240    2.187110  29.113758
  41   16    0.016731   4.161185   26.627856  27.956215
  42    0    1.601020   4.233704    4.639953  40.767525
  42    1    1.538430   4.217091   37.722113  30.851082
  42    2    1.483206   4.252199   37.589156  16.467363
  42    3    1.369731   4.284295    8.615949  31.805364
  42    4    1.277464   4.289483   38.229539  33.066337
  42    5    1.117176   4.232539   31.837026  13.640879
  42    6    1.073064   4.200990   10.602923  13.076559
  42    7    0.986601   4.217270   21.571565  32.136523
  42    8    0.822294   4.229765   20.931544  27.810373
  42    9    0.749333   4.200755   33.929260  27.852260
  42   10    0.654196   4.216344   30.971529  37.607917
  42   11    0.500898   4.232179   31.351923  38.997626
  42   12    0.472341   4.276493    6.956003   2.116148
  42   13    0.388440   4.266114   22.036193  26.688714
  42   14    0.245623   4.254524   16.111482  39.404725
  42   15    0.185328   4.246843   40.279754  32.882973
  42   16    0.064239   4.253395   28.395249  34.774462
