   0    0    2.057081   0.066257   11.579322  35.864588
   0    1    1.952142   0.082731   13.234319  34.146921
   0    2    1.804290   0.064101   40.638655   8.105416
   0    3    1.770109   0.041961    8.132521  27.576713
   0    4    1.684048   0.091337   22.373949   3.171621
   0    5    1.581518   0.027140   15.399048   3.727239
   0    6    1.417313   0.010701   30.101791   4.170071
   0    7    1.385530   0.047737   29.719685  16.710401
   0    8    1.219303   0.009872   14.930814   3.594146
   0    9    1.180064   0.038556    3.330033  20.269046
   0   10    1.049991   0.036190    2.021478  35.847713
   0   11    0.966877   0.028366   31.130131  28.366064
   0   12    0.847862   0.002366   11.111019  13.862301
   0   13    0.783420   0.019903    7.359789   2.184199
   0   14    0.652514   0.041138   19.966907  13.241332
   0   15    0.556849   0.027417   23.298737  32.849323
   0   16    0.450466   0.052154   38.846198   8.185540
   0   17    0.390282   0.003544   25.494764  33.135218
   0   18    0.254223   0.015306    4.702240  40.524058
   0   19    0.103043   0.088597   15.312089  31.603248
   0   20    0.047227   0.041343   15.794250  36.495930
   1    0    2.055089   0.132224   23.131257  39.075585
   1    1    1.996726   0.192770   10.519343  15.497155
   1    2    1.891243   0.169932   34.320926  10.036006
   1    3    1.752927   0.135905   28.700648  20.828648
   1    4    1.643051   0.185102   19.140964  10.497546
   1    5    1.515977   0.178397   39.229227  24.550843
   1    6    1.425228   0.150895   25.025350   9.071644
   1    7    1.362349   0.105601   14.871558  36.870945
   1    8    1.259648   0.125844    7.232412   9.418697
   1    9    1.179195   0.153906    3.218415   5.059202
   1   10    1.052717   0.171946   22.639038  19.955280
   1   11    0.958982   0.149465   22.165031  17.710804
   1   12    0.841679   0.174714   31.494508  10.638581
   1   13    0.757452   0.196693   18.976511  37.240412
   1   14    0.612070   0.170916    3.238703  16.843923
   1   15    0.515477   0.122534   33.906502  26.816566
   1   16    0.472000   0.131625   25.028478  36.796556
   1   17    0.389828   0.169643   22.501204  37.513570
   1   18    0.249328   0.105716   25.405066  11.714203
   1   19    0.129197   0.184533   35.134865  17.278757
   1   20    0.055037   0.102106   30.574432  16.762186
   2    0    2.069953   0.265116   27.986967  35.383339
   2    1    1.930233   0.277793    7.061573  26.118231
   2    2    1.811232   0.216219    6.585360   4.345375
   2    3    1.765200   0.203127   32.038802   6.889398
   2    4    1.660830   0.211318    1.203695  25.883687
   2    5    1.546808   0.295816   11.417129   4.318867
   2    6    1.422234   0.274081   22.815523  28.281884
   2    7    1.355299   0.250745   35.828920  24.665657
   2    8    1.218770   0.274266    8.971538  39.611948
   2    9    1.193137   0.244023    5.919069  22.335621
   2   10    1.023425   0.279110   40.880461  14.587162
   2   11    0.987067   0.256518   10.900965  34.287419
   2   12    0.882323   0.213532   36.138170   2.384469
   2   13    0.759918   0.244691   28.122648  37.432456
   2   14    0.686155   0.260331   15.963686   8.596658
   2   15    0.520918   0.284652   26.427542  33.693091
   2   16    0.457041   0.274990   31.464755   6.545093
   2   17    0.372436   0.229185   22.383279  32.578734
   2   18    0.278348   0.298808   30.369766  31.504008
   2   19    0.177023   0.246810   15.991144   2.584771
   2   20    0.001953   0.228756   33.826851  25.957715
   3    0    2.071535   0.357035   21.277770  20.414552
   3    1    1.921212   0.342820   12.285050  14.832355
   3    2    1.854836   0.336562    7.209736  40.970002
   3    3    1.798600   0.385524   40.136505  36.714180
   3    4    1.612219   0.347486   35.660825  21.251730
   3    5    1.584561   0.389915   30.712696  40.386625
   3    6    1.473170   0.330419   25.700724  37.754801
   3    7    1.358486   0.349514    6.391793  35.588758
   3    8    1.229477   0.313001   27.263040  19.641689
   3    9    1.164119   0.356542    2.988281   2.718018
   3   10    1.067927   0.307395   12.289548  18.919196
   3   11    0.999815   0.391216   23.260047  18.270448
   3   12    0.895954   0.309130   27.736659  34.041472
   3   13    0.759156   0.380965   21.282213  21.131944
   3   14    0.659605   0.364064   22.369158  14.806550
   3   15    0.599373   0.348147   37.601027  29.404370
   3   16    0.471062   0.340238   38.055327   4.109164
   3   17    0.343817   0.330163   34.495220  18.270674
   3   18    0.277678   0.327063   26.316616  16.057885
   3   19    0.100399   0.386825   21.336280   6.473486
   3   20    0.016160   0.385519   32.174109  10.159954
   4    0    2.000510   0.406425   31.953150  12.301950
   4    1    1.903964   0.489981   39.873079  37.722494
   4    2    1.832321   0.484149   19.070948  29.551905
   4    3    1.725394   0.434756   38.855997  29.314092
   4    4    1.658708   0.474321    5.307338  39.744793
   4    5    1.572098   0.426609    3.393409   1.076059
   4    6    1.473213   0.411404   35.874260  38.961016
   4    7    1.396817   0.448287    5.571183   2.867988
   4    8    1.257518   0.453788   15.046792  35.963775
   4    9    1.135200   0.457477   38.871662  32.677542
   4   10    1.060826   0.429085   16.624966  12.859707
   4   11    0.943395   0.480618   38.375334  39.419712
   4   12    0.825390   0.449996   18.028441  10.362999
   4   13    0.788869   0.471664    3.648709  30.196104
   4   14    0.633056   0.425750   18.327970   6.799915
   4   15    0.518511   0.432150   21.673115  28.280130
   4   16    0.445313   0.415731    2.431704  23.311030
   4   17    0.311599   0.430800   29.708233  34.539276
   4   18    0.253711   0.459090    6.808392  27.278755
   4   19    0.105566   0.418459   31.773221  27.700943
   4   20    0.048866   0.466969   26.543624   1.828040
   5    0    2.059728   0.507242   27.467353  37.813671
   5    1    1.954431   0.582445   39.189334   1.318489
   5    2    1.896308   0.571596    8.141163   2.450864
   5    3    1.757473   0.597363    7.780814   1.066400
   5    4    1.629032   0.533352   22.968133  26.649446
   5    5    1.598629   0.564938    3.559580  34.105565
   5    6    1.457475   0.512843   36.256055  15.271193
   5    7    1.364239   0.562345   38.354478   8.615993
   5    8    1.270078   0.563855    7.376215  30.419797
   5    9    1.148301   0.538464   17.237488  36.720001
   5   10    1.060371   0.561398    5.977659  26.742035
   5   11    0.924704   0.528536   13.984740  38.665472
   5   12    0.819432   0.578212   27.692829  33.886716
   5   13    0.789570   0.529698   35.037326  15.986341
   5   14    0.622994   0.568430   19.329928  28.090413
   5   15    0.599894   0.509172   12.070545  33.050733
   5   16    0.483845   0.574964   17.586443  23.804272
   5   17    0.347828   0.560370   28.944296   8.477448
   5   18    0.289303   0.590954   11.607310   1.471528
   5   19    0.170017   0.531253   25.721373  16.221835
   5   20    0.089518   0.535008   37.250274   9.010658
   6    0    2.098332   0.623963   30.604504  10.702376
   6    1    1.945259   0.644990   19.710048  12.254407
   6    2    1.812164   0.605117   30.057021   1.159641
   6    3    1.783559   0.655750    1.191947  23.540259
   6    4    1.653100   0.672080   18.036116  27.509579
   6    5    1.546229   0.602455   21.614742  27.843202
   6    6    1.410383   0.692135    7.181703  33.273406
   6    7    1.349742   0.683096   22.861518  12.286992
   6    8    1.279995   0.668655   37.967961  10.736699
   6    9    1.105370   0.621233   40.886410  27.565383
   6   10    1.041476   0.691240    6.238712   9.310573
   6   11    0.975674   0.693220   35.024134  28.750161
   6   12    0.884831   0.695216    5.211821  30.138180
   6   13    0.767610   0.622887   20.138303  18.158071
   6   14    0.654878   0.689984    4.951904  38.310028
   6   15    0.583479   0.601083   34.783570  24.394086
   6   16    0.462368   0.615418   30.474662  28.621979
   6   17    0.368820   0.657468   17.345725  19.383767
   6   18    0.239988   0.650835   29.060241   1.630065
   6   19    0.111120   0.697635   32.162895  39.152747
   6   20    0.097062   0.632026   18.017063   3.826592
   7    0    2.054797   0.719854    8.920109  14.306733
   7    1    1.949302   0.728409   36.051661  19.082301
   7    2    1.806445   0.742671   31.148513  12.610698
   7    3    1.769421   0.794575    4.564079  28.069675
   7    4    1.609667   0.707100   33.449592  28.761254
   7    5    1.520705   0.738347   39.602501  18.202803
   7    6    1.471095   0.765276   22.103840   5.391511
   7    7    1.398832   0.740890   40.874795   8.699490
   7    8    1.218310   0.731231   20.012346  34.543056
   7    9    1.117296   0.723538    1.128750  13.691671
   7   10    1.066355   0.748831   14.458857  30.284968
   7   11    0.928709   0.780678   27.376833  20.880435
   7   12    0.862430   0.726941   14.968919  20.855115
   7   13    0.778082   0.788380   24.855360  34.052330
   7   14    0.668084   0.702523   28.581787  22.644299
   7   15    0.534841   0.754402    5.272034  14.843907
   7   16    0.424859   0.718649   11.139817  28.539108
   7   17    0.347932   0.796808    2.809872   2.461773
   7   18    0.232810   0.746304   15.739159   9.584664
   7   19    0.112771   0.725622   14.519592  29.635746
   7   20    0.051728   0.736361   33.274601  31.623759
   8    0    2.030112   0.854766   26.146617   8.903016
   8    1    1.912117   0.861276    5.050494  27.514176
   8    2    1.875095   0.890028   40.102880  15.391511
   8    3    1.797096   0.894803   23.718737  40.721335
   8    4    1.679797   0.822834    9.207725  20.591011
   8    5    1.527421   0.882429   26.343878  27.528676
   8    6    1.464518   0.809347   17.986208  16.170837
   8    7    1.349651   0.875259    2.184442  12.803531
   8    8    1.231894   0.829727   22.727206   7.723263
   8    9    1.192258   0.835699    7.818652  18.201543
   8   10    1.063537   0.803346    2.167785  35.382127
   8   11    0.916103   0.874590   23.531791   1.888000
   8   12    0.831549   0.882347    2.584343  31.586402
   8   13    0.744171   0.846303   17.421492  25.299761
   8   14    0.656608   0.858117    4.235112  35.828825
   8   15    0.510860   0.810866   27.466327  35.166778
   8   16    0.410691   0.893107   30.512654  12.049972
   8   17    0.323335   0.870289   26.842113  17.957511
   8   18    0.275658   0.833862   26.829071  16.408517
   8   19    0.176613   0.800078    4.059423   9.107857
   8   20    0.028973   0.870224   33.170671  21.478663
   9    0    2.010002   0.926269   27.034852  40.838534
   9    1    1.934798   0.980371   22.422955  37.496121
   9    2    1.835429   0.943378   28.997649  30.061148
   9    3    1.772472   0.941684   35.980783   2.094259
   9    4    1.607895   0.929278   14.172383   1.818513
   9    5    1.535099   0.993401   38.822693  37.042402
   9    6    1.444965   0.989298   12.467392  33.900089
   9    7    1.378506   0.908586   38.142396  13.818544
   9    8    1.235646   0.953724   14.937802  14.718717
   9    9    1.195288   0.970159   22.794505   9.419075
   9   10    1.009417   0.960411   15.580981   9.230150
   9   11    0.929930   0.948561   25.225663   9.628410
   9   12    0.863401   0.977361   10.061355   6.622179
   9   13    0.739231   0.947084    3.226263   9.041738
   9   14    0.669798   0.958869   38.250567  38.695483
   9   15    0.537259   0.914977    5.752026  25.454423
   9   16    0.406686   0.983266   25.008032  29.303629
   9   17    0.346046   0.928151   25.228783  10.801882
   9   18    0.273177   0.990291   32.416001  22.914962
   9   19    0.101998   0.902631    8.167825   1.654100
   9   20    0.064659   0.921750   26.722298   4.304454
  10    0    2.043726   1.036873   16.583312  29.339243
  10    1    1.995469   1.070444   24.532977   1.578870
  10    2    1.829514   1.075623   24.617225  23.091139
  10    3    1.764849   1.059165   35.336196   1.183931
  10    4    1.602114   1.050229   17.941460  29.185726
  10    5    1.567396   1.004166    1.227664  36.237484
  10    6    1.434835   1.078130   17.920708  14.851856
  10    7    1.351484   1.065564   29.747089  38.477966
  10    8    1.256103   1.097705   18.183813   7.812170
  10    9    1.128220   1.050995   22.024110  29.312798
  10   10    1.059710   1.073767   38.165385  20.630082
  10   11    0.929539   1.018158   35.971269   6.896622
  10   12    0.864907   1.033655    6.343499   3.609186
  10   13    0.706872   1.016951   33.050628  23.864647
  10   14    0.694310   1.084255   25.313368  40.811765
  10   15    0.551592   1.022534   37.179704   4.291646
  10   16    0.488272   1.016195   21.500941  30.833335
  10   17    0.305065   1.036918   25.631461  18.642470
  10   18    0.271915   1.023082    4.234463  17.290529
  10   19    0.109603   1.078576   34.322160  21.925281
  10   20    0.035486   1.050814   32.056048  33.549883
  11    0    2.032024   1.137098   33.669926  22.953971
  11    1    1.979959   1.144872   28.569431   2.045441
  11    2    1.868737   1.143049   36.245952  11.571594
  11    3    1.718044   1.181923    5.784100  40.603389
  11    4    1.615420   1.191965   33.729333   5.881923
  11    5    1.505777   1.156163   39.830059  36.512235
  11    6    1.455324   1.165801    8.215574  12.981564
  11    7    1.311825   1.140537   22.081579  33.647380
  11    8    1.288138   1.115196   21.717891   4.380367
  11    9    1.110433   1.158293   18.142303  38.779239
  11   10    1.086075   1.101525   17.739461  31.243204
  11   11    0.909646   1.181294    7.808182  10.264348
  11   12    0.825468   1.149012   30.083882  24.781459
  11   13    0.798965   1.118099   11.038745   5.639267
  11   14    0.600661   1.124049   26.610122   3.567942
  11   15    0.520054   1.167009    8.131285  14.207337
  11   16    0.482347   1.141399   19.427328  22.244200
  11   17    0.330429   1.187137   36.706617   6.528712
  11   18    0.234764   1.195097   28.063914   5.034528
  11   19    0.143204   1.183982   33.779091  34.794363
  11   20    0.055251   1.125647   28.434419  12.676327
  12    0    2.086087   1.215117   28.097644  16.385096
  12    1    1.945710   1.264478   37.966682  12.821705
  12    2    1.829694   1.296243   16.108722   7.486906
  12    3    1.768343   1.241678   16.040941  21.660588
  12    4    1.689103   1.228266   34.305947   4.454330
  12    5    1.577797   1.203650   18.931538  38.460900
  12    6    1.403217   1.271950   11.395506  37.683749
  12    7    1.358502   1.263592   39.730959  24.916659
  12    8    1.244104   1.268313   25.620266  26.078931
  12    9    1.129414   1.299629   26.275013   7.640194
  12   10    1.002871   1.240141    5.749698  19.761384
  12   11    0.908824   1.222911   23.877005   4.829966
  12   12    0.839972   1.212803   18.656754  34.498441
  12   13    0.759078   1.261168   34.717839  17.090799
  12   14    0.676017   1.261041    2.066900  33.392262
  12   15    0.555214   1.241949   22.028018  17.578644
  12   16    0.434217   1.222452    7.978579  19.693310
  12   17    0.342491   1.214193   34.736613   8.087308
  12   18    0.227515   1.218129   40.418419  29.172114
  12   19    0.165681   1.216787    7.051289  15.389889
  12   20    0.012296   1.286222   40.608599  11.303481
  13    0    2.067718   1.388416   37.472585  26.092972
  13    1    1.906212   1.365162   13.287811   5.587618
  13    2    1.866936   1.314276   33.034661  18.456964
  13    3    1.790242   1.359853   19.841348  12.652936
  13    4    1.630611   1.322107   37.103832   6.081237
  13    5    1.584545   1.386373   27.059881   9.355633
  13    6    1.467911   1.372551   22.855231   1.048087
  13    7    1.303946   1.318520   34.760593  22.911443
  13    8    1.267576   1.336952   29.587049  33.064804
  13    9    1.162107   1.353030   31.168354  21.165275
  13   10    1.004806   1.319491    5.320805  26.338476
  13   11    0.903474   1.369349   21.868708  34.424766
  13   12    0.837798   1.359975   36.675233  37.363463
  13   13    0.799041   1.384571    6.308511  38.854074
  13   14    0.607269   1.348574   35.790362  14.496777
  13   15    0.545757   1.394469   15.234106  22.244581
  13   16    0.442033   1.394460   14.117488  14.141936
  13   17    0.360122   1.347510   13.120992  40.049456
  13   18    0.260325   1.316605    4.179764  18.557144
  13   19    0.154029   1.320325   11.563000  32.889347
  13   20    0.040071   1.366825   12.947205  26.749001
  14    0    2.025391   1.450323   12.753062  36.306817
  14    1    1.911656   1.452740   24.258978  12.608213
  14    2    1.887364   1.433941    6.601718   9.367384
  14    3    1.703994   1.401420   12.764885  23.389131
  14    4    1.698184   1.417519   20.703552  40.775421
  14    5    1.548852   1.493281   28.147047   6.830218
  14    6    1.438673   1.491837    9.275845  39.493408
  14    7    1.319317   1.400181   15.921822  26.657896
  14    8    1.216435   1.451082    5.357754  21.423387
  14    9    1.146233   1.481681   39.911067  33.911499
  14   10    1.054524   1.492316    9.972426   4.529778
  14   11    0.921137   1.429100    1.510933  25.472398
  14   12    0.848104   1.412518   32.618495   1.853000
  14   13    0.755850   1.498224   12.175413   1.375665
  14   14    0.645137   1.406804    9.371481  15.183692
  14   15    0.527399   1.438476   28.070954  28.927963
  14   16    0.426583   1.483678    8.039666   1.737609
  14   17    0.392284   1.408823   39.647480  14.350640
  14   18    0.227922   1.490966   24.233100  31.991596
  14   19    0.106378   1.468877   23.910271  31.612359
  14   20    0.056949   1.489578   17.868430  38.911360
  15    0    2.035849   1.547395   13.466163  23.310858
  15    1    1.922912   1.521283   36.546337  37.122049
  15    2    1.890500   1.519789   13.956630   9.908784
  15    3    1.798923   1.591423   40.402381  25.143002
  15    4    1.653798   1.571267   30.279356  21.323853
  15    5    1.593458   1.527813   22.446186  14.628290
  15    6    1.423592   1.582889   22.038971  38.818869
  15    7    1.307383   1.583020    9.067886  37.625036
  15    8    1.214158   1.554058   39.956691  25.332497
  15    9    1.100534   1.518819    7.304865   6.181771
  15   10    1.003699   1.566904   17.507650  28.836954
  15   11    0.986309   1.548800   18.625875  18.209434
  15   12    0.841793   1.505500   25.843795   6.004122
  15   13    0.714026   1.517977   23.403664  39.317890
  15   14    0.658547   1.566010    5.099276  32.406883
  15   15    0.587001   1.566643   35.911323   2.421204
  15   16    0.441303   1.532649   21.464286  20.677799
  15   17    0.399349   1.559874   16.591622  15.225182
  15   18    0.265783   1.548708    6.952443  39.492568
  15   19    0.156440   1.563717    6.512664  30.281022
  15   20    0.086378   1.581929   37.575785  13.941003
  16    0    2.072768   1.614486   38.337251  13.109221
  16    1    1.905090   1.669160   15.680580  31.793576
  16    2    1.816651   1.658520   18.797408  20.968209
  16    3    1.750202   1.626482   23.486176  40.366925
  16    4    1.693764   1.636339   29.579597  38.162474
  16    5    1.504292   1.627906    7.408183  35.136975
  16    6    1.430918   1.647350   36.690192  23.355281
  16    7    1.326538   1.688249   36.536370  33.943683
  16    8    1.237821   1.659078   32.784854  10.171365
  16    9    1.116556   1.633938   33.676675  39.576715
  16   10    1.087730   1.618378    2.609526  24.445336
  16   11    0.966074   1.609273    3.655829  18.726666
  16   12    0.867982   1.681113   38.614796  39.791796
  16   13    0.740800   1.645073   21.126146  26.731764
  16   14    0.608291   1.601560    1.969477  27.743523
  16   15    0.527667   1.611633   28.897080  25.245287
  16   16    0.498541   1.613076    3.613280   9.524372
  16   17    0.372417   1.688583   37.859225  33.894274
  16   18    0.258475   1.687556   30.652550   3.593839
  16   19    0.119081   1.610502   10.855502  27.195369
  16   20    0.019223   1.682770   25.317065   6.420589
  17    0    2.046428   1.789031   35.393324  34.439010
  17    1    1.921080   1.773890   36.860002   3.512513
  17    2    1.876824   1.769755   23.880600  22.948432
  17    3    1.723218   1.718335   31.197189   3.551224
  17    4    1.610164   1.755267    5.107514  24.065305
  17    5    1.559228   1.721537   38.745858  20.549216
  17    6    1.409708   1.714593    6.985042  36.409123
  17    7    1.357425   1.755302   27.837175  37.268181
  17    8    1.237597   1.703548   18.090284  32.402774
  17    9    1.176794   1.730138    9.240858  27.707362
  17   10    1.005729   1.740636   34.357697  21.752036
  17   11    0.988268   1.738279    6.754295  17.291050
  17   12    0.872421   1.718712   27.294422  29.512058
  17   13    0.756696   1.765064   29.472603  36.454731
  17   14    0.676877   1.783930   11.386929  26.569188
  17   15    0.551437   1.712935   13.270152  36.649617
  17   16    0.462004   1.780381   40.905282  26.811837
  17   17    0.332929   1.794507   22.188137  27.355683
  17   18    0.291494   1.741329   10.100392  17.959373
  17   19    0.128919   1.729007   14.836829  18.513586
  17   20    0.019298   1.706137    5.828671   1.963350
  18    0    2.027187   1.819828   26.585225  14.856195
  18    1    1.918786   1.855700   27.927580  26.090679
  18    2    1.871685   1.800031   15.224855  26.940751
  18    3    1.724848   1.888626   30.204623   7.243702
  18    4    1.655942   1.807338   25.958572  38.252990
  18    5    1.585086   1.805415    3.691384  29.767382
  18    6    1.461371   1.890483   30.979237  18.574887
  18    7    1.355974   1.828535   23.853301  30.939180
  18    8    1.288833   1.854741   29.567227  40.877987
  18    9    1.116499   1.862559   14.734897  18.532497
  18   10    1.079337   1.826063   36.549807  22.324583
  18   11    0.905274   1.890415    5.559273  31.289837
  18   12    0.814224   1.850418   40.129435   9.529346
  18   13    0.717522   1.809342   29.089727  35.837219
  18   14    0.626448   1.847795   34.502139  24.054295
  18   15    0.525517   1.833274   16.100418  12.516605
  18   16    0.442800   1.808778   28.351182  36.180331
  18   17    0.310255   1.827132   36.592063  17.808508
  18   18    0.211939   1.855668   17.215277   3.318847
  18   19    0.113068   1.892929   25.927717  22.462167
  18   20    0.055047   1.889862    5.894674  13.997267
  19    0    2.033808   1.997588   32.852747  12.146069
  19    1    1.904731   1.912506   36.472533  19.172647
  19    2    1.816938   1.918029   36.402169   1.376854
  19    3    1.773481   1.936409   18.193011   9.697821
  19    4    1.678521   1.980338   19.987594  11.679978
  19    5    1.515542   1.903782    7.351604  12.084850
  19    6    1.435569   1.986745   23.495078  21.380816
  19    7    1.315497   1.986586    8.517308   4.280869
  19    8    1.204599   1.956647   38.014223   7.120201
  19    9    1.153175   1.974071    2.820249  38.991739
  19   10    1.038476   1.956041   22.857985  26.133700
  19   11    0.957669   1.945595   34.702494  24.159196
  19   12    0.869774   1.953544   10.821637  33.529255
  19   13    0.773313   1.985848    5.443787  28.517556
  19   14    0.624831   1.920510   25.168468  30.243109
  19   15    0.517396   1.924340    9.938069  14.726273
  19   16    0.465605   1.987847   40.618808  35.049272
  19   17    0.313214   1.971337   12.610657  33.395040
  19   18    0.206127   1.982706   40.658068  27.943076
  19   19    0.132721   1.978377   29.030039  18.388369
  19   20    0.037021   1.994548   34.768518  22.414696
  20    0    2.080630   2.073105    1.682304   7.116929
  20    1    1.975009   2.061941   21.728608  30.573808
  20    2    1.896205   2.005336   31.540297  29.093248
  20    3    1.734724   2.029002   38.912700   7.781886
  20    4    1.640345   2.094121   31.473619  21.849656
  20    5    1.597393   2.093489   22.563123  22.393948
  20    6    1.473702   2.084030    3.209700  25.386694
  20    7    1.325052   2.057387   20.295540  11.406854
  20    8    1.216658   2.002958    6.470202  14.640518
  20    9    1.139982   2.095156   24.637685  34.256610
  20   10    1.013906   2.063443    7.071078  14.028119
  20   11    0.956915   2.074877   15.190571   4.702402
  20   12    0.805200   2.064868   40.188694  38.949538
  20   13    0.720279   2.003168   27.040346  24.680430
  20   14    0.629515   2.034806   25.658445   6.196503
  20   15    0.560424   2.015979    4.338035  24.205905
  20   16    0.462418   2.094417    4.086418   8.537295
  20   17    0.341217   2.004329   10.503465  27.846891
  20   18    0.205883   2.044965    5.718642  18.317914
  20   19    0.126798   2.046500   10.298737  20.988986
  20   20    0.016104   2.050382   18.426596  10.739950
  21    0    2.047513   2.116406   34.055662  38.055159
  21    1    1.968016   2.134244   26.831675  39.545869
  21    2    1.894186   2.151585   40.630660  20.040335
  21    3    1.715327   2.118626   11.505369  36.162743
  21    4    1.615853   2.193682   13.199653  30.165699
  21    5    1.511771   2.106997    5.345999  37.925764
  21    6    1.438995   2.159285   30.794583  14.152924
  21    7    1.313111   2.153640    3.646897  21.823181
  21    8    1.266013   2.159653   18.522211   5.563906
  21    9    1.180113   2.168069   35.034986   7.274643
  21   10    1.047335   2.164107   30.694948  26.846867
  21   11    0.950239   2.174462   22.372771  34.775196
  21   12    0.855036   2.193793   23.642506   3.175001
  21   13    0.740299   2.183355   35.880838  26.807552
  21   14    0.616205   2.139995    8.762237  28.859172
  21   15    0.583531   2.135681    5.151984  33.245505
  21   16    0.491572   2.124370    1.405080  25.061454
  21   17    0.392844   2.147665   32.392193  35.541720
  21   18    0.209005   2.157208   17.483103   2.731643
  21   19    0.176954   2.119213   16.137729  12.313424
  21   20    0.082477   2.104240   37.223692  36.134172
  22    0    2.018117   2.268094   32.861667  33.509820
  22    1    1.965009   2.242526   34.284496  20.028167
  22    2    1.848936   2.217575   33.297259  31.165396
  22    3    1.798797   2.271590   18.482297   7.508709
  22    4    1.641451   2.296119   10.969594  31.813570
  22    5    1.537389   2.247265    1.678054   5.712658
  22    6    1.444223   2.204337   12.341062  28.955470
  22    7    1.323245   2.222574   28.899404  23.037743
  22    8    1.272602   2.266590   21.140204   3.548910
  22    9    1.109411   2.212524   40.570994  34.218884
  22   10    1.073658   2.212472   23.857601  26.302991
  22   11    0.916263   2.247799   26.762061  38.551075
  22   12    0.850429   2.226858    9.056490  17.634012
  22   13    0.713404   2.246147   20.649751  11.743443
  22   14    0.640230   2.266297   30.059881  39.458743
  22   15    0.512803   2.209614   35.935719  13.334396
  22   16    0.498655   2.264212    8.740021  27.571373
  22   17    0.352119   2.250827    1.742631   9.293138
  22   18    0.244760   2.237720   37.550067   4.170803
  22   19    0.136916   2.262150    8.556230  23.378072
  22   20    0.073561   2.264848   27.601948  37.175239
  23    0    2.097081   2.367823   30.067712   1.017989
  23    1    1.939567   2.322475   12.508427  16.281351
  23    2    1.896269   2.341075    8.310212  15.927204
  23    3    1.759477   2.362565   10.871439  15.295612
  23    4    1.613550   2.325736   23.272247  12.361146
  23    5    1.573502   2.357075   34.712845   6.085684
  23    6    1.493700   2.375003   13.210058  34.864202
  23    7    1.342936   2.360385    6.807823  21.570091
  23    8    1.236691   2.308795    8.169826  12.556939
  23    9    1.146681   2.322163   16.795142  13.484692
  23   10    1.067914   2.395523    6.769813  36.455129
  23   11    0.971333   2.333317   24.102664  15.234789
  23   12    0.898577   2.384114   25.081541  16.008331
  23   13    0.768288   2.302979    5.140467  40.962036
  23   14    0.650430   2.347793   36.488182  24.991071
  23   15    0.576963   2.345453    2.878027  29.025587
  23   16    0.480612   2.352363   22.687399  27.075010
  23   17    0.385818   2.302635    8.836005  31.417288
  23   18    0.200898   2.328657    8.544923   7.855765
  23   19    0.122297   2.339600   10.687189  40.200971
  23   20    0.041010   2.311316   37.294249  32.803378
  24    0    2.029093   2.428916   33.075254   7.886275
  24    1    1.957884   2.404230   37.616858  39.550758
  24    2    1.897348   2.482668   24.924040  40.717694
  24    3    1.741920   2.446717   40.426453  18.129683
  24    4    1.687443   2.400292    3.424110  22.179878
  24    5    1.517236   2.483921   20.719773  34.209329
  24    6    1.474986   2.474989   33.047426  18.590531
  24    7    1.375810   2.489939    8.645568  28.087544
  24    8    1.213380   2.441855   37.355029   9.472545
  24    9    1.125145   2.452821   33.982443  36.130433
  24   10    1.005076   2.456797   32.026682  12.467354
  24   11    0.965726   2.406855   19.505277  31.551127
  24   12    0.821149   2.466890    9.455496  15.871753
  24   13    0.748001   2.489442    1.259036   7.863912
  24   14    0.603274   2.470058   38.414607  11.450800
  24   15    0.589032   2.407411   27.547828  31.045209
  24   16    0.423499   2.464762    6.717068  35.999681
  24   17    0.356166   2.420724   13.486141   5.378228
  24   18    0.265367   2.458854   30.454132   2.197762
  24   19    0.149235   2.490329   24.248223  33.153388
  24   20    0.025045   2.440846   40.311227  27.618343
  25    0    2.033759   2.591298    7.690686  19.841965
  25    1    1.912993   2.516524   33.624924  35.327967
  25    2    1.895514   2.562401   15.812415  24.055689
  25    3    1.765570   2.579191   30.258306  40.329419
  25    4    1.601575   2.548929    4.554977  15.550353
  25    5    1.551617   2.512775   11.036191  33.172887
  25    6    1.464551   2.596828   22.735756  24.726814
  25    7    1.381635   2.523617    9.395724   5.380056
  25    8    1.215240   2.573114   33.445115  23.528052
  25    9    1.196614   2.558952   30.071919  30.896228
  25   10    1.094290   2.520058   35.027948  30.326287
  25   11    0.929853   2.597961   23.051794  23.605862
  25   12    0.875713   2.598770    3.809045  40.339469
  25   13    0.798324   2.594676   26.694805  33.017252
  25   14    0.634209   2.541573   27.010753   8.311742
  25   15    0.590179   2.511162   10.831343  38.542367
  25   16    0.464245   2.511983   31.850486  11.637835
  25   17    0.371923   2.504055   18.815130  37.368187
  25   18    0.251742   2.566080   25.594700  19.806605
  25   19    0.142597   2.517900    6.919401  31.736190
  25   20    0.088907   2.519756   21.384986  29.984304
  26    0    2.013001   2.694676   30.130826  28.516957
  26    1    1.909440   2.652555   35.941051  18.753425
  26    2    1.885534   2.630482    5.309204   7.287156
  26    3    1.704785   2.620720   27.784354   6.468324
  26    4    1.654667   2.697561   35.844982  32.686508
  26    5    1.562487   2.609607   38.415272  13.384095
  26    6    1.439382   2.602680    6.360769   2.652627
  26    7    1.344974   2.628746   23.915728   5.660524
  26    8    1.297072   2.671317   11.667037  16.201953
  26    9    1.101182   2.641593   40.738250   4.538218
  26   10    1.053485   2.631235   11.096275  12.745291
  26   11    0.974452   2.626440   16.981518   3.429371
  26   12    0.815195   2.618663   17.503928  19.496812
  26   13    0.737995   2.684953   19.241521   5.360871
  26   14    0.609934   2.645713   19.638522   4.355651
  26   15    0.553966   2.650435   35.166474  37.152850
  26   16    0.425749   2.648545   17.247414   8.709571
  26   17    0.313808   2.699221   33.132753  16.911007
  26   18    0.292558   2.682431   20.198698   7.930474
  26   19    0.176030   2.635468   32.998139   7.856410
  26   20    0.069080   2.642045   26.063848  16.901833
  27    0    2.072944   2.702148    5.677727   4.211761
  27    1    1.964436   2.763144    5.019718   3.738455
  27    2    1.810142   2.769178   14.326931   3.808431
  27    3    1.736898   2.705277   26.592644  36.929294
  27    4    1.631604   2.763408   36.205075   7.273890
  27    5    1.572320   2.724208   19.681373   9.454322
  27    6    1.469338   2.734574    1.832099  25.104457
  27    7    1.351723   2.717488   25.459681  17.996810
  27    8    1.239310   2.796328   36.840022  11.623617
  27    9    1.171312   2.766909   22.173554  26.192665
  27   10    1.085181   2.742142   11.959807  38.771458
  27   11    0.978886   2.707548   31.511897   7.928785
  27   12    0.807973   2.712101   17.873383  12.866111
  27   13    0.738157   2.724678   18.143784  30.022708
  27   14    0.653306   2.778534    4.199610  23.923350
  27   15    0.526949   2.717053   27.179328  13.186147
  27   16    0.458189   2.725937   35.672062  39.815870
  27   17    0.316510   2.767875   28.725321   5.995299
  27   18    0.286622   2.723784   23.605539  36.499039
  27   19    0.167415   2.733230   14.370838  38.661159
  27   20    0.007374   2.729595   27.037303  30.725240
  28    0    2.012544   2.891861   17.352080  31.713348
  28    1    1.988285   2.814027    5.468081  13.114242
  28    2    1.879574   2.899844   26.309789  19.281305
  28    3    1.799352   2.869766    3.916951  27.142338
  28    4    1.634250   2.859059   31.966613  27.476981
  28    5    1.531548   2.851652    1.043281   3.558313
  28    6    1.401342   2.839334    6.715900   5.453513
  28    7    1.349997   2.896738   12.377961  39.929607
  28    8    1.242792   2.890692   29.027411  40.034640
  28    9    1.108597   2.889854   33.245223  11.467351
  28   10    1.041972   2.844344   27.739555  14.379958
  28   11    0.958544   2.872819   29.745414  31.974280
  28   12    0.859276   2.828926   15.721775  16.971403
  28   13    0.785493   2.843529    1.208143  32.704821
  28   14    0.687474   2.821890    8.054795   9.276697
  28   15    0.509176   2.854956   23.814287  32.121978
  28   16    0.445290   2.815101   36.790497  38.765751
  28   17    0.375310   2.803483   22.624415  10.980947
  28   18    0.204615   2.898335   22.517254  38.526390
  28   19    0.162502   2.891005    8.040224   4.864706
  28   20    0.050579   2.854761   22.370614  25.546042
  29    0    2.016595   2.955885   12.764675  40.242126
  29    1    1.924360   2.918401   24.793288  16.796344
  29    2    1.811526   2.994115   16.615563  30.314493
  29    3    1.796215   2.965185    3.262469  25.577953
  29    4    1.619256   2.933932   29.086314  33.361603
  29    5    1.560603   2.996394   14.366542  40.153149
  29    6    1.451721   2.984660   13.336871  38.993931
  29    7    1.336610   2.926124   10.027351   2.514116
  29    8    1.214975   2.953676   40.336605   6.662681
  29    9    1.195059   2.902877    9.328212  17.205140
  29   10    1.089825   2.914200   38.170221  35.974846
  29   11    0.918745   2.979444   22.321942   8.437217
  29   12    0.824278   2.910967   29.056713  19.805684
  29   13    0.734172   2.994964   36.357245   8.303943
  29   14    0.690948   2.910892   25.420489  38.896382
  29   15    0.531974   2.948380   24.875830  39.727803
  29   16    0.427350   2.941458   26.392823  20.569950
  29   17    0.318894   2.923454   39.296734  34.836353
  29   18    0.238626   2.910833   17.410890   4.393713
  29   19    0.116743   2.972104   36.518348   2.788043
  29   20    0.000716   2.970639    8.120659  14.062092
  30    0    2.043199   3.075011   17.732751  10.637793
  30    1    1.957408   3.064766   27.579030  27.468658
  30    2    1.875615   3.076308   28.660967  26.652700
  30    3    1.756891   3.005835   30.789620  25.881774
  30    4    1.612194   3.032578   36.981874  17.558607
  30    5    1.522602   3.034615   16.895700  28.333439
  30    6    1.404930   3.025511   19.641515   9.518554
  30    7    1.399121   3.047143   36.892808  18.776263
  30    8    1.245676   3.062248   40.893654  37.214434
  30    9    1.156773   3.019302   17.512686  31.258831
  30   10    1.040478   3.027786    1.336459  16.223538
  30   11    0.978301   3.019236    7.969172  12.314993
  30   12    0.808013   3.059776    8.874274  20.951911
  30   13    0.787627   3.074290    7.545824  29.957964
  30   14    0.685540   3.087613    4.447499  33.706829
  30   15    0.514209   3.051011   34.544040  25.115408
  30   16    0.420180   3.014949    8.537648  30.060964
  30   17    0.316858   3.014313   30.899564   4.037007
  30   18    0.264656   3.027562   18.868739   1.481145
  30   19    0.118138   3.055015    1.814277  29.151313
  30   20    0.084842   3.077007   25.390214  28.264927
  31    0    2.024595   3.113747   26.039284  21.044010
  31    1    1.921469   3.124510   15.540662   4.148497
  31    2    1.829049   3.183621   39.984320  35.675008
  31    3    1.730319   3.129331   20.955666  38.519744
  31    4    1.609050   3.144066   37.617611   8.647130
  31    5    1.554029   3.131092    6.197180   2.990656
  31    6    1.450365   3.163884   18.159343   2.284427
  31    7    1.354301   3.106583   40.745879  26.153502
  31    8    1.235964   3.112848   14.860994  31.473509
  31    9    1.155891   3.178088    7.412001  13.665568
  31   10    1.049480   3.138053   10.701806  20.666560
  31   11    0.923173   3.112521    3.484274  40.377549
  31   12    0.847481   3.193772   10.622784  37.140041
  31   13    0.706378   3.178462   25.350552   7.040981
  31   14    0.657142   3.161674   34.957622  14.548383
  31   15    0.557811   3.121674   12.987877  36.200441
  31   16    0.455043   3.162074    5.009062   6.007288
  31   17    0.328375   3.178729   27.633732  20.196527
  31   18    0.278769   3.136252    9.258216  27.386569
  31   19    0.111705   3.173097    4.114315   8.775971
  31   20    0.015924   3.174900   27.483478   9.187784
  32    0    2.006991   3.228390   38.719723  14.625513
  32    1    1.904848   3.278417   10.104698  29.327204
  32    2    1.822263   3.289392   24.180008   2.216532
  32    3    1.768010   3.261017   21.357338   9.339995
  32    4    1.637478   3.263101   25.210118  28.667668
  32    5    1.582500   3.252539   37.440433  22.966791
  32    6    1.491171   3.279212   21.255800   4.903063
  32    7    1.372433   3.209332   24.571199   8.779160
  32    8    1.245743   3.222305    7.486618  21.204094
  32    9    1.185334   3.218768   26.918222  37.445756
  32   10    1.024654   3.206446   20.746280  33.322822
  32   11    0.988667   3.270681   10.674213  39.436287
  32   12    0.899823   3.247022    4.084546  13.645681
  32   13    0.793696   3.273432   18.068373  10.405732
  32   14    0.639502   3.234287   21.659050  36.466246
  32   15    0.581708   3.212327   23.907484  19.196538
  32   16    0.405676   3.228496   25.209424  27.246224
  32   17    0.372417   3.283748   37.273898   7.341867
  32   18    0.215725   3.277385   33.970178  22.814142
  32   19    0.135924   3.289628   12.297666  29.148258
  32   20    0.055662   3.203408   21.802865   2.771496
  33    0    2.008180   3.343811   24.459090  37.881387
  33    1    1.951682   3.320294    8.492093  21.946457
  33    2    1.825206   3.324331   12.667080  16.273907
  33    3    1.773049   3.316354   26.564041  19.555530
  33    4    1.643605   3.303809   22.397724  18.519697
  33    5    1.552570   3.385410   20.650178  22.803883
  33    6    1.464021   3.303938   31.466567  16.114122
  33    7    1.370927   3.395295   13.332956  20.975363
  33    8    1.220168   3.349401   17.547142   1.345237
  33    9    1.158098   3.358606   39.574299  40.633547
  33   10    1.038972   3.341603   15.337365  39.936188
  33   11    0.918878   3.310680   11.241792  23.375474
  33   12    0.817058   3.333243   31.314470  38.284360
  33   13    0.790237   3.305769   23.911521  34.650022
  33   14    0.695484   3.361008   35.308221  20.938143
  33   15    0.585758   3.313940   20.040571  35.473196
  33   16    0.448091   3.385584   30.661200  20.397491
  33   17    0.376884   3.338435   15.766279   8.442935
  33   18    0.229218   3.395677   18.534023  24.019784
  33   19    0.101962   3.376074    3.003377   5.276318
  33   20    0.053779   3.355905   36.952421   1.757786
  34    0    2.082309   3.411733   34.174224  35.162394
  34    1    1.906820   3.417173   11.482171  13.651817
  34    2    1.859521   3.472001    3.821406   1.544158
  34    3    1.700664   3.462545   21.956910   7.443582
  34    4    1.650246   3.462840   19.516025  39.513507
  34    5    1.515628   3.431645    8.472966   4.374395
  34    6    1.443393   3.481409    3.889073   6.823334
  34    7    1.375045   3.452270   29.904363  15.175847
  34    8    1.240474   3.423142   10.277351  18.591222
  34    9    1.116933   3.409157   29.480243  28.456308
  34   10    1.062311   3.401791   26.389438  29.089499
  34   11    0.933175   3.496740   14.506003  10.131913
  34   12    0.814772   3.462317   23.561303  33.586765
  34   13    0.752402   3.435275   21.098511   5.246065
  34   14    0.622544   3.494370    3.585198   9.026273
  34   15    0.545070   3.477820    9.844815  22.466722
  34   16    0.403075   3.447534   40.759531  34.396890
  34   17    0.328290   3.499351    4.582848   6.746121
  34   18    0.262932   3.408620   13.721499   9.972645
  34   19    0.144017   3.438696   24.041660  27.072846
  34   20    0.055724   3.425969   29.788297  29.167229
  35    0    2.077028   3.558954   24.867799  23.941497
  35    1    1.944551   3.556085   23.946808  27.570071
  35    2    1.868902   3.502751   14.603519  35.110519
  35    3    1.762643   3.563854   25.295724  40.800966
  35    4    1.670813   3.544922   24.471529  28.414044
  35    5    1.563373   3.529203    5.658109   6.140535
  35    6    1.461457   3.587136   34.360117  36.838949
  35    7    1.395317   3.500248   18.246496  22.464089
  35    8    1.236798   3.596457   16.191476  13.773605
  35    9    1.129275   3.585825   18.676656  18.826816
  35   10    1.055554   3.563019    6.895175  25.280140
  35   11    0.902423   3.598738   16.290238  34.118484
  35   12    0.898503   3.540747   18.497762  31.437320
  35   13    0.729759   3.545154   30.660555  18.526209
  35   14    0.670629   3.539435   40.378535  20.246491
  35   15    0.564982   3.505280    6.319845  32.114102
  35   16    0.443047   3.556546   27.530608   5.288322
  35   17    0.371744   3.565783    8.160398  16.648960
  35   18    0.296371   3.572708   38.705428  22.263406
  35   19    0.191877   3.545373   40.626000  33.871463
  35   20    0.088808   3.586175   29.608000  39.745085
