   0    0    2.410529   0.040102   39.762940  30.696681
   0    1    2.389975   0.032271   21.873025  33.674357
   0    2    2.282328   0.054617   25.485796   3.169138
   0    3    2.132432   0.097617   40.290300   3.578097
   0    4    2.078301   0.000434    8.005946  32.756190
   0    5    1.963257   0.073275   19.436886  10.376584
   0    6    1.874244   0.013037    5.352194  18.733222
   0    7    1.706262   0.024827   15.278172  21.405903
   0    8    1.624958   0.012747   10.308285  10.514086
   0    9    1.530868   0.030031   27.198499  23.916285
   0   10    1.432703   0.024587   26.985179  31.737571
   0   11    1.362654   0.095107   28.428292   2.223708
   0   12    1.273936   0.094150    1.658503  38.447086
   0   13    1.195680   0.007398   38.031883  11.272210
   0   14    1.089870   0.077415    6.534508  14.797382
   0   15    0.901968   0.070565   23.920168  35.919655
   0   16    0.875258   0.047782   24.521923  10.542478
   0   17    0.748229   0.054126   36.391240   9.205025
   0   18    0.675422   0.094566    3.751158  21.629242
   0   19    0.541570   0.090395   12.991263   3.050582
   0   20    0.424176   0.083761   22.496386   8.541410
   0   21    0.334400   0.068801    8.026871   1.297604
   0   22    0.224662   0.014101   28.320064  36.609123
   0   23    0.124123   0.010067   23.849447  17.669675
   0   24    0.091473   0.029269    9.673557  28.319393
   1    0    2.485465   0.150878   36.070728  30.202841
   1    1    2.335599   0.140575   23.851553  19.733201
   1    2    2.272392   0.133449   11.158200  28.877253
   1    3    2.183789   0.173483    2.112045  31.435257
   1    4    2.022569   0.173768   32.397840  14.630224
   1    5    1.980865   0.176100   40.937713  19.012763
   1    6    1.890196   0.177349   39.000827   5.625950
   1    7    1.727333   0.118056    7.828589  18.879819
   1    8    1.622789   0.181936   23.169870  40.602442
   1    9    1.555307   0.164167   20.679965  32.334447
   1   10    1.484100   0.132902   21.229922  19.311548
   1   11    1.343333   0.128847   21.713568  34.055501
   1   12    1.208868   0.138950   37.467048  26.513246
   1   13    1.115135   0.104458   20.094065  30.817055
   1   14    1.055462   0.113273   33.108333  28.680694
   1   15    0.958591   0.109605   21.777066  12.018162
   1   16    0.899727   0.178445   17.914735  31.517847
   1   17    0.739473   0.121835   40.798802   5.696210
   1   18    0.687449   0.102117   18.147886  21.586770
   1   19    0.569492   0.143313   13.131765   2.012383
   1   20    0.433883   0.134950   22.210871   6.787064
   1   21    0.320173   0.197709   32.394637  30.768085
   1   22    0.226621   0.142266    4.052114  18.125155
   1   23    0.152844   0.171894   16.118892  20.331458
   1   24    0.052857   0.156534   34.460538  39.156508
   2    0    2.460759   0.297002   11.938537  22.423470
   2    1    2.333702   0.229070   31.669231   9.679128
   2    2    2.291885   0.209970   24.983497  40.533347
   2    3    2.106710   0.226225   35.223921  26.702028
   2    4    2.040350   0.248899   10.921242   9.303422
   2    5    1.953148   0.297876   10.861623  38.407672
   2    6    1.860840   0.213406   13.505280  38.043832
   2    7    1.718787   0.244144   29.183879  15.772677
   2    8    1.673428   0.264588   11.153233  13.607739
   2    9    1.526104   0.220069    7.198079  31.706418
   2   10    1.486366   0.248305   33.991254  16.178131
   2   11    1.321801   0.247329   19.339408  39.012447
   2   12    1.271311   0.200199   40.965633  16.087524
   2   13    1.146389   0.247151   33.375038  16.172984
   2   14    1.079265   0.231189   26.036457  30.612218
   2   15    0.952361   0.269174    6.631228  23.902027
   2   16    0.886187   0.298149   13.132308   6.753078
   2   17    0.734087   0.267298   29.273081  25.607959
   2   18    0.604804   0.236054    1.458991  39.335103
   2   19    0.566040   0.265469   23.905748  31.351825
   2   20    0.493568   0.265080   15.919397  13.328379
   2   21    0.376379   0.263848    4.554935  27.582782
   2   22    0.235021   0.288996    1.815621  15.113317
   2   23    0.110110   0.258959   23.123661  13.877518
   2   24    0.044026   0.269608   18.668551   9.483382
   3    0    2.460209   0.390189    7.711221   3.105768
   3    1    2.301354   0.396134   34.904199   7.498850
   3    2    2.266051   0.379405    4.719423  12.889359
   3    3    2.190072   0.368080    3.320095  14.875415
   3    4    2.096400   0.300470   35.460215   3.917520
   3    5    1.940981   0.375503    6.659144  11.411809
   3    6    1.848924   0.301079   28.017850   4.626518
   3    7    1.769031   0.391545   23.282394  29.030897
   3    8    1.609831   0.300624    6.407858  21.946997
   3    9    1.505201   0.388649   34.846244  29.329015
   3   10    1.425748   0.304664   31.614100  14.267682
   3   11    1.397776   0.352138   21.053656  11.098644
   3   12    1.245276   0.309128   12.874273  35.459467
   3   13    1.173236   0.392607   20.963027   4.109822
   3   14    1.089966   0.315492    2.623292   7.749175
   3   15    0.910187   0.352084    6.002424   7.506001
   3   16    0.813527   0.341965   34.793032   6.427612
   3   17    0.789803   0.357977    6.750941  29.490384
   3   18    0.604116   0.395094    3.705984  40.821857
   3   19    0.543177   0.303520    3.713018  19.549065
   3   20    0.477396   0.361240   29.589428  13.657019
   3   21    0.319819   0.323799   11.725608  15.277637
   3   22    0.297823   0.387996   16.775802  34.878030
   3   23    0.152166   0.392347   38.302155  12.948227
   3   24    0.052222   0.351906    1.944006  36.197326
   4    0    2.488602   0.484929   18.131388  34.274226
   4    1    2.383219   0.450734   12.295433  39.079623
   4    2    2.211843   0.444306   19.113024   1.400312
   4    3    2.170474   0.416046   27.347591  31.570253
   4    4    2.050916   0.432618   19.726514  27.965656
   4    5    1.924886   0.415020   23.067249   8.318891
   4    6    1.833093   0.476486   13.193042  26.158537
   4    7    1.735076   0.499166   13.354072   3.345781
   4    8    1.607235   0.493997   20.805042  38.000881
   4    9    1.576457   0.462026   11.424818  16.542887
   4   10    1.401928   0.442467   34.961561  23.671559
   4   11    1.361049   0.487960   32.437192   2.597731
   4   12    1.260569   0.441181    1.861867  20.497615
   4   13    1.170963   0.409742    8.731536  34.972951
   4   14    1.021304   0.404299   14.473753  23.312852
   4   15    0.980092   0.443993   30.357592  17.769976
   4   16    0.882222   0.465671   38.307054  30.203593
   4   17    0.727043   0.440343   16.092638  14.750470
   4   18    0.611666   0.489520   15.686954   7.231667
   4   19    0.557707   0.462750    3.946354  37.484561
   4   20    0.429846   0.438793    8.635739  11.545043
   4   21    0.308133   0.419540    5.186844  23.540156
   4   22    0.201086   0.416422   26.135682  14.356822
   4   23    0.147466   0.472515   32.211304  20.822954
   4   24    0.036133   0.403836   18.459844   3.593606
   5    0    2.446725   0.584851    8.123877  35.622098
   5    1    2.310857   0.595755    9.421610  40.584582
   5    2    2.282052   0.512536   34.672315  39.611703
   5    3    2.161517   0.570633   36.807858  15.982979
   5    4    2.020830   0.504759   15.234114  25.003825
   5    5    1.917398   0.542093    1.924719  17.181856
   5    6    1.875664   0.554903   20.831866  27.243729
   5    7    1.779249   0.508250   11.098936   2.806496
   5    8    1.644734   0.535698    9.696616  21.083649
   5    9    1.546328   0.553042    5.141907  39.435992
   5   10    1.487401   0.559631    4.687103  18.566522
   5   11    1.336193   0.556521   17.197562  11.526933
   5   12    1.211164   0.528824   37.911785  36.396519
   5   13    1.129578   0.539507   35.059269  27.582394
   5   14    1.070240   0.577369    8.189656  15.368472
   5   15    0.907707   0.502099   10.955033  33.929760
   5   16    0.896975   0.563532   24.524897  25.973648
   5   17    0.731385   0.515221   19.964340  12.041223
   5   18    0.605213   0.539202   27.559460  21.994600
   5   19    0.539970   0.589758   37.644005  16.151100
   5   20    0.419469   0.509662   11.006777   7.847160
   5   21    0.324040   0.578734    8.104514   4.994433
   5   22    0.295386   0.597997    6.358824   5.622937
   5   23    0.148117   0.564625    5.692353  14.811653
   5   24    0.005443   0.545347   26.697832   4.231007
   6    0    2.469247   0.646065   36.597913  30.334388
   6    1    2.369263   0.610753   29.233015  25.732787
   6    2    2.213536   0.666053   21.122610  16.287820
   6    3    2.110096   0.682468   11.221733  32.909401
   6    4    2.035946   0.617226   23.002939  14.015305
   6    5    1.918213   0.676390   40.223584  27.296148
   6    6    1.898682   0.618843    9.103204  26.151281
   6    7    1.797882   0.676654   17.174963  28.364023
   6    8    1.660466   0.684819   10.952779   6.838792
   6    9    1.567537   0.668452   39.560708   2.223513
   6   10    1.472783   0.692515   39.017777   5.808294
   6   11    1.372436   0.623790   11.998501  22.171243
   6   12    1.229869   0.617900   31.261091  21.704700
   6   13    1.155774   0.627158    2.840771  33.595329
   6   14    1.016784   0.624325   19.458814   3.369932
   6   15    0.917672   0.669984    7.937879   2.200620
   6   16    0.844330   0.679328    9.905136  17.358578
   6   17    0.771871   0.600271   16.495465  27.210340
   6   18    0.650888   0.626739   39.551837  35.784546
   6   19    0.587171   0.686944   18.997873  40.145909
   6   20    0.489438   0.659794    4.292602  10.666940
   6   21    0.374812   0.647224   13.458633  24.982083
   6   22    0.203069   0.625068    3.016417   9.263668
   6   23    0.153955   0.689719   33.798070   6.919846
   6   24    0.024248   0.636730   19.218368  29.451631
   7    0    2.495321   0.745963   22.937122   4.714772
   7    1    2.311888   0.795957   11.370255  15.032636
   7    2    2.207772   0.798759    3.235567   5.443954
   7    3    2.165968   0.791309   23.917457  27.914509
   7    4    2.094252   0.766964   18.191885  40.789829
   7    5    1.932007   0.702441    2.682576  27.437163
   7    6    1.861992   0.773246   11.861044  20.364612
   7    7    1.727125   0.741734    1.620437  16.683725
   7    8    1.627266   0.703864   16.235594  30.294311
   7    9    1.585730   0.746271    2.283089   1.437122
   7   10    1.407220   0.767648   11.874470  14.226646
   7   11    1.336075   0.776022   33.017506  29.512823
   7   12    1.240417   0.775174   13.353002  39.122478
   7   13    1.178944   0.783204   31.832767  16.518787
   7   14    1.023753   0.788449   28.646685  29.635691
   7   15    0.946717   0.792478   25.037526  38.663928
   7   16    0.896246   0.736521   30.350307  12.581761
   7   17    0.774819   0.771969   13.162690   4.056774
   7   18    0.639966   0.753010   36.673117  26.940574
   7   19    0.518271   0.781080   26.348238  21.006261
   7   20    0.404990   0.767864   31.439775   5.034367
   7   21    0.393627   0.752612   13.287208   5.156949
   7   22    0.298752   0.777516   34.865867  36.966960
   7   23    0.120973   0.703957   40.983932  26.861245
   7   24    0.010537   0.725155   10.665864  13.105787
   8    0    2.482033   0.874914   26.997664  36.011535
   8    1    2.369127   0.845955   20.090434  18.333526
   8    2    2.298553   0.858177   21.506795  33.625434
   8    3    2.155700   0.870880   29.779103  26.991442
   8    4    2.070226   0.822596   23.442940   7.797682
   8    5    1.915099   0.837088    7.853312  18.881895
   8    6    1.893357   0.829041   13.108210  16.202527
   8    7    1.726459   0.822946    1.463974   4.392725
   8    8    1.610241   0.804010   33.103069  38.150738
   8    9    1.508915   0.811362   19.046719  10.751601
   8   10    1.414963   0.867097   30.056240  36.275717
   8   11    1.349747   0.886356   21.827048   1.613688
   8   12    1.263835   0.805016   21.562157  21.243483
   8   13    1.150802   0.884722    1.656704  18.631313
   8   14    1.008160   0.847059   15.895561   2.451616
   8   15    0.994415   0.857144   26.051624  26.349629
   8   16    0.883287   0.824751   26.486877  13.502564
   8   17    0.732297   0.841265   26.340883  10.717584
   8   18    0.651145   0.891851    8.806076   3.307019
   8   19    0.599963   0.812992   31.125128  26.698811
   8   20    0.403455   0.839998    4.216782   1.993395
   8   21    0.355294   0.861699   24.782051  31.912369
   8   22    0.289795   0.869969    3.526479   5.369745
   8   23    0.132670   0.830018   39.545503  40.928588
   8   24    0.038477   0.868845    2.372676  32.504757
   9    0    2.493895   0.969561   29.723931  28.790562
   9    1    2.388880   0.999374   11.249010  38.064811
   9    2    2.243706   0.990161    7.912870  22.527169
   9    3    2.151462   0.929352    4.889305   4.364355
   9    4    2.061200   0.922140    5.595292  25.868800
   9    5    1.956072   0.916102   28.891644  37.657192
   9    6    1.878861   0.968625   14.312675  25.072277
   9    7    1.740531   0.913917    5.878622   9.016588
   9    8    1.618117   0.998057    8.628704   2.706792
   9    9    1.569605   0.990818   39.153977  12.222403
   9   10    1.464483   0.915844    8.396607   1.447956
   9   11    1.359566   0.925057   38.729856  19.393771
   9   12    1.236333   0.958469   25.380164  31.372415
   9   13    1.115461   0.901490   12.763058  39.676177
   9   14    1.069240   0.973406   18.067504   1.940765
   9   15    0.967036   0.943289   16.852652  27.112067
   9   16    0.802523   0.983832    8.555861   3.801824
   9   17    0.714918   0.995412   14.315401  20.894464
   9   18    0.616318   0.988396   16.674527   5.746629
   9   19    0.571245   0.922836   12.469537  14.523369
   9   20    0.425932   0.913192   39.052308   8.585844
   9   21    0.398342   0.998762    3.121448  39.955016
   9   22    0.295656   0.915618   24.624828  30.419571
   9   23    0.115374   0.935840    9.863932  38.654404
   9   24    0.086425   0.937940   33.116117  26.713867
  10    0    2.456067   1.056903   10.458717  33.531804
  10    1    2.300844   1.022134   29.317974  13.793596
  10    2    2.220669   1.010802   19.490005  34.064275
  10    3    2.135122   1.027008   23.529636  25.806531
  10    4    2.072233   1.013630   24.639897   1.473517
  10    5    1.990269   1.033588   37.309380  12.908971
  10    6    1.881138   1.035942    9.350565  31.651725
  10    7    1.734722   1.085430   13.728730  22.368409
  10    8    1.622427   1.062573    5.302134  40.597394
  10    9    1.547140   1.086758   22.608991  34.474142
  10   10    1.478110   1.023185   40.049298  20.443354
  10   11    1.301624   1.073249   13.758935  11.591976
  10   12    1.291008   1.028942   18.323748  13.729634
  10   13    1.187993   1.077794   25.021468  21.394555
  10   14    1.058030   1.053477   39.923545   9.394035
  10   15    0.986970   1.036702   36.976236  34.244087
  10   16    0.838952   1.064840   12.774658  36.023644
  10   17    0.744286   1.020597   22.434127   9.899614
  10   18    0.691828   1.049135   26.663918  16.230800
  10   19    0.508688   1.028648    6.398735  20.166232
  10   20    0.428095   1.066322   11.306736  10.587364
  10   21    0.316687   1.054781   10.958891   1.799035
  10   22    0.209245   1.043929   31.826964  40.371425
  10   23    0.121684   1.020188    9.615437  17.919805
  10   24    0.082621   1.045431   15.390357  15.450928
  11    0    2.476675   1.167689   16.834479  26.399850
  11    1    2.376451   1.146606   34.647160   6.948973
  11    2    2.288260   1.130432   31.158419  30.107646
  11    3    2.143662   1.115384   16.803389  33.905902
  11    4    2.065063   1.119899   13.995118  36.615297
  11    5    1.960339   1.118555   21.554464  38.973545
  11    6    1.885880   1.126361   21.244633   3.903103
  11    7    1.747865   1.172138   36.778878  10.247360
  11    8    1.612038   1.188681   11.211994  13.796864
  11    9    1.597834   1.111315   17.803691  24.662486
  11   10    1.464396   1.169747    9.793581  16.317857
  11   11    1.335786   1.180522    4.217666  22.950038
  11   12    1.278344   1.168867   22.713713  25.820715
  11   13    1.163584   1.134636   27.621946  16.970306
  11   14    1.039841   1.113073   24.627117  23.739777
  11   15    0.970975   1.198146   14.372214  17.309819
  11   16    0.892214   1.195562    6.192017  32.959774
  11   17    0.704403   1.150784   29.280382  12.349543
  11   18    0.686893   1.171411   22.757639  35.272035
  11   19    0.525604   1.195285   39.407851  29.581806
  11   20    0.431647   1.178178   22.099002   6.072698
  11   21    0.383800   1.115805   21.496520  25.773851
  11   22    0.267129   1.122218   13.670900  19.404748
  11   23    0.163501   1.153946   12.247725   4.646222
  11   24    0.076658   1.160225   38.142090  11.640988
  12    0    2.454985   1.213450    7.573387  29.054527
  12    1    2.305167   1.209989    3.509700  23.550381
  12    2    2.226453   1.254321   15.107694  39.233391
  12    3    2.131101   1.244316   12.883004   8.185506
  12    4    2.055679   1.252452   13.681717   9.481764
  12    5    1.999822   1.257730   39.064708  35.974181
  12    6    1.804630   1.281821   34.127402  12.739054
  12    7    1.788672   1.246850   22.347001  28.593630
  12    8    1.693120   1.222870    7.691473  15.821840
  12    9    1.532362   1.212206   40.478665   9.650868
  12   10    1.446992   1.212908   31.503807  17.661269
  12   11    1.392706   1.271809    3.548602  32.888302
  12   12    1.262592   1.232206   34.958936  28.701534
  12   13    1.108995   1.274904    1.570210  37.578855
  12   14    1.042548   1.262912   16.533387  11.690139
  12   15    0.914379   1.218129   18.840083   5.970227
  12   16    0.817863   1.266983   17.475602  22.410986
  12   17    0.749688   1.295681   26.683594  39.083234
  12   18    0.678306   1.204056    6.969302   3.481620
  12   19    0.548918   1.260112   34.988966   4.864459
  12   20    0.486875   1.250502   32.785156  35.156269
  12   21    0.310423   1.231041    2.970511   6.638780
  12   22    0.254794   1.286866   22.099737  14.146668
  12   23    0.104430   1.265304   20.890763  30.002637
  12   24    0.001058   1.292471   19.074757  34.792916
  13    0    2.401005   1.393990   37.010318  32.744228
  13    1    2.314998   1.323195   18.953688  26.486966
  13    2    2.232972   1.339317   17.823228   5.072115
  13    3    2.181607   1.351218   22.846888  17.071656
  13    4    2.035531   1.347434   34.674882  26.379067
  13    5    1.917586   1.314051   13.040446  24.008475
  13    6    1.828443   1.312039    6.148359  39.963233
  13    7    1.701112   1.354182   35.578026  23.427607
  13    8    1.627629   1.318060   13.144299  38.574104
  13    9    1.560265   1.330429   35.029012  31.744080
  13   10    1.490942   1.304683    2.368406   1.345985
  13   11    1.313866   1.347393   35.770378  15.344175
  13   12    1.217570   1.332668   23.979752   6.627048
  13   13    1.134145   1.380363   24.773712  40.916558
  13   14    1.032176   1.342128   30.442131  25.407332
  13   15    0.923242   1.369638   22.802930  32.322909
  13   16    0.893378   1.303888   16.159741  16.494365
  13   17    0.764957   1.320383   14.092249  29.473133
  13   18    0.671533   1.300010   21.267576  17.280411
  13   19    0.529474   1.372024   38.988067  30.490565
  13   20    0.443029   1.317257   17.985941  32.890647
  13   21    0.371992   1.394602   39.702450  20.522861
  13   22    0.247440   1.301015   24.237579  31.696881
  13   23    0.176214   1.328625   26.240004   8.874626
  13   24    0.049857   1.396589   26.764950  16.626757
  14    0    2.450618   1.409615   37.723948  10.708096
  14    1    2.343603   1.499822    4.774298  39.393674
  14    2    2.289223   1.408942   13.761292  40.378531
  14    3    2.118284   1.449607    5.172148  38.717992
  14    4    2.059235   1.478429   21.151065  10.541292
  14    5    1.904741   1.421157   31.748990  33.805383
  14    6    1.875555   1.407852   23.153627  34.487858
  14    7    1.791967   1.420776   33.203950  10.793513
  14    8    1.666520   1.491616   11.703124   8.738386
  14    9    1.591429   1.440398   28.693290   2.573548
  14   10    1.426588   1.453765    7.359243  28.738714
  14   11    1.301481   1.403305   34.624684  21.338294
  14   12    1.289841   1.498900    7.458467   2.580007
  14   13    1.198655   1.421207   32.708243  18.404084
  14   14    1.043266   1.440693   29.839102  15.979587
  14   15    0.953655   1.487260   26.814341  37.298847
  14   16    0.830670   1.409378   37.678399   6.331774
  14   17    0.737699   1.449614   34.977349  33.804106
  14   18    0.676921   1.454925   20.394168   4.457897
  14   19    0.549648   1.445740   12.923463  20.583958
  14   20    0.487888   1.443579    6.227338  39.754926
  14   21    0.355944   1.429030    6.789849  14.229400
  14   22    0.254006   1.492013   14.035985  17.762514
  14   23    0.193900   1.486086    5.241408  38.991699
  14   24    0.004810   1.495555   34.995396  28.738528
  15    0    2.444239   1.525624    4.980528  14.173780
  15    1    2.328135   1.584782   29.312827  31.653472
  15    2    2.231048   1.518048   38.684237   1.093956
  15    3    2.180809   1.588230   28.729653  40.084516
  15    4    2.056400   1.578538   20.692257  10.731602
  15    5    1.977761   1.588056   32.497666  14.810150
  15    6    1.822929   1.515893    3.308489  14.609728
  15    7    1.753396   1.530183   32.680379   2.476817
  15    8    1.640484   1.514364    5.367557  39.164663
  15    9    1.542866   1.590807    4.044199  10.529153
  15   10    1.452766   1.576386   14.757079  17.798445
  15   11    1.331607   1.507087    4.468442  35.665811
  15   12    1.256428   1.530368   37.875399  25.004748
  15   13    1.169011   1.551431   13.717201   6.403152
  15   14    1.018668   1.599604   11.543580  23.404557
  15   15    0.936567   1.565996   31.580152  39.899363
  15   16    0.829670   1.535886    6.679521  37.223070
  15   17    0.702123   1.576851   20.803435  29.011935
  15   18    0.653524   1.544539   38.081124   4.684638
  15   19    0.580074   1.575698   35.895812   7.631693
  15   20    0.465359   1.566372   30.954490  16.997859
  15   21    0.352360   1.591159    5.809387  30.656909
  15   22    0.283430   1.536440    2.362198  23.048266
  15   23    0.187092   1.571310   16.658193   9.541335
  15   24    0.022766   1.509520   14.555778   6.611341
  16    0    2.420423   1.664485   10.052062  25.170313
  16    1    2.311736   1.627847   27.195552   6.843919
  16    2    2.242974   1.616353   13.287214  16.889412
  16    3    2.124501   1.607948   16.750078  33.007359
  16    4    2.054672   1.697811   29.549098  19.830384
  16    5    1.990835   1.640271    3.906496  40.821139
  16    6    1.821308   1.640483   19.447054  12.249508
  16    7    1.750147   1.627864   13.612138  10.540900
  16    8    1.682408   1.684424   39.614444  20.413739
  16    9    1.518798   1.638469    7.406825  35.800219
  16   10    1.423223   1.636088    9.771960  10.640364
  16   11    1.338923   1.608192   33.994339  37.450750
  16   12    1.233674   1.693714   36.565861  36.416199
  16   13    1.172965   1.614282    1.540618  18.080655
  16   14    1.034032   1.621966   10.656997  23.092657
  16   15    0.900987   1.629600   23.975283  30.586561
  16   16    0.850945   1.648024   32.950481  23.473338
  16   17    0.767607   1.681966   33.612174   8.119625
  16   18    0.678052   1.607265   36.519988   4.681115
  16   19    0.511975   1.667880    3.693631  12.921547
  16   20    0.453053   1.688244   32.694688  30.011973
  16   21    0.397755   1.611984    7.002317  28.011732
  16   22    0.227474   1.613916    2.940894  39.053209
  16   23    0.140404   1.621144   10.473446  18.382086
  16   24    0.096717   1.648864   22.584566  25.163872
  17    0    2.406322   1.755218   10.779338  27.301262
  17    1    2.396147   1.740732   18.084885  21.485679
  17    2    2.232537   1.725279   12.147290  28.525459
  17    3    2.154036   1.788187   26.483155  14.972912
  17    4    2.086614   1.734533   35.210811   6.658224
  17    5    1.924115   1.777401   23.815361  32.500144
  17    6    1.854321   1.797118   24.483328   5.596988
  17    7    1.799294   1.744397   38.690789  23.926949
  17    8    1.607350   1.705669   32.082543  28.949399
  17    9    1.533787   1.701561    7.903150   4.069041
  17   10    1.465009   1.769783   36.622679  16.497818
  17   11    1.373454   1.713192   22.854733   8.845643
  17   12    1.222287   1.714397    8.730897  17.235663
  17   13    1.113586   1.717171   18.738160  10.443147
  17   14    1.072076   1.709650   38.433277  12.194591
  17   15    0.969684   1.767687   12.834397  22.155489
  17   16    0.801576   1.701901   14.694747   9.226828
  17   17    0.759949   1.717366   23.949714   5.631934
  17   18    0.692032   1.729383   13.686484  37.102266
  17   19    0.558286   1.766286    1.928366  31.583307
  17   20    0.496943   1.735337    9.893311  27.725254
  17   21    0.383521   1.780019   24.341833  39.568005
  17   22    0.216757   1.736509   12.962708  12.971335
  17   23    0.144377   1.719221   36.869493  13.299437
  17   24    0.027819   1.765527   13.236118  16.589478
  18    0    2.460414   1.829194    4.549705  34.986862
  18    1    2.359945   1.881959   30.192271  11.810681
  18    2    2.226694   1.809479   22.994306  25.541892
  18    3    2.150508   1.838723   20.571341  21.749118
  18    4    2.084396   1.820709   31.823600  17.053258
  18    5    1.933282   1.898060   16.737783  22.377334
  18    6    1.800869   1.888798   36.992992  19.752722
  18    7    1.747530   1.814425   30.878777   6.802288
  18    8    1.650845   1.834999   24.346470  17.765377
  18    9    1.576971   1.840403   16.924275  24.764365
  18   10    1.425541   1.894447   33.646186  36.257826
  18   11    1.349220   1.866174    9.613688  22.726789
  18   12    1.278359   1.885492   40.491499   7.168102
  18   13    1.144196   1.873055   18.923327  37.618181
  18   14    1.044668   1.857498    2.954832   1.521477
  18   15    0.974717   1.867294   28.107782  21.236320
  18   16    0.848855   1.875693   30.425837  13.406607
  18   17    0.714148   1.861570    4.897456  12.516466
  18   18    0.634386   1.898280    4.069357  34.006808
  18   19    0.554430   1.888532   27.933573  11.312953
  18   20    0.422036   1.863191    1.466780   3.651538
  18   21    0.383222   1.863242   14.311007  20.038007
  18   22    0.217789   1.829729   32.424419  15.673494
  18   23    0.171111   1.859537   29.138363  28.447134
  18   24    0.055063   1.813774   38.596637  27.927025
  19    0    2.458984   1.929059    4.313795  22.055672
  19    1    2.365976   1.914327    6.485463  36.143903
  19    2    2.231629   1.971156   11.254108  36.116448
  19    3    2.133325   1.953873   31.542547  17.872772
  19    4    2.056533   1.956813   21.103755  14.783783
  19    5    1.978734   1.945351   10.513344   6.568942
  19    6    1.856562   1.920471   25.989410   9.034406
  19    7    1.793124   1.954530    9.827472   2.471481
  19    8    1.671851   1.959815    6.174842  17.111131
  19    9    1.513212   1.948105   19.753273  30.224875
  19   10    1.449714   1.925552   30.509896  17.700503
  19   11    1.392176   1.905090   37.198650  32.772863
  19   12    1.281763   1.940672   11.356440  28.750883
  19   13    1.103947   1.921878   24.454326   6.872329
  19   14    1.084669   1.961872   20.213209  23.782794
  19   15    0.958753   1.959829   26.839726  37.645472
  19   16    0.895112   1.984571    6.550517  12.738641
  19   17    0.792602   1.968291   39.125763  37.908778
  19   18    0.620486   1.997329    9.904900  25.864237
  19   19    0.525351   1.965708    8.772830   2.587630
  19   20    0.454754   1.911536   34.072794   6.809886
  19   21    0.360768   1.976763   13.436426   9.345714
  19   22    0.233649   1.927844   22.281427   5.084062
  19   23    0.127727   1.904478   30.856842  33.628673
  19   24    0.064987   1.952104   33.504157  38.188076
  20    0    2.434203   2.062792   31.163442  19.641791
  20    1    2.328384   2.040475   12.626552  10.205400
  20    2    2.225173   2.007306    4.788107  38.351795
  20    3    2.194031   2.035863   30.958584   6.314633
  20    4    2.001856   2.079749   33.596498   9.423168
  20    5    1.962437   2.056010   28.627351  11.640443
  20    6    1.872880   2.025165   18.509831   6.069706
  20    7    1.776145   2.007332   36.673816  28.052073
  20    8    1.668041   2.049895   33.803935  40.122310
  20    9    1.500452   2.027976   34.216114   3.964366
  20   10    1.452257   2.063155    6.436427  39.184388
  20   11    1.313021   2.008604    4.831038  29.891537
  20   12    1.231112   2.085316   38.166897  38.566494
  20   13    1.182019   2.000044   36.344370   6.449266
  20   14    1.040067   2.011980   38.899046  17.762171
  20   15    0.949037   2.093232   19.509812  21.695959
  20   16    0.857017   2.094492   21.587813  34.547280
  20   17    0.766542   2.048751    3.595290  21.149380
  20   18    0.672225   2.034778   22.218554  29.355397
  20   19    0.569998   2.060791   40.684516  16.510135
  20   20    0.491069   2.095188   32.779430   8.402180
  20   21    0.392003   2.063520   35.540719  18.068816
  20   22    0.233133   2.092507   10.812196  26.101917
  20   23    0.149961   2.026587   34.168531  10.968933
  20   24    0.026303   2.079382   36.040672  35.639788
  21    0    2.459750   2.140917   11.749087  26.943053
  21    1    2.376406   2.116088   22.740208  21.133666
  21    2    2.245765   2.165946   39.412438  10.834899
  21    3    2.121784   2.100930   25.925562  25.639619
  21    4    2.032420   2.195095   39.350454  25.165462
  21    5    1.957845   2.158508   20.098614  26.325572
  21    6    1.813862   2.197561   19.062467  16.196502
  21    7    1.739213   2.181659    1.211462   1.457900
  21    8    1.607086   2.111390   28.064926   1.390101
  21    9    1.536521   2.185098    5.664465  23.416048
  21   10    1.499073   2.195321   24.185451  10.858288
  21   11    1.341202   2.156619   34.572876  37.770571
  21   12    1.200767   2.195017   11.600701  24.342020
  21   13    1.174826   2.185167   37.199775  30.530314
  21   14    1.019866   2.143105   19.066530  10.454158
  21   15    0.969567   2.104166    4.367072  23.984746
  21   16    0.860380   2.191806    4.328003  36.366345
  21   17    0.743352   2.113218   10.820393  16.137803
  21   18    0.649772   2.171967   39.485862  33.815059
  21   19    0.597009   2.131597    4.937771  29.549874
  21   20    0.484273   2.182963   32.135132  21.247375
  21   21    0.311461   2.192929   34.836066  22.474899
  21   22    0.269548   2.144188    8.380589  32.122311
  21   23    0.120533   2.112039   21.843153  18.499862
  21   24    0.017420   2.180769   26.372902   5.828951
  22    0    2.479395   2.242123   25.467948  30.464252
  22    1    2.339695   2.273630   22.798303  20.377823
  22    2    2.239969   2.293290   28.414423  30.257405
  22    3    2.157411   2.277207   39.793706   4.967347
  22    4    2.082798   2.201907    5.849798  28.161934
  22    5    1.917936   2.296858   16.048271  25.722471
  22    6    1.839956   2.224319   30.051203  33.731773
  22    7    1.783330   2.222437   13.391456  29.347926
  22    8    1.675498   2.278203   39.719117  34.763671
  22    9    1.521278   2.234475   28.956660  37.133848
  22   10    1.468744   2.270124   32.659985  31.741299
  22   11    1.394638   2.235109   13.048656   5.696816
  22   12    1.271420   2.228867   21.204479   2.201407
  22   13    1.107246   2.207129   14.132016  31.034680
  22   14    1.082174   2.210654    1.641898   2.791836
  22   15    0.922172   2.271425   24.896855  28.918862
  22   16    0.801480   2.254590   32.115306   6.361451
  22   17    0.723918   2.295637   27.147247  37.343120
  22   18    0.696202   2.244503    7.836047  37.242407
  22   19    0.548366   2.204942    8.296723  15.693086
  22   20    0.416317   2.276802   28.140329  29.955457
  22   21    0.353356   2.259696   28.544365  20.496194
  22   22    0.266313   2.243065    6.824666  34.889325
  22   23    0.148795   2.294043   35.344013  39.056929
  22   24    0.040742   2.210763   25.360991   9.075487
  23    0    2.448055   2.354605   10.568225  39.977645
  23    1    2.387204   2.325871   28.006337  21.000009
  23    2    2.242177   2.339039   35.807645  33.510505
  23    3    2.160730   2.367066    8.486047  25.464402
  23    4    2.035009   2.310485   12.535520   4.881413
  23    5    1.981070   2.352798   39.843524  27.827769
  23    6    1.810908   2.355859   36.406174  10.172123
  23    7    1.798854   2.339730   32.213600  16.532839
  23    8    1.637003   2.363426   38.745283  27.042013
  23    9    1.517881   2.353856    7.690678  18.638781
  23   10    1.429267   2.318271   33.328889  11.516336
  23   11    1.308984   2.364105   37.126831  25.154016
  23   12    1.235757   2.353021   22.837136  27.263063
  23   13    1.185981   2.342260   30.609153  21.282541
  23   14    1.011391   2.345593    6.907778   5.225753
  23   15    0.996134   2.352790   31.529666  21.267624
  23   16    0.876502   2.325745   32.503555  19.175196
  23   17    0.706391   2.381486   13.575193   8.337003
  23   18    0.666122   2.337854   37.346641   6.687874
  23   19    0.542308   2.342753   20.628643  17.324050
  23   20    0.488632   2.308628   38.462372  25.254628
  23   21    0.359167   2.302017   21.487232  30.859694
  23   22    0.220846   2.385337   10.413567   9.668193
  23   23    0.194203   2.311875   34.467212   9.600174
  23   24    0.072010   2.342671   21.595798  29.533611
  24    0    2.465163   2.488483   31.378761   2.776023
  24    1    2.351431   2.404485   12.003043  34.690818
  24    2    2.243633   2.448111   16.018729   7.418011
  24    3    2.173559   2.490464    2.162188  21.534034
  24    4    2.041577   2.482888    9.243014  22.936052
  24    5    1.930369   2.477101   40.473950  14.657870
  24    6    1.806529   2.479465   20.844396  22.297428
  24    7    1.753734   2.457464   24.986816  35.955422
  24    8    1.624623   2.474644    7.875719  11.870973
  24    9    1.580235   2.494803   35.669677   7.238887
  24   10    1.481380   2.498003   29.722384  19.074188
  24   11    1.317495   2.491370   24.537898  22.648575
  24   12    1.227700   2.473103   32.142161  10.280544
  24   13    1.194572   2.435692   33.526617  33.561511
  24   14    1.042961   2.436083    5.654405   1.014589
  24   15    0.959383   2.449064   23.794130  31.406102
  24   16    0.878408   2.483289   28.074820  16.282729
  24   17    0.763310   2.425177   25.177300  12.734689
  24   18    0.602231   2.478015   36.655971  10.957923
  24   19    0.547310   2.445562   10.809964   6.101102
  24   20    0.452774   2.430546    2.207818   8.456796
  24   21    0.314829   2.457918   29.454392  31.735639
  24   22    0.238235   2.415369   15.736597  40.518023
  24   23    0.144672   2.424434    6.884905  12.705235
  24   24    0.000058   2.404790    7.554438  11.711125
  25    0    2.461778   2.582831   17.701834  40.191845
  25    1    2.382884   2.579102   39.476190   9.375141
  25    2    2.245399   2.514140   10.243048  15.717446
  25    3    2.126472   2.520078   22.633950  33.006965
  25    4    2.012756   2.578121   19.799353  29.589313
  25    5    1.914473   2.506737   36.603891  26.689408
  25    6    1.871544   2.559741   29.129125   7.534574
  25    7    1.781204   2.510188   39.954020  23.969413
  25    8    1.686963   2.568284   30.306602   6.438352
  25    9    1.590788   2.527783   27.985592  36.667124
  25   10    1.458027   2.544432   28.227309  25.295109
  25   11    1.363076   2.505931   10.354917  37.416830
  25   12    1.243936   2.560038   23.633187  38.928124
  25   13    1.127667   2.575598   29.426413  40.311133
  25   14    1.024137   2.540359   22.309014  39.727348
  25   15    0.941223   2.564872   19.621796  34.839982
  25   16    0.815473   2.599132   37.140810  26.601207
  25   17    0.703873   2.558908   18.694351  15.386532
  25   18    0.606410   2.553162    1.015954  30.533189
  25   19    0.558131   2.549187    3.771303  11.862127
  25   20    0.401863   2.574990   11.083805  12.579439
  25   21    0.348141   2.551172   38.171387  26.632954
  25   22    0.202482   2.549705   18.684709  12.838820
  25   23    0.158398   2.572346   39.418730  38.711314
  25   24    0.069520   2.525143    4.294289  27.872271
  26    0    2.439252   2.681008   34.538276  28.254688
  26    1    2.350533   2.683448   33.119034  29.243562
  26    2    2.261592   2.660330   15.632003  22.736139
  26    3    2.162136   2.616398   14.518204  27.298896
  26    4    2.025003   2.631874    6.899277  30.719887
  26    5    1.943933   2.656900    7.216187  11.998090
  26    6    1.872542   2.698079   23.678725   9.996203
  26    7    1.712472   2.604698    2.308477   6.555394
  26    8    1.640917   2.684217    4.753084  33.900094
  26    9    1.555695   2.685628   37.353496  29.843317
  26   10    1.497444   2.656882   11.072545  12.958535
  26   11    1.316873   2.600631    7.381573  39.958148
  26   12    1.284578   2.658278    7.216182  18.581364
  26   13    1.122340   2.653256    2.441439   4.041156
  26   14    1.009123   2.623415   16.325083   1.331214
  26   15    0.909643   2.692540   16.343658  28.394780
  26   16    0.876414   2.640778    4.904915  18.378210
  26   17    0.711798   2.671915   37.549478  28.128437
  26   18    0.679818   2.676109   30.809678  23.065454
  26   19    0.549369   2.604177   10.692660  37.013856
  26   20    0.412829   2.603660   15.882476  24.081632
  26   21    0.374942   2.687599   26.010890  35.925216
  26   22    0.274861   2.679583   24.143203  32.557395
  26   23    0.104315   2.688871   34.002446  32.184609
  26   24    0.092505   2.648123   17.077100   2.472482
  27    0    2.455363   2.794876   33.912861  12.328726
  27    1    2.375581   2.792814   39.492193  13.080847
  27    2    2.298989   2.787147    7.195382  37.257933
  27    3    2.171760   2.732119   22.577699   1.631403
  27    4    2.007009   2.750411   20.878077  31.424229
  27    5    1.974822   2.711770   35.209542  30.482246
  27    6    1.858995   2.799761   30.809524  16.659901
  27    7    1.779812   2.764536   30.213179   4.776611
  27    8    1.644281   2.799747   11.044068  16.443999
  27    9    1.563416   2.792200   39.208012  25.169062
  27   10    1.466285   2.753100    3.166684   7.849041
  27   11    1.399801   2.774273    7.821707   4.660752
  27   12    1.224209   2.756807   38.146568   6.105719
  27   13    1.100979   2.723277   32.476816  39.422922
  27   14    1.011904   2.758895   33.347628  30.668643
  27   15    0.996447   2.787387   20.616166  20.558087
  27   16    0.835305   2.700565   28.613110   1.861504
  27   17    0.739386   2.747818   28.147511  27.068682
  27   18    0.608360   2.795207   17.880652  33.625331
  27   19    0.546181   2.770542   11.052055  29.873272
  27   20    0.442715   2.778335   36.573142  40.588833
  27   21    0.342279   2.749754   22.515460   2.530708
  27   22    0.298704   2.760643   40.049786  26.625151
  27   23    0.100628   2.723949   32.604071  36.402956
  27   24    0.014268   2.730141   14.690887  27.254613
  28    0    2.418983   2.854588   24.423106  16.307616
  28    1    2.374457   2.878734   20.728876  39.698439
  28    2    2.289287   2.831997   28.857646  27.281472
  28    3    2.127039   2.873609   34.727208  32.083647
  28    4    2.066172   2.813510   19.411325  13.896720
  28    5    1.989459   2.854462   19.647800  37.244694
  28    6    1.842277   2.804794   19.321664  20.641851
  28    7    1.729037   2.813850    1.736735   6.762744
  28    8    1.685657   2.866902   15.045078   5.199433
  28    9    1.531789   2.809855   35.997056   7.328732
  28   10    1.489001   2.868797    3.368624  16.023426
  28   11    1.305611   2.867766   35.806482   4.211721
  28   12    1.221645   2.807908    3.819643  21.438878
  28   13    1.190827   2.850624    7.276986  15.559358
  28   14    1.063599   2.889763   23.708495  29.557263
  28   15    0.975209   2.817255   25.242229  36.452552
  28   16    0.835836   2.891802   10.053656  26.620953
  28   17    0.731598   2.840795   35.297871  23.081800
  28   18    0.623028   2.836197   40.802511   5.960676
  28   19    0.514081   2.830751   25.108906  35.107910
  28   20    0.413722   2.861828   37.175224  40.570110
  28   21    0.363488   2.887270   38.237161  38.215172
  28   22    0.258655   2.816519   39.623158   9.372072
  28   23    0.184533   2.817558   25.031226  29.060355
  28   24    0.070425   2.887238   21.807347  20.571081
  29    0    2.465452   2.961301   37.660084  21.266200
  29    1    2.357202   2.948142   40.166604  25.057381
  29    2    2.216364   2.904436   20.160828  23.803416
  29    3    2.199464   2.934216   31.058915  18.647822
  29    4    2.004812   2.908796   19.409876  12.050472
  29    5    1.941910   2.941673   13.123814  34.019317
  29    6    1.866066   2.948881    9.216169  37.015817
  29    7    1.782789   2.915402   29.427514  21.510901
  29    8    1.661774   2.926441   37.273904  39.652451
  29    9    1.599784   2.908431   32.116617  32.540718
  29   10    1.453417   2.928561   33.501422  34.890097
  29   11    1.355443   2.988710   31.720304  10.204607
  29   12    1.246750   2.905567   38.331904  23.955520
  29   13    1.175771   2.924492    3.904953  38.693224
  29   14    1.050071   2.971367   20.810631   3.746878
  29   15    0.993227   2.901146   28.399209  26.485006
  29   16    0.872610   2.970730   18.892603   8.473278
  29   17    0.789738   2.909463    7.971573  17.842532
  29   18    0.669748   2.915505    8.123363   1.466024
  29   19    0.566703   2.998339   39.756676   2.960209
  29   20    0.418970   2.964953    9.924975  34.013376
  29   21    0.307104   2.903183    6.890417  29.181483
  29   22    0.284643   2.914122    6.998120   3.265941
  29   23    0.179923   2.945468   25.328250   4.024094
  29   24    0.000623   2.958582   40.890369  12.705106
  30    0    2.468992   3.048563   18.884946  25.322235
  30    1    2.367659   3.023883   25.569751   6.362285
  30    2    2.287210   3.030308   24.948216  14.614737
  30    3    2.127221   3.083704   40.881767  11.922018
  30    4    2.062744   3.013758   13.982660  26.978767
  30    5    1.935070   3.041974   11.057121  28.037297
  30    6    1.856387   3.044086   37.854555  23.828801
  30    7    1.716328   3.021098    5.976425   7.630804
  30    8    1.688688   3.011882    5.172056   4.770961
  30    9    1.539230   3.080978    6.687282   1.651046
  30   10    1.421778   3.060855   36.249468  40.423126
  30   11    1.396934   3.091643   11.708137  16.697704
  30   12    1.253980   3.001471   15.968276  10.181517
  30   13    1.135932   3.096068   26.942399  25.125810
  30   14    1.045373   3.061086   39.721717   7.234787
  30   15    0.915562   3.029172   19.565383   7.683679
  30   16    0.899412   3.075879   15.793707  27.696959
  30   17    0.726030   3.003993    5.035677  26.434854
  30   18    0.679487   3.070188   26.937034  31.550849
  30   19    0.532058   3.036690   36.421607  39.659602
  30   20    0.440028   3.074842    4.579757  30.163958
  30   21    0.345930   3.058281   16.522548  40.626849
  30   22    0.299293   3.007646   31.002839  38.459082
  30   23    0.167184   3.052935   35.803864   8.572722
  30   24    0.075410   3.076376   37.996085   9.392250
  31    0    2.456565   3.170137   32.953352  22.917194
  31    1    2.348580   3.167498   14.913535   4.210884
  31    2    2.239126   3.181219   19.906107  30.695648
  31    3    2.100495   3.152250   34.713516   4.035380
  31    4    2.055453   3.189474   29.473787  12.377469
  31    5    1.917100   3.175840   13.482611  16.627663
  31    6    1.801011   3.157516   11.253349  22.689098
  31    7    1.722786   3.195198   17.106897  36.780527
  31    8    1.611461   3.185535   40.279344  30.754297
  31    9    1.542850   3.196060   38.167815  19.581923
  31   10    1.466562   3.159736   12.922953   7.809673
  31   11    1.366812   3.151112    6.804152   2.878663
  31   12    1.296874   3.191563    5.830012  30.948841
  31   13    1.107672   3.177525   11.195641  28.584303
  31   14    1.085989   3.185145   26.229301   7.793895
  31   15    0.921690   3.114386    6.487765   2.046299
  31   16    0.866381   3.102966   25.731481  19.688197
  31   17    0.769505   3.168395    5.391390  14.507836
  31   18    0.609220   3.147890   24.778091  29.949770
  31   19    0.562668   3.169634   29.354969  15.770050
  31   20    0.407590   3.143429    1.189093   8.919936
  31   21    0.349668   3.138296   36.121036  22.480650
  31   22    0.248599   3.173568   33.796517  28.987116
  31   23    0.152485   3.187986   27.642866   2.045298
  31   24    0.062677   3.138437   20.940810  20.461036
  32    0    2.468521   3.281527   21.751164  22.978386
  32    1    2.328149   3.292809   33.645575  13.117912
  32    2    2.203420   3.211144   21.624744   9.580174
  32    3    2.195784   3.260646   14.575423  18.432458
  32    4    2.097871   3.296529   19.033228   2.147570
  32    5    1.981498   3.260807   16.420746  33.957920
  32    6    1.855898   3.281429   20.483830   3.496129
  32    7    1.755772   3.236573    7.142271  14.010621
  32    8    1.673479   3.262304    9.818372   8.391189
  32    9    1.535609   3.254769   14.547312   9.760821
  32   10    1.404485   3.201001   16.470743  24.556334
  32   11    1.358934   3.229041   38.958717  37.027019
  32   12    1.286023   3.257494    5.509062   2.247731
  32   13    1.192388   3.226232   10.276548  21.516123
  32   14    1.077163   3.228469   23.750878  33.953165
  32   15    0.991286   3.234845   24.521618  38.947231
  32   16    0.843887   3.292813    5.653795   6.594927
  32   17    0.795306   3.210185    4.989043  11.442089
  32   18    0.648722   3.246082   23.347989   5.686018
  32   19    0.505044   3.262084   34.429060   1.760578
  32   20    0.476130   3.252554   37.091117  24.209447
  32   21    0.343128   3.217975   17.211403  23.404935
  32   22    0.244138   3.255717    5.590214  38.560704
  32   23    0.158886   3.276619   14.218592  17.311675
  32   24    0.018986   3.265854   30.049210  39.713813
