   0    0    4.863977   0.013947   27.946559  25.528773
   0    1    4.727809   0.081810   30.511731  33.201793
   0    2    4.660366   0.045134   10.332938  38.232861
   0    3    4.594755   0.053273   32.448079  19.579481
   0    4    4.472554   0.009530   33.637943  22.340759
   0    5    4.344996   0.019410   23.474725  17.025929
   0    6    4.231176   0.015373   20.602598  33.296373
   0    7    4.126994   0.001917   40.836659  26.101404
   0    8    4.030612   0.015622    5.685756  17.434025
   0    9    3.981673   0.021506   11.066966  27.563523
   0   10    3.815415   0.012983   11.948880  27.627429
   0   11    3.758432   0.061849   25.726453  16.081353
   0   12    3.600009   0.085934   32.205986  23.031871
   0   13    3.507941   0.094893   28.703978  20.360220
   0   14    3.427226   0.013692   33.102108  16.353432
   0   15    3.347088   0.013713   24.541598  38.989987
   0   16    3.200050   0.043410   10.197647  12.899416
   0   17    3.106176   0.004708    7.287715  25.274831
   0   18    3.096622   0.073826    2.800077   2.734427
   0   19    2.980098   0.092193   10.670437  14.497916
   0   20    2.801126   0.026179   29.198522  20.586890
   0   21    2.713712   0.005379   32.922484   3.519624
   0   22    2.652598   0.035431    6.120786  17.721091
   0   23    2.557003   0.050201   13.377968  25.303345
   0   24    2.430019   0.022633   30.646467  35.810137
   0   25    2.327879   0.016653   13.000491   9.908136
   0   26    2.255222   0.002753    8.473879  14.915559
   0   27    2.119556   0.016002   37.291049   8.682862
   0   28    2.005229   0.041366   29.352531  25.999569
   0   29    1.985490   0.021692   17.563269  19.841752
   0   30    1.882536   0.098294   38.657011  32.966325
   0   31    1.727675   0.082752   15.362616  31.296621
   0   32    1.695684   0.086648   33.492147  20.048834
   0   33    1.503899   0.089159   14.845233  30.566303
   0   34    1.453161   0.031641   22.383420  27.428482
   0   35    1.356130   0.094888   39.221141  21.779173
   0   36    1.271190   0.035160    9.520633   1.294437
   0   37    1.145736   0.046275    9.905617  16.229937
   0   38    1.040442   0.039273   17.686926  24.120541
   0   39    0.961597   0.020829   40.811600   5.647185
   0   40    0.887985   0.034676    8.419267   6.757568
   0   41    0.744417   0.054783    5.255039   6.273508
   0   42    0.608992   0.078554   13.610637  16.009081
   0   43    0.544666   0.026442   29.234199  17.055309
   0   44    0.427752   0.070407   19.678170  39.679391
   0   45    0.302565   0.066772   12.382939   6.684730
   0   46    0.279516   0.084099   23.585579  35.652482
   0   47    0.106433   0.088715   36.687099  31.931442
   0   48    0.083454   0.069706    9.422261  12.381031
   1    0    4.850415   0.162324   33.092156  13.647359
   1    1    4.702748   0.119738   14.905535   5.234993
   1    2    4.674268   0.114118   17.419394  37.022634
   1    3    4.560345   0.140831    9.086532  26.479532
   1    4    4.426353   0.195932   19.546877  19.116638
   1    5    4.398377   0.184267   25.704314  16.222375
   1    6    4.246378   0.151061   33.600598  39.382888
   1    7    4.135524   0.166481   11.046875  27.491006
   1    8    4.016655   0.103637   31.940216  37.852264
   1    9    3.989815   0.154185   30.841710  20.670385
   1   10    3.879773   0.110953   32.012879  30.834103
   1   11    3.794384   0.197802   37.612742  40.852254
   1   12    3.666580   0.147847   22.687672  35.440124
   1   13    3.540668   0.171643    8.104415   6.217332
   1   14    3.421243   0.137268    5.472306  11.931416
   1   15    3.337318   0.119559   39.787865   6.392081
   1   16    3.249887   0.101786    6.052720   6.834052
   1   17    3.173774   0.110775   26.128110  16.791977
   1   18    3.055955   0.187109   22.885338  29.964188
   1   19    2.925048   0.182192   12.205285  38.283581
   1   20    2.858910   0.100519   22.110771  24.948850
   1   21    2.728650   0.180646   25.447001  31.068000
   1   22    2.623280   0.114696   21.846830  35.523876
   1   23    2.505922   0.121450   40.642962  27.508615
   1   24    2.452293   0.110524   33.957775   8.835839
   1   25    2.388237   0.148000   14.077055  40.696317
   1   26    2.224464   0.171247   27.685783  12.170064
   1   27    2.143552   0.111303    8.526186  33.865757
   1   28    2.072496   0.194746   27.069689  10.972168
   1   29    1.980771   0.188012    9.039164  40.346461
   1   30    1.821739   0.160701   32.865102   3.725876
   1   31    1.738146   0.120843   18.823068   4.552944
   1   32    1.620170   0.175096   29.719083  33.195151
   1   33    1.537663   0.196265   25.228509  11.588309
   1   34    1.403503   0.115729   20.641607  33.734039
   1   35    1.309893   0.170874   37.739338   6.356080
   1   36    1.247532   0.119347   23.355122  30.812869
   1   37    1.163232   0.120128   23.036363  32.645383
   1   38    1.065159   0.183500   26.892550   1.604842
   1   39    0.987765   0.110893   36.618716   8.474851
   1   40    0.807834   0.104376    1.853174  14.422291
   1   41    0.747161   0.192765   16.130589  16.050987
   1   42    0.630237   0.135643   24.014880   9.987235
   1   43    0.522087   0.162166   38.455091  23.016994
   1   44    0.473031   0.132711    8.540306   8.966171
   1   45    0.325528   0.177955   30.801070  26.238422
   1   46    0.211396   0.141862   20.803522  27.894327
   1   47    0.114247   0.197601    5.422776  20.192274
   1   48    0.006778   0.104328   29.902896  39.559956
   2    0    4.871275   0.258944   18.276340  19.096539
   2    1    4.785933   0.271663   22.214898   4.114523
   2    2    4.631890   0.254126   33.831072   5.237422
   2    3    4.554839   0.270668   34.882632   3.619970
   2    4    4.469976   0.229521   31.417656  15.521869
   2    5    4.335383   0.213632   22.921961  35.439562
   2    6    4.252967   0.298267   12.909404  14.103272
   2    7    4.190044   0.222798   18.667144  18.824111
   2    8    4.011754   0.270527   27.196751  10.998586
   2    9    3.973844   0.226735   18.566981   4.240698
   2   10    3.856998   0.290632   33.829270  34.935362
   2   11    3.723882   0.290701   39.881503   6.436328
   2   12    3.605226   0.219996   26.363541  13.237554
   2   13    3.564622   0.263078   28.618329  29.924268
   2   14    3.456899   0.220016    5.369255  32.379236
   2   15    3.371847   0.255630   10.086857  39.526105
   2   16    3.294308   0.270134   11.710018   9.905703
   2   17    3.199813   0.226588   14.737525   8.797918
   2   18    3.039740   0.202806   22.629367  21.741714
   2   19    2.934654   0.202474    4.492447  35.614223
   2   20    2.833763   0.249342   36.336582  38.476992
   2   21    2.792420   0.257069   28.562780   6.878709
   2   22    2.659798   0.268414    5.200933  30.039353
   2   23    2.532420   0.264115   32.787246  23.276040
   2   24    2.454344   0.272473   23.327068  20.236197
   2   25    2.305629   0.254077   12.815298  40.174380
   2   26    2.202248   0.276420   11.198315  30.965378
   2   27    2.103932   0.234694   18.997480  22.233538
   2   28    2.023383   0.267547   28.238715  30.466789
   2   29    1.918845   0.280081    9.634583  26.968999
   2   30    1.810869   0.236149    3.558695  30.806317
   2   31    1.758102   0.253768   29.276282  26.467391
   2   32    1.681696   0.212106   25.813323   6.854133
   2   33    1.505099   0.207351   20.048990  26.644257
   2   34    1.448115   0.224366   15.016169  12.339586
   2   35    1.339727   0.288300   36.531715  29.880306
   2   36    1.212661   0.237429   12.315852  28.135286
   2   37    1.169431   0.298030    8.487796   9.567661
   2   38    1.030911   0.221801   28.156412  13.743294
   2   39    0.946654   0.264428   40.799435   4.042876
   2   40    0.874325   0.283798   24.906717  25.026608
   2   41    0.772870   0.231851   36.241010  12.578873
   2   42    0.660536   0.214213   16.958163  29.549491
   2   43    0.510471   0.225982   14.266225  27.553209
   2   44    0.400402   0.215025    9.454017  35.460467
   2   45    0.341606   0.220935   37.773194  24.605433
   2   46    0.239951   0.228682    6.227768  30.672135
   2   47    0.127818   0.221688   29.850659  16.541573
   2   48    0.051018   0.225442   38.191965   6.162274
   3    0    4.835974   0.376140    3.797539  36.939140
   3    1    4.746933   0.300841   15.333046  10.541006
   3    2    4.604441   0.348023   22.247151  35.851315
   3    3    4.569072   0.397554   28.631746  32.599100
   3    4    4.428858   0.314406   25.016437  22.704321
   3    5    4.306367   0.393758    2.642719  14.372837
   3    6    4.249098   0.399660   40.339626  20.427291
   3    7    4.173059   0.393563    5.131082  19.331121
   3    8    4.018116   0.321549   20.434822  20.049240
   3    9    3.980068   0.314148   17.077657  38.610891
   3   10    3.829409   0.304476   19.891070  26.443077
   3   11    3.792223   0.388960   34.528724  32.797148
   3   12    3.672644   0.309962   24.152497  23.591911
   3   13    3.567483   0.396651   13.180195  17.564257
   3   14    3.476788   0.345057   35.415216  21.698188
   3   15    3.324896   0.381399   17.250148  28.565493
   3   16    3.286689   0.335667   34.541726  38.651550
   3   17    3.185635   0.351841   36.107757   4.278092
   3   18    3.002535   0.393664   40.136600  34.816576
   3   19    2.975888   0.333035    5.290680   5.081409
   3   20    2.892014   0.364181   39.716330  22.796922
   3   21    2.771665   0.398713   12.957057  22.666076
   3   22    2.662226   0.312612   32.945251  12.777641
   3   23    2.503780   0.329561    8.482325   5.942370
   3   24    2.452529   0.399645    3.198530   9.242832
   3   25    2.326340   0.327303   36.825109  37.936326
   3   26    2.280489   0.397009    1.252262  26.311015
   3   27    2.183977   0.364113   20.450528   2.732425
   3   28    2.040992   0.316667    3.689802  36.626013
   3   29    1.991882   0.362187   40.013304  22.342009
   3   30    1.823287   0.361819   38.652482  32.686365
   3   31    1.768399   0.379272    5.667129  20.446891
   3   32    1.672401   0.359338   12.851979  39.691659
   3   33    1.532465   0.322535    2.780808  23.287923
   3   34    1.479812   0.300189    6.300596  15.429463
   3   35    1.397642   0.325351   39.005762  37.538626
   3   36    1.243672   0.396861    5.004862  25.421844
   3   37    1.160769   0.399435   14.053523  30.824272
   3   38    1.091105   0.365007   36.906826  10.495780
   3   39    0.996491   0.318181   39.205942   2.617130
   3   40    0.804222   0.350270   22.646581  29.137099
   3   41    0.728914   0.396184   30.494862  11.558911
   3   42    0.637504   0.350629   30.258518  18.432848
   3   43    0.558636   0.304584   27.652096  39.831735
   3   44    0.457063   0.329664   31.702965  35.102373
   3   45    0.377165   0.302255   30.344598   6.019289
   3   46    0.272037   0.376742   19.173851  12.062635
   3   47    0.101444   0.368759   13.873784   4.970120
   3   48    0.065016   0.346430   10.412157  16.168645
   4    0    4.808747   0.496639   28.432020  36.495354
   4    1    4.761858   0.401309   14.793932  19.215203
   4    2    4.646657   0.437756   19.173360   4.303415
   4    3    4.511657   0.489900    5.750746  16.981425
   4    4    4.434136   0.401268   28.769664  22.394661
   4    5    4.374854   0.414549   30.119512  30.044872
   4    6    4.257874   0.469270   39.787328  18.209130
   4    7    4.141602   0.482892   21.307639  15.287401
   4    8    4.003193   0.430215    1.133855  30.140942
   4    9    3.923512   0.490909   30.698591   8.460161
   4   10    3.840667   0.429932   40.987637  21.603173
   4   11    3.779740   0.455600   10.511947  25.870487
   4   12    3.618483   0.405389   18.038313  34.647376
   4   13    3.553171   0.400974   11.371140  17.198747
   4   14    3.486200   0.497322    3.529168   3.212191
   4   15    3.304025   0.402269   19.121119   1.648507
   4   16    3.298157   0.434408   18.507089  19.395826
   4   17    3.136755   0.410279    7.977212  36.078695
   4   18    3.014206   0.443889   13.849662  15.717505
   4   19    2.921434   0.410122   10.875584  16.461774
   4   20    2.831740   0.471373   35.053047  12.153272
   4   21    2.713110   0.416966   22.934676  22.957202
   4   22    2.646187   0.485996   39.428339  38.801868
   4   23    2.571707   0.474989   40.226146  24.084824
   4   24    2.447199   0.406229   10.268180  23.356709
   4   25    2.381048   0.405240   13.592833  16.928117
   4   26    2.214683   0.406282   40.709460   7.130303
   4   27    2.158468   0.443086    6.040378  17.992529
   4   28    2.082643   0.453436   19.431984  24.197749
   4   29    1.936198   0.416589   22.268157  13.289478
   4   30    1.889489   0.482552   40.997079   5.296288
   4   31    1.782347   0.443403   30.194278  26.411868
   4   32    1.631008   0.435622    5.544147  31.438181
   4   33    1.512796   0.465704   16.868424  29.812318
   4   34    1.476657   0.481391   25.727240   1.764501
   4   35    1.325698   0.400152   34.955424  27.190584
   4   36    1.201102   0.482963   23.187813  15.987735
   4   37    1.167497   0.453065   21.011455  33.841991
   4   38    1.021166   0.499713   32.523855  23.841417
   4   39    0.913545   0.439723   23.063881  37.013988
   4   40    0.813354   0.493951   37.629652   2.275308
   4   41    0.717342   0.451137    2.544754   9.763266
   4   42    0.619097   0.462443    3.444538   5.704974
   4   43    0.550342   0.431616   14.417117  39.501163
   4   44    0.423638   0.428286   15.563002  15.444895
   4   45    0.318971   0.466140   39.372261  16.360445
   4   46    0.220189   0.409531   20.822621  31.524581
   4   47    0.107167   0.427781    3.265173  26.711800
   4   48    0.043524   0.427573   13.900329  23.407472
   5    0    4.851203   0.502334   11.494495  13.603746
   5    1    4.776629   0.530515   38.111610  25.702695
   5    2    4.608966   0.589838   29.822327  38.594942
   5    3    4.500319   0.584544   23.021248  30.780096
   5    4    4.438086   0.580783   38.168320   8.393206
   5    5    4.368931   0.529823   27.138342  32.269245
   5    6    4.246438   0.518621   30.201528  14.910864
   5    7    4.155252   0.506488   10.882365  11.743454
   5    8    4.024534   0.589538    9.092589  38.791358
   5    9    3.914771   0.531017   33.171073  35.460128
   5   10    3.812195   0.525498   18.577819   4.157353
   5   11    3.773173   0.543618   24.395184  18.849121
   5   12    3.691646   0.567209    8.525921   6.275919
   5   13    3.541637   0.553195   39.208762   3.511038
   5   14    3.435777   0.509923    5.487023   4.031625
   5   15    3.312116   0.578058   14.478330  14.807777
   5   16    3.273835   0.546869    1.242856  15.543758
   5   17    3.179144   0.517743   30.897798   7.697883
   5   18    3.067163   0.532678   26.165930  37.959144
   5   19    2.976087   0.594151   21.190337  24.289629
   5   20    2.814861   0.512236   39.234633  11.397376
   5   21    2.701886   0.568638   23.482416  38.655025
   5   22    2.633358   0.599245   22.840237   2.220584
   5   23    2.549439   0.575819    5.349257  12.768290
   5   24    2.474884   0.543103   18.060858  32.245156
   5   25    2.328675   0.514516   22.195053  32.002614
   5   26    2.267692   0.592776   14.866492  28.208181
   5   27    2.106193   0.501636   23.045329  29.439370
   5   28    2.075651   0.551960   21.758288   9.746638
   5   29    1.959030   0.525701   17.492903  25.314238
   5   30    1.886415   0.521103   40.634297  34.342736
   5   31    1.762660   0.533359    9.452972   1.245011
   5   32    1.645910   0.538757   25.213006  14.134056
   5   33    1.502779   0.544396    6.546898  18.456172
   5   34    1.462215   0.567246    5.135006  32.182507
   5   35    1.316732   0.518590    8.348335  15.035647
   5   36    1.204184   0.515771   12.902218  14.741401
   5   37    1.133622   0.591246    2.389401  39.329445
   5   38    1.019269   0.557872   17.103183   1.255251
   5   39    0.992193   0.553282   13.738673  14.900207
   5   40    0.890994   0.579519   22.911928  35.272251
   5   41    0.772531   0.576474    2.126822   7.046002
   5   42    0.649419   0.589161    9.637064  37.144652
   5   43    0.581411   0.574803   40.009785  11.696030
   5   44    0.437650   0.531686   35.136746  33.337617
   5   45    0.381828   0.548783   15.623436  34.570182
   5   46    0.224104   0.574520    8.204270   7.362404
   5   47    0.154776   0.581242    6.997764  31.809739
   5   48    0.033715   0.575997   32.568073   3.795069
   6    0    4.825817   0.640247   26.062640  22.856796
   6    1    4.751638   0.603617   19.939026  39.537182
   6    2    4.680236   0.697669   36.391322   2.180317
   6    3    4.530263   0.643016   14.576916  15.420365
   6    4    4.428819   0.690374    3.791898   8.517023
   6    5    4.304464   0.627168    8.137132  16.451758
   6    6    4.271296   0.635063    5.870928  18.615647
   6    7    4.191018   0.619797   31.097578  20.442867
   6    8    4.036471   0.657559   24.857634  17.043394
   6    9    3.915970   0.606950   25.854941  22.459514
   6   10    3.856835   0.612587   17.391008  14.433750
   6   11    3.778507   0.686361   36.618483   6.475965
   6   12    3.661155   0.651124   35.636310  23.625108
   6   13    3.521494   0.695476   32.518589  15.811595
   6   14    3.441104   0.638935    6.011466  16.459988
   6   15    3.337324   0.685936   12.886376  30.373773
   6   16    3.267401   0.642138   14.967947  33.584930
   6   17    3.193128   0.634794    7.449725  11.425965
   6   18    3.097263   0.673446    5.684773  25.411472
   6   19    2.911611   0.680930   19.230150   3.545351
   6   20    2.828147   0.636247   15.198343  24.468918
   6   21    2.792910   0.688863   24.214004  28.629596
   6   22    2.612814   0.612684   38.404867   7.699924
   6   23    2.508876   0.671573   39.410558  28.257683
   6   24    2.457689   0.616689   13.536223  21.820238
   6   25    2.344038   0.648958   39.698577  28.405064
   6   26    2.280293   0.673191    3.124127  15.684248
   6   27    2.197254   0.679194   23.902050  14.458690
   6   28    2.002205   0.690711   35.131588  30.668301
   6   29    1.994703   0.676550    1.824835  34.672777
   6   30    1.801582   0.666124   30.844649  23.404060
   6   31    1.798311   0.621076   16.512987  36.651502
   6   32    1.643687   0.697590   19.281501  34.764497
   6   33    1.524150   0.673134    9.802661   4.140109
   6   34    1.449189   0.684459   22.290111  34.825421
   6   35    1.312516   0.628858   24.250489  20.351251
   6   36    1.248171   0.661458   30.169570   5.595745
   6   37    1.115582   0.691430   30.832432  19.248667
   6   38    1.002875   0.648489   14.564430  31.630031
   6   39    0.989475   0.687412   19.336156  37.655639
   6   40    0.864090   0.697142   23.545360  33.207137
   6   41    0.795507   0.627437    7.161027  28.750967
   6   42    0.654965   0.680299   33.203505  17.579128
   6   43    0.530050   0.696175   32.278924  21.460521
   6   44    0.451640   0.602206   30.750016  20.864907
   6   45    0.314149   0.657774   37.398086  10.447739
   6   46    0.252721   0.602937   16.026262  26.483343
   6   47    0.182465   0.679869   24.911298  37.851754
   6   48    0.098995   0.693417   31.494306  35.590986
   7    0    4.816528   0.711770    5.998781  40.617139
   7    1    4.721127   0.784969    5.191279  10.809764
   7    2    4.669502   0.700575    2.295208  26.204578
   7    3    4.556254   0.770826   36.795374  16.600385
   7    4    4.428807   0.792756    4.819328   4.667096
   7    5    4.384445   0.776137   13.865212  17.957456
   7    6    4.258915   0.748105   32.403754   6.521750
   7    7    4.192946   0.717671   33.478420  33.672668
   7    8    4.059540   0.788011   20.651516  13.542061
   7    9    3.979905   0.704808   23.909303  31.232691
   7   10    3.864152   0.710630   12.485070   3.541711
   7   11    3.759995   0.769303   11.649580  17.488746
   7   12    3.690402   0.731811   12.642479  40.415397
   7   13    3.531887   0.732933   20.990190  22.555127
   7   14    3.437505   0.752521   31.014577  27.148015
   7   15    3.311961   0.709341   26.546247  13.964260
   7   16    3.206035   0.711042   33.505980  22.198664
   7   17    3.129957   0.789195   23.521297  13.926204
   7   18    3.092798   0.751343   24.141854  18.611283
   7   19    2.920453   0.776263   16.171076  24.610798
   7   20    2.887602   0.727822   18.431444  40.399045
   7   21    2.729108   0.726085   31.841029  34.690992
   7   22    2.669713   0.770971   35.538398   2.194920
   7   23    2.584546   0.788619   26.115940  24.956187
   7   24    2.469668   0.758593   35.597001   5.856177
   7   25    2.365573   0.771571   34.034041  31.624744
   7   26    2.226874   0.772769   38.552505  11.655857
   7   27    2.119080   0.722094   22.982074   3.055121
   7   28    2.035012   0.774129    2.192770   1.889612
   7   29    1.956575   0.771091   14.801818  38.875411
   7   30    1.825796   0.791791    9.577535  11.171561
   7   31    1.776690   0.796602    7.802655  30.121373
   7   32    1.696984   0.709920   39.860664  10.388187
   7   33    1.527350   0.740556    3.788826   4.793359
   7   34    1.442798   0.729959   31.539804  40.224562
   7   35    1.334430   0.756632   30.874080  25.312836
   7   36    1.294015   0.701376   13.456934  35.372526
   7   37    1.183838   0.776081    9.770478   2.679549
   7   38    1.021010   0.743161   16.412355  21.975753
   7   39    0.950849   0.753028   39.402187   6.700645
   7   40    0.895883   0.723314    7.043730   8.561945
   7   41    0.724360   0.791131   17.109162   2.483418
   7   42    0.649558   0.724237    5.660857   4.657710
   7   43    0.574382   0.759433   19.369657  30.453636
   7   44    0.496358   0.798176   21.015901  31.476999
   7   45    0.358684   0.776798   30.884594  30.481720
   7   46    0.232061   0.708793   17.527886  15.519276
   7   47    0.158909   0.781575   23.030869  30.269379
   7   48    0.041817   0.762430   24.269315  38.608921
   8    0    4.877798   0.805907    7.104730  33.969575
   8    1    4.781530   0.855804   20.061831  36.852670
   8    2    4.617349   0.842617    3.440442  19.083056
   8    3    4.520463   0.805611   25.316917  16.187211
   8    4    4.492782   0.826650   34.403497  17.994971
   8    5    4.353791   0.879952   18.796678  23.634366
   8    6    4.219138   0.852757   27.421713   5.085403
   8    7    4.111724   0.821452   36.258808   1.076612
   8    8    4.036116   0.816464   23.631592  31.167979
   8    9    3.906534   0.837666   17.988935  12.310984
   8   10    3.812467   0.896297    8.381417  24.081004
   8   11    3.770481   0.835558   13.512561  14.334740
   8   12    3.693802   0.891839   11.746592  27.575919
   8   13    3.546100   0.893796   24.317914  20.261462
   8   14    3.427118   0.894380   30.376800  20.218147
   8   15    3.395694   0.899081   29.210052  13.961599
   8   16    3.211640   0.894776   36.408639   1.835738
   8   17    3.199119   0.820897   31.955664   5.466737
   8   18    3.088777   0.826582   24.841426  37.121531
   8   19    2.908073   0.862840   17.167041   1.372246
   8   20    2.894034   0.801580   27.687936   4.314842
   8   21    2.721099   0.808055   17.912769   5.918201
   8   22    2.650668   0.819591   11.375925  31.459041
   8   23    2.536370   0.871353    7.331759  26.123851
   8   24    2.488676   0.824712   13.290305  13.551636
   8   25    2.329087   0.881225   26.566281  28.296175
   8   26    2.223382   0.836154    4.009938  30.973861
   8   27    2.186929   0.841213   12.618745   3.428399
   8   28    2.025475   0.803382   23.707072  12.907018
   8   29    1.920501   0.862026   32.276027  25.449656
   8   30    1.858743   0.822496   14.341490   9.013169
   8   31    1.746084   0.813287   22.034192  28.982286
   8   32    1.653090   0.803607   13.695512  28.478088
   8   33    1.515250   0.816946   38.995553  32.208576
   8   34    1.418593   0.897434   32.960071  17.584664
   8   35    1.340023   0.893171    3.999041   5.644064
   8   36    1.291414   0.873417    6.496109  15.305306
   8   37    1.133246   0.873910    5.783938  19.059838
   8   38    1.034325   0.891359   40.559644  10.972169
   8   39    0.951727   0.819358   33.776085   6.491574
   8   40    0.893388   0.823926   37.192885   8.904360
   8   41    0.794421   0.808171   37.124741  33.218368
   8   42    0.638059   0.868317   30.147855   1.941580
   8   43    0.569595   0.823587   28.907322   8.789731
   8   44    0.484490   0.831967    1.623047   9.153991
   8   45    0.303357   0.824465    6.958329   6.624435
   8   46    0.221290   0.889377   31.757678   2.568380
   8   47    0.117353   0.872799   26.567817   3.400195
   8   48    0.023264   0.884992    7.242199  33.571028
   9    0    4.855638   0.987396   35.333831  20.398497
   9    1    4.751882   0.900489   21.067753  11.717999
   9    2    4.689878   0.907181   26.742309  14.164196
   9    3    4.501244   0.913945   32.351364  27.003871
   9    4    4.478034   0.976993    6.586969  25.284808
   9    5    4.355270   0.953042    3.337667   1.210246
   9    6    4.294520   0.913732   35.130834  11.789746
   9    7    4.175643   0.984802   30.092088   4.775692
   9    8    4.089625   0.971401    7.950025  27.615051
   9    9    3.940716   0.990319   14.064425  22.699081
   9   10    3.872554   0.999811   29.689594  36.774496
   9   11    3.703149   0.944497   23.615841  16.308589
   9   12    3.645980   0.983653   17.500177  40.323236
   9   13    3.528492   0.958063   27.766361   7.298963
   9   14    3.450358   0.956126   24.713329  15.895496
   9   15    3.318207   0.941915   28.834001   6.259940
   9   16    3.203487   0.904480   20.352474  28.543122
   9   17    3.108846   0.922334   16.300746  39.989035
   9   18    3.044937   0.923598   16.365447   6.797086
   9   19    2.974127   0.969680   11.154643  20.202228
   9   20    2.815964   0.928108   22.003683   9.319406
   9   21    2.738600   0.902889    8.121330  20.826384
   9   22    2.623383   0.903584    3.562158  15.208195
   9   23    2.540399   0.997420   12.612404  11.877559
   9   24    2.450637   0.962999   37.733267  34.963930
   9   25    2.356260   0.955268    9.882079  34.999644
   9   26    2.290907   0.975876    8.116859  19.320274
   9   27    2.124549   0.992223   35.797652  39.058146
   9   28    2.085615   0.954489   26.967743  39.588163
   9   29    1.971469   0.959792   21.793355   3.754166
   9   30    1.857033   0.913960   28.051021   5.857130
   9   31    1.761921   0.946986   40.991237   5.043997
   9   32    1.625959   0.971274   31.514666  18.343192
   9   33    1.559697   0.900689   28.136785  38.220038
   9   34    1.404564   0.911971   27.977840  32.367901
   9   35    1.391722   0.962358   22.911044  32.829062
   9   36    1.250455   0.932697   26.572496  18.898499
   9   37    1.167995   0.943534   14.345072   8.174170
   9   38    1.060947   0.962799   40.464879  20.274429
   9   39    0.912708   0.952981   23.476620   8.967081
   9   40    0.876208   0.978791    3.422591  34.690739
   9   41    0.712688   0.944211   32.052996   7.767723
   9   42    0.646621   0.951808   22.281973  33.204273
   9   43    0.586857   0.973735   26.998119   4.168398
   9   44    0.403159   0.910030   12.709579  19.473802
   9   45    0.324874   0.947615   23.525861  10.250114
   9   46    0.249977   0.955608   39.440633   5.140621
   9   47    0.134393   0.986681   14.195806   7.658975
   9   48    0.075638   0.948741   27.216360  12.701386
  10    0    4.874569   1.059272    6.871629  13.720854
  10    1    4.753534   1.060346    4.931208  12.920343
  10    2    4.638524   1.014418   21.456383  22.332864
  10    3    4.573058   1.099135   13.039986  15.273346
  10    4    4.479369   1.098100   33.442995  29.940470
  10    5    4.310931   1.038958    3.064047  37.611441
  10    6    4.253248   1.050547   21.732385  17.729392
  10    7    4.116869   1.007894    8.074672  25.177053
  10    8    4.078492   1.063503   18.835657  38.231759
  10    9    3.949363   1.051844    4.320915   9.301143
  10   10    3.882588   1.022949   13.490878   7.866294
  10   11    3.755869   1.052294   16.708181  12.555035
  10   12    3.628049   1.075012   38.889025  36.502618
  10   13    3.547052   1.060410   24.622918  19.825888
  10   14    3.474620   1.030583   34.117743  10.960062
  10   15    3.366991   1.007789   19.637844  23.730129
  10   16    3.248412   1.067662   12.095623  11.421718
  10   17    3.110370   1.067946   32.921178  37.974464
  10   18    3.048638   1.099499   24.183760  18.064741
  10   19    2.983668   1.072032    7.712455  13.719403
  10   20    2.829529   1.051321   19.825429  19.778245
  10   21    2.750232   1.027270    1.016507  31.695530
  10   22    2.648843   1.028777   38.978766  27.660442
  10   23    2.538894   1.047267   38.706297  16.768099
  10   24    2.475059   1.067162    5.771411  23.056987
  10   25    2.332348   1.079609   19.514347  11.840791
  10   26    2.292885   1.022093   33.720130  13.222807
  10   27    2.185084   1.008059    5.931545  34.434849
  10   28    2.041176   1.099498    6.022500   7.259994
  10   29    1.950963   1.014172   13.821204   1.975061
  10   30    1.858639   1.025614   18.841792  20.804678
  10   31    1.727840   1.006316   17.595297  30.759405
  10   32    1.600899   1.026161   31.170260  10.006073
  10   33    1.550687   1.062844    4.088838  28.784479
  10   34    1.427561   1.017919   31.770116   3.661234
  10   35    1.385742   1.090536   15.807488  34.044141
  10   36    1.239819   1.015651   11.855492   6.939365
  10   37    1.196016   1.069491   23.012460  37.614108
  10   38    1.077998   1.022668   21.592818  10.949820
  10   39    0.963265   1.041260   34.145932  34.780572
  10   40    0.864074   1.004241   29.161036  19.478257
  10   41    0.763172   1.098293   15.389179   7.666190
  10   42    0.696791   1.039701   33.027200  37.535744
  10   43    0.598933   1.049667   22.684737  19.252151
  10   44    0.476428   1.011243   21.257011  15.935868
  10   45    0.303857   1.070584   13.342955  31.390288
  10   46    0.252552   1.015278    6.093958  11.935281
  10   47    0.125820   1.091263   19.392357   8.344572
  10   48    0.051328   1.075659    7.704746  28.043376
  11    0    4.805524   1.144636   11.122308  12.596574
  11    1    4.748956   1.197170   37.902801   9.427125
  11    2    4.656514   1.171629   16.805519  21.094855
  11    3    4.514781   1.122380    2.825656  34.907420
  11    4    4.447802   1.177855   13.377025   7.823514
  11    5    4.351422   1.145293    2.956142  27.363557
  11    6    4.279639   1.146169    2.885278  12.510445
  11    7    4.109922   1.191182   39.541306  16.432840
  11    8    4.029657   1.135821   20.820126   5.491196
  11    9    3.955532   1.193595   38.377101  29.712567
  11   10    3.830056   1.140819   24.961450   5.189578
  11   11    3.704124   1.186685   15.090915  28.241996
  11   12    3.616903   1.137653    7.181334  27.371551
  11   13    3.540556   1.183900   10.468077  17.862183
  11   14    3.469849   1.125667   15.671684   4.274171
  11   15    3.368523   1.132496   40.032559  40.121915
  11   16    3.234691   1.152124   31.358293   6.906723
  11   17    3.126428   1.117404    9.006132  14.718254
  11   18    3.092208   1.118435    9.801393  15.266481
  11   19    2.935800   1.137744   21.934305  10.030530
  11   20    2.804562   1.183998   38.671800  28.906826
  11   21    2.727554   1.194535    5.681448  19.126947
  11   22    2.635309   1.119783   30.930839  14.240783
  11   23    2.517091   1.109190   25.161544  35.693243
  11   24    2.400685   1.115036   35.131278   5.158353
  11   25    2.371791   1.138878   23.085097  37.653197
  11   26    2.268315   1.107382   16.795571   9.981313
  11   27    2.133879   1.167136   38.166765  35.821068
  11   28    2.074892   1.189127    8.616767  30.474479
  11   29    1.927968   1.125861   10.652376  30.746359
  11   30    1.886589   1.140706    2.266516  27.577741
  11   31    1.795737   1.148326   29.688013  22.981619
  11   32    1.675108   1.155984   20.883656  33.718498
  11   33    1.560307   1.161922   33.967959  20.324327
  11   34    1.428253   1.153512   28.855928  13.009402
  11   35    1.329760   1.104038   25.262300  40.154164
  11   36    1.256801   1.112882   24.296429  28.331674
  11   37    1.103095   1.184833   33.839119  15.807354
  11   38    1.099174   1.135935   19.655482  28.249552
  11   39    0.942575   1.126584   25.460197   3.000020
  11   40    0.862045   1.108869    7.197658  36.896715
  11   41    0.723984   1.180919   21.543264  25.632829
  11   42    0.668510   1.133184   28.612739  36.420896
  11   43    0.570760   1.162406   37.247872  19.879530
  11   44    0.415818   1.100915    1.818504  14.268156
  11   45    0.319252   1.139838   26.656034  31.282264
  11   46    0.271913   1.112758    3.052238  26.533633
  11   47    0.150554   1.194981   19.882823  11.646872
  11   48    0.064140   1.176446   18.636970  23.800885
  12    0    4.859418   1.292658    3.866225  10.851733
  12    1    4.734498   1.277160    8.347475  37.337264
  12    2    4.612695   1.205736   36.749543  23.253944
  12    3    4.553652   1.281725   21.090159  11.208054
  12    4    4.478533   1.203912   35.183773  29.197025
  12    5    4.300696   1.224056   33.650001   9.817436
  12    6    4.283274   1.246172   34.541386  29.194586
  12    7    4.127267   1.220519   24.546783  10.579649
  12    8    4.075542   1.213343   13.947052  21.684748
  12    9    3.933094   1.280821   27.581910   7.869035
  12   10    3.846433   1.279407    1.194868   4.820390
  12   11    3.785476   1.212522   13.446182  27.092941
  12   12    3.671051   1.248041    7.035747  28.580643
  12   13    3.517369   1.265442   22.797944  36.676816
  12   14    3.499791   1.274331   23.982663   5.559325
  12   15    3.337941   1.225972   20.510090  10.946090
  12   16    3.237865   1.250675   21.695531   7.106353
  12   17    3.185428   1.250719   18.323486  18.334792
  12   18    3.008443   1.260595   19.171537   6.068465
  12   19    2.944965   1.223923    1.933408  27.046138
  12   20    2.898668   1.294528   33.380824  38.195904
  12   21    2.743875   1.233721   18.574678  14.235648
  12   22    2.638400   1.277606   34.651479  21.352032
  12   23    2.523464   1.288626   32.460233  14.982657
  12   24    2.459186   1.281020   21.021852  34.983136
  12   25    2.369889   1.237452   37.966920  33.761419
  12   26    2.225320   1.275771   36.942268   1.876030
  12   27    2.167045   1.213468   34.251389  23.818274
  12   28    2.020206   1.240453    6.122288  30.051342
  12   29    1.911645   1.296679   10.017994  18.806697
  12   30    1.809404   1.253153   23.983731   4.710707
  12   31    1.704796   1.276924   23.449707  16.227357
  12   32    1.686804   1.281648   22.093695   8.476376
  12   33    1.505379   1.204869   29.852071   3.665595
  12   34    1.442298   1.235775   35.115948  32.732104
  12   35    1.398397   1.237976   28.349322  26.514088
  12   36    1.268142   1.261201   30.233045  23.694446
  12   37    1.196206   1.224204    9.010845  19.813740
  12   38    1.046874   1.234750   39.655647  23.913930
  12   39    0.952173   1.217447    3.075206  27.041179
  12   40    0.836202   1.268052    8.749553  23.225888
  12   41    0.724796   1.285604   31.478047   5.116534
  12   42    0.685747   1.238464   15.475031   2.741023
  12   43    0.585681   1.254716   30.679221  27.600490
  12   44    0.486792   1.244069   11.247074  21.286126
  12   45    0.317035   1.230733   29.823584  26.994930
  12   46    0.269383   1.222988   18.989311  15.775640
  12   47    0.193453   1.254249   39.558919  22.256780
  12   48    0.021222   1.286351    1.068318  25.315106
  13    0    4.888751   1.372933   10.373565  19.079984
  13    1    4.709658   1.388949   17.959171   3.407833
  13    2    4.691501   1.361416   27.105342   8.195866
  13    3    4.541969   1.301957   37.907134  13.456425
  13    4    4.452645   1.379027   26.312449  40.887420
  13    5    4.399734   1.358040   28.514427   9.821154
  13    6    4.225193   1.332034   34.486084  31.108414
  13    7    4.130721   1.310760    3.095107  30.017424
  13    8    4.089517   1.398969   27.623570  40.043469
  13    9    3.976103   1.387396   27.805125  23.204944
  13   10    3.888106   1.385098    6.469853  21.640634
  13   11    3.752140   1.317131   19.968721  35.941484
  13   12    3.620902   1.395271    6.774302  26.593228
  13   13    3.593663   1.385009    3.686337  28.244449
  13   14    3.476470   1.353148   40.198785  37.443114
  13   15    3.301714   1.396150   15.723344   1.323781
  13   16    3.295223   1.349175   29.052088  18.922784
  13   17    3.119686   1.334418   32.842889  22.920030
  13   18    3.078817   1.369733   16.814764  15.349051
  13   19    2.991055   1.365065    1.160270  17.001750
  13   20    2.874579   1.345511   26.457612  10.826361
  13   21    2.727534   1.361851    8.760289   1.646685
  13   22    2.675426   1.358408   19.845998  28.213125
  13   23    2.538998   1.335676   14.733090  12.251502
  13   24    2.484265   1.363209    4.061340  19.249736
  13   25    2.345983   1.304036   10.948091  36.785179
  13   26    2.297199   1.312740   34.260095  10.942270
  13   27    2.111867   1.368368    7.299614  35.621446
  13   28    2.062143   1.323407   37.729694   2.241177
  13   29    1.995018   1.359881   36.821953  40.555979
  13   30    1.868553   1.381755   30.089894  10.249586
  13   31    1.731262   1.373489   33.985624  25.934381
  13   32    1.619969   1.372102   12.127105   6.641143
  13   33    1.513954   1.334223   27.650636  39.387294
  13   34    1.433959   1.300297   24.538302  22.662647
  13   35    1.342732   1.330776    9.566683  10.489277
  13   36    1.203783   1.399325   17.900194  35.042013
  13   37    1.162747   1.306854    9.974192   2.728431
  13   38    1.042715   1.328736    6.468385  15.317458
  13   39    0.913684   1.322527   13.774269  37.494027
  13   40    0.815478   1.321755   16.950331  11.549076
  13   41    0.752350   1.385025   23.899599  38.359743
  13   42    0.641585   1.391490   17.184955  14.069297
  13   43    0.503900   1.301236   22.932465  39.760397
  13   44    0.432657   1.380753   34.700826  35.874047
  13   45    0.334969   1.322626   39.680077  16.230401
  13   46    0.299895   1.328812   11.413924  33.451711
  13   47    0.127009   1.337378   34.331477  36.692443
  13   48    0.038874   1.332768   28.264995   5.292350
  14    0    4.860099   1.414259   33.984363  12.855258
  14    1    4.766710   1.401287   12.385652  33.014900
  14    2    4.696282   1.418059   39.744209  11.599621
  14    3    4.551391   1.434042   29.421358  13.995420
  14    4    4.477169   1.497389    7.262154  18.302032
  14    5    4.334687   1.411502    4.928554  14.574751
  14    6    4.223110   1.492227   34.492158  11.365869
  14    7    4.108539   1.446604   11.302215  29.369274
  14    8    4.040680   1.420791   13.612016  37.800087
  14    9    3.960224   1.432340   20.479205  24.903759
  14   10    3.811509   1.483154   18.466878  25.505886
  14   11    3.753803   1.417477   17.701848  34.730605
  14   12    3.648687   1.462488    4.557964  10.002029
  14   13    3.564515   1.456344   37.915206  38.395103
  14   14    3.467038   1.413880   35.513257  11.639870
  14   15    3.328746   1.408068   23.910609  38.051641
  14   16    3.220476   1.405389   18.140994  13.929397
  14   17    3.115107   1.405616   14.117052  24.231106
  14   18    3.013467   1.416341   27.580858   4.417966
  14   19    2.961860   1.475682    7.981130  36.205027
  14   20    2.894316   1.403818   14.731808   6.633679
  14   21    2.762589   1.466692    8.165249  32.587345
  14   22    2.685556   1.419863   10.049586  14.925671
  14   23    2.515486   1.434126    1.332912  34.259974
  14   24    2.401119   1.499159   30.970970  23.603917
  14   25    2.382004   1.439855   13.078941  24.403658
  14   26    2.241327   1.439742    4.635909  37.601438
  14   27    2.127874   1.445344   17.601551  29.360930
  14   28    2.044888   1.467793   13.242766  23.952132
  14   29    1.943599   1.417337   39.002287  19.253287
  14   30    1.812152   1.411603   16.285906  11.697748
  14   31    1.762531   1.419044    8.638833  38.720018
  14   32    1.695810   1.409554   22.088997  12.407845
  14   33    1.512533   1.429857    1.744846  25.841425
  14   34    1.484051   1.442247   30.461374  34.316885
  14   35    1.351932   1.422270    6.569960  21.254497
  14   36    1.276836   1.409896   28.968965  40.152921
  14   37    1.152133   1.425960   20.582209  29.664402
  14   38    1.078539   1.472684   17.225256  12.052664
  14   39    0.997729   1.425862   20.814164  32.400487
  14   40    0.899632   1.433967   16.771904  16.527998
  14   41    0.780326   1.473597   19.223145   2.360767
  14   42    0.676384   1.474062   18.532631  28.269370
  14   43    0.564554   1.439773   28.974937   1.634221
  14   44    0.480746   1.435812   25.488097  33.641744
  14   45    0.303841   1.498410   13.849489  27.285512
  14   46    0.202645   1.422185    5.133529  33.049156
  14   47    0.179531   1.414186   10.506149  12.232057
  14   48    0.043845   1.490892   34.444937  35.914207
  15    0    4.829806   1.598169    2.135045   5.838697
  15    1    4.766334   1.521334   39.493800  32.839143
  15    2    4.624599   1.508383   22.060289  12.800520
  15    3    4.588899   1.585129   22.514183  36.585483
  15    4    4.429329   1.597811   17.149733  19.079713
  15    5    4.323080   1.573089   11.140309   6.829477
  15    6    4.283763   1.554323    3.425089  20.107608
  15    7    4.184159   1.518678   37.696649  13.220974
  15    8    4.002697   1.534553   40.055251  29.158442
  15    9    3.904132   1.510853   20.836695  27.093603
  15   10    3.882387   1.566887   12.954776   2.746613
  15   11    3.711786   1.507628   37.490595  24.244481
  15   12    3.670782   1.587497   35.498478  15.094563
  15   13    3.530087   1.545782   19.995945  29.521980
  15   14    3.430617   1.577729    1.402203   5.163721
  15   15    3.373001   1.591845   31.450047  18.530369
  15   16    3.292271   1.591220   23.608893   7.436248
  15   17    3.102677   1.594833    1.736035  12.580515
  15   18    3.058072   1.594701    3.058107   1.580629
  15   19    2.933612   1.582142   27.339321  20.086072
  15   20    2.881331   1.597773   32.506241  16.329509
  15   21    2.742987   1.586616    9.984886  10.924955
  15   22    2.601888   1.513795   33.103746  19.343423
  15   23    2.565762   1.504994   12.289980  19.856179
  15   24    2.475322   1.576556   25.224702  17.529435
  15   25    2.319469   1.565772    3.040892  40.902471
  15   26    2.285239   1.535563   30.083170   1.228987
  15   27    2.116790   1.527998   10.366484  36.679350
  15   28    2.077148   1.566514   24.959819  10.884573
  15   29    1.984095   1.541561   17.995257  24.971721
  15   30    1.898442   1.562957   32.401362   6.240176
  15   31    1.711025   1.574277   27.946785  19.429312
  15   32    1.671886   1.520118   32.544427  15.825708
  15   33    1.510024   1.551386   12.422403  32.072600
  15   34    1.469742   1.582559   27.754519  38.421008
  15   35    1.365411   1.559037   28.324108  32.371197
  15   36    1.292275   1.503574   20.059836  38.390280
  15   37    1.199133   1.534930    9.744692  20.976962
  15   38    1.087916   1.556135    4.398701   3.223127
  15   39    0.974784   1.506467    6.936178  15.764445
  15   40    0.882687   1.542717   14.488516  14.313707
  15   41    0.702772   1.539629   24.677718   3.651537
  15   42    0.613768   1.574480   23.163116  20.954787
  15   43    0.597702   1.530212    8.628137  23.743560
  15   44    0.486192   1.529043   15.314543  22.718840
  15   45    0.374115   1.503182   15.162411  35.664314
  15   46    0.292657   1.550502   19.114279  16.843599
  15   47    0.148642   1.585585   18.355398  11.507926
  15   48    0.054317   1.525332   19.978037  34.934820
  16    0    4.845440   1.683784   37.190211  10.665629
  16    1    4.755146   1.653498   11.777307  37.244309
  16    2    4.677469   1.626761   26.732701  13.851974
  16    3    4.554116   1.635317    1.089867  32.976581
  16    4    4.498729   1.633809   28.927555   5.975205
  16    5    4.367892   1.611576   12.820586  31.522835
  16    6    4.291996   1.627118   21.835598   7.066920
  16    7    4.122156   1.626848    9.312850  22.216238
  16    8    4.072921   1.637631   20.545933  16.306404
  16    9    3.971882   1.634177   10.110068   9.147825
  16   10    3.854525   1.645963   28.660637  36.245339
  16   11    3.790033   1.623005   25.815710  32.777631
  16   12    3.626194   1.659290   16.163761   2.658938
  16   13    3.520130   1.631646   17.039453  11.520992
  16   14    3.458207   1.649813    7.650487  40.019818
  16   15    3.381022   1.600622   38.206034  14.185257
  16   16    3.246627   1.670705    4.306316  33.411279
  16   17    3.101932   1.633812   26.042488  28.077462
  16   18    3.064097   1.621467   33.690251  14.766945
  16   19    2.952471   1.660657   23.848495  17.798848
  16   20    2.879606   1.656137    3.289993  24.644036
  16   21    2.715806   1.634524   35.193659  36.187390
  16   22    2.654751   1.615043   26.981225  10.307877
  16   23    2.533556   1.659884   14.474559  31.564842
  16   24    2.415326   1.613614   17.937128  36.725527
  16   25    2.328209   1.614095    6.803502  34.390101
  16   26    2.235228   1.640205   37.198342  19.136745
  16   27    2.182997   1.618332   25.989968   1.616003
  16   28    2.054764   1.699004   34.027627  14.190824
  16   29    1.930153   1.616621   26.914795  28.491997
  16   30    1.887360   1.683764   12.337564  31.208130
  16   31    1.766345   1.641958    7.386210  25.250428
  16   32    1.647461   1.683453   26.893680  25.945488
  16   33    1.578823   1.684106   24.605883  20.059488
  16   34    1.458148   1.601877   33.659463  16.314885
  16   35    1.327459   1.624976   12.662248  29.821210
  16   36    1.269489   1.619888   10.563774  32.825271
  16   37    1.186310   1.674361   20.007374  16.838183
  16   38    1.038138   1.641031    8.135241   6.087529
  16   39    0.903770   1.621315    9.662760  22.067980
  16   40    0.884957   1.639284    3.862281  19.543029
  16   41    0.792559   1.614635   39.938473  14.629611
  16   42    0.660645   1.671020   19.801445  17.646476
  16   43    0.509954   1.699648   29.739120   2.421610
  16   44    0.409415   1.622401   39.870864  18.054076
  16   45    0.334664   1.667911   10.069190  30.156705
  16   46    0.227675   1.638115   31.429621  10.938349
  16   47    0.189604   1.621454   12.139396   8.813297
  16   48    0.068512   1.617698   35.157941  39.371263
