   0    0    3.417425   0.087791   16.130177  20.360865
   0    1    3.365642   0.031350   39.150438  32.729229
   0    2    3.238405   0.035650   35.180079  33.296583
   0    3    3.157078   0.008929   24.605858  35.580865
   0    4    3.066807   0.018626   19.269940  11.925328
   0    5    2.926735   0.065545   27.512563  23.675274
   0    6    2.888108   0.017709   35.853001   7.859524
   0    7    2.747726   0.079006   26.395146  30.796906
   0    8    2.636267   0.018497    1.063228  24.353964
   0    9    2.532477   0.012981   34.935432  31.210762
   0   10    2.498128   0.001380   36.912581  23.517287
   0   11    2.354210   0.028591   23.024614  29.938997
   0   12    2.226083   0.077718   22.753469   7.616656
   0   13    2.120202   0.082387   19.376072  29.448231
   0   14    2.064583   0.049969   19.669709  17.909483
   0   15    1.992207   0.056861   25.163029   2.060319
   0   16    1.824842   0.039039   35.873372  15.256354
   0   17    1.764122   0.055290   18.184190   1.344637
   0   18    1.617821   0.053085    1.848995  23.839612
   0   19    1.518625   0.093992    8.349612  25.945250
   0   20    1.478075   0.068596   35.900658  32.632371
   0   21    1.393023   0.041956   17.818098   5.741643
   0   22    1.280535   0.056761   23.921508  38.833060
   0   23    1.189882   0.090336    2.906488  32.937015
   0   24    1.068565   0.015997   11.619377   3.300882
   0   25    0.970292   0.082429   29.930255  29.613431
   0   26    0.874844   0.064931   33.096205  10.097917
   0   27    0.766721   0.098555   23.423899  28.488470
   0   28    0.626669   0.009248   16.593018  20.563881
   0   29    0.548410   0.069616    2.728697  25.053279
   0   30    0.484206   0.020488   36.376309   6.919886
   0   31    0.365154   0.088155   31.724406  16.967291
   0   32    0.264036   0.055240   19.155705  21.217849
   0   33    0.185010   0.096381    6.520595  20.530164
   0   34    0.051016   0.099114   24.086874  22.522517
   1    0    3.428160   0.156874   17.212360  24.246798
   1    1    3.399047   0.141473   37.327699   8.533373
   1    2    3.282604   0.153601   22.344187   5.946628
   1    3    3.165748   0.174088   15.279787  17.424026
   1    4    3.067731   0.128386    8.514867  22.613676
   1    5    2.917379   0.159747   35.061468   1.496974
   1    6    2.889108   0.131122   32.595343  21.029169
   1    7    2.778511   0.135273   26.422471  26.321952
   1    8    2.601882   0.150766   40.320512  12.523847
   1    9    2.586012   0.197502   26.224574  37.346399
   1   10    2.471247   0.198595    2.555007   6.582396
   1   11    2.338859   0.170489   14.776521  40.536880
   1   12    2.286245   0.135165   29.322084   5.737729
   1   13    2.114064   0.167519    2.725630   4.430605
   1   14    2.047974   0.168114   31.723774  28.138209
   1   15    1.944737   0.142475   17.872534  28.046516
   1   16    1.814833   0.199165    3.169557  24.366141
   1   17    1.728806   0.171692   33.189567  12.425716
   1   18    1.645995   0.165638    3.869834  11.531247
   1   19    1.556404   0.119634   40.487386  23.141329
   1   20    1.439608   0.104246   16.339573  40.358104
   1   21    1.310209   0.119557    8.588469  16.938180
   1   22    1.214524   0.163129   34.696553  19.931850
   1   23    1.106202   0.143783   10.530188  27.733031
   1   24    1.033442   0.101836   16.827680  29.961787
   1   25    0.902401   0.147299    1.234230  25.526376
   1   26    0.811359   0.148366   26.035936  31.867801
   1   27    0.710026   0.143086   15.243198  36.347141
   1   28    0.696097   0.127384   17.569573   7.689849
   1   29    0.595371   0.107928   13.539273  22.171945
   1   30    0.447412   0.134398    5.474211  29.766076
   1   31    0.361360   0.123400   39.123912  26.830875
   1   32    0.277823   0.106920   16.497594  34.320417
   1   33    0.145292   0.128331   22.951580  37.232059
   1   34    0.051779   0.135569   20.315794  18.545875
   2    0    3.463732   0.296213   34.974606   8.807621
   2    1    3.370181   0.265543   39.138725   3.464970
   2    2    3.276823   0.253905   39.470302  39.903913
   2    3    3.194476   0.262088    4.791888   3.794160
   2    4    3.032447   0.226392    9.485560  31.909251
   2    5    2.988719   0.252306    7.660345  21.234360
   2    6    2.885750   0.226473   22.148172  20.232664
   2    7    2.778941   0.210086    9.419954   9.054978
   2    8    2.671470   0.207944   14.758233  25.817506
   2    9    2.547078   0.220932   30.269989   3.534231
   2   10    2.435310   0.266183   30.986991  37.694079
   2   11    2.391415   0.249112   31.420316  21.763785
   2   12    2.206295   0.200984   27.174623  34.145720
   2   13    2.197175   0.230834   34.875356   5.521081
   2   14    2.014584   0.253099   40.632433  23.383145
   2   15    1.969316   0.234030   15.096143   7.358056
   2   16    1.828688   0.288117   25.019071  14.192122
   2   17    1.785042   0.257872   40.910826   7.750217
   2   18    1.602293   0.229179   12.274405  12.839880
   2   19    1.525702   0.293260    1.083057  21.095407
   2   20    1.484135   0.233445   26.258753  24.595972
   2   21    1.346947   0.229321   13.236729  13.546859
   2   22    1.254372   0.266355   30.159241  16.543603
   2   23    1.141947   0.270327   13.374629  17.110485
   2   24    1.007879   0.252390   17.889121  32.927779
   2   25    0.945397   0.222485   12.017616   2.131635
   2   26    0.808676   0.271404   39.119943  25.106912
   2   27    0.715732   0.220661    3.029989   4.241883
   2   28    0.690385   0.225541   38.250526  25.244851
   2   29    0.519645   0.291420    2.485789  12.031719
   2   30    0.475178   0.223324    9.530756  16.200618
   2   31    0.326458   0.290602   17.469832   8.160317
   2   32    0.228108   0.214736    3.722288  29.643426
   2   33    0.100291   0.211219   18.496332  39.308872
   2   34    0.055018   0.263915    6.092294  40.240889
   3    0    3.455202   0.330576   14.267040  29.329332
   3    1    3.390416   0.364568    1.200459  35.838635
   3    2    3.212611   0.354305   23.779890   5.135615
   3    3    3.106761   0.387266    6.853498  31.869843
   3    4    3.071307   0.319376   28.338188  36.329770
   3    5    2.908524   0.397524   17.765522   2.803548
   3    6    2.868196   0.338196   24.799467  17.250806
   3    7    2.753229   0.398851    8.876644   4.260858
   3    8    2.672731   0.301517   11.442179   4.079259
   3    9    2.567311   0.335970    8.946283  36.498554
   3   10    2.419534   0.309183   39.117458  39.825859
   3   11    2.397258   0.339941    6.951681  13.279835
   3   12    2.242265   0.364605   32.892256  16.477977
   3   13    2.155860   0.309164   16.986210  29.722317
   3   14    2.027133   0.351388   13.179206  16.272856
   3   15    1.989751   0.398035    1.766127   8.533663
   3   16    1.856708   0.308691   20.387647  23.011924
   3   17    1.707602   0.328525   20.518455  26.115572
   3   18    1.663792   0.335638   33.419293  19.525806
   3   19    1.568364   0.349003    3.936787  18.337150
   3   20    1.461139   0.384537   29.871083   8.844978
   3   21    1.335908   0.339339    7.055821  20.348995
   3   22    1.255639   0.347626   24.596850  14.326295
   3   23    1.160222   0.301665   10.309533   5.629654
   3   24    1.095373   0.302778    3.318450  27.930958
   3   25    0.945994   0.382119    9.701926  36.526410
   3   26    0.834535   0.359798   19.266114  26.044784
   3   27    0.716981   0.340481   18.933402  21.872676
   3   28    0.634719   0.340902   23.366814  38.676964
   3   29    0.578994   0.321816   19.489797  16.834580
   3   30    0.451462   0.336429   12.288490  40.568800
   3   31    0.325628   0.387082   39.115262  15.959654
   3   32    0.282145   0.300032    3.687086  11.689234
   3   33    0.119072   0.328089   14.754165  22.470821
   3   34    0.075500   0.386333   24.292364   9.789274
   4    0    3.413365   0.426328   22.961293  25.169222
   4    1    3.323967   0.488431    4.007552  29.132770
   4    2    3.269419   0.414829   38.943695  18.879710
   4    3    3.177998   0.402669    7.986929  27.216265
   4    4    3.039933   0.467605   14.811532   5.193169
   4    5    2.936167   0.433715    8.694541  25.235986
   4    6    2.877996   0.472150   28.279416   7.330115
   4    7    2.776563   0.454283    1.236253  28.255344
   4    8    2.645748   0.437058   24.973739   6.270359
   4    9    2.503439   0.450699   17.796471  27.471623
   4   10    2.468898   0.449043   20.665580  34.863813
   4   11    2.388454   0.418059   20.799860  19.675854
   4   12    2.299197   0.421463   24.162828  12.457854
   4   13    2.188099   0.416853   29.457519   7.945181
   4   14    2.010173   0.469899   27.259226  24.646936
   4   15    1.918019   0.466709   40.646060  12.802331
   4   16    1.861454   0.409454   25.052110  11.070501
   4   17    1.760936   0.432299   22.607177  24.522131
   4   18    1.623980   0.493102   18.104670  18.755504
   4   19    1.577751   0.451473    8.744286   4.960308
   4   20    1.462184   0.400786   27.342612  29.320220
   4   21    1.381140   0.466325   18.831931  21.225133
   4   22    1.219923   0.444897    3.239205  35.426286
   4   23    1.117604   0.444176   26.242681   3.707771
   4   24    1.054487   0.479358   12.756700   5.186251
   4   25    0.987397   0.417345   32.335320  27.432532
   4   26    0.807447   0.486742   40.676224  32.804241
   4   27    0.712157   0.428091   22.937194  18.383503
   4   28    0.692441   0.470687   26.362278   9.547606
   4   29    0.537281   0.438280    6.892629  25.409374
   4   30    0.418122   0.499327   12.672048   1.217800
   4   31    0.330245   0.452066   32.938426  33.503580
   4   32    0.249612   0.429537   30.633801  26.608983
   4   33    0.107023   0.404299    8.706454   5.702185
   4   34    0.043706   0.491496   21.682688  16.013219
   5    0    3.486662   0.587372   24.442482  28.537255
   5    1    3.371876   0.528417   28.656353  29.651383
   5    2    3.238801   0.524878   34.069398  19.928776
   5    3    3.170830   0.567235   27.416801  12.979273
   5    4    3.050550   0.551712    7.512073  38.593488
   5    5    2.932924   0.542629    2.879041  19.138683
   5    6    2.897632   0.527132   40.740149  10.494314
   5    7    2.768158   0.508968   36.391087  18.393526
   5    8    2.660078   0.589859   33.774129  20.549376
   5    9    2.535808   0.552598   25.823957  20.211421
   5   10    2.474990   0.562366   21.939183   6.764915
   5   11    2.356908   0.560340    5.394378  15.721437
   5   12    2.268027   0.525366   31.940160  19.151719
   5   13    2.178885   0.509163   29.156958   6.599034
   5   14    2.051256   0.512809   31.870351   7.230005
   5   15    1.970556   0.516691   30.266667  40.999542
   5   16    1.817880   0.522807   33.055622  17.622986
   5   17    1.779512   0.532540    7.526506   7.981804
   5   18    1.604108   0.500474    1.674585  37.184697
   5   19    1.584616   0.556438    1.399329  28.933979
   5   20    1.425041   0.524996   29.384540  27.302924
   5   21    1.323867   0.540666    3.576833  27.833759
   5   22    1.224963   0.525101   34.721996   1.463446
   5   23    1.172342   0.571555   37.362787  21.745585
   5   24    1.012777   0.554644   40.835629  20.857062
   5   25    0.986239   0.527621   30.541665   8.777787
   5   26    0.880580   0.583143   40.148591   1.756218
   5   27    0.717196   0.580363   18.067860   2.792827
   5   28    0.627504   0.594904   12.836176   3.583360
   5   29    0.536160   0.537835   18.824769  12.484201
   5   30    0.431925   0.544730   13.543871  38.038427
   5   31    0.387978   0.530823   28.867064  27.003818
   5   32    0.233022   0.588255   19.559920   7.348250
   5   33    0.126726   0.506768    2.973557  31.144014
   5   34    0.097426   0.590585    3.695562  23.645894
   6    0    3.457437   0.627547   17.002096  10.148665
   6    1    3.358302   0.618182   16.415190   1.683325
   6    2    3.232478   0.663801   15.452021  17.548170
   6    3    3.122707   0.635836   14.297720  13.526077
   6    4    3.020252   0.640719   11.803763  28.983395
   6    5    2.948453   0.663100   35.699544   6.573919
   6    6    2.880192   0.617994    3.619216  10.803980
   6    7    2.793924   0.692666   19.528470  35.196820
   6    8    2.641228   0.680142   30.050602  34.296716
   6    9    2.543450   0.636985    9.327163  21.470837
   6   10    2.490944   0.672461   16.319578   4.720023
   6   11    2.306802   0.648780    2.403614   1.943864
   6   12    2.239571   0.642596   37.892440   8.890862
   6   13    2.184267   0.656154   12.535252  35.056470
   6   14    2.026810   0.638026   36.491292  15.890742
   6   15    1.978502   0.663616   14.812384  37.788394
   6   16    1.890097   0.665731   30.745149  12.527764
   6   17    1.720988   0.696646   12.475687  30.296567
   6   18    1.610555   0.641892    6.198989  18.512007
   6   19    1.564393   0.609268   28.141556  33.755836
   6   20    1.497242   0.646680   22.562836   5.871810
   6   21    1.372535   0.631679   15.598172  29.308890
   6   22    1.261674   0.652008   40.497004  22.958882
   6   23    1.116878   0.608072   33.394207  24.977189
   6   24    1.072727   0.608609   25.893732  35.460430
   6   25    0.962608   0.663602   37.731155  32.580021
   6   26    0.867142   0.662845   36.529448  25.156845
   6   27    0.798351   0.643805   19.709343  28.154117
   6   28    0.622733   0.623396   34.126018  11.733772
   6   29    0.531443   0.689826   10.766731  37.061560
   6   30    0.480241   0.613282   14.273352   3.777723
   6   31    0.335419   0.648447   30.188661  28.919065
   6   32    0.225461   0.623649   27.329840   2.154698
   6   33    0.198016   0.667165   29.855818   7.676970
   6   34    0.015804   0.632311   15.331121  32.291574
   7    0    3.476474   0.791477   23.936681  18.621647
   7    1    3.354917   0.762269   33.101772  11.450374
   7    2    3.222275   0.764057   35.019827   6.770313
   7    3    3.185264   0.733247   36.178563  22.905788
   7    4    3.089747   0.723625    3.220523  30.072545
   7    5    2.981795   0.702743    3.817968  31.006687
   7    6    2.892032   0.715108   31.085083  16.028133
   7    7    2.789834   0.702173    2.274725  29.422633
   7    8    2.613945   0.752067   34.655542  11.776184
   7    9    2.557310   0.748404    1.702248  29.446739
   7   10    2.434121   0.717407   39.846258  35.405736
   7   11    2.365208   0.751294   39.439803   6.046516
   7   12    2.248570   0.748989    3.323113  30.183428
   7   13    2.160848   0.743818   33.115390   6.424682
   7   14    2.024414   0.733088   28.365055  13.589108
   7   15    1.946122   0.732930   28.907362   9.172200
   7   16    1.846045   0.720490   28.726778  19.495540
   7   17    1.767281   0.706545    3.471848   1.666132
   7   18    1.646332   0.787561   27.310393  14.523733
   7   19    1.594145   0.734825    2.457129  39.185223
   7   20    1.442752   0.787770    1.493031  28.550665
   7   21    1.364821   0.772437   34.190173   1.286407
   7   22    1.222430   0.777893   23.246346  34.541554
   7   23    1.107051   0.702502   24.034596   9.305781
   7   24    1.041081   0.757558   29.722980   4.324080
   7   25    0.929255   0.762710   33.083371  13.417864
   7   26    0.818698   0.730771   18.774094  14.617327
   7   27    0.703141   0.759343   14.263694  18.507314
   7   28    0.629617   0.783732   33.901139   1.573471
   7   29    0.535439   0.705970   19.595448  35.177548
   7   30    0.496154   0.774517   24.434115   2.285622
   7   31    0.348869   0.720113   24.258784  35.541048
   7   32    0.203559   0.747083   19.267594  38.160465
   7   33    0.161896   0.773407   36.290407   3.006441
   7   34    0.059367   0.714593   36.274893  27.749717
   8    0    3.473125   0.818624   35.142205  31.097749
   8    1    3.322488   0.805181    4.559803  25.579699
   8    2    3.219380   0.810355    7.999924  28.411530
   8    3    3.126500   0.827063   22.994371  28.713638
   8    4    3.086553   0.895249    9.673656   5.137927
   8    5    2.917592   0.889291   36.030276  14.226644
   8    6    2.809276   0.872426   40.035977  31.141966
   8    7    2.720494   0.809455   36.560415   8.468589
   8    8    2.699238   0.814971   12.397624   6.421754
   8    9    2.535458   0.850298    5.646375   2.935458
   8   10    2.492680   0.899420   16.874658  11.830545
   8   11    2.355993   0.853478   10.216523  21.765034
   8   12    2.205149   0.811700   24.715146  11.269935
   8   13    2.180537   0.880583    2.378507  12.318103
   8   14    2.026029   0.885208   12.717429  16.131786
   8   15    1.971630   0.829055   17.779049  33.001667
   8   16    1.876672   0.879534   11.286125  18.586784
   8   17    1.793397   0.863813   15.482931  11.435982
   8   18    1.694136   0.826801   35.336071  12.387824
   8   19    1.532270   0.894112   18.132174  21.262529
   8   20    1.487607   0.856676    4.168470   8.176766
   8   21    1.376868   0.829605   18.685456  17.335353
   8   22    1.246489   0.860798   34.607574  34.853397
   8   23    1.100838   0.869585   38.826879  36.733521
   8   24    1.057990   0.872722   21.100299  19.385736
   8   25    0.957193   0.814991   34.172258  16.977748
   8   26    0.817680   0.820426   37.145217  34.511162
   8   27    0.754317   0.844102    2.690176   3.029560
   8   28    0.689088   0.855001    4.331458  17.098136
   8   29    0.542287   0.859666   25.294087  11.096679
   8   30    0.487810   0.871368   38.432087   9.508591
   8   31    0.393550   0.897780   11.350847  29.963627
   8   32    0.231934   0.814687   16.410609  22.121410
   8   33    0.114227   0.886957   36.890089   9.511847
   8   34    0.013745   0.809581   13.863299  37.247698
   9    0    3.471440   0.959598   29.587924  11.288966
   9    1    3.307765   0.958384   19.334133  32.988861
   9    2    3.268065   0.947466   12.137523  17.432133
   9    3    3.137072   0.929322   20.103144  40.158855
   9    4    3.039157   0.937803    4.408187  11.945670
   9    5    2.973711   0.995881   13.463097  36.212227
   9    6    2.884085   0.927346    4.833590  22.278601
   9    7    2.749615   0.994556    8.163439   7.189934
   9    8    2.684975   0.987796   22.758907  39.342918
   9    9    2.502105   0.939777    2.614542  12.015204
   9   10    2.495618   0.948162   36.015656  40.558776
   9   11    2.372377   0.971984   19.609315   3.042028
   9   12    2.215329   0.906950    1.782094   3.208102
   9   13    2.116771   0.917701   21.733334  12.579186
   9   14    2.089500   0.910282   13.826095  14.323435
   9   15    1.978756   0.908865    7.298693  27.183016
   9   16    1.802721   0.970821   15.516505  38.534101
   9   17    1.704637   0.942796   33.550834  39.832456
   9   18    1.651321   0.956764   25.528012  36.737174
   9   19    1.567915   0.963854   12.061708  34.670195
   9   20    1.400071   0.950191   11.953647  16.155949
   9   21    1.396063   0.913206   30.636632  19.814082
   9   22    1.242531   0.959683   40.578096  36.293993
   9   23    1.169134   0.924049   36.726320  40.813256
   9   24    1.096123   0.973420    4.354042  35.488146
   9   25    0.982200   0.936235    9.249595  20.643778
   9   26    0.871552   0.955851   33.662855  19.209144
   9   27    0.733034   0.966451    8.896363   1.708838
   9   28    0.661523   0.923530   30.729986  23.953867
   9   29    0.512780   0.997914   11.394492  31.128963
   9   30    0.495975   0.983894   26.604475  19.518510
   9   31    0.340515   0.947050   33.888298  12.677910
   9   32    0.210174   0.984497   25.401078  17.637310
   9   33    0.192677   0.923648    1.490421  27.040287
   9   34    0.067973   0.999621   38.042558  36.416743
  10    0    3.435274   1.025727   29.232891  16.637240
  10    1    3.375476   1.076200   36.528734  27.690448
  10    2    3.270587   1.000675   34.057314  22.086850
  10    3    3.110019   1.071654   19.797993   8.365429
  10    4    3.060755   1.060176    2.148096  24.436199
  10    5    2.976062   1.042466   33.535967   7.025411
  10    6    2.888219   1.058014   18.826753  10.622395
  10    7    2.783044   1.084267   28.825203   3.502518
  10    8    2.657402   1.027066    1.389369  19.190134
  10    9    2.520641   1.081686   38.318669   1.823779
  10   10    2.433327   1.024625   39.683352  39.113694
  10   11    2.384115   1.099382   13.659024  15.884272
  10   12    2.251065   1.053626   24.883685   6.641589
  10   13    2.176549   1.034436    4.154646  22.394006
  10   14    2.014949   1.011476   33.842957  13.402397
  10   15    1.985771   1.054683    4.262455   7.090994
  10   16    1.838422   1.067859   14.553482   3.580599
  10   17    1.701638   1.067571   36.216653  17.908247
  10   18    1.654226   1.088217    7.673914  18.791591
  10   19    1.504101   1.099797   24.181546   2.727757
  10   20    1.450272   1.000609   39.736810   6.355316
  10   21    1.314080   1.019228   37.595690  29.549824
  10   22    1.259144   1.050169   15.567651  19.988307
  10   23    1.157692   1.097496   13.913661  23.351423
  10   24    1.048571   1.097650   20.609914  31.504218
  10   25    0.949729   1.094216   34.740799   6.602594
  10   26    0.826566   1.096330   18.264825  17.933246
  10   27    0.754548   1.041869   24.395371  39.355168
  10   28    0.688052   1.025034   33.018508  10.541157
  10   29    0.531630   1.024214    6.221611  20.013449
  10   30    0.489914   1.064106   27.043289  30.548948
  10   31    0.319091   1.070428   29.516221  29.341779
  10   32    0.248303   1.075873    6.123994  10.924473
  10   33    0.151282   1.032264    8.719903  17.959227
  10   34    0.005855   1.091455   30.174124  34.437684
  11    0    3.446350   1.172088   36.564635  31.516975
  11    1    3.317157   1.111779   34.270871  25.241460
  11    2    3.236287   1.165985    4.156404  37.949250
  11    3    3.148358   1.102166    8.051987  14.560289
  11    4    3.045455   1.117982   23.512193   7.633995
  11    5    2.981252   1.197154   14.481586  20.639396
  11    6    2.853965   1.188974    1.859109  39.994772
  11    7    2.753473   1.134962   33.406026  38.927215
  11    8    2.609537   1.167068    2.042537  29.020703
  11    9    2.554623   1.109536   10.985071  30.534418
  11   10    2.475567   1.144851   19.679345  15.376562
  11   11    2.333203   1.162140   22.997608   5.333033
  11   12    2.224153   1.123463   35.231159  24.220465
  11   13    2.151183   1.134204   38.185232  40.629472
  11   14    2.000683   1.133384   17.961839  35.541884
  11   15    1.951809   1.168442   37.211121  37.165645
  11   16    1.801332   1.147484    8.782318  17.778049
  11   17    1.781960   1.176242    3.475620  31.272595
  11   18    1.616461   1.163168   10.275044  35.662121
  11   19    1.532932   1.185868   33.944085  35.321453
  11   20    1.401366   1.147322    4.729332  39.701785
  11   21    1.332929   1.148277    1.306546  28.186785
  11   22    1.241242   1.170298    4.807966  17.382297
  11   23    1.140873   1.105129   33.202834  23.257738
  11   24    1.079440   1.103325   16.504503  15.133256
  11   25    0.954331   1.117075   39.910891  23.602698
  11   26    0.877222   1.117489   40.339743   5.293741
  11   27    0.754394   1.109447   18.810010  12.213486
  11   28    0.669233   1.101827   34.284920  33.755746
  11   29    0.567304   1.117216   12.094853  39.825425
  11   30    0.471753   1.113106   30.688234  21.661141
  11   31    0.326406   1.101399   33.630129   3.629933
  11   32    0.290567   1.180484   19.520387   8.472725
  11   33    0.168712   1.165042   11.499887  17.266607
  11   34    0.061883   1.114546   21.543859  33.935250
  12    0    3.497898   1.218520   14.719456  35.802062
  12    1    3.343247   1.212069   17.549737  22.887580
  12    2    3.290013   1.231076   25.742087  18.973130
  12    3    3.151764   1.205430   33.594938  39.582486
  12    4    3.009463   1.258350    4.806459  31.792304
  12    5    2.924179   1.278675   27.211769  37.115890
  12    6    2.841038   1.254136    7.835256  13.683648
  12    7    2.747508   1.261062   35.850792  22.762669
  12    8    2.628792   1.258647   26.509063  15.637700
  12    9    2.579878   1.213288   16.357065  31.461452
  12   10    2.444534   1.205317   17.303927  29.444194
  12   11    2.349133   1.241599    3.068842   7.386160
  12   12    2.287482   1.203455   35.694981  33.881771
  12   13    2.181492   1.210673    2.166939  37.487336
  12   14    2.042331   1.235073   12.392561  39.814119
  12   15    1.974180   1.277391   21.191966   1.081643
  12   16    1.895526   1.250742   20.391362   9.462340
  12   17    1.784427   1.234533    5.185762  36.013207
  12   18    1.628993   1.261584    4.777197  34.693613
  12   19    1.562631   1.235949   14.702356  34.605799
  12   20    1.476844   1.202298    1.650000   4.986566
  12   21    1.309700   1.272891   15.972916  31.570167
  12   22    1.243815   1.283612   18.185792  17.804063
  12   23    1.187725   1.284979   39.798133  31.226127
  12   24    1.044203   1.261605   22.774362  22.424434
  12   25    0.959124   1.218648    3.280628  22.844363
  12   26    0.827020   1.226064   22.333501   2.852487
  12   27    0.772283   1.290955   17.298960  10.608157
  12   28    0.606909   1.250384   23.314683  36.251948
  12   29    0.551432   1.277275    2.663932  38.640623
  12   30    0.421017   1.251444   23.579144  10.411299
  12   31    0.385163   1.217664   29.186917  21.738311
  12   32    0.279604   1.279514   24.237376   7.075285
  12   33    0.141452   1.228583   14.429012  18.897353
  12   34    0.072588   1.295417   23.709122  37.544668
  13    0    3.467435   1.314191   32.688875   9.413658
  13    1    3.335545   1.395032   20.675009  32.767158
  13    2    3.259445   1.394536    9.826171  10.283956
  13    3    3.166847   1.309669    8.255023  22.212692
  13    4    3.012903   1.306793   15.806619  28.829808
  13    5    2.922713   1.344914   28.663100   4.146630
  13    6    2.882707   1.390042   34.393678  35.912023
  13    7    2.798842   1.320287   15.751162  34.484667
  13    8    2.602570   1.334113   28.200990  32.798209
  13    9    2.536130   1.337343   22.269976  22.233640
  13   10    2.426557   1.358703    7.358752   8.691541
  13   11    2.363664   1.334842   29.338322  16.592681
  13   12    2.267666   1.390182   11.336261  26.124082
  13   13    2.114712   1.386166   27.525948   4.109484
  13   14    2.016801   1.320446   26.001912  27.863372
  13   15    1.920902   1.356393    2.119931   3.856794
  13   16    1.830843   1.364678    1.791034  31.676253
  13   17    1.706052   1.364243    9.558055  34.414501
  13   18    1.680807   1.383011   33.890968   8.239251
  13   19    1.564331   1.387605   17.676933   8.513051
  13   20    1.450144   1.394882   11.641884   2.680130
  13   21    1.317468   1.310388   39.336625  29.514222
  13   22    1.269281   1.394238    1.890884   1.680551
  13   23    1.102664   1.333195   37.147597  38.475569
  13   24    1.065361   1.368784   19.826002  25.765074
  13   25    0.946683   1.360612   36.439897  11.365221
  13   26    0.895854   1.337111   20.855772  20.347073
  13   27    0.732252   1.333893   14.278520  13.063966
  13   28    0.621391   1.343800   38.389103   9.297414
  13   29    0.560502   1.399366   34.242965  18.111922
  13   30    0.456604   1.394507   34.909263  21.247101
  13   31    0.357573   1.390141    9.853073  27.727365
  13   32    0.218191   1.370544   27.524826  21.530358
  13   33    0.164838   1.351485    3.937286   8.445620
  13   34    0.066606   1.335611   34.219511   1.619979
  14    0    3.490385   1.458716   26.903532  29.796235
  14    1    3.311955   1.436122    3.311899  13.102045
  14    2    3.284445   1.460546    3.787004   6.756950
  14    3    3.125630   1.400941   16.175073   4.682454
  14    4    3.033387   1.430491   18.113160  17.293310
  14    5    2.967108   1.466380   12.055300  28.412996
  14    6    2.845727   1.424331   30.028344  26.113070
  14    7    2.700089   1.487944   33.867917   5.270044
  14    8    2.629257   1.422527    6.814472   2.834844
  14    9    2.533739   1.451584   15.137673  20.414209
  14   10    2.430974   1.483106   35.818315  36.090798
  14   11    2.383355   1.464112   20.789809  14.904671
  14   12    2.230926   1.442717   32.989943  34.653442
  14   13    2.100073   1.484958   18.287253  33.337143
  14   14    2.047383   1.481416   34.638988  12.496956
  14   15    1.971544   1.459569   10.648337  35.819815
  14   16    1.823944   1.410159    5.681415  16.773730
  14   17    1.744596   1.428561   29.168540   7.896855
  14   18    1.629235   1.449102   14.563585  36.007172
  14   19    1.566883   1.416088   21.208796  23.474439
  14   20    1.406800   1.439487   33.214431  40.372103
  14   21    1.387444   1.445935   37.201976  33.499524
  14   22    1.266574   1.472238   39.790635  16.754391
  14   23    1.195768   1.494489    1.068224  27.086932
  14   24    1.010051   1.422345   12.643775  28.351804
  14   25    0.915659   1.465987   19.518882   1.985623
  14   26    0.828753   1.449695    5.852447  31.898333
  14   27    0.703625   1.467368    8.267800   7.720318
  14   28    0.610127   1.464217   29.826447  25.164591
  14   29    0.531929   1.467552   26.957892  27.439987
  14   30    0.426209   1.456039    4.904154  33.207177
  14   31    0.363677   1.449112   39.649875   3.449994
  14   32    0.268665   1.459815   11.528325  33.910228
  14   33    0.151412   1.499101   14.009146   6.600024
  14   34    0.028819   1.456455   27.499560  11.682680
  15    0    3.411734   1.540154   19.865889   1.145228
  15    1    3.303233   1.515215   40.970777  32.745065
  15    2    3.246266   1.573036    6.612482  24.393318
  15    3    3.134212   1.544407   17.260074  36.260020
  15    4    3.094110   1.587425   28.941409   4.395682
  15    5    2.970302   1.549973   38.223459  12.630943
  15    6    2.812483   1.599025   11.715890  39.135879
  15    7    2.754370   1.597743   24.842938  33.613589
  15    8    2.690779   1.587944   17.304548  37.114200
  15    9    2.516335   1.537389   36.849557   8.455689
  15   10    2.408640   1.545847    2.500458  11.922288
  15   11    2.363902   1.573937   17.615039  26.099991
  15   12    2.250874   1.587510   27.184013  32.347123
  15   13    2.127830   1.566150   18.209717  25.556438
  15   14    2.091181   1.546168    3.178085  14.738990
  15   15    1.928344   1.590174   31.438529  34.869504
  15   16    1.852649   1.551453   29.283036   5.823366
  15   17    1.786210   1.531543   34.830919  13.677037
  15   18    1.645832   1.583743   27.268187  21.831968
  15   19    1.505834   1.558989   40.974512  25.177241
  15   20    1.475005   1.509376   13.635423   3.773516
  15   21    1.308382   1.589435    4.246545  10.390782
  15   22    1.289765   1.527455   33.259663  18.860081
  15   23    1.190532   1.575152   14.911050  40.925273
  15   24    1.042691   1.500869   23.549999   4.550205
  15   25    0.928852   1.531246    4.713882  26.019740
  15   26    0.894111   1.501676   31.564365  34.365279
  15   27    0.741143   1.574511   32.521731   5.466960
  15   28    0.682286   1.574127   31.549661   3.580994
  15   29    0.554248   1.563085   34.215320  12.081896
  15   30    0.451446   1.507390    6.668315  28.090975
  15   31    0.312900   1.510489   27.961060  35.704735
  15   32    0.201086   1.514432    6.211331   1.185036
  15   33    0.196103   1.597284    4.149493  25.297389
  15   34    0.087845   1.533520    8.386939  20.679803
  16    0    3.486364   1.618947   18.702911   6.512596
  16    1    3.375981   1.604457    8.813021  22.784749
  16    2    3.262762   1.689512   29.118610  29.185078
  16    3    3.194124   1.622944   16.130541  19.282026
  16    4    3.061407   1.667101    4.528296  32.514558
  16    5    2.914457   1.643338    8.694287  31.043765
  16    6    2.866279   1.679682    4.218224  25.280686
  16    7    2.725865   1.682616   30.086287  23.605837
  16    8    2.659734   1.607220   13.468704  24.250311
  16    9    2.524812   1.676470   36.236308  39.462397
  16   10    2.475156   1.619851   31.235698  16.007782
  16   11    2.396859   1.652271   13.222946   6.940803
  16   12    2.254300   1.680778   21.111252   5.759329
  16   13    2.107710   1.612981   22.367842  26.961874
  16   14    2.018778   1.697314   25.163610  31.232840
  16   15    1.965546   1.671159   38.024632  16.685703
  16   16    1.818987   1.643795   39.671902  10.614698
  16   17    1.756170   1.632832    3.503320  22.988598
  16   18    1.624419   1.686102    2.434347  20.535637
  16   19    1.589081   1.607254    1.859795  28.912017
  16   20    1.466897   1.609039    3.243004  23.437890
  16   21    1.326112   1.610509   20.819303  22.669670
  16   22    1.242666   1.685082    2.282145  23.226222
  16   23    1.194633   1.638404    4.891725   1.494299
  16   24    1.020624   1.625819    5.621390   3.925746
  16   25    0.914558   1.607244   12.775588   1.550929
  16   26    0.892123   1.625856    2.638816  38.139729
  16   27    0.792522   1.699872   14.436804  20.338707
  16   28    0.632855   1.643056   17.123298  40.420925
  16   29    0.557604   1.608726    9.787172  29.448776
  16   30    0.429256   1.658682    1.969421  25.240263
  16   31    0.330801   1.637705    9.676763   3.240913
  16   32    0.250674   1.626339   16.792353  10.057047
  16   33    0.135270   1.610257   29.953362  12.946997
  16   34    0.024240   1.649591    8.454130   1.065123
  17    0    3.465901   1.732410   10.631195  35.904671
  17    1    3.391917   1.724669    6.406873  12.509802
  17    2    3.245343   1.776305    4.750254   6.069877
  17    3    3.198664   1.746938    7.922525  40.040606
  17    4    3.098943   1.782374    5.296566  24.652272
  17    5    2.976938   1.707598   22.692733  14.385262
  17    6    2.883306   1.726399   33.592844  38.662813
  17    7    2.755950   1.700552   31.946597   3.700639
  17    8    2.602324   1.761480   38.857991  40.358145
  17    9    2.534152   1.718463   34.148048  31.276655
  17   10    2.440487   1.724337   36.173021  22.011714
  17   11    2.310357   1.741724   17.498679  29.839503
  17   12    2.236196   1.790381   18.880000  18.136855
  17   13    2.172712   1.714411   18.885929  24.520836
  17   14    2.007515   1.772639    1.479680  21.232409
  17   15    1.995419   1.757209   39.580575  23.629876
  17   16    1.829433   1.785881   40.382568   7.316739
  17   17    1.790671   1.788938    9.901544  19.685727
  17   18    1.645206   1.739212    2.407224  33.961327
  17   19    1.507678   1.715460   28.230130   2.737470
  17   20    1.474707   1.777872    4.708648  16.230445
  17   21    1.362004   1.797618   24.169757   3.819956
  17   22    1.259980   1.768180   34.858689  24.878705
  17   23    1.116576   1.728291   11.311490  38.463491
  17   24    1.062281   1.708287   36.089451  26.353612
  17   25    0.920833   1.732749    1.979572   8.495955
  17   26    0.895930   1.751820   30.249750  15.595550
  17   27    0.746360   1.756180   14.495300  24.946185
  17   28    0.652122   1.751517    9.813739  40.322940
  17   29    0.536227   1.717611   12.911653  35.677768
  17   30    0.430633   1.765577   40.319856  39.435635
  17   31    0.310864   1.790398   39.835103  38.452719
  17   32    0.258947   1.720754   35.907364  38.364912
  17   33    0.145931   1.716026   34.865156  13.444810
  17   34    0.036837   1.793086    3.156740  20.643755
  18    0    3.457022   1.870191   34.346171  18.792638
  18    1    3.399817   1.849691   32.229317   7.666406
  18    2    3.292380   1.877950   22.540127  18.602839
  18    3    3.147107   1.893182   29.340566   7.551508
  18    4    3.047978   1.818194    9.993029  34.884156
  18    5    2.928878   1.864066   10.890529  19.218451
  18    6    2.879368   1.866771   31.781719  13.213382
  18    7    2.733566   1.885828   37.113944  39.231845
  18    8    2.691649   1.802299    6.491930   6.504532
  18    9    2.558865   1.882474   31.901670  16.664383
  18   10    2.442715   1.839042   16.192471  32.072869
  18   11    2.389817   1.858922   15.484087  15.173634
  18   12    2.295595   1.857173   38.334503   4.255775
  18   13    2.143976   1.810906   27.956215  31.683639
  18   14    2.003312   1.872334    2.418910   8.172722
  18   15    1.977171   1.822948    4.163335  27.507500
  18   16    1.804064   1.823620   17.438864  19.776933
  18   17    1.773730   1.820490   34.254998  30.442447
  18   18    1.645882   1.861915   40.518712  33.171653
  18   19    1.572284   1.865400    9.254314  25.314186
  18   20    1.448073   1.889010   12.834398  28.234211
  18   21    1.302408   1.822849    7.278535   5.642666
  18   22    1.241837   1.831970   15.814685  19.911423
  18   23    1.128309   1.881952    3.585971  10.546672
  18   24    1.014370   1.836961   18.786500  15.120172
  18   25    0.913700   1.882567   26.413341  18.700011
  18   26    0.809568   1.832052   18.641815  24.007298
  18   27    0.736686   1.886324   10.606746  15.097327
  18   28    0.614151   1.839485   12.767493   9.393277
  18   29    0.595157   1.831189    2.338500  26.582933
  18   30    0.480552   1.814470   18.393635  11.544468
  18   31    0.351657   1.825788   40.741106  38.541324
  18   32    0.207388   1.849793   14.679999  14.988994
  18   33    0.172058   1.872224   26.078750  17.843384
  18   34    0.014611   1.813321   38.274145  29.911679
  19    0    3.414644   1.954273   19.115729  16.087574
  19    1    3.313621   1.978984   28.738991  22.733748
  19    2    3.225309   1.991596   22.630309  32.370734
  19    3    3.182706   1.970870   37.161569  28.803308
  19    4    3.090569   1.940028   13.561550  16.268431
  19    5    2.915078   1.964786   39.418797  14.692956
  19    6    2.892977   1.912995   23.065714   9.400079
  19    7    2.710603   1.981969   34.990163  28.421159
  19    8    2.603250   1.909780    1.797942  37.899417
  19    9    2.532990   1.965586    2.871285   2.984381
  19   10    2.430067   1.962595   19.023908  18.306189
  19   11    2.351788   1.952241   28.056344  21.907206
  19   12    2.231967   1.956363   26.705281  25.840218
  19   13    2.132939   1.937931   25.221498  35.088083
  19   14    2.076161   1.932569   13.491833  36.714365
  19   15    1.932979   1.990702   10.655389   9.038549
  19   16    1.806318   1.961746   38.592129  15.088192
  19   17    1.790127   1.980716    9.146976  27.684191
  19   18    1.655509   1.957877   11.783779  10.459423
  19   19    1.590602   1.982556   29.454943   8.215823
  19   20    1.411463   1.912436   13.363307   2.735659
  19   21    1.320397   1.954245   20.147019  21.049763
  19   22    1.209211   1.945767   26.624737  19.924081
  19   23    1.191586   1.912840    7.011602  23.776319
  19   24    1.090879   1.909189   25.495088  37.322196
  19   25    0.957891   1.907391   33.908143  16.045978
  19   26    0.834068   1.922439   21.243998  27.287997
  19   27    0.706833   1.936637   40.836805  35.663055
  19   28    0.608718   1.998000    4.723777  25.113217
  19   29    0.535179   1.971039   16.171978   5.726903
  19   30    0.477733   1.986345    4.385267   9.218685
  19   31    0.380738   1.916554   14.418297   8.481063
  19   32    0.208903   1.974311   35.353910   2.836059
  19   33    0.196745   1.901028   16.511857  23.601102
  19   34    0.014762   1.982547   21.139526   9.535593
  20    0    3.415094   2.073173    6.603407   6.972123
  20    1    3.383035   2.037401   27.092343  36.404844
  20    2    3.251666   2.078780    7.424342  40.577321
  20    3    3.103174   2.037623   33.506896  16.378565
  20    4    3.060761   2.019172   35.750391  34.939213
  20    5    2.934261   2.096901   36.314460  35.165360
  20    6    2.846356   2.002843   10.141951  32.625508
  20    7    2.796142   2.019534   14.593763  18.411947
  20    8    2.685456   2.072825    5.054094  24.651908
  20    9    2.599183   2.058397    6.668768  21.191216
  20   10    2.413237   2.029521   18.573315  31.184407
  20   11    2.358397   2.011944   30.351399   4.595595
  20   12    2.261009   2.071576    5.452176  13.763997
  20   13    2.164922   2.040063   27.926117   3.162502
  20   14    2.026178   2.045822    2.777037  18.347000
  20   15    1.911988   2.017419   12.762345   2.054022
  20   16    1.888467   2.031404   22.518157  36.774543
  20   17    1.793464   2.097294   21.979794  14.358236
  20   18    1.668592   2.082912    3.375483  18.855014
  20   19    1.510985   2.028963   18.380785  16.574941
  20   20    1.454380   2.022666   23.747525  28.063660
  20   21    1.340375   2.057270   14.902758   4.293822
  20   22    1.295016   2.003273   18.314772  30.933771
  20   23    1.119733   2.034362   16.133192  30.268450
  20   24    1.086653   2.058131   12.643165   3.534246
  20   25    0.930005   2.090422    3.968245   3.534774
  20   26    0.842063   2.019792   33.377205   7.998614
  20   27    0.744287   2.042758   18.285462  20.918118
  20   28    0.653305   2.013908    6.006348  37.890919
  20   29    0.524297   2.070750   38.539999  31.217970
  20   30    0.419582   2.029951   37.852380  33.264172
  20   31    0.341617   2.047940   18.482810  17.555207
  20   32    0.222502   2.028967   20.839544   4.587412
  20   33    0.197288   2.001931   23.738394  24.811662
  20   34    0.087905   2.073354   36.773257  39.287696
  21    0    3.406195   2.167776   10.768668  16.787297
  21    1    3.377226   2.153958    7.267295  15.473678
  21    2    3.202447   2.111199    5.788674   1.645521
  21    3    3.102027   2.145767    1.123412  34.477741
  21    4    3.008587   2.124256   13.488835  34.412547
  21    5    2.952933   2.145033   33.881409  27.173949
  21    6    2.894916   2.137917   27.957574  31.741937
  21    7    2.778580   2.127893   27.421726   8.599417
  21    8    2.635647   2.153601   31.987138  16.850860
  21    9    2.541560   2.123367    1.916714  11.226997
  21   10    2.445803   2.168821   15.984577  11.479849
  21   11    2.316467   2.112074   28.090773  19.307480
  21   12    2.256922   2.160872   23.998836  26.923184
  21   13    2.180251   2.146096   14.663640  15.019865
  21   14    2.060611   2.196876    1.914037  37.622337
  21   15    1.977011   2.135128    4.015148  11.738503
  21   16    1.816883   2.158557   21.648036   8.510210
  21   17    1.718143   2.159358   18.523853  10.546293
  21   18    1.688922   2.105697    5.234447  31.239240
  21   19    1.504479   2.150526   40.695982  13.193377
  21   20    1.427593   2.153573   13.955361   4.621721
  21   21    1.329587   2.129146   22.115217  38.021108
  21   22    1.287448   2.106492   20.231067  31.056042
  21   23    1.142837   2.198105   19.407904  34.941398
  21   24    1.011414   2.172134    3.762121  33.407824
  21   25    0.917160   2.170688    9.832317   1.381816
  21   26    0.873545   2.179482    8.458203  25.760270
  21   27    0.779600   2.154524    4.764692  23.177182
  21   28    0.618364   2.136959   22.977238  36.643337
  21   29    0.522817   2.122036   36.268797   2.708655
  21   30    0.481321   2.196742    5.237341   4.796673
  21   31    0.322639   2.172676   40.099863  11.161666
  21   32    0.217742   2.136243   20.053176   5.216561
  21   33    0.140562   2.132584   37.907771  32.594352
  21   34    0.007426   2.128428   19.087432  37.182415
  22    0    3.490793   2.243232   12.068459  34.578435
  22    1    3.338619   2.248867   23.597124  36.153711
  22    2    3.298972   2.262213   28.486544   3.494843
  22    3    3.108647   2.259336   12.993539  37.873533
  22    4    3.074159   2.236558   15.876271  22.136640
  22    5    2.908809   2.215298   36.023680   5.710220
  22    6    2.856964   2.211760   34.441900   3.092190
  22    7    2.788410   2.267741   26.420124  11.213925
  22    8    2.694909   2.208174   22.542758   3.451739
  22    9    2.516931   2.268613    1.155299  33.060211
  22   10    2.431129   2.230524   16.842211  14.700966
  22   11    2.384304   2.243487   26.975208  10.998100
  22   12    2.274498   2.275972   19.603899  26.235324
  22   13    2.197173   2.265130   39.676731  39.115344
  22   14    2.048029   2.271507   36.212608   1.749336
  22   15    1.943730   2.247259   10.631660  26.678945
  22   16    1.888126   2.202409    6.661251  24.825284
  22   17    1.711357   2.279072   36.349722  35.004321
  22   18    1.689785   2.290093    6.659469  23.366106
  22   19    1.549795   2.238007   39.411870  15.251774
  22   20    1.462302   2.239851   37.183431  12.087542
  22   21    1.377930   2.250729   32.894220  24.744278
  22   22    1.276337   2.206867   35.700476  18.104971
  22   23    1.134545   2.220464   35.442046  28.345879
  22   24    1.046381   2.222291   27.966305  16.720628
  22   25    0.972476   2.202580   10.442326  16.635325
  22   26    0.802721   2.280285   36.206486  22.837225
  22   27    0.791660   2.289724   40.282388  34.054869
  22   28    0.663929   2.211639   27.658107  37.994337
  22   29    0.599367   2.262806   15.471259   7.909478
  22   30    0.424734   2.259883   26.861468   3.844172
  22   31    0.375715   2.274815   18.439400   3.037013
  22   32    0.224775   2.231789    5.755758  19.953715
  22   33    0.109157   2.260669   33.121566  17.165238
  22   34    0.061340   2.215745   27.546758   7.140502
  23    0    3.450114   2.308240   13.966572  38.416860
  23    1    3.353604   2.348658   33.478619  17.119626
  23    2    3.211340   2.383194   21.806847   9.119064
  23    3    3.157174   2.364923   26.055883  25.059866
  23    4    3.020809   2.373421   39.059692  19.019381
  23    5    2.965970   2.379409   17.925940  13.717156
  23    6    2.807060   2.307623   13.021220   6.204987
  23    7    2.723506   2.340514   22.546192  26.133917
  23    8    2.667918   2.307011    3.553043  35.467872
  23    9    2.597556   2.339059   40.924250  28.463095
  23   10    2.441403   2.349071   30.250801  11.553626
  23   11    2.351035   2.374093    8.133565   5.296048
  23   12    2.262341   2.358026    4.222723  28.676887
  23   13    2.167573   2.357672    3.970937  26.943752
  23   14    2.049873   2.387869   30.895435  17.881841
  23   15    1.962847   2.387223   24.036430   1.441096
  23   16    1.829491   2.330748   22.803345  10.271431
  23   17    1.732139   2.326346   10.680268  13.614354
  23   18    1.648655   2.366011    5.106927  26.824286
  23   19    1.550928   2.312714   17.675352  39.372245
  23   20    1.497249   2.363340   11.624368  14.463675
  23   21    1.358495   2.355187    8.138108   5.451272
  23   22    1.293286   2.367193   15.450031  13.238099
  23   23    1.114560   2.391367   22.134434   3.166393
  23   24    1.040249   2.319160   35.772305  20.918450
  23   25    0.925938   2.351486   18.571569  39.288335
  23   26    0.805334   2.319866   11.292443  19.011999
  23   27    0.793986   2.314886   35.390786  17.989223
  23   28    0.607605   2.392681   30.685061  18.138744
  23   29    0.534301   2.351292   22.739858  14.868472
  23   30    0.441697   2.387784   21.830044  10.911014
  23   31    0.367688   2.310659   25.718314   7.391230
  23   32    0.296186   2.357015   24.084646  26.902482
  23   33    0.175864   2.362587    6.452568  25.641941
  23   34    0.056137   2.337475   21.653653  26.988113
