   0    0    2.570873   0.061636    4.313796  15.192958
   0    1    2.403475   0.080889    7.789144  32.256665
   0    2    2.316443   0.026166   20.027221  28.360305
   0    3    2.219401   0.064585   16.763636  11.582249
   0    4    2.161060   0.027723    4.901936   1.509898
   0    5    2.008473   0.011679   31.550402  30.324619
   0    6    1.945039   0.020045   11.103404  22.422675
   0    7    1.868458   0.056096   11.953632  35.492407
   0    8    1.741921   0.021373   36.440699  31.273904
   0    9    1.683282   0.004457   18.803899  34.858001
   0   10    1.580840   0.089777   21.876281  19.407145
   0   11    1.449987   0.095333   20.322775   3.796642
   0   12    1.352157   0.069501   13.300953  32.201441
   0   13    1.232462   0.069882   10.048166  38.536242
   0   14    1.101939   0.086246    6.237309  19.465533
   0   15    1.037327   0.000009   25.784459   5.130651
   0   16    0.949634   0.034667   21.549096  17.613292
   0   17    0.822069   0.005872   29.080665  17.414443
   0   18    0.739020   0.032345   40.897914   4.944796
   0   19    0.657153   0.095790    6.028786  37.392584
   0   20    0.555024   0.011014    2.602795   4.677851
   0   21    0.472335   0.078533    2.713712   7.963663
   0   22    0.308471   0.078092    1.722229  19.945028
   0   23    0.222762   0.030470   32.435009  40.570684
   0   24    0.107110   0.009361   32.592287  10.791626
   0   25    0.012706   0.048204    6.860018   9.318726
   1    0    2.594466   0.127109   17.718531   5.280275
   1    1    2.413885   0.181108    9.556749   8.294079
   1    2    2.348110   0.177131    3.833504  15.128193
   1    3    2.211331   0.117539   27.894126  30.264806
   1    4    2.185877   0.142682   34.095607  20.873447
   1    5    2.002633   0.193558    8.086195   2.637962
   1    6    1.932387   0.123831    4.819263  22.386864
   1    7    1.866120   0.103604   38.195958  10.494025
   1    8    1.748871   0.166588   25.790328  17.616551
   1    9    1.600191   0.118860   35.203578  26.714422
   1   10    1.526904   0.147786   25.134765  15.772308
   1   11    1.419472   0.160926   34.782757  35.663319
   1   12    1.391055   0.108903   12.872649  10.727512
   1   13    1.273865   0.135943   16.218134  39.580167
   1   14    1.146774   0.184819   21.703668  36.236380
   1   15    1.033798   0.107460   19.935646  35.784829
   1   16    0.948030   0.191992   39.234306  36.634822
   1   17    0.859099   0.175090   11.406824   7.992386
   1   18    0.744272   0.124596   32.770979  35.013406
   1   19    0.639929   0.130417   32.727076   6.480061
   1   20    0.598202   0.156879    5.967463   5.421277
   1   21    0.466057   0.181615   21.957069  19.544017
   1   22    0.344675   0.165332   36.029000  36.480178
   1   23    0.245532   0.173904   30.355392   2.629060
   1   24    0.186726   0.165211   20.839533  10.858038
   1   25    0.055399   0.184213   28.919720  11.709647
   2    0    2.597266   0.202552   17.292602  38.371901
   2    1    2.465638   0.235345   28.192790   3.945856
   2    2    2.314431   0.255001   15.270458  30.060282
   2    3    2.232838   0.257431   39.078548   1.333319
   2    4    2.184894   0.272632    6.130063   6.385354
   2    5    2.012392   0.222621   37.452890   2.011436
   2    6    1.922589   0.233380   30.218665  34.795678
   2    7    1.887110   0.292720    1.642480  29.089472
   2    8    1.710419   0.296796    4.855718  10.200499
   2    9    1.656138   0.248885   29.384200  28.295477
   2   10    1.579384   0.214530   22.381980  26.476950
   2   11    1.470951   0.217501   29.666841   3.448281
   2   12    1.353424   0.296297   27.290680  37.951808
   2   13    1.244938   0.267009    4.895703  12.698101
   2   14    1.148947   0.236026   12.119714  36.869773
   2   15    1.099690   0.226731   10.109850  38.676646
   2   16    0.965535   0.274469   33.697875  36.180537
   2   17    0.844649   0.270618   18.520818  12.142899
   2   18    0.798814   0.211779    4.502210  26.547242
   2   19    0.617083   0.216391   16.430620  11.406063
   2   20    0.547725   0.286359   38.297642  12.299211
   2   21    0.436660   0.213653   15.626001  38.752482
   2   22    0.376658   0.204784    4.894064  23.122185
   2   23    0.252974   0.233365   27.634907  30.298656
   2   24    0.127948   0.241642   35.770158   6.599570
   2   25    0.085386   0.225427   31.770219   7.137787
   3    0    2.562168   0.327877   20.477301  11.288552
   3    1    2.472416   0.381164   27.674877   3.342587
   3    2    2.332475   0.311523    3.150915  30.835214
   3    3    2.262661   0.323129   33.121550  10.332418
   3    4    2.174927   0.305704   29.120737  16.703131
   3    5    2.090846   0.345939    9.109106  17.308123
   3    6    1.919276   0.335324    3.525527  40.410210
   3    7    1.891100   0.348713    6.837164  23.903243
   3    8    1.794143   0.356107   27.001778  35.738861
   3    9    1.604925   0.332244   14.929103  13.895592
   3   10    1.516822   0.347465   27.930094  17.204909
   3   11    1.443570   0.382144   40.312940  27.768523
   3   12    1.321109   0.374126   36.386918  33.140957
   3   13    1.263656   0.322999    2.458577  17.106483
   3   14    1.186657   0.370544   21.863390  10.070212
   3   15    1.010863   0.307944   18.208951  25.254800
   3   16    0.990230   0.326824    4.977173  39.617136
   3   17    0.879397   0.303107    3.231709  16.368942
   3   18    0.703105   0.345206   32.817111  30.021550
   3   19    0.624686   0.336993   16.157082   8.923809
   3   20    0.509494   0.392138   18.224711  31.393164
   3   21    0.453356   0.311177   22.756681  19.948916
   3   22    0.318466   0.392522   25.230439  27.163814
   3   23    0.298078   0.310536   40.057032  12.700663
   3   24    0.186240   0.399951   16.026920   3.764983
   3   25    0.065200   0.308805   14.070702   3.178182
   4    0    2.557068   0.429564   39.275185  26.378505
   4    1    2.420360   0.438354    9.866936  39.834552
   4    2    2.369078   0.458609   15.204168  20.678683
   4    3    2.251379   0.481874   28.992799   6.030532
   4    4    2.156523   0.483901   19.877726  28.804324
   4    5    2.018731   0.448051   16.794873  26.223211
   4    6    1.911823   0.475053    9.167503  32.369542
   4    7    1.871770   0.413313   20.980604   4.577344
   4    8    1.749559   0.477686   12.384033  16.142480
   4    9    1.673616   0.447404   12.797500   8.632413
   4   10    1.540314   0.401805    6.182548  23.091405
   4   11    1.439255   0.491778   23.497392  30.853800
   4   12    1.354777   0.477076   31.273994   4.817956
   4   13    1.249876   0.426736   21.292065  37.341730
   4   14    1.177956   0.468986   37.635838  20.967643
   4   15    1.061846   0.445708   37.795632  25.667004
   4   16    0.919703   0.427656   38.331321  27.027973
   4   17    0.880995   0.453266    7.988049  22.747808
   4   18    0.760860   0.484577   17.709841  31.994947
   4   19    0.621955   0.417200   14.023287  38.877232
   4   20    0.534480   0.421587   36.675258   5.708922
   4   21    0.418345   0.434380   40.744687  35.456418
   4   22    0.348434   0.411132   25.872927  10.231201
   4   23    0.292432   0.415172   39.559118   1.683591
   4   24    0.109575   0.467181   17.060370  20.452992
   4   25    0.032644   0.451787   17.360617  29.394524
   5    0    2.510292   0.552132   33.590530  26.198688
   5    1    2.463970   0.512246   18.483239  25.445311
   5    2    2.385847   0.556596   22.850635  31.405766
   5    3    2.229711   0.593505   10.201913   7.473621
   5    4    2.145327   0.506203   26.663743   5.533874
   5    5    2.033493   0.574828   16.089183  31.569939
   5    6    1.920346   0.552362   10.074113  18.176015
   5    7    1.817635   0.535636    6.574737  19.335591
   5    8    1.763819   0.572380    4.601613  19.915035
   5    9    1.678130   0.540815   12.343718   6.999675
   5   10    1.566194   0.538442   28.964423  20.788954
   5   11    1.437463   0.550881   33.748879  30.712331
   5   12    1.338435   0.514633   28.433373   2.298954
   5   13    1.214391   0.584402   18.200664  29.827098
   5   14    1.139914   0.506529   23.395296  19.714204
   5   15    1.044516   0.545741   27.538423  33.930400
   5   16    0.904974   0.518858   18.366867   8.497957
   5   17    0.817151   0.532426   38.674968  19.571548
   5   18    0.744564   0.573274   34.614432   1.999711
   5   19    0.602437   0.553375   13.345790  19.091931
   5   20    0.568723   0.500533   12.699414  37.128526
   5   21    0.448050   0.521712   16.583283  16.647388
   5   22    0.392028   0.549168    5.682937  10.542871
   5   23    0.227100   0.534045   18.575412  35.463072
   5   24    0.147287   0.546236    9.387369  29.962751
   5   25    0.017922   0.511868   20.857298   5.555423
   6    0    2.542840   0.604759   33.026564  23.530111
   6    1    2.492463   0.660121   25.323284  22.601186
   6    2    2.355736   0.697243    1.680616   4.713861
   6    3    2.282858   0.692983   33.336075  26.328706
   6    4    2.156884   0.604921    1.505030   1.076184
   6    5    2.085491   0.687592    2.248645  20.752078
   6    6    1.914951   0.608396   29.228262   2.287078
   6    7    1.848518   0.652685   17.943635   8.763992
   6    8    1.723338   0.606875   29.405642   6.094411
   6    9    1.672260   0.641025   24.534041  20.048488
   6   10    1.539006   0.640448   36.061767  20.527072
   6   11    1.432300   0.692000    6.158058  13.970085
   6   12    1.313218   0.642660   39.767498  36.429136
   6   13    1.212336   0.663947   20.840008  38.041107
   6   14    1.132464   0.669094   16.861770  36.493229
   6   15    1.007961   0.604487   22.678322  17.764328
   6   16    0.972884   0.631772   24.442493  15.281641
   6   17    0.833557   0.611589   16.160646  25.093354
   6   18    0.703436   0.618878   22.914847  29.294013
   6   19    0.632332   0.658076    5.195161  20.448496
   6   20    0.551870   0.694646   17.299401  36.960756
   6   21    0.454316   0.687938   29.486313   7.171186
   6   22    0.373261   0.655197    9.166472   5.511655
   6   23    0.228699   0.644085    2.172167  37.495317
   6   24    0.133382   0.662723    2.977273  14.989443
   6   25    0.015452   0.654075   35.179701   5.559165
   7    0    2.538675   0.792585   33.776412  39.248427
   7    1    2.476484   0.782856   22.543396  15.676909
   7    2    2.310847   0.705762   37.594391   9.598571
   7    3    2.258875   0.759725    6.971540   3.034050
   7    4    2.117325   0.702500   11.582813  28.825743
   7    5    2.031831   0.700462    1.233739   9.166340
   7    6    1.928856   0.722143   27.819053   1.639158
   7    7    1.865007   0.774989   33.482184  36.027161
   7    8    1.782475   0.728798   32.881237   2.167349
   7    9    1.678697   0.715950   34.408280  40.143599
   7   10    1.581859   0.762825   24.708413   9.944319
   7   11    1.436178   0.724205   24.175320  22.306758
   7   12    1.367789   0.744116   28.924875  12.897839
   7   13    1.285066   0.703561    8.356923  38.437202
   7   14    1.138987   0.784692   18.721645  19.172163
   7   15    1.088069   0.748894   14.650061  23.711689
   7   16    0.998026   0.705354   15.552214  39.187755
   7   17    0.813897   0.719388   35.920512  24.732699
   7   18    0.738341   0.753975   32.313666  35.160912
   7   19    0.686306   0.751737   10.177670  13.467565
   7   20    0.576518   0.791456   36.348393  27.376523
   7   21    0.413407   0.706916    4.364712  31.879319
   7   22    0.369126   0.745454   36.515683  34.827460
   7   23    0.240338   0.798551   36.389150  27.616693
   7   24    0.135289   0.731714   16.746491  32.404463
   7   25    0.086304   0.720910   28.607892  28.826013
   8    0    2.534969   0.808148   27.908802  27.640652
   8    1    2.441682   0.880197   36.019983  30.093040
   8    2    2.328674   0.857771   30.475024  17.085139
   8    3    2.212580   0.834094   13.709260   1.718143
   8    4    2.166800   0.893193   12.396953  15.700513
   8    5    2.008660   0.861393   20.618228  30.973460
   8    6    1.926298   0.837549    9.757864   2.249284
   8    7    1.875471   0.816078   20.523503  36.686065
   8    8    1.728644   0.864616   12.185386   9.454688
   8    9    1.674737   0.868367   16.122263   7.436437
   8   10    1.536270   0.874288   20.672865  29.791565
   8   11    1.415193   0.898982   18.428181  18.856850
   8   12    1.334688   0.838692   22.370976  26.083336
   8   13    1.232557   0.892321   31.214396  26.959612
   8   14    1.164459   0.878909   35.075420  10.651421
   8   15    1.010065   0.869221   19.030127  12.120411
   8   16    0.970976   0.822616   13.550600   7.583734
   8   17    0.820805   0.810644    7.356611  22.287310
   8   18    0.790706   0.848909   20.493218  19.759241
   8   19    0.659629   0.849889   34.757095  34.181266
   8   20    0.590102   0.848162    6.853831   5.585833
   8   21    0.415989   0.852832   39.414688  37.699355
   8   22    0.317828   0.811968   19.398432   9.979119
   8   23    0.219372   0.863206   36.240921  31.427197
   8   24    0.122245   0.821053   17.806195  29.930029
   8   25    0.066258   0.863080    5.776959  16.112387
   9    0    2.524287   0.917504   19.263610   7.079444
   9    1    2.411670   0.987481   12.398429  28.146054
   9    2    2.320930   0.931739   35.429245   8.038382
   9    3    2.279360   0.936472   36.873933   6.544968
   9    4    2.126369   0.984348   24.807497  17.762569
   9    5    2.012545   0.948036    7.116344  34.621958
   9    6    1.936843   0.998279   12.983701  32.110551
   9    7    1.851867   0.930755   21.005061   1.477686
   9    8    1.730732   0.937768   33.837059  12.784814
   9    9    1.688866   0.906549   16.446464  28.642141
   9   10    1.588084   0.937048   16.761913   1.175677
   9   11    1.401745   0.980620   36.378868  23.639549
   9   12    1.333204   0.994022   28.091935  37.198053
   9   13    1.235584   0.938277   40.217326  14.945684
   9   14    1.170209   0.981951    9.335878  15.031480
   9   15    1.041408   0.966468    8.272725  11.751884
   9   16    0.994658   0.975664   20.497593  29.744128
   9   17    0.837626   0.911594   31.968637  17.145401
   9   18    0.724416   0.997858   33.667085   7.101812
   9   19    0.603357   0.914597   20.218495  24.761011
   9   20    0.599848   0.965791   10.233423  23.433350
   9   21    0.456047   0.909317   21.114697  26.654118
   9   22    0.357243   0.958971   14.484421  33.243912
   9   23    0.205494   0.930769   38.120305  14.090938
   9   24    0.180058   0.934441   27.022018   9.338327
   9   25    0.013052   0.956253   11.243087  23.146591
  10    0    2.580128   1.087802    3.336394   3.536623
  10    1    2.418256   1.094110   16.210699  23.447322
  10    2    2.355418   1.095346   16.045897  35.634381
  10    3    2.225501   1.042445   28.454855  31.088322
  10    4    2.112202   1.075499   23.723920  14.080817
  10    5    2.070643   1.063304    3.751428   5.703953
  10    6    1.927755   1.076235    4.897931   3.917789
  10    7    1.811502   1.056541   23.652455  26.862523
  10    8    1.764662   1.029186    2.719935   5.843271
  10    9    1.607277   1.072014    1.385103  16.403005
  10   10    1.529835   1.010904    3.971688  34.833113
  10   11    1.469704   1.068766   22.681695   1.026472
  10   12    1.300090   1.017050    5.482060   7.575258
  10   13    1.283583   1.015504    6.043990  33.400304
  10   14    1.111849   1.086240   21.697994   5.040858
  10   15    1.005893   1.027930    8.233933  10.228508
  10   16    0.935078   1.006866   39.064596  29.837086
  10   17    0.861208   1.055408   13.322181  22.186874
  10   18    0.721013   1.002418   26.033916  27.556710
  10   19    0.656519   1.061940   27.414780  23.316927
  10   20    0.529518   1.018659   21.936076   7.159851
  10   21    0.440792   1.094590   36.217388  36.417997
  10   22    0.305137   1.029463   13.610448  17.493615
  10   23    0.233731   1.096254   28.885560  16.172026
  10   24    0.180912   1.037215    5.608639  35.375648
  10   25    0.044190   1.099063    9.148623  33.181038
  11    0    2.546021   1.168377   37.945133  15.237930
  11    1    2.491569   1.129749   23.483765  19.792527
  11    2    2.317065   1.155138   24.785464   1.147479
  11    3    2.233267   1.168911   16.156004  12.533299
  11    4    2.103533   1.150057   18.125880  29.090909
  11    5    2.087883   1.132436   12.228776  36.167664
  11    6    1.955523   1.142158    2.432528  30.730130
  11    7    1.827359   1.185169   12.188941  20.841137
  11    8    1.726242   1.130170   39.372218   9.406776
  11    9    1.691621   1.154494   15.619073  26.466151
  11   10    1.573108   1.161398   26.180927  34.993251
  11   11    1.456531   1.184611   16.388947   7.451599
  11   12    1.359454   1.163229   26.880244  16.258625
  11   13    1.260076   1.161055   28.127217  26.073299
  11   14    1.103918   1.178289    2.466011  37.737886
  11   15    1.062719   1.139414    6.273334  14.227838
  11   16    0.956507   1.164037    4.357514  12.663400
  11   17    0.885706   1.132219   11.798816  11.007528
  11   18    0.759145   1.132858   24.809590  24.337721
  11   19    0.635878   1.143622   31.726034  27.479532
  11   20    0.574205   1.189729   38.654124   5.397216
  11   21    0.487139   1.192728   12.861764  30.247525
  11   22    0.337071   1.171066    2.651450  17.736284
  11   23    0.247250   1.133396   37.701798  31.819584
  11   24    0.108219   1.100598   21.896228  25.432251
  11   25    0.093973   1.160766   15.251969   8.501289
  12    0    2.566604   1.255927   27.136446  18.831348
  12    1    2.416843   1.292984   14.550029  15.478343
  12    2    2.399344   1.282916   12.528255  10.026477
  12    3    2.249971   1.230332   34.961845  33.948335
  12    4    2.102715   1.204085   40.263398  18.277799
  12    5    2.027253   1.223358   24.864487   6.606582
  12    6    1.916456   1.241955   26.670065  18.497473
  12    7    1.834277   1.226648    9.117798  35.486275
  12    8    1.767128   1.218570   23.802067  16.740206
  12    9    1.670916   1.275499   25.765129  30.098511
  12   10    1.597026   1.298402   21.195290  23.711567
  12   11    1.475247   1.299042    3.692979   4.013058
  12   12    1.302629   1.213430   14.384434  40.626348
  12   13    1.292924   1.275248   15.518325   4.466050
  12   14    1.101066   1.246379   19.937128  11.319560
  12   15    1.006507   1.240767   33.761527   2.276095
  12   16    0.984352   1.250942   21.176557  30.332952
  12   17    0.866485   1.291706    3.401702   8.295619
  12   18    0.709342   1.256273   24.427816   8.770287
  12   19    0.689860   1.250211   40.200578  17.819535
  12   20    0.506400   1.237104   12.537239   8.034880
  12   21    0.413167   1.226116   31.719868  35.818710
  12   22    0.371740   1.230567   40.578056  36.133252
  12   23    0.204636   1.272945   16.746268   3.560931
  12   24    0.137161   1.246113   28.069759  22.049035
  12   25    0.055011   1.223190    8.877268  11.127465
  13    0    2.586628   1.345891    2.702623  20.761605
  13    1    2.478096   1.389066   11.309997  20.528553
  13    2    2.311678   1.369534    2.472928  14.804212
  13    3    2.260638   1.331833    2.414413  40.566534
  13    4    2.167072   1.339485   26.298420   7.826691
  13    5    2.006517   1.335290   15.461192   7.290595
  13    6    1.904434   1.310859   17.597704  11.448163
  13    7    1.822449   1.367213   10.913742  12.832442
  13    8    1.724777   1.323275   30.981222   8.755434
  13    9    1.691540   1.376239    5.982828  30.607525
  13   10    1.500908   1.371160   29.115629  36.123117
  13   11    1.477031   1.351136    3.681361  26.311737
  13   12    1.377602   1.333782   24.987363  39.601813
  13   13    1.291412   1.364389   12.405952   1.838835
  13   14    1.161268   1.396541    4.205325  12.941010
  13   15    1.055886   1.332677   27.110915  13.189148
  13   16    0.961515   1.351049   32.646611  31.383652
  13   17    0.861723   1.353120   14.429455  13.635426
  13   18    0.744552   1.383095   16.663316  38.689664
  13   19    0.628582   1.316012   26.635830  19.857020
  13   20    0.502843   1.344792   16.232492  24.416007
  13   21    0.435246   1.352329    3.131359  21.448895
  13   22    0.336697   1.360055   15.845406  24.301184
  13   23    0.275432   1.347420    3.176194  13.157261
  13   24    0.181678   1.330989   33.596294  28.672380
  13   25    0.065496   1.341050   29.877847   4.388967
  14    0    2.500790   1.496868   35.844884  32.113802
  14    1    2.401829   1.438394   12.986512  11.987067
  14    2    2.392298   1.447099    2.991023  22.205012
  14    3    2.233607   1.476549   36.836305  29.960317
  14    4    2.142878   1.404863   21.313787   5.958437
  14    5    2.081327   1.426826    9.810587  33.799656
  14    6    1.981464   1.479124   16.491546   9.655511
  14    7    1.893147   1.464328   32.998611  17.210036
  14    8    1.761713   1.429247   16.333484   1.101204
  14    9    1.689588   1.403202   18.249787  35.531285
  14   10    1.520452   1.498698   33.417173  32.887064
  14   11    1.402474   1.478511   29.620935   2.817000
  14   12    1.325781   1.452105   32.740823  31.073132
  14   13    1.266298   1.453780   17.250937  38.485774
  14   14    1.141674   1.493436   35.162935  35.769477
  14   15    1.069244   1.447052   38.986288   4.654373
  14   16    0.995990   1.452132    4.316100  18.418347
  14   17    0.817172   1.497695    2.620087  36.707804
  14   18    0.745757   1.498717   12.845801  15.148301
  14   19    0.606681   1.441214   10.396076  27.356508
  14   20    0.587350   1.491780    3.239087  26.391950
  14   21    0.443142   1.419938   27.468413  18.376240
  14   22    0.359932   1.464125    9.172086  20.029284
  14   23    0.276216   1.433793   27.296906   4.421501
  14   24    0.138031   1.427534   25.219381  38.638858
  14   25    0.058848   1.427172   29.496500  39.748714
  15    0    2.503594   1.512733    5.932303  11.009413
  15    1    2.466113   1.515518   19.448903   1.380623
  15    2    2.329148   1.564018   19.707321   3.884855
  15    3    2.237544   1.578333   24.023243  21.188735
  15    4    2.191897   1.576456   18.529701   1.985781
  15    5    2.030671   1.584091   14.041772  14.565914
  15    6    1.973624   1.597631   11.591718  32.671094
  15    7    1.894515   1.566975   11.665639  24.806565
  15    8    1.783229   1.515651    8.948752  36.173540
  15    9    1.689641   1.545316   39.664870  30.007155
  15   10    1.567501   1.520421   10.790650   3.163310
  15   11    1.496131   1.557302   39.575701  23.245114
  15   12    1.351452   1.556186   38.569823  38.464186
  15   13    1.262441   1.590778    7.037528  16.989502
  15   14    1.172062   1.579897   16.141579   3.066988
  15   15    1.056631   1.500848   25.140750  19.142109
  15   16    0.938739   1.502174   12.236292  36.155424
  15   17    0.886790   1.541515   20.405880  20.802996
  15   18    0.770106   1.515482   29.997029   4.679738
  15   19    0.659761   1.585753    1.053342  24.799774
  15   20    0.519885   1.507568   14.980357  10.083865
  15   21    0.446372   1.572137   23.512444   9.215236
  15   22    0.314754   1.517313    9.932085  20.112129
  15   23    0.217366   1.595599   10.657070  21.593292
  15   24    0.183940   1.514842   12.813781   8.191809
  15   25    0.007135   1.554859   14.044710  17.198430
  16    0    2.564137   1.678087   13.969952  33.708231
  16    1    2.452047   1.679743   12.474493  28.649274
  16    2    2.314042   1.693930   18.989837   3.559353
  16    3    2.236837   1.687878   30.468973  24.442101
  16    4    2.170321   1.633659    5.731841  18.697107
  16    5    2.065994   1.662111    2.823447  20.325504
  16    6    1.921282   1.639656   37.142683  28.933091
  16    7    1.857443   1.697573    5.155684  10.182686
  16    8    1.765836   1.613093   35.917406  35.106520
  16    9    1.633107   1.640403   15.427984   2.023204
  16   10    1.563483   1.610837   22.710442   9.782633
  16   11    1.454993   1.628954   27.702543  39.881274
  16   12    1.366170   1.643877    6.522016  15.970094
  16   13    1.226510   1.652665   26.930191   3.863066
  16   14    1.154743   1.619274   34.048210   7.916219
  16   15    1.046539   1.663839   12.361599   8.280746
  16   16    0.981576   1.682984   34.197076  18.859181
  16   17    0.868563   1.613175    7.209136   1.756305
  16   18    0.746602   1.601829   34.637266  37.686657
  16   19    0.678766   1.631195   13.476610  33.373556
  16   20    0.506563   1.669518   39.159676   9.770688
  16   21    0.465497   1.644601    3.413194  25.401980
  16   22    0.336696   1.633790   17.796715  26.818846
  16   23    0.207909   1.699098    2.836896  25.811404
  16   24    0.130423   1.619603   36.057801  16.402105
  16   25    0.063763   1.658386   36.612000   2.741836
  17    0    2.535748   1.766735   15.303832  23.890128
  17    1    2.485571   1.762777   12.853957   8.288057
  17    2    2.387161   1.709264   13.197360  17.844998
  17    3    2.240214   1.760303   39.974286  20.403917
  17    4    2.198769   1.799086    1.329335   4.494728
  17    5    2.050045   1.768178   39.467086   9.426568
  17    6    1.938175   1.715965   16.537278  27.728203
  17    7    1.813238   1.783149   37.377839   9.666196
  17    8    1.701319   1.712570   33.093863  38.123518
  17    9    1.697772   1.735516   28.684241   6.702126
  17   10    1.556059   1.714532   24.858911  37.841981
  17   11    1.436923   1.773514   11.357848  37.471470
  17   12    1.316685   1.732771   19.651884  27.790374
  17   13    1.284512   1.772256   40.664420   2.931820
  17   14    1.152882   1.748150   12.516018  19.274376
  17   15    1.015402   1.784591   39.299868  32.024790
  17   16    0.924848   1.797004   40.209300   4.436350
  17   17    0.880869   1.789989   15.247791  10.862530
  17   18    0.771300   1.720148    6.171558  28.091032
  17   19    0.649451   1.751976    6.783674  22.504640
  17   20    0.559084   1.737684   23.380993   8.142949
  17   21    0.481757   1.764642   12.839821  10.388223
  17   22    0.331861   1.777266   31.927548  32.589722
  17   23    0.202477   1.754407   16.984237  22.419152
  17   24    0.171068   1.714416    8.794564  38.185717
  17   25    0.044425   1.704487   14.555663  32.927890
  18    0    2.504875   1.880109   19.254243   9.160822
  18    1    2.447986   1.886403   25.036081  16.138582
  18    2    2.370336   1.852993   22.446507   3.959422
  18    3    2.204654   1.815396   15.531048  17.495376
  18    4    2.150184   1.881500   18.124873  23.785004
  18    5    2.035655   1.894748   36.267271  38.135309
  18    6    1.968965   1.874521    7.217081  18.806064
  18    7    1.895723   1.877794   35.305928  12.992359
  18    8    1.743214   1.858418   15.762207  26.199381
  18    9    1.688107   1.855780   17.209273  24.462602
  18   10    1.537334   1.822856   19.950122  28.776968
  18   11    1.469775   1.874770   39.187126  31.255720
  18   12    1.380657   1.868243    9.403174  13.763360
  18   13    1.215500   1.895431   38.288953   6.003406
  18   14    1.151815   1.823574   36.504045  18.360208
  18   15    1.096160   1.835792   14.496233  25.390556
  18   16    0.934147   1.824996    1.487811  32.055446
  18   17    0.810049   1.878984   17.108947  23.020400
  18   18    0.790271   1.832666   36.180284   5.204615
  18   19    0.686405   1.885480   15.609019  37.920095
  18   20    0.595283   1.816288   33.678766   9.232265
  18   21    0.457575   1.822480    1.222663  30.538571
  18   22    0.306201   1.858160    6.935435   5.871616
  18   23    0.270376   1.811897    1.692590  13.283747
  18   24    0.130366   1.806673   26.117625  31.181036
  18   25    0.078201   1.802747   19.310160  34.091562
  19    0    2.587405   1.962882    2.783326   4.646151
  19    1    2.423285   1.993802   21.046553  19.214551
  19    2    2.338207   1.998115   38.324303  34.496748
  19    3    2.283308   1.967995   19.661162  25.363035
  19    4    2.180022   1.981552   34.793287   7.437930
  19    5    2.018115   1.951324   25.954431  31.527275
  19    6    1.979359   1.943263   18.145751  24.315301
  19    7    1.810841   1.975931   24.871438  17.254306
  19    8    1.733802   1.910423   27.090862  32.804266
  19    9    1.653093   1.909505   11.951588   6.848398
  19   10    1.520146   1.932250   35.160233  14.033849
  19   11    1.476098   1.911348    1.658830   7.909501
  19   12    1.399476   1.952656   39.267206  22.125742
  19   13    1.278821   1.989176   25.415902  17.819246
  19   14    1.109833   1.998705    4.943410  13.949604
  19   15    1.050099   1.960144   34.705137  33.229476
  19   16    0.984071   1.927653    6.603432  20.965960
  19   17    0.824655   1.964601   33.387445  35.303517
  19   18    0.784306   1.915698   40.602503   5.848339
  19   19    0.652643   1.941712    3.430151  37.405765
  19   20    0.545042   1.977527   19.516139  33.646620
  19   21    0.498971   1.952364   19.523417  32.130454
  19   22    0.364622   1.977297   17.984765  10.573860
  19   23    0.222166   1.926677   10.604054  21.005787
  19   24    0.179078   1.928937   13.630393   3.069188
  19   25    0.012895   1.920932   40.094581  12.904913
  20    0    2.593779   2.086465   30.966515   5.609675
  20    1    2.499514   2.091908   21.704453  16.140583
  20    2    2.336431   2.093468   31.886389  17.814384
  20    3    2.252138   2.035358   23.929454  24.415570
  20    4    2.130078   2.094991   23.229005  19.704125
  20    5    2.037726   2.089773   23.924290   8.246316
  20    6    1.966646   2.014779   30.086061  18.550764
  20    7    1.896517   2.076580   30.212505  11.172527
  20    8    1.790427   2.066145   12.927330  21.570220
  20    9    1.624956   2.033591   23.736886  14.010791
  20   10    1.576531   2.095706    7.285882   5.783628
  20   11    1.461794   2.099758    8.042601  30.605567
  20   12    1.311948   2.055785   16.658676  29.691433
  20   13    1.282625   2.026220   11.924359  14.976249
  20   14    1.156241   2.063535   12.442103  40.975509
  20   15    1.013423   2.021109   31.657962  32.454289
  20   16    0.975252   2.032596   29.136121  40.264701
  20   17    0.875927   2.083757   34.975670  16.349675
  20   18    0.704333   2.056642   28.714687  23.069500
  20   19    0.676839   2.047700   35.233863  16.881406
  20   20    0.507732   2.083178   24.974258  20.311883
  20   21    0.448783   2.031276    1.760552  30.551876
  20   22    0.357639   2.040705   26.836182  32.446653
  20   23    0.243863   2.089630    1.159350  35.840423
  20   24    0.160246   2.072685   38.992883  22.990924
  20   25    0.070371   2.072582   24.385569  35.036587
  21    0    2.506842   2.187689    8.951785   4.348724
  21    1    2.449873   2.119088    5.699201  32.228966
  21    2    2.325531   2.156708   31.444998  12.137979
  21    3    2.255326   2.160919   22.138547   3.910832
  21    4    2.153580   2.175808   34.336849  23.797484
  21    5    2.071319   2.165700   15.947395   1.359007
  21    6    1.941730   2.165121   14.575385  33.071738
  21    7    1.894724   2.122587    7.427639   2.887818
  21    8    1.739974   2.193674   28.398080  24.041877
  21    9    1.668200   2.162655   21.978337   9.275227
  21   10    1.599372   2.103574    6.915988  16.691216
  21   11    1.409964   2.110429    2.621269  27.103592
  21   12    1.356405   2.156824   26.364681  40.564249
  21   13    1.271129   2.183042   18.102079  12.452780
  21   14    1.145174   2.143358   31.724374  33.898244
  21   15    1.016653   2.189131   26.695204  31.328715
  21   16    0.908432   2.169834   33.075675  22.676914
  21   17    0.887562   2.130852   37.129803  33.405700
  21   18    0.751023   2.195324   25.971496  27.375919
  21   19    0.660599   2.179295   40.593003  12.106216
  21   20    0.598679   2.192228   10.269683  14.740304
  21   21    0.476839   2.176105   11.555807  16.737196
  21   22    0.391500   2.188578   16.285033  17.754262
  21   23    0.263035   2.112235   30.206100  11.347052
  21   24    0.154576   2.191375   32.783383   9.033944
  21   25    0.018611   2.148559    5.562237  20.163107
  22    0    2.548293   2.299635    8.254544  31.194331
  22    1    2.487167   2.272450   15.879757  40.914346
  22    2    2.307796   2.290589   25.064920  22.311517
  22    3    2.274291   2.229436   11.752835   5.039732
  22    4    2.134878   2.202757    5.504685   5.422043
  22    5    2.013166   2.229728   27.351157  17.727645
  22    6    1.906264   2.245621   19.408497  38.071255
  22    7    1.816117   2.205638   36.521932  20.927318
  22    8    1.709811   2.237159   24.942744  21.242950
  22    9    1.683714   2.287835   13.025868   8.918443
  22   10    1.514572   2.207758    7.316417  26.572914
  22   11    1.473448   2.275894    7.964946  28.720443
  22   12    1.321995   2.211801   24.586746  16.569229
  22   13    1.257203   2.201731   22.498938  16.568226
  22   14    1.133692   2.256732   25.394808  24.632586
  22   15    1.020905   2.223298   10.236638  16.876529
  22   16    0.906292   2.293455   30.380370  29.990118
  22   17    0.880710   2.240293   11.226869  21.560287
  22   18    0.745816   2.211627    7.189298  27.226583
  22   19    0.607951   2.293684   38.263368  35.273771
  22   20    0.522816   2.248766   38.400933  30.917069
  22   21    0.469845   2.296459   26.256722  16.076559
  22   22    0.365206   2.253010   22.366873  12.935660
  22   23    0.204536   2.244301   36.715606  21.229692
  22   24    0.108292   2.235994   38.866694   3.334856
  22   25    0.057592   2.271788   21.918597   4.270719
  23    0    2.550895   2.314469   14.650182  35.260822
  23    1    2.412409   2.352225   37.146951  22.211603
  23    2    2.382825   2.367156   38.349719  40.189882
  23    3    2.249244   2.387355    4.387745  40.648811
  23    4    2.112109   2.326773   39.910531   1.841953
  23    5    2.066707   2.396987   17.205892  29.770201
  23    6    1.930440   2.386250    6.600565  15.446956
  23    7    1.895546   2.397955   14.022556  25.688637
  23    8    1.712271   2.322854   15.825820  13.610540
  23    9    1.627428   2.356840   35.826592   9.227571
  23   10    1.546756   2.334295    4.391034  10.845767
  23   11    1.471155   2.311556   24.384681  28.229169
  23   12    1.352439   2.336812    4.509670  25.907720
  23   13    1.235402   2.383137    8.304903  39.650821
  23   14    1.122157   2.396856   38.781236   4.388318
  23   15    1.020522   2.340972    6.847527  34.161235
  23   16    0.990037   2.355148   19.517993   3.598910
  23   17    0.882369   2.342276   15.165907   8.642617
  23   18    0.703802   2.354782    2.217225  17.588569
  23   19    0.608315   2.339681   19.699383  30.950713
  23   20    0.523749   2.303429   38.639249  32.216274
  23   21    0.419767   2.339649    8.729194  36.479868
  23   22    0.354862   2.383851   21.865448   8.515534
  23   23    0.286480   2.398772   30.647430  27.525506
  23   24    0.150423   2.376585   33.874652  17.160266
  23   25    0.005846   2.365059   31.278155  14.131793
  24    0    2.504311   2.474021   35.590260   7.661090
  24    1    2.465061   2.406950   31.628867  19.057530
  24    2    2.374853   2.446046   40.014560  12.991508
  24    3    2.265721   2.424060   28.739522   9.688645
  24    4    2.155660   2.464001   20.980758   3.663732
  24    5    2.048877   2.400569   14.835434  36.170976
  24    6    1.928296   2.401918   13.217310  34.844253
  24    7    1.813954   2.444666   33.779413  27.732322
  24    8    1.797968   2.411830   33.833181  15.919552
  24    9    1.677179   2.455632   28.857547  28.108086
  24   10    1.526573   2.413399   40.996748  13.992672
  24   11    1.464304   2.473884   22.222138  16.180122
  24   12    1.337514   2.447191   22.495120   1.111659
  24   13    1.278381   2.498723   23.854323  19.383706
  24   14    1.173640   2.415650   35.024688   9.601231
  24   15    1.026229   2.403531   36.697998  25.132900
  24   16    0.943461   2.476128   34.477809  10.689313
  24   17    0.826989   2.438818    4.655726  29.459847
  24   18    0.791455   2.456305    8.154580  38.690397
  24   19    0.662759   2.489779   21.426345  32.258864
  24   20    0.575902   2.433908    1.742714  26.328019
  24   21    0.464825   2.446928   20.703100  14.971531
  24   22    0.332026   2.459843    7.072602  16.348923
  24   23    0.259354   2.455882   22.040143  39.244260
  24   24    0.139624   2.406699   21.068703  30.401823
  24   25    0.023666   2.435528   11.734326  24.035144
  25    0    2.502483   2.593011   21.982460  28.223972
  25    1    2.428345   2.592549   14.358286  13.842217
  25    2    2.381960   2.567790   15.906025  38.499065
  25    3    2.261396   2.514728   18.119855   2.170560
  25    4    2.109053   2.539505    4.730111   7.320315
  25    5    2.048584   2.595400   36.011917  22.050971
  25    6    1.928081   2.599039   36.123360  31.012845
  25    7    1.898792   2.527137   34.755880  19.368294
  25    8    1.700768   2.517118   16.774698  17.139869
  25    9    1.614888   2.503969   24.831002  24.952741
  25   10    1.522105   2.593264   22.054179  10.837435
  25   11    1.419049   2.588366   37.420873  17.832912
  25   12    1.368793   2.595551   18.411907  33.192808
  25   13    1.246917   2.531709   17.897405  24.744498
  25   14    1.117355   2.558274   29.248676  24.201911
  25   15    1.067145   2.585140   40.501765  29.933971
  25   16    0.932224   2.598087   20.656029   4.911517
  25   17    0.882064   2.501437   15.170725  14.491883
  25   18    0.734149   2.568250   40.337515  31.672235
  25   19    0.661169   2.507953   14.995994  25.895718
  25   20    0.516203   2.595348   11.186957  29.998617
  25   21    0.451994   2.525694   21.593127  36.137510
  25   22    0.378474   2.533162   20.413643   6.353041
  25   23    0.202717   2.520234   25.695690  40.756822
  25   24    0.103232   2.524317   35.768377   3.240330
  25   25    0.017420   2.596454   31.579431  21.294921
  26    0    2.589891   2.681954    2.338420   6.320386
  26    1    2.448456   2.690970   36.460230  40.131360
  26    2    2.313529   2.690838   26.543397  31.816422
  26    3    2.210737   2.673648    9.798711  19.359434
  26    4    2.162057   2.680168   38.378312  18.316701
  26    5    2.079980   2.642739    2.483431  34.302338
  26    6    1.945285   2.638806   18.613874  39.137980
  26    7    1.811123   2.686943   12.153635  27.467134
  26    8    1.754195   2.627735   24.578408  19.739204
  26    9    1.684053   2.692104   38.461618  40.178967
  26   10    1.580696   2.694231    6.309675  29.244269
  26   11    1.451712   2.690247   40.863821   6.833262
  26   12    1.386889   2.607622   14.278994  35.953017
  26   13    1.230366   2.684336   21.568818  20.648973
  26   14    1.138613   2.617393   20.554131  13.789923
  26   15    1.033450   2.633377   37.559441  40.001243
  26   16    0.990557   2.681047    7.181451  19.960242
  26   17    0.808898   2.649396   38.145339  20.857161
  26   18    0.729678   2.621288   18.731940  13.653718
  26   19    0.695242   2.640349   28.291330  33.533611
  26   20    0.549968   2.649954   10.369716  31.456241
  26   21    0.464002   2.631145   13.005972  10.941513
  26   22    0.344803   2.639567   28.465750  37.200175
  26   23    0.265009   2.608750    4.363845  20.676084
  26   24    0.163149   2.632465   17.693557   2.304376
  26   25    0.037324   2.666735   30.274076  34.758046
  27    0    2.582855   2.752172   36.707690  27.225246
  27    1    2.491242   2.769629   12.896739   8.526024
  27    2    2.308055   2.722003    3.919924  25.460459
  27    3    2.206663   2.718121   24.647790  34.125694
  27    4    2.198396   2.701867    5.552094  18.617336
  27    5    2.029694   2.772376   21.022276   4.236548
  27    6    1.985355   2.725786   40.058601  34.378146
  27    7    1.882880   2.782668   12.004624   8.122457
  27    8    1.725354   2.759883    6.175660  38.764898
  27    9    1.634790   2.784033    7.623858  24.787531
  27   10    1.580691   2.703410    6.268442  29.926557
  27   11    1.401970   2.734783   38.250682  16.964073
  27   12    1.307468   2.723852   32.311307  12.741869
  27   13    1.280378   2.717501   26.522403  24.854757
  27   14    1.164782   2.751206   28.750407  21.851338
  27   15    1.024398   2.775544   35.320755  29.996454
  27   16    0.941374   2.756269   24.661968  25.302184
  27   17    0.809437   2.728069   35.016725   7.308456
  27   18    0.724709   2.703085   17.033675  21.810435
  27   19    0.628818   2.792270   23.235557  27.333147
  27   20    0.513197   2.796650    7.660579  21.714621
  27   21    0.487333   2.742763   11.684176  30.872497
  27   22    0.394767   2.743578    8.061073  35.015828
  27   23    0.262282   2.754983   27.122325  14.669062
  27   24    0.184493   2.705616    9.982505  39.469231
  27   25    0.008249   2.711919   17.347780  39.475469
  28    0    2.530225   2.853754   33.480064   7.512467
  28    1    2.484039   2.801727    8.105060  20.801719
  28    2    2.358417   2.824090   10.216662  32.886599
  28    3    2.279392   2.897470   23.116131   7.824902
  28    4    2.142358   2.835750   36.545559  16.125668
  28    5    2.015045   2.889676   36.970639  37.391268
  28    6    1.931966   2.855816   39.101578   2.661185
  28    7    1.882583   2.837383   19.402291  27.735897
  28    8    1.788118   2.886583   15.040791  38.108214
  28    9    1.680296   2.814015   29.517058  30.490522
  28   10    1.515156   2.806405   19.732642  32.369999
  28   11    1.487845   2.850701    9.827937   9.745382
  28   12    1.382786   2.816976   16.622509   7.518420
  28   13    1.206069   2.821510   12.490060   3.376267
  28   14    1.173001   2.837108   17.146803   3.977860
  28   15    1.068597   2.872649   23.919026   4.543279
  28   16    0.978988   2.835881   22.996734  35.360390
  28   17    0.809220   2.870755   19.014377  20.213085
  28   18    0.721148   2.816519   18.690952  14.370479
  28   19    0.643061   2.834247   12.499194  38.751805
  28   20    0.530415   2.846411    9.331335  40.517750
  28   21    0.490605   2.816024    2.425871  30.080952
  28   22    0.381021   2.878411   16.580249   4.946636
  28   23    0.241495   2.825894   19.687179   9.584173
  28   24    0.133609   2.823883   35.311672   8.512071
  28   25    0.019773   2.816694    7.410786  20.897852
  29    0    2.575346   2.918911   14.052643   6.300682
  29    1    2.473855   2.909372   35.404481  32.913933
  29    2    2.316187   2.971676   34.245548  25.117262
  29    3    2.273007   2.999190    7.358389   2.768661
  29    4    2.119911   2.991216   26.525828  10.026617
  29    5    2.047506   2.967713   22.299541   9.286213
  29    6    1.914850   2.975604   16.623741   1.861161
  29    7    1.861850   2.923401   26.833236  10.291553
  29    8    1.742410   2.981051   39.162900   9.675015
  29    9    1.659580   2.907405   20.994658  22.402100
  29   10    1.561539   2.902511   14.542337  20.445588
  29   11    1.464200   2.930526   18.073320   3.353170
  29   12    1.334252   2.971074   12.252940   2.894020
  29   13    1.263599   2.952368    7.561926  34.607415
  29   14    1.171099   2.913783   23.393140  33.116103
  29   15    1.045110   2.974297   10.420344  35.943821
  29   16    0.916175   2.927427   35.812809  36.785674
  29   17    0.884964   2.994160   27.134411  33.917141
  29   18    0.798812   2.989497    7.228397  26.012723
  29   19    0.629379   2.962536   21.588377  32.523939
  29   20    0.573533   2.966650   24.816364  28.508835
  29   21    0.434931   2.987878   17.558844  37.106733
  29   22    0.311156   2.983891    4.206083   2.532843
  29   23    0.263053   2.961002   29.677133   1.473064
  29   24    0.192115   2.986135   36.457379  23.159918
  29   25    0.047670   2.908183   26.996055   3.401582
  30    0    2.588144   3.057866   18.522011  33.737617
  30    1    2.475950   3.036473   34.836137   5.152601
  30    2    2.300354   3.066359   20.852400  40.962723
  30    3    2.240028   3.004928   19.375424   3.295867
  30    4    2.150619   3.059231   35.235004  32.833042
  30    5    2.032313   3.041021    9.486013  16.113582
  30    6    1.998784   3.078058   26.589800  35.798595
  30    7    1.868598   3.022826   31.609577  37.032061
  30    8    1.780842   3.046377   24.391383  40.757007
  30    9    1.631697   3.064438   26.003155  38.980713
  30   10    1.532608   3.052584   12.531264  17.108163
  30   11    1.433705   3.074611   16.475590  27.272319
  30   12    1.379753   3.076103   10.855019  19.903539
  30   13    1.297207   3.006751   20.774023   7.543934
  30   14    1.138237   3.098619   27.271973  37.195917
  30   15    1.054919   3.082156   35.068943  40.493020
  30   16    0.979247   3.001279   16.249211   3.015513
  30   17    0.863190   3.047801   23.525324  16.588746
  30   18    0.769652   3.073465    7.665728  35.968856
  30   19    0.617711   3.024991   32.736483   1.633700
  30   20    0.502841   3.049061    9.416620  14.277065
  30   21    0.449499   3.015818   10.836313  17.996563
  30   22    0.385452   3.042112   17.821266  25.140485
  30   23    0.265843   3.060680    2.394638  16.531629
  30   24    0.143075   3.075353   11.803523  29.636967
  30   25    0.084422   3.081957   32.739484  40.646330
  31    0    2.552458   3.182273   39.976014  23.931374
  31    1    2.489124   3.106505   29.139134  26.673285
  31    2    2.399021   3.116233   34.174639  13.394204
  31    3    2.213409   3.132746   31.315881   3.648661
  31    4    2.196713   3.118613   38.653539   8.297567
  31    5    2.031122   3.196914   40.052471  10.793971
  31    6    1.992248   3.182024   11.064757  38.077010
  31    7    1.805683   3.197400   20.191290   2.443747
  31    8    1.707753   3.194354   29.510937  25.718060
  31    9    1.616461   3.156184   13.115393  37.856823
  31   10    1.554608   3.164733   29.373450  24.646609
  31   11    1.445859   3.131947   23.839562  37.294287
  31   12    1.376999   3.113467   14.282410  37.572620
  31   13    1.272287   3.150761    9.128623   5.942473
  31   14    1.156206   3.154557   37.509086  10.056920
  31   15    1.072672   3.187134   25.599316   3.704678
  31   16    0.926139   3.111661   13.225296  21.141179
  31   17    0.893539   3.110707   40.551095  31.580591
  31   18    0.716899   3.186143   31.488423  19.201460
  31   19    0.601939   3.112045   23.310263  14.297740
  31   20    0.556345   3.139355   36.474772  33.256067
  31   21    0.476619   3.134737    1.160942  24.054588
  31   22    0.319705   3.160334    4.398004  28.278710
  31   23    0.245835   3.170409   21.475420  11.680195
  31   24    0.124201   3.164857    5.713517  27.638320
  31   25    0.021064   3.118278   10.445489  29.210701
  32    0    2.519461   3.212074   35.623632  36.607183
  32    1    2.415626   3.271525   38.855446   1.828177
  32    2    2.325189   3.230936    7.562557  27.949325
  32    3    2.273856   3.269009   16.626496  17.302727
  32    4    2.115101   3.220200   26.254152  33.921457
  32    5    2.069944   3.242783   20.401356   7.524005
  32    6    1.940596   3.222998   30.099549  28.589043
  32    7    1.865947   3.299340   32.226912  39.403656
  32    8    1.728909   3.279806   37.065806  20.180406
  32    9    1.645723   3.295711   32.431870  11.375479
  32   10    1.578706   3.232072   23.910763   5.272072
  32   11    1.465634   3.210272   26.085372   6.915439
  32   12    1.311113   3.282894   35.493399   4.918895
  32   13    1.283908   3.262518    9.961633   7.948945
  32   14    1.116129   3.220796   19.083000  27.412781
  32   15    1.048372   3.206107   25.724710  38.708159
  32   16    0.963163   3.278009   27.994537   3.174178
  32   17    0.837039   3.205075   15.086573  14.547375
  32   18    0.720128   3.225626   39.541709  34.350784
  32   19    0.657659   3.204445   33.980719  10.419843
  32   20    0.548077   3.204559    4.213174  15.018254
  32   21    0.420822   3.223297   15.332628  20.164725
  32   22    0.307812   3.253454    6.141535   7.447992
  32   23    0.206578   3.230932   13.797415  30.448168
  32   24    0.131189   3.222537    9.348735  25.727430
  32   25    0.046802   3.214868   40.874111  22.147806
  33    0    2.573040   3.355843   29.915565  40.088501
  33    1    2.444619   3.313205    5.095055  17.165312
  33    2    2.369679   3.383325   31.137045  33.620343
  33    3    2.248240   3.363273   29.527946  30.096925
  33    4    2.186908   3.389090   26.889517  17.612557
  33    5    2.089391   3.313498    7.617164   1.887202
  33    6    1.944230   3.312306   37.849333   2.595685
  33    7    1.886306   3.356083   38.430041   6.536549
  33    8    1.752671   3.393305   35.867111  29.215857
  33    9    1.697825   3.364342   33.662810  32.128402
  33   10    1.501178   3.398972   33.715548   6.400890
  33   11    1.498697   3.360446   31.300033   3.887235
  33   12    1.370961   3.348727   30.592897   3.845430
  33   13    1.226485   3.396840   24.610381  39.673899
  33   14    1.148515   3.315241    8.178240   1.663024
  33   15    1.027793   3.307747   20.200664   7.270083
  33   16    0.946163   3.392465   27.698757  32.123353
  33   17    0.805591   3.375943   15.139126   7.999034
  33   18    0.724104   3.307674   25.383266  36.713134
  33   19    0.640453   3.364370   30.698036   2.674954
  33   20    0.539805   3.303872   21.840363   6.329543
  33   21    0.426372   3.382195   19.054691  23.568823
  33   22    0.329457   3.334312   30.313549  33.235300
  33   23    0.226570   3.390540    9.329001  40.023710
  33   24    0.151824   3.391763    9.429813  20.474886
  33   25    0.016344   3.304405   40.624909   5.547928
  34    0    2.597452   3.441817   37.972165   7.771655
  34    1    2.438480   3.414181    2.281916  30.659727
  34    2    2.385564   3.441664   12.370724  22.495949
  34    3    2.252137   3.432678   25.332100  38.452518
  34    4    2.137332   3.403641   22.020990  10.114597
  34    5    2.008357   3.471742   24.197040  28.794922
  34    6    1.927369   3.406313   23.202002  20.602520
  34    7    1.834472   3.466281   13.948122   2.275280
  34    8    1.775353   3.464901   29.281166  25.617469
  34    9    1.655675   3.492961    5.992805  36.445549
  34   10    1.546630   3.447604    3.056561  35.809230
  34   11    1.424898   3.475787   13.838421   4.614818
  34   12    1.384445   3.464690   16.501634  18.454944
  34   13    1.271874   3.431503   20.624214  21.388022
  34   14    1.197142   3.463176   33.841232   2.682514
  34   15    1.018904   3.483945   31.401341   9.340700
  34   16    0.971230   3.431509   35.801982  22.864363
  34   17    0.844317   3.468428   35.679623   7.665999
  34   18    0.775634   3.455866   16.044113  30.334142
  34   19    0.605006   3.454739   39.548938  26.325401
  34   20    0.563779   3.472525    5.195855  39.399282
  34   21    0.456661   3.440455   11.722144  28.179992
  34   22    0.368327   3.429205   33.575611   5.692597
  34   23    0.234428   3.405089   24.135545  36.774387
  34   24    0.118441   3.402368   30.601193  23.226480
  34   25    0.077749   3.469952   15.281937  18.890742
