   0    0    4.023040   0.075679    2.774011 100.000000
   0    1    3.943940   0.058692  100.000000 100.000000
   0    2    3.833541   0.005519  100.000000 100.000000
   0    3    3.724764   0.018276  100.000000 100.000000
   0    4    3.613529   0.089935  100.000000   2.840943
   0    5    3.501971   0.022381    4.169226   1.489385
   0    6    3.407015   0.010810  100.000000   5.564015
   0    7    3.304068   0.004181    5.688155   2.212388
   0    8    3.263552   0.078173  100.000000   2.787125
   0    9    3.145765   0.062075  100.000000 100.000000
   0   10    3.078231   0.061285  100.000000 100.000000
   0   11    2.949946   0.055277    3.868836 100.000000
   0   12    2.856843   0.063515    1.900123   2.126123
   0   13    2.769705   0.015562  100.000000 100.000000
   0   14    2.680015   0.056453    5.872143 100.000000
   0   15    2.580400   0.039781  100.000000   5.868354
   0   16    2.479238   0.039308    1.215992 100.000000
   0   17    2.384889   0.066523  100.000000   4.401317
   0   18    2.200578   0.046307  100.000000 100.000000
   0   19    2.156794   0.044358    4.530239   1.900544
   0   20    2.029940   0.054344  100.000000 100.000000
   0   21    1.996648   0.098657  100.000000   1.699004
   0   22    1.861049   0.063662    5.336200   5.295570
   0   23    1.713809   0.030450    3.250657 100.000000
   0   24    1.622963   0.084568    2.287394 100.000000
   0   25    1.540112   0.098961    3.930998   1.622618
   0   26    1.427822   0.098645    5.963091   4.685353
   0   27    1.365939   0.066234    2.463823 100.000000
   0   28    1.272221   0.080846  100.000000   4.522756
   0   29    1.184447   0.060950    3.261950   2.492729
   0   30    1.056282   0.023664  100.000000   3.183020
   0   31    0.925061   0.020001    3.175014   2.943332
   0   32    0.876149   0.023832  100.000000 100.000000
   0   33    0.772385   0.014869    2.075602 100.000000
   0   34    0.600585   0.053733    1.307616 100.000000
   0   35    0.586556   0.097468    3.584505   4.960052
   0   36    0.456731   0.090396    2.163209   4.111969
   0   37    0.345870   0.028065    2.699007 100.000000
   0   38    0.230032   0.040300    2.235756   4.541546
   0   39    0.128715   0.087947    3.850817   3.845493
   0   40    0.099011   0.058295    1.201783   2.708735
   1    0    4.071211   0.188401  100.000000 100.000000
   1    1    3.927366   0.189948  100.000000 100.000000
   1    2    3.889383   0.152044  100.000000   2.377069
   1    3    3.759578   0.125708  100.000000   5.354066
   1    4    3.677732   0.102146    5.486963   5.901153
   1    5    3.516397   0.163643    4.402145 100.000000
   1    6    3.418437   0.146293  100.000000   5.234328
   1    7    3.360983   0.199084  100.000000   4.966558
   1    8    3.292383   0.101910    5.775839   5.298681
   1    9    3.111477   0.184667  100.000000   2.591459
   1   10    3.039711   0.114772    3.876855   1.414649
   1   11    2.953458   0.106805    1.254109 100.000000
   1   12    2.885779   0.120608  100.000000   5.266127
   1   13    2.737519   0.105668  100.000000 100.000000
   1   14    2.633896   0.127345  100.000000 100.000000
   1   15    2.540764   0.136016    4.361903 100.000000
   1   16    2.434783   0.163650    5.088850   1.940662
   1   17    2.316824   0.198256  100.000000 100.000000
   1   18    2.217229   0.114423  100.000000   5.795369
   1   19    2.167199   0.110551    2.492710   2.049018
   1   20    2.037009   0.189399  100.000000 100.000000
   1   21    1.939801   0.105377  100.000000 100.000000
   1   22    1.864213   0.157441  100.000000 100.000000
   1   23    1.733907   0.197146    5.227848   4.518028
   1   24    1.629762   0.156441  100.000000   4.758356
   1   25    1.586453   0.141093  100.000000   4.052174
   1   26    1.436604   0.193945    5.931054 100.000000
   1   27    1.352398   0.140401    2.204820   3.035700
   1   28    1.234249   0.106464    3.571242   1.330769
   1   29    1.198285   0.138562    4.551379   5.180205
   1   30    1.050835   0.141917  100.000000 100.000000
   1   31    0.968581   0.106492  100.000000   1.833837
   1   32    0.879779   0.145561    3.755409   5.052926
   1   33    0.725984   0.127419    1.062946 100.000000
   1   34    0.680991   0.163786    5.242023   5.186460
   1   35    0.546675   0.170710  100.000000 100.000000
   1   36    0.432835   0.171396    3.936726   5.567684
   1   37    0.307182   0.112933  100.000000 100.000000
   1   38    0.245889   0.140603  100.000000   4.085953
   1   39    0.131671   0.142216  100.000000 100.000000
   1   40    0.093609   0.121613  100.000000   3.781354
   2    0    4.076651   0.240881    5.760668   2.439515
   2    1    3.988703   0.214482  100.000000 100.000000
   2    2    3.890556   0.283014    1.740681   3.632496
   2    3    3.706286   0.280535    4.987744 100.000000
   2    4    3.666156   0.276726  100.000000 100.000000
   2    5    3.559596   0.277260    5.243939   5.946185
   2    6    3.445889   0.256521    2.861428   2.232810
   2    7    3.374500   0.293291  100.000000 100.000000
   2    8    3.213318   0.267640  100.000000 100.000000
   2    9    3.163509   0.288390    3.051178   1.859666
   2   10    3.011133   0.221730    3.150685 100.000000
   2   11    2.971193   0.243214  100.000000 100.000000
   2   12    2.888694   0.203441    3.001353   5.257644
   2   13    2.702158   0.286471    3.685462   3.863834
   2   14    2.614118   0.240629  100.000000   5.609290
   2   15    2.519798   0.219882    5.938074 100.000000
   2   16    2.415777   0.226546    3.633482   5.708535
   2   17    2.360960   0.282924    1.461254 100.000000
   2   18    2.242972   0.285691    4.538764   2.690173
   2   19    2.123993   0.274645  100.000000 100.000000
   2   20    2.058802   0.237177  100.000000 100.000000
   2   21    1.958249   0.259615  100.000000 100.000000
   2   22    1.854713   0.272711    4.220984   1.329746
   2   23    1.716917   0.275297    3.305346 100.000000
   2   24    1.686773   0.247225    3.696385   5.529530
   2   25    1.535045   0.284937    1.882117   3.424047
   2   26    1.416377   0.240898    3.343736 100.000000
   2   27    1.304703   0.298488    1.401259 100.000000
   2   28    1.249443   0.284919  100.000000 100.000000
   2   29    1.138205   0.249041    1.666525   4.911487
   2   30    1.021405   0.292548  100.000000 100.000000
   2   31    0.922552   0.283088  100.000000   4.306793
   2   32    0.842232   0.213456    1.203102 100.000000
   2   33    0.734434   0.218636  100.000000 100.000000
   2   34    0.608177   0.242261    1.528450   2.235969
   2   35    0.575719   0.256621  100.000000 100.000000
   2   36    0.490667   0.295983    5.928257 100.000000
   2   37    0.374635   0.228417  100.000000   2.572561
   2   38    0.245048   0.215141    4.843678   1.953486
   2   39    0.123711   0.285696    2.694919 100.000000
   2   40    0.099829   0.293271  100.000000 100.000000
   3    0    4.024226   0.300065    1.000127   5.108778
   3    1    3.925819   0.376010    5.397200 100.000000
   3    2    3.857680   0.316743  100.000000   1.069202
   3    3    3.763331   0.329580  100.000000 100.000000
   3    4    3.638337   0.348198  100.000000 100.000000
   3    5    3.564457   0.320370  100.000000 100.000000
   3    6    3.438806   0.321611  100.000000   5.501078
   3    7    3.365609   0.312636  100.000000 100.000000
   3    8    3.235295   0.339332  100.000000 100.000000
   3    9    3.105845   0.376118  100.000000 100.000000
   3   10    3.044090   0.370947  100.000000 100.000000
   3   11    2.933994   0.314634    2.521590 100.000000
   3   12    2.823078   0.312610    5.480757 100.000000
   3   13    2.743092   0.328546    1.128135   2.943027
   3   14    2.665994   0.343128  100.000000 100.000000
   3   15    2.581121   0.356537  100.000000 100.000000
   3   16    2.453739   0.357868  100.000000 100.000000
   3   17    2.371220   0.362370  100.000000 100.000000
   3   18    2.239124   0.312356  100.000000 100.000000
   3   19    2.107390   0.330170    3.549884   5.176700
   3   20    2.010419   0.388493  100.000000   3.158003
   3   21    1.917183   0.305189    2.230025 100.000000
   3   22    1.852242   0.366727    5.050910   5.953002
   3   23    1.724146   0.325782    2.225555   4.810125
   3   24    1.685886   0.358926    2.045603 100.000000
   3   25    1.558072   0.302325    3.862008   4.875487
   3   26    1.476182   0.395452  100.000000 100.000000
   3   27    1.378826   0.335122    4.185144   1.218197
   3   28    1.294162   0.321242  100.000000   5.261752
   3   29    1.113098   0.354161  100.000000   3.045213
   3   30    1.006890   0.302226    2.363354 100.000000
   3   31    0.952063   0.314190  100.000000 100.000000
   3   32    0.850962   0.331795    2.931303 100.000000
   3   33    0.776224   0.354909    5.106351 100.000000
   3   34    0.616055   0.312400  100.000000   2.435927
   3   35    0.560847   0.381854  100.000000   3.441273
   3   36    0.448640   0.384983    5.206610   4.451042
   3   37    0.351983   0.360447  100.000000   5.016437
   3   38    0.265928   0.327401  100.000000 100.000000
   3   39    0.181073   0.387233    3.396910 100.000000
   3   40    0.046927   0.333016  100.000000 100.000000
   4    0    4.048752   0.452372  100.000000   3.024370
   4    1    3.976741   0.417401  100.000000   1.453240
   4    2    3.890473   0.429610    3.892161   3.678228
   4    3    3.742446   0.414062    4.490437   5.442523
   4    4    3.674992   0.401882    1.004456 100.000000
   4    5    3.577414   0.420855  100.000000   2.657115
   4    6    3.463712   0.405387    5.347485   1.927605
   4    7    3.335504   0.467656  100.000000 100.000000
   4    8    3.250621   0.417763    5.875486 100.000000
   4    9    3.170710   0.446690  100.000000 100.000000
   4   10    3.074262   0.460716  100.000000 100.000000
   4   11    2.939021   0.466323  100.000000   4.434416
   4   12    2.895077   0.468556  100.000000 100.000000
   4   13    2.764138   0.447563  100.000000 100.000000
   4   14    2.684777   0.478146  100.000000 100.000000
   4   15    2.535864   0.482289    4.065625 100.000000
   4   16    2.485534   0.484857  100.000000   4.701238
   4   17    2.376897   0.464977  100.000000   3.883562
   4   18    2.259904   0.492665  100.000000 100.000000
   4   19    2.183728   0.479149  100.000000 100.000000
   4   20    2.003603   0.424220  100.000000   2.517598
   4   21    1.922743   0.438085  100.000000 100.000000
   4   22    1.866209   0.494733  100.000000   5.068188
   4   23    1.757101   0.415619    1.859170   5.264423
   4   24    1.673600   0.429084    3.212307 100.000000
   4   25    1.560732   0.411360    4.258213 100.000000
   4   26    1.440160   0.425282  100.000000   5.166130
   4   27    1.343022   0.439631  100.000000 100.000000
   4   28    1.222044   0.469996  100.000000 100.000000
   4   29    1.151392   0.406353  100.000000 100.000000
   4   30    1.072946   0.432591    1.327717 100.000000
   4   31    0.901639   0.456037  100.000000 100.000000
   4   32    0.854067   0.405093  100.000000   4.199817
   4   33    0.758214   0.442982  100.000000 100.000000
   4   34    0.627015   0.469762    1.977632 100.000000
   4   35    0.544697   0.488508  100.000000   3.760262
   4   36    0.484607   0.451107  100.000000 100.000000
   4   37    0.369188   0.481078  100.000000   2.532710
   4   38    0.209557   0.468704  100.000000 100.000000
   4   39    0.191919   0.479630    3.157834 100.000000
   4   40    0.058999   0.493543    4.007431 100.000000
   5    0    4.055589   0.541050    1.361574   1.597681
   5    1    3.998774   0.503458  100.000000   3.880666
   5    2    3.833353   0.571323  100.000000 100.000000
   5    3    3.771870   0.537582    1.627404   5.624806
   5    4    3.620740   0.500732  100.000000 100.000000
   5    5    3.557325   0.541914    5.612631   4.970916
   5    6    3.490466   0.567730  100.000000   4.299888
   5    7    3.328502   0.516632    3.822292   4.452493
   5    8    3.230260   0.516173    1.498839   5.766486
   5    9    3.186127   0.501466  100.000000   1.626228
   5   10    3.042354   0.545459    1.465524 100.000000
   5   11    2.944131   0.551013    1.172595 100.000000
   5   12    2.873474   0.586469  100.000000   4.435241
   5   13    2.730415   0.559097  100.000000 100.000000
   5   14    2.610892   0.579291  100.000000   4.198662
   5   15    2.557033   0.560568  100.000000   4.737838
   5   16    2.433491   0.557001    2.738021 100.000000
   5   17    2.318656   0.577584  100.000000 100.000000
   5   18    2.221287   0.593619  100.000000   3.891640
   5   19    2.118857   0.563734  100.000000 100.000000
   5   20    2.080130   0.531430  100.000000 100.000000
   5   21    1.953670   0.509287  100.000000 100.000000
   5   22    1.884359   0.514089  100.000000   1.966243
   5   23    1.754448   0.513939  100.000000   5.199990
   5   24    1.615558   0.506576  100.000000 100.000000
   5   25    1.575272   0.579182    1.067953   3.951876
   5   26    1.404165   0.529212    1.441765 100.000000
   5   27    1.376482   0.575291  100.000000   4.216452
   5   28    1.234892   0.595305    5.521663   2.867816
   5   29    1.154057   0.513378    4.446252   4.208204
   5   30    1.088606   0.533103    2.196287 100.000000
   5   31    0.905896   0.572617  100.000000   2.148791
   5   32    0.837432   0.504204    2.290960   3.624922
   5   33    0.720068   0.531148  100.000000   4.677240
   5   34    0.669544   0.543262  100.000000   2.299965
   5   35    0.519665   0.505409  100.000000 100.000000
   5   36    0.424771   0.599656  100.000000 100.000000
   5   37    0.334252   0.512118  100.000000   5.640282
   5   38    0.250778   0.582153    2.265040   5.995111
   5   39    0.166526   0.567275  100.000000   4.684175
   5   40    0.031203   0.570724    2.471298   3.971344
   6    0    4.014563   0.672252    4.534976   2.984964
   6    1    3.958836   0.669270    3.951571 100.000000
   6    2    3.812868   0.699929    3.171804   3.067719
   6    3    3.792874   0.622774  100.000000 100.000000
   6    4    3.670172   0.610901  100.000000 100.000000
   6    5    3.594395   0.623751  100.000000   4.254869
   6    6    3.448888   0.698725    5.858376 100.000000
   6    7    3.343750   0.625483    3.725657   5.950510
   6    8    3.298934   0.698339  100.000000 100.000000
   6    9    3.113047   0.602334    3.489264   1.320842
   6   10    3.019408   0.689590  100.000000   5.962514
   6   11    2.984507   0.632069  100.000000   1.208056
   6   12    2.807704   0.639454    3.062939   5.533523
   6   13    2.701917   0.642252  100.000000 100.000000
   6   14    2.689712   0.659068    1.960400   1.112343
   6   15    2.503153   0.687083    4.144291 100.000000
   6   16    2.453507   0.609770    1.116702 100.000000
   6   17    2.399140   0.670245  100.000000 100.000000
   6   18    2.250951   0.617717  100.000000   4.729201
   6   19    2.126869   0.679943  100.000000   3.403309
   6   20    2.039927   0.603680  100.000000   4.669695
   6   21    1.961907   0.623000  100.000000   3.985581
   6   22    1.804532   0.692279    5.237531   2.570552
   6   23    1.775565   0.697279    4.511801 100.000000
   6   24    1.638743   0.658210    5.539993   3.567361
   6   25    1.567492   0.686698    3.022055   2.087022
   6   26    1.456835   0.611422    5.793861   1.959866
   6   27    1.313259   0.619912  100.000000 100.000000
   6   28    1.292186   0.625415    3.615490 100.000000
   6   29    1.101111   0.612518  100.000000   2.618068
   6   30    1.023082   0.648488  100.000000   5.899050
   6   31    0.914442   0.612866  100.000000   2.190219
   6   32    0.800501   0.667685  100.000000   3.553904
   6   33    0.789485   0.627093    4.399000   1.322217
   6   34    0.661983   0.690861  100.000000 100.000000
   6   35    0.546084   0.613912  100.000000 100.000000
   6   36    0.462532   0.680071  100.000000 100.000000
   6   37    0.307592   0.633383    1.349396   3.628877
   6   38    0.206299   0.683560  100.000000 100.000000
   6   39    0.151886   0.637725    3.096131   5.666388
   6   40    0.091824   0.633750    4.219617   4.188745
   7    0    4.028395   0.725880    3.387867   5.401440
   7    1    3.977027   0.717360    1.009251   4.125863
   7    2    3.876424   0.759934    5.774267   2.061084
   7    3    3.796728   0.724258  100.000000   5.772886
   7    4    3.652335   0.736503    4.172991 100.000000
   7    5    3.517740   0.792117  100.000000 100.000000
   7    6    3.477894   0.751776  100.000000 100.000000
   7    7    3.397469   0.753826    2.316985   5.978678
   7    8    3.215116   0.780313  100.000000   5.276336
   7    9    3.146146   0.786099    3.983944 100.000000
   7   10    3.042361   0.780616  100.000000 100.000000
   7   11    2.946965   0.727785    1.471340   1.483781
   7   12    2.883222   0.735718  100.000000 100.000000
   7   13    2.700254   0.713061    5.158739   1.445334
   7   14    2.655219   0.762807    3.937634 100.000000
   7   15    2.524997   0.707879  100.000000 100.000000
   7   16    2.409232   0.749994    2.097596   2.138313
   7   17    2.306859   0.769889    4.843871   1.235234
   7   18    2.292315   0.797934    3.007839 100.000000
   7   19    2.154070   0.784746  100.000000 100.000000
   7   20    2.010616   0.756790  100.000000 100.000000
   7   21    1.961740   0.743366    2.896018 100.000000
   7   22    1.832211   0.743430  100.000000   2.557794
   7   23    1.775266   0.797294    1.823537   2.727139
   7   24    1.645706   0.783854  100.000000 100.000000
   7   25    1.513798   0.777159    4.614769 100.000000
   7   26    1.409042   0.700949  100.000000 100.000000
   7   27    1.357938   0.790097    1.220809 100.000000
   7   28    1.206926   0.712522  100.000000 100.000000
   7   29    1.165550   0.789597  100.000000   2.544596
   7   30    1.068112   0.770829    3.168759 100.000000
   7   31    0.952477   0.714225  100.000000 100.000000
   7   32    0.889513   0.767750    4.049083   2.656091
   7   33    0.715274   0.797098    3.339034 100.000000
   7   34    0.641575   0.720402    2.070024   3.545988
   7   35    0.590929   0.767121    4.671135   1.840309
   7   36    0.406708   0.779055    2.806532 100.000000
   7   37    0.375469   0.791579  100.000000 100.000000
   7   38    0.245627   0.711380    5.697804   4.696260
   7   39    0.141941   0.755450    3.803519   1.390508
   7   40    0.074166   0.764478    4.137717   1.636594
   8    0    4.040083   0.868181    4.075273 100.000000
   8    1    3.985787   0.830342    1.728085   4.631228
   8    2    3.874821   0.800135    4.376347 100.000000
   8    3    3.710629   0.865073  100.000000 100.000000
   8    4    3.687533   0.831332  100.000000 100.000000
   8    5    3.543034   0.857482    5.830571   2.466965
   8    6    3.420997   0.811071    1.978228   3.738722
   8    7    3.365128   0.840627    2.140918   4.606512
   8    8    3.251203   0.889361    1.074019   4.060542
   8    9    3.105267   0.811260    1.607684   3.095429
   8   10    3.050543   0.847448  100.000000 100.000000
   8   11    2.934929   0.893552    2.843847 100.000000
   8   12    2.897868   0.806610  100.000000   4.889573
   8   13    2.760000   0.814072    4.376946   1.610202
   8   14    2.636163   0.838256    2.876067 100.000000
   8   15    2.507957   0.891258    2.908085 100.000000
   8   16    2.464952   0.833232    2.224062 100.000000
   8   17    2.392909   0.856055    5.303998 100.000000
   8   18    2.271872   0.812563  100.000000   4.125671
   8   19    2.160295   0.886398  100.000000 100.000000
   8   20    2.083351   0.884999    1.595157   3.456297
   8   21    1.917599   0.888293  100.000000 100.000000
   8   22    1.846568   0.854669  100.000000 100.000000
   8   23    1.759957   0.855601    1.299811 100.000000
   8   24    1.626336   0.867044  100.000000   4.112385
   8   25    1.559372   0.832284  100.000000 100.000000
   8   26    1.450142   0.828555    4.622024 100.000000
   8   27    1.369336   0.816583    3.028753   4.043749
   8   28    1.210830   0.842409    4.494022 100.000000
   8   29    1.127891   0.848313    1.642121 100.000000
   8   30    1.054599   0.851588  100.000000 100.000000
   8   31    0.969441   0.881547  100.000000   3.275557
   8   32    0.837911   0.824956    5.451151 100.000000
   8   33    0.732046   0.876665    1.918975 100.000000
   8   34    0.632514   0.849549    4.060056   5.480951
   8   35    0.532395   0.818444  100.000000 100.000000
   8   36    0.460781   0.870125  100.000000 100.000000
   8   37    0.388046   0.898411  100.000000   1.954996
   8   38    0.268086   0.829780  100.000000 100.000000
   8   39    0.122091   0.864150  100.000000   4.732292
   8   40    0.048836   0.873184    2.711120   1.857568
   9    0    4.079757   0.980114    5.769078 100.000000
   9    1    3.947997   0.983805  100.000000 100.000000
   9    2    3.804829   0.991197    4.372280   3.754096
   9    3    3.782812   0.901463  100.000000 100.000000
   9    4    3.653053   0.921603    3.505564   5.393345
   9    5    3.558062   0.996829  100.000000   5.699527
   9    6    3.425948   0.924956    2.651520 100.000000
   9    7    3.347639   0.957676  100.000000 100.000000
   9    8    3.250406   0.904433  100.000000 100.000000
   9    9    3.169611   0.921536    4.305698   1.289312
   9   10    3.005891   0.967578  100.000000   5.937876
   9   11    2.910607   0.970248  100.000000 100.000000
   9   12    2.841303   0.960706    3.246247   2.320034
   9   13    2.784388   0.931040  100.000000   4.898474
   9   14    2.687483   0.904382    3.259796   1.866059
   9   15    2.574189   0.980756    3.193531 100.000000
   9   16    2.423351   0.985369    4.793688 100.000000
   9   17    2.355676   0.956641    4.242670 100.000000
   9   18    2.225992   0.901209  100.000000 100.000000
   9   19    2.180668   0.912497  100.000000 100.000000
   9   20    2.063494   0.963462    5.788579   5.610390
   9   21    1.993267   0.933275    4.851499   3.688437
   9   22    1.843949   0.922547  100.000000 100.000000
   9   23    1.790651   0.918065  100.000000   4.713585
   9   24    1.668836   0.977982    3.880189   3.618375
   9   25    1.547199   0.918621    2.825640   5.383623
   9   26    1.430773   0.904553    3.680656 100.000000
   9   27    1.327405   0.922540    3.928841   4.306686
   9   28    1.285949   0.904701  100.000000 100.000000
   9   29    1.151955   0.911136  100.000000   4.465670
   9   30    1.059423   0.954430  100.000000 100.000000
   9   31    0.971150   0.997509    3.553195   1.205043
   9   32    0.812251   0.969883    3.325493   1.170998
   9   33    0.751601   0.963322    4.906422   4.744386
   9   34    0.663573   0.993886  100.000000 100.000000
   9   35    0.520827   0.947498  100.000000   5.154145
   9   36    0.475008   0.995153    4.981625   1.967440
   9   37    0.322770   0.986954  100.000000   3.582908
   9   38    0.281996   0.904961  100.000000   3.415447
   9   39    0.184181   0.947481    1.069977 100.000000
   9   40    0.061867   0.983267    4.571614 100.000000
  10    0    4.088020   1.016811    5.898127   1.051797
  10    1    3.980034   1.032710    4.173563   5.524138
  10    2    3.829377   1.017718  100.000000   3.315994
  10    3    3.714014   1.029851    5.161407   1.244910
  10    4    3.606575   1.051971    5.682828   3.496723
  10    5    3.559928   1.042530    1.306948 100.000000
  10    6    3.493102   1.069578  100.000000 100.000000
  10    7    3.372878   1.028111    1.089817 100.000000
  10    8    3.233186   1.047136    4.580781   1.153889
  10    9    3.164131   1.068664  100.000000 100.000000
  10   10    3.054497   1.008391  100.000000   2.969604
  10   11    2.919875   1.032031    5.618967 100.000000
  10   12    2.846641   1.087884  100.000000   1.735053
  10   13    2.761629   1.094841    3.209957   3.191545
  10   14    2.691577   1.052688  100.000000 100.000000
  10   15    2.586173   1.018686    4.096160 100.000000
  10   16    2.474472   1.064497    1.693021 100.000000
  10   17    2.350461   1.029966    1.192597   4.379331
  10   18    2.208745   1.099143  100.000000   5.089657
  10   19    2.100981   1.080004    1.220916 100.000000
  10   20    2.054940   1.019165    3.356679 100.000000
  10   21    1.956225   1.011886  100.000000   3.461555
  10   22    1.888901   1.033095  100.000000   1.643975
  10   23    1.729068   1.049868  100.000000   2.277034
  10   24    1.641893   1.095518  100.000000 100.000000
  10   25    1.536751   1.085342    5.319047 100.000000
  10   26    1.468357   1.093267  100.000000   2.789426
  10   27    1.389279   1.042847  100.000000   5.734894
  10   28    1.260530   1.038265  100.000000   3.793836
  10   29    1.167961   1.020969  100.000000 100.000000
  10   30    1.081618   1.021691  100.000000   3.869977
  10   31    0.944269   1.089073    3.459564   2.486128
  10   32    0.812495   1.092839    4.552360   1.149330
  10   33    0.782079   1.090721    4.682435   2.213169
  10   34    0.685844   1.096659    4.108865 100.000000
  10   35    0.562922   1.081158    1.321320 100.000000
  10   36    0.491936   1.083292  100.000000 100.000000
  10   37    0.390635   1.050710  100.000000   2.628232
  10   38    0.257325   1.073805    1.447173   5.800835
  10   39    0.183677   1.045897    3.507813 100.000000
  10   40    0.046907   1.018999  100.000000 100.000000
  11    0    4.019578   1.159360  100.000000 100.000000
  11    1    3.995227   1.138303    1.399990   1.762582
  11    2    3.874354   1.172188    4.479708   2.108569
  11    3    3.742060   1.155579    4.836693 100.000000
  11    4    3.637100   1.183328    1.132513 100.000000
  11    5    3.560927   1.159637    3.242333   5.048176
  11    6    3.468082   1.120979    2.733352   1.924615
  11    7    3.316136   1.159916  100.000000 100.000000
  11    8    3.283036   1.187713    4.060130 100.000000
  11    9    3.174503   1.128667    3.461518   2.292183
  11   10    3.011543   1.136517  100.000000 100.000000
  11   11    2.924540   1.129857  100.000000 100.000000
  11   12    2.834720   1.114106    3.256001 100.000000
  11   13    2.741316   1.165160    1.529054 100.000000
  11   14    2.662634   1.113522  100.000000   2.418836
  11   15    2.529468   1.147737  100.000000 100.000000
  11   16    2.421944   1.176464    4.831670 100.000000
  11   17    2.312392   1.117877  100.000000   1.007585
  11   18    2.253277   1.112591  100.000000 100.000000
  11   19    2.179729   1.143853  100.000000   3.319914
  11   20    2.003816   1.171859  100.000000 100.000000
  11   21    1.935375   1.165767    2.881149   2.426147
  11   22    1.852476   1.126943  100.000000 100.000000
  11   23    1.717339   1.153900  100.000000   1.252136
  11   24    1.686113   1.193827    3.821464   3.975775
  11   25    1.552680   1.175816    5.144989   3.809567
  11   26    1.426297   1.130160    4.363589   1.183945
  11   27    1.377923   1.169993    3.346367   5.100004
  11   28    1.288712   1.126713  100.000000   4.124313
  11   29    1.115182   1.148312  100.000000 100.000000
  11   30    1.013616   1.145456    2.586633   1.859308
  11   31    0.945963   1.145133    5.827157 100.000000
  11   32    0.809046   1.149395    4.578619   4.545695
  11   33    0.701704   1.185815  100.000000 100.000000
  11   34    0.609573   1.181341  100.000000 100.000000
  11   35    0.549526   1.115724    5.278241   3.708910
  11   36    0.409459   1.116415  100.000000   4.398196
  11   37    0.333348   1.170227    3.931440   2.903405
  11   38    0.274280   1.183403  100.000000 100.000000
  11   39    0.175485   1.108651  100.000000 100.000000
  11   40    0.093320   1.161558  100.000000   2.380214
  12    0    4.045600   1.211947    3.408087 100.000000
  12    1    3.937577   1.243350  100.000000   1.442510
  12    2    3.828989   1.250922    1.700765   4.928353
  12    3    3.765047   1.201878  100.000000 100.000000
  12    4    3.677031   1.245723    4.755639 100.000000
  12    5    3.554485   1.296990  100.000000 100.000000
  12    6    3.456828   1.246611    3.021444   2.467821
  12    7    3.345155   1.294199  100.000000 100.000000
  12    8    3.202015   1.266326  100.000000 100.000000
  12    9    3.172633   1.251429    3.501547 100.000000
  12   10    3.065389   1.211975    1.762045 100.000000
  12   11    2.975260   1.239083    1.402562 100.000000
  12   12    2.814176   1.216996  100.000000   2.682219
  12   13    2.754289   1.210316    2.529533 100.000000
  12   14    2.619747   1.292750    1.904029   1.958083
  12   15    2.516299   1.281384    2.517724   1.430213
  12   16    2.495660   1.227611    2.526065 100.000000
  12   17    2.370755   1.276804  100.000000   2.199338
  12   18    2.298764   1.281504  100.000000   2.450010
  12   19    2.170592   1.270764  100.000000 100.000000
  12   20    2.081287   1.282068    1.343258 100.000000
  12   21    1.987316   1.255437    3.121832 100.000000
  12   22    1.899834   1.208708    1.922896   2.737059
  12   23    1.729093   1.290607  100.000000   3.575387
  12   24    1.603933   1.289266  100.000000 100.000000
  12   25    1.508725   1.222063  100.000000 100.000000
  12   26    1.433367   1.251483  100.000000   4.328999
  12   27    1.331966   1.224952  100.000000   2.651792
  12   28    1.248905   1.252604  100.000000   5.850598
  12   29    1.196390   1.237493  100.000000   3.285868
  12   30    1.003699   1.205517    3.375254   5.099306
  12   31    0.991766   1.211526    4.050241   3.102430
  12   32    0.846594   1.266026    2.575613 100.000000
  12   33    0.750545   1.259716    2.955026   3.238127
  12   34    0.634619   1.276750    1.790438   1.630774
  12   35    0.509689   1.236341    4.602891 100.000000
  12   36    0.447140   1.225992  100.000000   3.547228
  12   37    0.308807   1.221790    4.830702 100.000000
  12   38    0.220099   1.203228  100.000000   3.186518
  12   39    0.134777   1.280355    1.800318 100.000000
  12   40    0.010967   1.249173  100.000000 100.000000
  13    0    4.016147   1.361180  100.000000 100.000000
  13    1    3.961424   1.386308    1.720345 100.000000
  13    2    3.874089   1.354888  100.000000   4.411548
  13    3    3.711012   1.338392  100.000000   3.734368
  13    4    3.678516   1.306536    3.682780   1.604640
  13    5    3.516952   1.369164    1.312035 100.000000
  13    6    3.404772   1.330314    1.391869 100.000000
  13    7    3.366444   1.372006  100.000000   2.952562
  13    8    3.231138   1.335054  100.000000 100.000000
  13    9    3.187236   1.302511  100.000000   3.187221
  13   10    3.030367   1.362753    4.324357 100.000000
  13   11    2.976269   1.313437  100.000000 100.000000
  13   12    2.803104   1.367702  100.000000 100.000000
  13   13    2.766736   1.316008  100.000000   1.434356
  13   14    2.643600   1.391556    5.110586   3.337734
  13   15    2.540994   1.334217    4.934041   3.167904
  13   16    2.482176   1.305787  100.000000   2.762863
  13   17    2.358394   1.307439  100.000000   1.120175
  13   18    2.272605   1.315500  100.000000   2.507341
  13   19    2.132831   1.344314  100.000000   2.464311
  13   20    2.074281   1.325457  100.000000 100.000000
  13   21    1.948549   1.390923    1.039595 100.000000
  13   22    1.805646   1.327993    3.106067   4.576826
  13   23    1.719198   1.383354  100.000000   2.678927
  13   24    1.675502   1.380899    5.398966 100.000000
  13   25    1.533530   1.377041  100.000000   4.905334
  13   26    1.408242   1.369459    5.579579 100.000000
  13   27    1.367817   1.308387    5.803409   5.013906
  13   28    1.298364   1.378216    5.959185   2.278163
  13   29    1.175166   1.327724  100.000000 100.000000
  13   30    1.079064   1.339341    2.497640 100.000000
  13   31    0.927347   1.349564    1.044605 100.000000
  13   32    0.814842   1.307761  100.000000   2.260869
  13   33    0.766577   1.306939    3.042560   1.737300
  13   34    0.690051   1.362528    5.512236 100.000000
  13   35    0.564756   1.315212    1.636140   3.806135
  13   36    0.439018   1.329502  100.000000   4.720706
  13   37    0.383361   1.311243    1.094096 100.000000
  13   38    0.228993   1.384957    1.741017   1.879122
  13   39    0.155331   1.353794  100.000000   1.579334
  13   40    0.007395   1.385844  100.000000   1.618557
  14    0    4.063607   1.492111  100.000000 100.000000
  14    1    3.923579   1.423431    1.248092 100.000000
  14    2    3.809973   1.490016    2.436934 100.000000
  14    3    3.754933   1.451165  100.000000   4.809568
  14    4    3.637992   1.497119  100.000000   1.309873
  14    5    3.525150   1.405441  100.000000 100.000000
  14    6    3.418920   1.438525    3.129102   5.572058
  14    7    3.306400   1.449884  100.000000 100.000000
  14    8    3.243781   1.432703  100.000000   2.173184
  14    9    3.107264   1.402747  100.000000   3.697618
  14   10    3.057468   1.428129    4.332990   3.349987
  14   11    2.922579   1.423007  100.000000 100.000000
  14   12    2.876027   1.438277  100.000000   1.629334
  14   13    2.750643   1.441028  100.000000   4.379489
  14   14    2.669386   1.445839  100.000000   1.960359
  14   15    2.506645   1.473156  100.000000 100.000000
  14   16    2.467103   1.477145    1.645880   4.585810
  14   17    2.309944   1.435026    5.368067   5.795451
  14   18    2.253677   1.414680    5.794538 100.000000
  14   19    2.101547   1.491696    2.856364 100.000000
  14   20    2.016417   1.448395  100.000000 100.000000
  14   21    1.979272   1.421084    2.368186   3.630522
  14   22    1.892379   1.499999    2.197553 100.000000
  14   23    1.780579   1.446725  100.000000   4.126954
  14   24    1.607113   1.479401  100.000000   1.242213
  14   25    1.558184   1.424145  100.000000   2.084657
  14   26    1.411593   1.427749  100.000000   2.694664
  14   27    1.350624   1.427690  100.000000   2.194558
  14   28    1.260366   1.450515    3.689316   4.301163
  14   29    1.185794   1.413440  100.000000   4.994197
  14   30    1.039720   1.441433    5.594361   2.685160
  14   31    0.900408   1.460412  100.000000   5.216354
  14   32    0.819479   1.456038  100.000000   1.820133
  14   33    0.750155   1.467321  100.000000   5.227854
  14   34    0.682098   1.494780  100.000000   5.070138
  14   35    0.520460   1.492956    5.960211 100.000000
  14   36    0.435689   1.474773  100.000000   5.986952
  14   37    0.342504   1.454135    4.473609   5.203297
  14   38    0.205019   1.419696    5.079732   4.424613
  14   39    0.182794   1.420166  100.000000   5.213153
  14   40    0.023299   1.458443  100.000000   3.319645
  15    0    4.083219   1.562426    1.941326   2.972650
  15    1    3.950111   1.565737    4.647902 100.000000
  15    2    3.804765   1.568758    2.354611   5.094557
  15    3    3.743978   1.532426  100.000000   2.947370
  15    4    3.637695   1.554263    4.991768 100.000000
  15    5    3.589322   1.564097  100.000000 100.000000
  15    6    3.478409   1.547752  100.000000 100.000000
  15    7    3.345158   1.585208  100.000000 100.000000
  15    8    3.263275   1.532404  100.000000   1.212133
  15    9    3.155274   1.595185    1.809549   3.837283
  15   10    3.053208   1.546954    5.157175 100.000000
  15   11    2.920897   1.534783  100.000000 100.000000
  15   12    2.809441   1.553707  100.000000 100.000000
  15   13    2.797192   1.542870    4.708028   4.233679
  15   14    2.671014   1.554274  100.000000 100.000000
  15   15    2.502914   1.565317    4.359887   5.319984
  15   16    2.437476   1.551755    1.526048   5.882120
  15   17    2.387235   1.564355  100.000000 100.000000
  15   18    2.225053   1.563944  100.000000   3.006519
  15   19    2.137363   1.561731  100.000000   3.918839
  15   20    2.004693   1.544227  100.000000   5.411492
  15   21    1.917642   1.565279  100.000000 100.000000
  15   22    1.877496   1.585895  100.000000   2.764584
  15   23    1.780947   1.538239    4.871471   4.197187
  15   24    1.627783   1.573318    4.835904   1.279153
  15   25    1.539308   1.526669  100.000000   3.693570
  15   26    1.495311   1.575190    2.748057   2.391679
  15   27    1.386316   1.574358    5.063503 100.000000
  15   28    1.211321   1.508069  100.000000 100.000000
  15   29    1.196767   1.501821  100.000000 100.000000
  15   30    1.006010   1.592072    3.821509   3.956571
  15   31    0.927455   1.557817  100.000000 100.000000
  15   32    0.877450   1.544815    5.310228 100.000000
  15   33    0.710426   1.521049  100.000000   2.176670
  15   34    0.617949   1.549649    3.137203   3.827568
  15   35    0.575967   1.507493    1.424054   5.372498
  15   36    0.494132   1.506141  100.000000   3.090901
  15   37    0.317492   1.513575    4.463102   1.900186
  15   38    0.275046   1.544182  100.000000   1.682675
  15   39    0.156480   1.568488    5.517241 100.000000
  15   40    0.020139   1.596975  100.000000   4.458501
  16    0    4.089246   1.695077    4.078801   5.374408
  16    1    3.939250   1.684990  100.000000   1.856514
  16    2    3.815322   1.645805    2.176122   3.507608
  16    3    3.735846   1.630978  100.000000   1.114074
  16    4    3.678343   1.615446    1.180243 100.000000
  16    5    3.521772   1.679639  100.000000 100.000000
  16    6    3.436794   1.616690  100.000000   5.801175
  16    7    3.338706   1.655064    1.463092 100.000000
  16    8    3.221537   1.600075    4.817663 100.000000
  16    9    3.149765   1.626057    3.836805 100.000000
  16   10    3.032136   1.637487    2.487024   3.431460
  16   11    2.923660   1.656299  100.000000 100.000000
  16   12    2.895500   1.627048    5.733617 100.000000
  16   13    2.729519   1.633649  100.000000   2.212089
  16   14    2.674496   1.615112    5.323210   4.558642
  16   15    2.503982   1.666842  100.000000   4.043438
  16   16    2.422682   1.635965  100.000000 100.000000
  16   17    2.374134   1.664502    3.131928   2.583326
  16   18    2.271500   1.654966    5.971386 100.000000
  16   19    2.120788   1.627976    1.426691 100.000000
  16   20    2.052826   1.649501  100.000000   3.327152
  16   21    1.959175   1.675074    4.037143 100.000000
  16   22    1.847402   1.678686  100.000000   4.074980
  16   23    1.784399   1.686543  100.000000 100.000000
  16   24    1.695065   1.637753    5.412728   5.824289
  16   25    1.531875   1.679578  100.000000   5.782669
  16   26    1.488420   1.680660  100.000000 100.000000
  16   27    1.365438   1.616937    2.833279 100.000000
  16   28    1.261817   1.666538    4.631307   3.325683
  16   29    1.166132   1.648341  100.000000   4.926171
  16   30    1.048261   1.664303    3.242023   4.749308
  16   31    0.949277   1.628929    1.129923   3.599101
  16   32    0.856667   1.641844    1.562696   5.577223
  16   33    0.773909   1.645333    3.544418 100.000000
  16   34    0.692462   1.643902  100.000000   5.527225
  16   35    0.502591   1.630074    1.833966 100.000000
  16   36    0.471921   1.609684  100.000000   5.521216
  16   37    0.324292   1.690296  100.000000   4.007640
  16   38    0.265851   1.646092    1.752172 100.000000
  16   39    0.164006   1.685915  100.000000 100.000000
  16   40    0.054505   1.679831  100.000000 100.000000
  17    0    4.058570   1.750025    4.887800 100.000000
  17    1    3.968325   1.781570  100.000000 100.000000
  17    2    3.895104   1.762669    5.458068   5.138210
  17    3    3.728996   1.791925  100.000000 100.000000
  17    4    3.664082   1.732439    3.492143 100.000000
  17    5    3.500541   1.700942    4.973056 100.000000
  17    6    3.438378   1.740731    4.320804   5.449841
  17    7    3.376451   1.785641  100.000000   4.203482
  17    8    3.274470   1.741869    1.673792   2.463678
  17    9    3.171024   1.759035    4.619801   5.707970
  17   10    3.023046   1.729522    1.679894   2.004668
  17   11    2.957225   1.764928  100.000000   1.619504
  17   12    2.891219   1.723132  100.000000 100.000000
  17   13    2.785332   1.753354  100.000000 100.000000
  17   14    2.653083   1.799686    3.096993 100.000000
  17   15    2.507097   1.770465    5.361604   1.788315
  17   16    2.491551   1.740490    5.739200   1.120675
  17   17    2.396284   1.775738    4.485717   4.558745
  17   18    2.284900   1.769584    3.575919   4.965080
  17   19    2.196224   1.711153    3.812063 100.000000
  17   20    2.058082   1.791598    2.895449 100.000000
  17   21    1.917661   1.796436  100.000000 100.000000
  17   22    1.815009   1.794752    3.179154 100.000000
  17   23    1.780620   1.737722    3.632476   2.810641
  17   24    1.676653   1.750038  100.000000   5.237031
  17   25    1.570375   1.715471    4.762002   3.522083
  17   26    1.441323   1.720580  100.000000   5.790184
  17   27    1.336931   1.790352    4.369187   5.013796
  17   28    1.247572   1.766109    5.379167 100.000000
  17   29    1.100042   1.763597  100.000000   3.914594
  17   30    1.078967   1.715513  100.000000 100.000000
  17   31    0.951529   1.740497  100.000000   3.985349
  17   32    0.818267   1.715059  100.000000   1.825531
  17   33    0.731445   1.761380  100.000000   1.264707
  17   34    0.601009   1.796311    5.494009 100.000000
  17   35    0.554527   1.733383    2.495816 100.000000
  17   36    0.431685   1.715098  100.000000 100.000000
  17   37    0.380288   1.736535    1.351027 100.000000
  17   38    0.293840   1.770178    1.837221 100.000000
  17   39    0.139051   1.751624  100.000000   3.254807
  17   40    0.045726   1.732417  100.000000   1.900776
  18    0    4.067113   1.840561  100.000000   4.042801
  18    1    3.910423   1.884619    2.380950   2.079613
  18    2    3.863383   1.868644    2.678047 100.000000
  18    3    3.730582   1.823287    4.508491 100.000000
  18    4    3.654289   1.861259  100.000000   1.301949
  18    5    3.562153   1.879636  100.000000 100.000000
  18    6    3.405612   1.837323  100.000000   2.685304
  18    7    3.386892   1.889965  100.000000   1.138500
  18    8    3.221493   1.845530  100.000000 100.000000
  18    9    3.193955   1.804114  100.000000 100.000000
  18   10    3.090501   1.816739  100.000000   4.319947
  18   11    2.925497   1.860513  100.000000 100.000000
  18   12    2.888648   1.870829  100.000000   5.540080
  18   13    2.798414   1.889559    3.966077 100.000000
  18   14    2.665866   1.888457  100.000000   1.547404
  18   15    2.509969   1.840122  100.000000   3.100619
  18   16    2.470918   1.831445  100.000000 100.000000
  18   17    2.363962   1.860315  100.000000 100.000000
  18   18    2.212076   1.824712    5.798982   2.119250
  18   19    2.171121   1.807096  100.000000   1.854611
  18   20    2.002890   1.897186  100.000000 100.000000
  18   21    1.985057   1.883551    2.889238   4.185517
  18   22    1.828845   1.872503  100.000000 100.000000
  18   23    1.717197   1.837760  100.000000   4.409969
  18   24    1.678742   1.836823    1.893251 100.000000
  18   25    1.531808   1.811601  100.000000   1.643210
  18   26    1.411591   1.832709    1.573573 100.000000
  18   27    1.362864   1.807781    3.434282 100.000000
  18   28    1.270859   1.840787    4.147809   1.160870
  18   29    1.142745   1.882667    3.145846 100.000000
  18   30    1.027480   1.872152    3.667828 100.000000
  18   31    0.910622   1.804599  100.000000   2.753849
  18   32    0.879339   1.801607    3.120060   3.872675
  18   33    0.780040   1.863340    3.781551 100.000000
  18   34    0.690523   1.879883    5.029189 100.000000
  18   35    0.587460   1.869754  100.000000 100.000000
  18   36    0.436717   1.814648    5.788546   5.693522
  18   37    0.363766   1.850446  100.000000   4.921123
  18   38    0.255809   1.811805  100.000000   4.423779
  18   39    0.106773   1.829502    5.612282   4.303611
  18   40    0.019910   1.825923  100.000000 100.000000
  19    0    4.020010   1.944407  100.000000   4.205364
  19    1    3.990688   1.956904  100.000000 100.000000
  19    2    3.895654   1.948891  100.000000 100.000000
  19    3    3.776112   1.932861  100.000000 100.000000
  19    4    3.638561   1.966857    5.824672 100.000000
  19    5    3.583249   1.915846  100.000000 100.000000
  19    6    3.425728   1.957517    2.741858   1.886071
  19    7    3.379709   1.972532  100.000000 100.000000
  19    8    3.271591   1.942506    1.516052 100.000000
  19    9    3.172836   1.959874  100.000000 100.000000
  19   10    3.095782   1.933125    5.737553 100.000000
  19   11    2.979662   1.956528    5.013941   1.920674
  19   12    2.840438   1.953546  100.000000 100.000000
  19   13    2.762171   1.912647    4.229238   4.365303
  19   14    2.697721   1.976832    3.126165   5.003351
  19   15    2.521584   1.996980  100.000000 100.000000
  19   16    2.454908   1.976604    3.946580   3.304684
  19   17    2.314411   1.949270    4.974101   1.879621
  19   18    2.265574   1.967487    3.800330 100.000000
  19   19    2.197574   1.914927  100.000000   4.160801
  19   20    2.040842   1.931980    1.429600   4.717303
  19   21    1.960278   1.919542    1.386421 100.000000
  19   22    1.861618   1.914885  100.000000 100.000000
  19   23    1.711882   1.963200    1.573187   2.371214
  19   24    1.631710   1.944452    1.903979 100.000000
  19   25    1.507772   1.990146    1.863128 100.000000
  19   26    1.415818   1.942973    1.820378   3.186509
  19   27    1.333826   1.997122    5.082141 100.000000
  19   28    1.237318   1.914026  100.000000   3.581487
  19   29    1.174653   1.998939    2.800552 100.000000
  19   30    1.002617   1.982275    2.263357   4.765216
  19   31    0.968738   1.916200    5.865548 100.000000
  19   32    0.802210   1.980853  100.000000   1.510297
  19   33    0.700984   1.948703  100.000000 100.000000
  19   34    0.651374   1.978707  100.000000 100.000000
  19   35    0.598001   1.992313    4.331541   2.236690
  19   36    0.485905   1.917941    5.653318 100.000000
  19   37    0.358743   1.954208    3.894434 100.000000
  19   38    0.263618   1.958806    1.967230   3.128039
  19   39    0.129660   1.968425  100.000000   3.760268
  19   40    0.021797   1.961431    2.605392 100.000000
  20    0    4.050705   2.064231    1.943222   5.857557
  20    1    3.985536   2.077084  100.000000 100.000000
  20    2    3.851127   2.039664    3.911903   4.856559
  20    3    3.706313   2.060619    5.075506   2.313771
  20    4    3.655427   2.016201    4.600793   2.982750
  20    5    3.541598   2.051119  100.000000 100.000000
  20    6    3.420206   2.022077  100.000000   5.387346
  20    7    3.326315   2.007039    1.296575 100.000000
  20    8    3.290156   2.092154    4.914292   5.254871
  20    9    3.119403   2.090091  100.000000 100.000000
  20   10    3.083832   2.036722    3.079167 100.000000
  20   11    2.926276   2.032059  100.000000 100.000000
  20   12    2.806354   2.041316    3.751311 100.000000
  20   13    2.758525   2.094040    1.306086   5.486905
  20   14    2.673876   2.009594  100.000000 100.000000
  20   15    2.538675   2.084639  100.000000 100.000000
  20   16    2.413661   2.055074  100.000000 100.000000
  20   17    2.331346   2.046705  100.000000 100.000000
  20   18    2.271282   2.045521  100.000000   3.386269
  20   19    2.100039   2.046723    3.589956   1.859196
  20   20    2.098196   2.039711    4.436956   3.970071
  20   21    1.949672   2.048467    5.128744 100.000000
  20   22    1.858451   2.082909    3.461398   1.988728
  20   23    1.731827   2.076519  100.000000   4.074041
  20   24    1.679880   2.071622  100.000000   2.897461
  20   25    1.582535   2.012651  100.000000 100.000000
  20   26    1.402576   2.000150    2.157089 100.000000
  20   27    1.376059   2.085891    4.309770   3.107848
  20   28    1.256243   2.004842    4.169811 100.000000
  20   29    1.140998   2.019626    5.391873   2.586379
  20   30    1.012901   2.039612  100.000000   4.938903
  20   31    0.927752   2.086692  100.000000 100.000000
  20   32    0.855106   2.051241  100.000000   5.686674
  20   33    0.735214   2.048972  100.000000   4.813448
  20   34    0.685044   2.008734    2.027000   3.435426
  20   35    0.550711   2.055062  100.000000 100.000000
  20   36    0.456784   2.017841  100.000000 100.000000
  20   37    0.303912   2.086392    2.366117 100.000000
  20   38    0.232708   2.078466    2.551267 100.000000
  20   39    0.197541   2.088866  100.000000 100.000000
  20   40    0.090235   2.086667  100.000000 100.000000
  21    0    4.006065   2.131400    4.478163   1.331726
  21    1    3.956284   2.142813  100.000000 100.000000
  21    2    3.845853   2.185705    3.995503 100.000000
  21    3    3.752506   2.119920    1.354512   3.444090
  21    4    3.632897   2.135129  100.000000   4.710777
  21    5    3.590337   2.104258    1.991885   1.396982
  21    6    3.419053   2.180785    1.958462 100.000000
  21    7    3.351869   2.196824    5.004774   4.143026
  21    8    3.280662   2.196418  100.000000 100.000000
  21    9    3.135542   2.180008  100.000000 100.000000
  21   10    3.025308   2.151912  100.000000 100.000000
  21   11    2.933434   2.137432  100.000000   3.113992
  21   12    2.872801   2.175889  100.000000   2.030937
  21   13    2.779148   2.139881    5.090478 100.000000
  21   14    2.628704   2.114253    4.718625   2.768689
  21   15    2.521032   2.162928  100.000000   3.119323
  21   16    2.407041   2.156872  100.000000   4.376675
  21   17    2.323419   2.110942  100.000000 100.000000
  21   18    2.269306   2.132479  100.000000   2.934188
  21   19    2.123192   2.197517  100.000000   4.297363
  21   20    2.059601   2.186103  100.000000   4.368922
  21   21    1.921207   2.160800    2.886913 100.000000
  21   22    1.821487   2.118323    3.083783 100.000000
  21   23    1.772614   2.124534    1.483028   4.732510
  21   24    1.628489   2.192435    1.441389   5.376632
  21   25    1.593291   2.150598  100.000000   4.755079
  21   26    1.484886   2.149588  100.000000 100.000000
  21   27    1.361997   2.151791    1.969143   4.814021
  21   28    1.296782   2.194094  100.000000   5.770110
  21   29    1.161113   2.143419  100.000000   5.497836
  21   30    1.051987   2.170597  100.000000   5.908806
  21   31    0.972517   2.154777  100.000000 100.000000
  21   32    0.831975   2.167516  100.000000   5.227561
  21   33    0.700983   2.139827  100.000000   1.136366
  21   34    0.668911   2.100912    3.121003 100.000000
  21   35    0.521201   2.125734  100.000000   2.703047
  21   36    0.448777   2.120209    2.132846   2.732219
  21   37    0.348821   2.113638    4.662524 100.000000
  21   38    0.212664   2.134051  100.000000 100.000000
  21   39    0.141457   2.147493  100.000000   2.863159
  21   40    0.008828   2.183479  100.000000   5.554250
  22    0    4.055614   2.269541  100.000000   1.704986
  22    1    3.902770   2.201986    2.818554   1.127802
  22    2    3.859282   2.205412  100.000000 100.000000
  22    3    3.777191   2.201683    4.382322   1.730923
  22    4    3.687092   2.222727    4.299338   4.734419
  22    5    3.563828   2.276977  100.000000 100.000000
  22    6    3.485197   2.231495  100.000000   3.667489
  22    7    3.351296   2.215960    3.501355   5.714019
  22    8    3.218878   2.202200  100.000000   4.369954
  22    9    3.104703   2.220907    4.183718 100.000000
  22   10    3.088847   2.253166  100.000000   3.028591
  22   11    2.933240   2.251196  100.000000 100.000000
  22   12    2.801715   2.231789  100.000000   3.633219
  22   13    2.730467   2.229180  100.000000   5.223297
  22   14    2.682025   2.226155  100.000000   4.318923
  22   15    2.589167   2.277118    1.701368   1.263631
  22   16    2.407157   2.207585  100.000000 100.000000
  22   17    2.325220   2.247070    5.950120 100.000000
  22   18    2.224750   2.287313  100.000000 100.000000
  22   19    2.174665   2.226354  100.000000 100.000000
  22   20    2.032116   2.289031  100.000000 100.000000
  22   21    1.919995   2.238812  100.000000   2.362525
  22   22    1.832517   2.211108  100.000000   4.439510
  22   23    1.797877   2.270178    1.535839 100.000000
  22   24    1.687504   2.277787    1.855131 100.000000
  22   25    1.512628   2.229055  100.000000 100.000000
  22   26    1.461162   2.247152    1.396952   5.506152
  22   27    1.334332   2.269375  100.000000 100.000000
  22   28    1.299511   2.267767  100.000000 100.000000
  22   29    1.157486   2.248669    4.080275   3.619637
  22   30    1.030173   2.241208  100.000000 100.000000
  22   31    0.936362   2.291430  100.000000 100.000000
  22   32    0.833686   2.238753    2.137086 100.000000
  22   33    0.728392   2.298836  100.000000   3.816734
  22   34    0.674515   2.266773  100.000000   1.725433
  22   35    0.537075   2.204026    3.887385   5.746406
  22   36    0.447235   2.218043    1.533622 100.000000
  22   37    0.335992   2.263104  100.000000   2.143238
  22   38    0.253017   2.215601  100.000000 100.000000
  22   39    0.145185   2.231111    4.296398 100.000000
  22   40    0.086376   2.266622    1.697219 100.000000
