   0    0    2.477769   0.009325  100.000000 100.000000
   0    1    2.328196   0.043719    2.042922   4.008320
   0    2    2.299802   0.006463  100.000000 100.000000
   0    3    2.154085   0.037915  100.000000   3.797662
   0    4    2.073628   0.028049    1.197473   1.327914
   0    5    1.990291   0.041097  100.000000 100.000000
   0    6    1.872877   0.065489    1.514223   1.513816
   0    7    1.712593   0.063852  100.000000 100.000000
   0    8    1.633430   0.077009  100.000000 100.000000
   0    9    1.541542   0.028817  100.000000   4.813991
   0   10    1.460719   0.095695    3.653460 100.000000
   0   11    1.354069   0.053944  100.000000   3.243573
   0   12    1.213695   0.065068  100.000000   2.167456
   0   13    1.178615   0.000782    2.296186   3.665896
   0   14    1.084612   0.062038  100.000000 100.000000
   0   15    0.999032   0.048218  100.000000   5.543227
   0   16    0.808923   0.095849    2.875883   4.289621
   0   17    0.730958   0.051688  100.000000 100.000000
   0   18    0.662905   0.035656  100.000000   5.540459
   0   19    0.538067   0.011479  100.000000 100.000000
   0   20    0.400701   0.019323  100.000000   5.804437
   0   21    0.333711   0.051465    4.245398   1.123340
   0   22    0.291858   0.091786    3.310746 100.000000
   0   23    0.100780   0.009010  100.000000 100.000000
   0   24    0.012930   0.071336    1.972571   1.669353
   1    0    2.495636   0.199524  100.000000 100.000000
   1    1    2.369089   0.161015    2.893297 100.000000
   1    2    2.282988   0.171660  100.000000   3.568335
   1    3    2.157169   0.175465    4.831209   1.076748
   1    4    2.064758   0.117382    4.020607   4.656272
   1    5    1.982354   0.190836    1.339623 100.000000
   1    6    1.886133   0.151057    4.828083   3.916557
   1    7    1.739260   0.194438  100.000000   5.248509
   1    8    1.694571   0.159645    3.032571   4.006879
   1    9    1.573532   0.123739    5.072431 100.000000
   1   10    1.469822   0.113188    2.960374   1.607974
   1   11    1.370340   0.168373  100.000000   2.135346
   1   12    1.225682   0.174515  100.000000   1.769574
   1   13    1.123473   0.194105    4.047839 100.000000
   1   14    1.089317   0.164434    2.935135   5.274160
   1   15    0.936530   0.154308    5.927506 100.000000
   1   16    0.830562   0.165814    4.213677 100.000000
   1   17    0.774264   0.109592    1.362274   4.737909
   1   18    0.619298   0.163802  100.000000   1.285469
   1   19    0.595086   0.112927    4.286852   1.026656
   1   20    0.487424   0.171489    1.990121 100.000000
   1   21    0.394448   0.174487    2.284010 100.000000
   1   22    0.226455   0.195790  100.000000 100.000000
   1   23    0.185659   0.154305  100.000000   5.385091
   1   24    0.002266   0.132153    5.245643   3.870862
   2    0    2.469531   0.273036  100.000000   4.563942
   2    1    2.339988   0.232233  100.000000 100.000000
   2    2    2.284027   0.275880    4.063838 100.000000
   2    3    2.133254   0.235476    5.134687   4.317661
   2    4    2.030389   0.240718  100.000000   5.792119
   2    5    1.934279   0.231022  100.000000   3.819677
   2    6    1.809775   0.289114  100.000000 100.000000
   2    7    1.709264   0.269173  100.000000   3.563374
   2    8    1.638432   0.286778    1.568507 100.000000
   2    9    1.504518   0.266460  100.000000 100.000000
   2   10    1.428019   0.255035  100.000000 100.000000
   2   11    1.346923   0.201723    3.805443   1.287926
   2   12    1.298374   0.253712    1.244912   4.387081
   2   13    1.133826   0.273196    1.110141   3.014685
   2   14    1.084857   0.280032    3.602244   4.558107
   2   15    0.916339   0.221810    4.807415   5.985276
   2   16    0.826702   0.239984    4.567055 100.000000
   2   17    0.725055   0.292086    4.745899   4.266571
   2   18    0.654396   0.262337    3.765487   1.245707
   2   19    0.540089   0.294432  100.000000   3.706062
   2   20    0.444513   0.239108  100.000000 100.000000
   2   21    0.397076   0.210355    3.487784 100.000000
   2   22    0.232806   0.201359    3.438688   1.533961
   2   23    0.124306   0.245383  100.000000   3.565277
   2   24    0.035648   0.261650  100.000000 100.000000
   3    0    2.491962   0.392811  100.000000   5.856353
   3    1    2.342594   0.369658  100.000000 100.000000
   3    2    2.247713   0.325331  100.000000 100.000000
   3    3    2.160925   0.320226    4.961081   3.787308
   3    4    2.049597   0.310579    3.597670 100.000000
   3    5    1.975208   0.397495    4.519102   4.876012
   3    6    1.805866   0.304983  100.000000 100.000000
   3    7    1.799833   0.349612  100.000000   4.043115
   3    8    1.626401   0.346691    1.276448   3.466177
   3    9    1.545817   0.371085    2.850672 100.000000
   3   10    1.418229   0.312525    3.197583 100.000000
   3   11    1.369890   0.377429    2.312691 100.000000
   3   12    1.278918   0.363548  100.000000   3.278802
   3   13    1.158153   0.357782  100.000000   3.299851
   3   14    1.011807   0.324615  100.000000 100.000000
   3   15    0.921857   0.329774  100.000000   2.673772
   3   16    0.869813   0.351346    5.864828   2.065127
   3   17    0.705162   0.306146    2.745129   5.636460
   3   18    0.665654   0.315071  100.000000   4.892501
   3   19    0.546951   0.320393    5.344885   3.877074
   3   20    0.403319   0.327732    1.344212   3.120853
   3   21    0.338281   0.380323    2.778909 100.000000
   3   22    0.280802   0.333288    4.337716 100.000000
   3   23    0.145284   0.356268    4.624452   2.703311
   3   24    0.049738   0.371209  100.000000 100.000000
   4    0    2.401786   0.473905  100.000000 100.000000
   4    1    2.307187   0.449805  100.000000   4.915207
   4    2    2.238888   0.492158  100.000000 100.000000
   4    3    2.176320   0.477160  100.000000   2.989686
   4    4    2.001291   0.457180    4.008367   5.441328
   4    5    1.977993   0.474978  100.000000   3.741558
   4    6    1.845978   0.402446    3.581282 100.000000
   4    7    1.793155   0.428375    5.203538   5.146137
   4    8    1.639038   0.458241  100.000000 100.000000
   4    9    1.550221   0.468616  100.000000 100.000000
   4   10    1.437329   0.499927  100.000000 100.000000
   4   11    1.364456   0.475780    2.528942 100.000000
   4   12    1.276469   0.414240  100.000000 100.000000
   4   13    1.180609   0.412824  100.000000   5.703517
   4   14    1.030206   0.460565    2.289903   5.218790
   4   15    0.987726   0.493854  100.000000 100.000000
   4   16    0.811288   0.481381  100.000000 100.000000
   4   17    0.742195   0.445707    2.611977 100.000000
   4   18    0.600433   0.458727  100.000000 100.000000
   4   19    0.576024   0.431626    1.175566 100.000000
   4   20    0.485718   0.432758  100.000000 100.000000
   4   21    0.376253   0.422311  100.000000 100.000000
   4   22    0.201091   0.431609    5.949298   4.421460
   4   23    0.181377   0.482273    1.109302   4.757701
   4   24    0.025611   0.444398    5.719373 100.000000
   5    0    2.480419   0.539076  100.000000 100.000000
   5    1    2.323996   0.503799    4.508188 100.000000
   5    2    2.246285   0.513192    4.603733 100.000000
   5    3    2.194195   0.530127  100.000000 100.000000
   5    4    2.005006   0.535393  100.000000 100.000000
   5    5    1.910348   0.569703  100.000000 100.000000
   5    6    1.889299   0.538959    4.095383 100.000000
   5    7    1.735418   0.587432    3.900756 100.000000
   5    8    1.680180   0.528999    1.517906 100.000000
   5    9    1.513392   0.563945  100.000000 100.000000
   5   10    1.462445   0.515283    1.966846 100.000000
   5   11    1.336785   0.538852  100.000000   4.030152
   5   12    1.220933   0.536606  100.000000 100.000000
   5   13    1.142811   0.580572  100.000000 100.000000
   5   14    1.039052   0.537139  100.000000   2.308433
   5   15    0.900516   0.514251  100.000000   4.855275
   5   16    0.848360   0.588142    2.355304   2.322438
   5   17    0.726059   0.514656  100.000000 100.000000
   5   18    0.614253   0.521878  100.000000 100.000000
   5   19    0.594566   0.514227  100.000000   2.441660
   5   20    0.492039   0.557647    5.336108 100.000000
   5   21    0.379709   0.559820    4.443383 100.000000
   5   22    0.231568   0.590704    4.442553 100.000000
   5   23    0.159909   0.586431  100.000000   1.604483
   5   24    0.013182   0.557399  100.000000   4.667760
   6    0    2.459441   0.650654  100.000000   4.524448
   6    1    2.368446   0.671203  100.000000   4.017905
   6    2    2.207224   0.608757  100.000000   5.967478
   6    3    2.197764   0.690284  100.000000   5.684340
   6    4    2.086552   0.623395  100.000000   2.608669
   6    5    1.992560   0.649564    5.983993   4.522099
   6    6    1.839307   0.613254    3.463220 100.000000
   6    7    1.769227   0.672745  100.000000   1.106122
   6    8    1.672672   0.682680    5.285991   2.688274
   6    9    1.516137   0.648876    4.136285   3.530246
   6   10    1.410274   0.657453    1.334119 100.000000
   6   11    1.320226   0.688860  100.000000   5.446237
   6   12    1.233946   0.618678  100.000000 100.000000
   6   13    1.122756   0.696285  100.000000 100.000000
   6   14    1.093807   0.602699  100.000000   4.247010
   6   15    0.966504   0.678763  100.000000 100.000000
   6   16    0.892867   0.686219  100.000000   4.847692
   6   17    0.795032   0.648546    1.545299 100.000000
   6   18    0.658948   0.674895    4.490324 100.000000
   6   19    0.581756   0.601969  100.000000 100.000000
   6   20    0.448022   0.613217  100.000000   4.943232
   6   21    0.330547   0.619434    1.625327   4.108528
   6   22    0.260224   0.661610  100.000000 100.000000
   6   23    0.142142   0.670794    1.719513   2.101702
   6   24    0.036363   0.619769  100.000000   4.864459
   7    0    2.426353   0.762579  100.000000 100.000000
   7    1    2.330475   0.741320    2.148792 100.000000
   7    2    2.220597   0.719590    5.498888   4.557724
   7    3    2.148464   0.771103  100.000000 100.000000
   7    4    2.025076   0.738338    5.767831   1.656037
   7    5    1.921387   0.775713    3.034517 100.000000
   7    6    1.884734   0.797473    5.152774 100.000000
   7    7    1.743626   0.795800  100.000000 100.000000
   7    8    1.649195   0.760702  100.000000   3.341686
   7    9    1.557016   0.780817    2.998044 100.000000
   7   10    1.413340   0.741001  100.000000 100.000000
   7   11    1.340856   0.728561    1.359040   2.313020
   7   12    1.226706   0.734982    4.654773   5.672848
   7   13    1.154305   0.772591  100.000000 100.000000
   7   14    1.067996   0.790205  100.000000 100.000000
   7   15    0.978192   0.775508    1.290834   4.476324
   7   16    0.833640   0.706254  100.000000   4.602520
   7   17    0.776489   0.719441    2.262562   5.851946
   7   18    0.684763   0.795370    1.204733   3.497591
   7   19    0.528431   0.773931    3.936243   1.731437
   7   20    0.453477   0.746559  100.000000   2.471762
   7   21    0.380766   0.747714    3.945252   5.084419
   7   22    0.275969   0.775741    1.511022 100.000000
   7   23    0.140100   0.779358    5.331313   2.889897
   7   24    0.044731   0.752154  100.000000 100.000000
   8    0    2.454050   0.879615  100.000000   2.607106
   8    1    2.310771   0.838630    1.182521   1.228398
   8    2    2.260343   0.875861  100.000000 100.000000
   8    3    2.199436   0.865739  100.000000 100.000000
   8    4    2.006864   0.856629  100.000000 100.000000
   8    5    1.925677   0.808934  100.000000 100.000000
   8    6    1.864586   0.880658    5.716381   3.613245
   8    7    1.796846   0.881522  100.000000 100.000000
   8    8    1.621836   0.809673  100.000000 100.000000
   8    9    1.558649   0.875446    4.793861   5.877360
   8   10    1.431691   0.872949    1.024250 100.000000
   8   11    1.336856   0.807180    1.808024   4.717973
   8   12    1.226425   0.814372    1.908528   3.584127
   8   13    1.173739   0.846376    5.191607 100.000000
   8   14    1.002273   0.894796  100.000000   1.691850
   8   15    0.939670   0.800924    3.963668   2.005758
   8   16    0.867888   0.869005  100.000000   4.093540
   8   17    0.732703   0.861778  100.000000   3.237788
   8   18    0.626676   0.840135  100.000000 100.000000
   8   19    0.564667   0.846779    4.112886   1.424232
   8   20    0.456427   0.874628  100.000000   2.854196
   8   21    0.327941   0.801078    4.654962   5.018632
   8   22    0.239246   0.860441    1.565117 100.000000
   8   23    0.150822   0.856634  100.000000 100.000000
   8   24    0.057264   0.857696  100.000000   5.315477
   9    0    2.440421   0.986644    2.130017 100.000000
   9    1    2.348194   0.934636    5.958492   2.167368
   9    2    2.224775   0.930369    2.057438 100.000000
   9    3    2.118091   0.956075  100.000000   1.930363
   9    4    2.029664   0.990826  100.000000   5.024429
   9    5    1.952719   0.935473  100.000000   4.699866
   9    6    1.843471   0.971117  100.000000   5.521908
   9    7    1.761867   0.959932    4.738079 100.000000
   9    8    1.656270   0.903075    5.608412   3.416913
   9    9    1.570796   0.987392    4.949864   4.851226
   9   10    1.494629   0.925748    2.549390 100.000000
   9   11    1.365980   0.925126  100.000000   4.350773
   9   12    1.242499   0.917201  100.000000   3.150122
   9   13    1.113263   0.909911  100.000000 100.000000
   9   14    1.004847   0.939650    5.215603 100.000000
   9   15    0.940970   0.951123    1.876601 100.000000
   9   16    0.803611   0.923456    4.525705   1.910426
   9   17    0.721930   0.983104  100.000000   3.874423
   9   18    0.699118   0.964584  100.000000   2.927198
   9   19    0.587255   0.928334    1.083992 100.000000
   9   20    0.454969   0.947216    5.499020 100.000000
   9   21    0.319144   0.953793    5.033174   1.159848
   9   22    0.240942   0.969561  100.000000 100.000000
   9   23    0.171872   0.905183    5.336837   1.572077
   9   24    0.033972   0.964054  100.000000 100.000000
  10    0    2.413540   1.077924  100.000000 100.000000
  10    1    2.304332   1.029459  100.000000 100.000000
  10    2    2.297195   1.069639    5.648410 100.000000
  10    3    2.145630   1.075143    2.164802   1.369140
  10    4    2.096081   1.024778    4.361040 100.000000
  10    5    1.958010   1.075483  100.000000 100.000000
  10    6    1.833429   1.011846    3.301825 100.000000
  10    7    1.793908   1.015647  100.000000   3.771058
  10    8    1.678466   1.011403  100.000000 100.000000
  10    9    1.539264   1.092311  100.000000 100.000000
  10   10    1.487536   1.029420  100.000000   2.410075
  10   11    1.358199   1.098530    3.077778   3.449094
  10   12    1.252342   1.062101  100.000000 100.000000
  10   13    1.145445   1.053882    5.404998 100.000000
  10   14    1.070512   1.051087  100.000000   2.368103
  10   15    0.964139   1.008993  100.000000 100.000000
  10   16    0.817546   1.090074  100.000000   2.188756
  10   17    0.758473   1.095148    4.157077 100.000000
  10   18    0.681547   1.063329  100.000000   2.030484
  10   19    0.500514   1.080642    1.596315   4.189868
  10   20    0.465862   1.049146  100.000000   3.510263
  10   21    0.342043   1.020359    4.027738   4.919140
  10   22    0.294297   1.029365    2.806573 100.000000
  10   23    0.149744   1.047656    4.059408 100.000000
  10   24    0.041190   1.059809  100.000000   4.242538
  11    0    2.463250   1.172510  100.000000 100.000000
  11    1    2.375395   1.133850    3.316534 100.000000
  11    2    2.284634   1.138870    1.334993   4.020884
  11    3    2.133817   1.108415  100.000000   3.286327
  11    4    2.095146   1.154168  100.000000   1.637715
  11    5    1.962257   1.149894  100.000000 100.000000
  11    6    1.815877   1.176715  100.000000   1.395048
  11    7    1.745276   1.101842    3.729573   5.413707
  11    8    1.663035   1.132796  100.000000   1.534820
  11    9    1.571659   1.134561    4.347813   2.902054
  11   10    1.446857   1.128915  100.000000 100.000000
  11   11    1.393725   1.180243    1.614842   5.017056
  11   12    1.264457   1.193617  100.000000 100.000000
  11   13    1.183242   1.156564  100.000000   1.896189
  11   14    1.074946   1.179335  100.000000   3.174791
  11   15    0.945721   1.100811  100.000000   3.854875
  11   16    0.848052   1.127528    4.382560   4.567077
  11   17    0.794420   1.147165    3.306730   1.290867
  11   18    0.651770   1.102454    5.725240   2.633057
  11   19    0.562641   1.179817  100.000000 100.000000
  11   20    0.463846   1.122503    2.906988   5.044150
  11   21    0.394183   1.148717    3.726303   4.941308
  11   22    0.235195   1.147228    2.657476 100.000000
  11   23    0.154921   1.186632  100.000000 100.000000
  11   24    0.054047   1.185615  100.000000 100.000000
  12    0    2.436347   1.251732    3.044113 100.000000
  12    1    2.389798   1.277602  100.000000   5.468373
  12    2    2.267659   1.251083    2.511996 100.000000
  12    3    2.171818   1.294654    5.144643   5.636355
  12    4    2.043510   1.286665    3.611516   2.304982
  12    5    1.940887   1.231871    1.643884   3.220349
  12    6    1.822263   1.249661    5.621408   2.162560
  12    7    1.778488   1.263274  100.000000 100.000000
  12    8    1.630590   1.281445    3.045750   4.440838
  12    9    1.521730   1.246385  100.000000 100.000000
  12   10    1.485635   1.245550  100.000000   3.872269
  12   11    1.392119   1.251721  100.000000   4.479217
  12   12    1.221725   1.232000    1.479603 100.000000
  12   13    1.132538   1.211312  100.000000 100.000000
  12   14    1.018453   1.259721  100.000000 100.000000
  12   15    0.995583   1.229862  100.000000 100.000000
  12   16    0.831387   1.269450  100.000000   3.956064
  12   17    0.735238   1.253998    1.441825 100.000000
  12   18    0.694823   1.244844    3.634002   4.684474
  12   19    0.575622   1.292374  100.000000   2.622107
  12   20    0.485727   1.276939    3.520308 100.000000
  12   21    0.353389   1.209562    1.803751 100.000000
  12   22    0.251159   1.243895  100.000000   3.299940
  12   23    0.192101   1.262409  100.000000   3.483917
  12   24    0.090033   1.282739  100.000000 100.000000
  13    0    2.477885   1.383949    2.325213 100.000000
  13    1    2.392168   1.371429    2.809349 100.000000
  13    2    2.289702   1.355115    4.979800 100.000000
  13    3    2.118566   1.372145  100.000000   3.450396
  13    4    2.035475   1.333045    4.897029 100.000000
  13    5    1.966871   1.359811    5.318301   1.300171
  13    6    1.861636   1.349394    1.909126 100.000000
  13    7    1.768538   1.334124  100.000000 100.000000
  13    8    1.662138   1.324993    4.913095   4.500297
  13    9    1.565457   1.318298    1.556976   3.585332
  13   10    1.415166   1.363935    4.344576 100.000000
  13   11    1.311486   1.362196  100.000000 100.000000
  13   12    1.283821   1.356816  100.000000 100.000000
  13   13    1.157152   1.301837    2.559862   4.409647
  13   14    1.022849   1.327095  100.000000 100.000000
  13   15    0.975759   1.328652  100.000000   3.451805
  13   16    0.869964   1.364737  100.000000   5.139810
  13   17    0.740925   1.314336  100.000000 100.000000
  13   18    0.690349   1.380226  100.000000   1.884556
  13   19    0.525132   1.322675  100.000000   3.359500
  13   20    0.457957   1.375503    4.476750 100.000000
  13   21    0.381821   1.340734  100.000000 100.000000
  13   22    0.257607   1.344854    2.767026   5.053967
  13   23    0.110759   1.323468  100.000000   2.940146
  13   24    0.035263   1.397170    1.397440 100.000000
  14    0    2.452102   1.478202  100.000000   2.258664
  14    1    2.398465   1.425397  100.000000 100.000000
  14    2    2.207775   1.460213    4.120865   3.984176
  14    3    2.178650   1.487656  100.000000 100.000000
  14    4    2.081627   1.494914    1.176490 100.000000
  14    5    1.995417   1.482608  100.000000 100.000000
  14    6    1.856386   1.480904  100.000000 100.000000
  14    7    1.784842   1.457731    3.256571   1.847401
  14    8    1.675798   1.494429  100.000000 100.000000
  14    9    1.523207   1.499293  100.000000 100.000000
  14   10    1.465180   1.427808    2.568495   5.744857
  14   11    1.328780   1.466697  100.000000 100.000000
  14   12    1.215951   1.491031    5.228334   3.296922
  14   13    1.173656   1.418204    4.606663 100.000000
  14   14    1.011614   1.439039    4.621018 100.000000
  14   15    0.913734   1.412442    3.719212   4.911101
  14   16    0.842205   1.419709    4.634159 100.000000
  14   17    0.743621   1.432825  100.000000   3.957518
  14   18    0.668472   1.470615  100.000000   5.372480
  14   19    0.505898   1.486149    1.853086   4.820458
  14   20    0.474300   1.452794  100.000000   2.021652
  14   21    0.323324   1.457111  100.000000   2.537736
  14   22    0.299071   1.445683    3.290774 100.000000
  14   23    0.150014   1.413839    1.706203 100.000000
  14   24    0.095723   1.445659  100.000000 100.000000
  15    0    2.410356   1.518318    3.763052   1.739929
  15    1    2.329666   1.530797    3.309755 100.000000
  15    2    2.296185   1.547725  100.000000 100.000000
  15    3    2.181777   1.500050    3.115928   1.800736
  15    4    2.018458   1.521767    3.417618   5.799011
  15    5    1.953576   1.513117  100.000000 100.000000
  15    6    1.882885   1.572567    1.264733 100.000000
  15    7    1.797822   1.561388  100.000000   4.712044
  15    8    1.656101   1.521398    5.337093   1.154626
  15    9    1.587928   1.580388    3.039509   5.175228
  15   10    1.490943   1.502937    5.994387 100.000000
  15   11    1.345700   1.519776  100.000000 100.000000
  15   12    1.281437   1.576256  100.000000 100.000000
  15   13    1.102102   1.583061  100.000000   3.563539
  15   14    1.025751   1.544331  100.000000 100.000000
  15   15    0.954106   1.530404    2.225694   1.767588
  15   16    0.803781   1.535572  100.000000 100.000000
  15   17    0.737834   1.557048  100.000000   5.627797
  15   18    0.602427   1.512781    4.172395 100.000000
  15   19    0.593641   1.561451    2.488722   5.946418
  15   20    0.472336   1.527809  100.000000 100.000000
  15   21    0.335640   1.548646    5.753632 100.000000
  15   22    0.223166   1.545683  100.000000 100.000000
  15   23    0.160890   1.550253  100.000000   4.780956
  15   24    0.083530   1.531884    1.922452 100.000000
  16    0    2.476130   1.663577    3.725078   1.656676
  16    1    2.364268   1.670265    2.709404   5.004337
  16    2    2.241400   1.695701    5.108864 100.000000
  16    3    2.166084   1.688007  100.000000 100.000000
  16    4    2.085205   1.614907    3.834977 100.000000
  16    5    1.908340   1.649460  100.000000   4.179849
  16    6    1.877914   1.652729  100.000000 100.000000
  16    7    1.748255   1.629349  100.000000   5.895620
  16    8    1.696015   1.680954    3.644209 100.000000
  16    9    1.542409   1.600922    1.096616   5.738938
  16   10    1.457391   1.680231  100.000000 100.000000
  16   11    1.391909   1.633608  100.000000 100.000000
  16   12    1.274881   1.646331    2.427515   5.394604
  16   13    1.167500   1.603123  100.000000 100.000000
  16   14    1.059249   1.645295  100.000000   1.822091
  16   15    0.936580   1.657087    5.151029   3.529786
  16   16    0.894772   1.673537  100.000000 100.000000
  16   17    0.722500   1.662034    1.065220 100.000000
  16   18    0.671963   1.660775    4.950315 100.000000
  16   19    0.553590   1.607873  100.000000 100.000000
  16   20    0.422397   1.653621    4.370288   2.710987
  16   21    0.393473   1.613906    1.914579   1.514546
  16   22    0.291845   1.677977    1.149033   5.551569
  16   23    0.174079   1.630820    5.030126 100.000000
  16   24    0.088988   1.687171    4.051341 100.000000
  17    0    2.447882   1.739585    1.061141 100.000000
  17    1    2.397227   1.700410    2.212543   4.593476
  17    2    2.236055   1.715826    1.328399 100.000000
  17    3    2.172054   1.768985    4.850484   2.121621
  17    4    2.076103   1.758387  100.000000 100.000000
  17    5    1.962375   1.721812  100.000000   4.698292
  17    6    1.848154   1.750763    3.293177 100.000000
  17    7    1.735711   1.797522    2.674562   2.380714
  17    8    1.600497   1.759030    2.230839   3.947397
  17    9    1.555954   1.760077  100.000000   4.492709
  17   10    1.487785   1.741407  100.000000   1.003851
  17   11    1.303762   1.784195    3.170283   2.944809
  17   12    1.216092   1.729910    1.117698 100.000000
  17   13    1.154211   1.704080  100.000000   1.991086
  17   14    1.035069   1.731457  100.000000   1.970168
  17   15    0.981797   1.774266    5.687280   2.793308
  17   16    0.898746   1.757096  100.000000 100.000000
  17   17    0.745147   1.739409    1.870230   1.975369
  17   18    0.601710   1.773187  100.000000   2.330466
  17   19    0.572315   1.789744  100.000000 100.000000
  17   20    0.424755   1.772279  100.000000   5.305143
  17   21    0.308669   1.787497  100.000000   4.795228
  17   22    0.207820   1.741918  100.000000   4.115213
  17   23    0.141521   1.753649  100.000000 100.000000
  17   24    0.069521   1.799975  100.000000 100.000000
  18    0    2.474439   1.846667    5.766041 100.000000
  18    1    2.366922   1.869744    3.588557 100.000000
  18    2    2.246568   1.881649  100.000000   3.560415
  18    3    2.166263   1.805000  100.000000 100.000000
  18    4    2.048705   1.852294  100.000000   2.060703
  18    5    1.939482   1.883763    3.143210 100.000000
  18    6    1.885981   1.886585  100.000000   5.359844
  18    7    1.746147   1.802661  100.000000   3.056716
  18    8    1.608613   1.804759    4.477411 100.000000
  18    9    1.548131   1.814167    4.856980   1.433609
  18   10    1.459574   1.885092  100.000000   3.299495
  18   11    1.314883   1.815514  100.000000 100.000000
  18   12    1.235343   1.830892    5.017811 100.000000
  18   13    1.197594   1.862116  100.000000 100.000000
  18   14    1.006600   1.868356  100.000000 100.000000
  18   15    0.998918   1.842485    5.554875 100.000000
  18   16    0.867222   1.805432    3.080808   3.048120
  18   17    0.716236   1.853794  100.000000   4.446092
  18   18    0.642494   1.890705  100.000000   1.700352
  18   19    0.577620   1.883170  100.000000   4.738349
  18   20    0.460264   1.820321    2.116440 100.000000
  18   21    0.396574   1.832766  100.000000   3.341695
  18   22    0.278938   1.817519  100.000000   4.774903
  18   23    0.162250   1.805644  100.000000 100.000000
  18   24    0.055341   1.853339    2.645062   1.077262
  19    0    2.447139   1.959848    2.149045   4.050339
  19    1    2.343034   1.959962    1.909751   1.985554
  19    2    2.282089   1.962755    2.906911   3.947899
  19    3    2.159174   1.944644  100.000000   4.388187
  19    4    2.028341   1.926998    4.032925 100.000000
  19    5    1.990732   1.962444  100.000000   1.270019
  19    6    1.824426   1.979214    2.854800 100.000000
  19    7    1.795472   1.968003  100.000000 100.000000
  19    8    1.619894   1.976985  100.000000   4.813200
  19    9    1.549618   1.994336  100.000000 100.000000
  19   10    1.428201   1.976023    5.195039 100.000000
  19   11    1.394845   1.974062    2.800155   5.505473
  19   12    1.226341   1.901565    5.469595 100.000000
  19   13    1.142126   1.958297    2.676066 100.000000
  19   14    1.087309   1.938852  100.000000   3.632985
  19   15    0.971155   1.944492    2.841017 100.000000
  19   16    0.854754   1.934526  100.000000 100.000000
  19   17    0.706720   1.910314    1.115348   5.385053
  19   18    0.617316   1.970952  100.000000   1.630091
  19   19    0.538094   1.953705  100.000000   3.340230
  19   20    0.481113   1.965262    1.118678 100.000000
  19   21    0.307326   1.976107    2.298177   5.302732
  19   22    0.282605   1.979083  100.000000 100.000000
  19   23    0.107858   1.983017  100.000000 100.000000
  19   24    0.056747   1.959520    5.342100   4.828467
  20    0    2.401566   2.002673    4.304187 100.000000
  20    1    2.379268   2.030674    2.675480   5.858342
  20    2    2.207018   2.065564    2.244108   5.026495
  20    3    2.175101   2.064869  100.000000 100.000000
  20    4    2.042226   2.034616    5.484951   2.457808
  20    5    1.909145   2.079592  100.000000 100.000000
  20    6    1.844990   2.028024    4.133887   4.361439
  20    7    1.790287   2.022759  100.000000 100.000000
  20    8    1.691969   2.007305  100.000000   4.242236
  20    9    1.575488   2.090838  100.000000 100.000000
  20   10    1.457649   2.027726  100.000000 100.000000
  20   11    1.360957   2.045646  100.000000   1.133742
  20   12    1.257419   2.055048    3.514933 100.000000
  20   13    1.145431   2.066987    4.319955   5.930436
  20   14    1.000325   2.047523    1.920826 100.000000
  20   15    0.968043   2.072249    4.945869   5.923790
  20   16    0.867709   2.063350  100.000000   3.993324
  20   17    0.773333   2.091526  100.000000 100.000000
  20   18    0.648807   2.072891    5.813379   3.982770
  20   19    0.501804   2.068009    4.678467 100.000000
  20   20    0.468049   2.068794    4.655165 100.000000
  20   21    0.362205   2.039430    2.886088 100.000000
  20   22    0.260957   2.076802    4.621536   1.773453
  20   23    0.164477   2.069382  100.000000 100.000000
  20   24    0.066987   2.075216    1.502992 100.000000
  21    0    2.423006   2.108763    1.256768 100.000000
  21    1    2.327960   2.151731    2.299934   3.973638
  21    2    2.229062   2.121058  100.000000 100.000000
  21    3    2.186477   2.174451  100.000000   5.739373
  21    4    2.091604   2.187066    4.109465 100.000000
  21    5    1.974506   2.129456    1.168260   1.066840
  21    6    1.853127   2.105685    3.078346 100.000000
  21    7    1.763706   2.108725  100.000000 100.000000
  21    8    1.678882   2.198129  100.000000 100.000000
  21    9    1.537037   2.163010    1.711176 100.000000
  21   10    1.402369   2.143803  100.000000 100.000000
  21   11    1.378469   2.181548    3.823693 100.000000
  21   12    1.224348   2.103042    2.498519 100.000000
  21   13    1.158857   2.181228    1.683954 100.000000
  21   14    1.034319   2.156283    3.088944   1.344029
  21   15    0.925244   2.135367    1.393768 100.000000
  21   16    0.862575   2.169284  100.000000 100.000000
  21   17    0.774708   2.196651    4.523400   1.928256
  21   18    0.667940   2.189683    2.005580   1.176558
  21   19    0.527302   2.104724    2.158254   4.989280
  21   20    0.470267   2.151206    3.219995   5.568459
  21   21    0.381909   2.134563    1.223246 100.000000
  21   22    0.229231   2.151440    1.957280 100.000000
  21   23    0.101292   2.174203  100.000000 100.000000
  21   24    0.051734   2.163286    4.960338 100.000000
  22    0    2.468209   2.265756  100.000000   5.859251
  22    1    2.362603   2.282115    2.034727 100.000000
  22    2    2.231113   2.267788    3.762540   4.053467
  22    3    2.140029   2.228363    3.099781 100.000000
  22    4    2.018676   2.221785    3.856483   5.537169
  22    5    1.908984   2.269739    3.417926 100.000000
  22    6    1.834619   2.211572  100.000000 100.000000
  22    7    1.741504   2.225800  100.000000 100.000000
  22    8    1.695107   2.259080  100.000000 100.000000
  22    9    1.502815   2.279922    2.724862 100.000000
  22   10    1.445901   2.225402    5.454693   3.036979
  22   11    1.373309   2.279552    3.738307   2.784298
  22   12    1.251853   2.213757  100.000000 100.000000
  22   13    1.139440   2.200786    4.880795 100.000000
  22   14    1.002476   2.299917    5.421548 100.000000
  22   15    0.967923   2.203201    4.902962 100.000000
  22   16    0.845809   2.252462  100.000000   2.585467
  22   17    0.749049   2.232315  100.000000 100.000000
  22   18    0.671788   2.202922    4.021426 100.000000
  22   19    0.520056   2.267078    1.862622 100.000000
  22   20    0.476066   2.224222  100.000000 100.000000
  22   21    0.370047   2.279912  100.000000 100.000000
  22   22    0.222488   2.282843  100.000000   2.630315
  22   23    0.147493   2.250682    5.129371 100.000000
  22   24    0.034413   2.292991  100.000000 100.000000
  23    0    2.431778   2.369439  100.000000 100.000000
  23    1    2.336076   2.306515    2.037998 100.000000
  23    2    2.205705   2.362269    5.862644 100.000000
  23    3    2.122299   2.350442    5.170226 100.000000
  23    4    2.005258   2.342447    4.873376 100.000000
  23    5    1.915895   2.381076    5.492204 100.000000
  23    6    1.869353   2.377266  100.000000   3.676308
  23    7    1.781431   2.364389    4.191369   2.809052
  23    8    1.634412   2.397423  100.000000 100.000000
  23    9    1.536089   2.312368    5.243153   5.823843
  23   10    1.432606   2.395505    3.252823   4.922847
  23   11    1.343912   2.353876  100.000000 100.000000
  23   12    1.279261   2.306896  100.000000   3.472024
  23   13    1.194057   2.364639    4.829831   2.079137
  23   14    1.080353   2.389935    1.897565   3.591579
  23   15    0.941412   2.327680  100.000000   4.394314
  23   16    0.881982   2.353638  100.000000   1.188268
  23   17    0.711303   2.351388    4.205616   4.043145
  23   18    0.652680   2.338157    3.776920   5.216843
  23   19    0.593432   2.365503  100.000000 100.000000
  23   20    0.439815   2.391699  100.000000   4.045462
  23   21    0.374590   2.397228  100.000000   4.197362
  23   22    0.273716   2.384660    5.049822   3.676131
  23   23    0.145682   2.306124    2.749773   3.351960
  23   24    0.089040   2.364976    1.088806 100.000000
  24    0    2.490719   2.460569  100.000000 100.000000
  24    1    2.301962   2.435459    3.646611 100.000000
  24    2    2.221212   2.418526  100.000000 100.000000
  24    3    2.179030   2.493257    2.062295   3.783958
  24    4    2.089387   2.456735    3.188276 100.000000
  24    5    1.900596   2.497993    3.793656   3.576629
  24    6    1.841131   2.445936  100.000000   2.297022
  24    7    1.754115   2.489768    5.271842   1.227481
  24    8    1.665895   2.467398    3.708835   1.562006
  24    9    1.542012   2.448296    3.003687 100.000000
  24   10    1.438983   2.463460  100.000000 100.000000
  24   11    1.311102   2.463397    4.502097   1.343160
  24   12    1.215383   2.453949  100.000000   3.126073
  24   13    1.132174   2.476180    5.170485 100.000000
  24   14    1.094246   2.400500    4.976068   5.010771
  24   15    0.977653   2.484746    5.151123   2.653022
  24   16    0.847938   2.401508  100.000000   1.464013
  24   17    0.795759   2.400633  100.000000   4.446856
  24   18    0.650927   2.447249  100.000000 100.000000
  24   19    0.543164   2.401035  100.000000 100.000000
  24   20    0.452476   2.487978    3.623918 100.000000
  24   21    0.342289   2.413471    3.102940   3.697035
  24   22    0.287450   2.452204    4.851365   5.366097
  24   23    0.159243   2.422444  100.000000   5.057700
  24   24    0.073358   2.447934  100.000000   3.793675
  25    0    2.419301   2.535001    4.713019 100.000000
  25    1    2.384513   2.584957  100.000000 100.000000
  25    2    2.270645   2.563617    3.093152 100.000000
  25    3    2.113653   2.516919    1.516732   1.010943
  25    4    2.004536   2.513596    2.852249 100.000000
  25    5    1.994433   2.565374  100.000000 100.000000
  25    6    1.845253   2.522374    3.829791   2.339002
  25    7    1.787650   2.513416  100.000000   1.020513
  25    8    1.648725   2.562208    5.643312   4.966254
  25    9    1.519806   2.541306  100.000000   1.901051
  25   10    1.432300   2.543268  100.000000 100.000000
  25   11    1.383298   2.577295    5.687452   4.626399
  25   12    1.254401   2.549360    4.283366   1.945191
  25   13    1.182711   2.540946  100.000000   2.690865
  25   14    1.097619   2.586285  100.000000   5.891223
  25   15    0.939297   2.549852  100.000000   5.659718
  25   16    0.806544   2.594569    3.414632 100.000000
  25   17    0.708613   2.546962    2.469543 100.000000
  25   18    0.648046   2.549836  100.000000 100.000000
  25   19    0.576470   2.572657    3.765427 100.000000
  25   20    0.462929   2.529768  100.000000 100.000000
  25   21    0.358198   2.597021    5.888592   1.069511
  25   22    0.279248   2.575496  100.000000 100.000000
  25   23    0.168831   2.538489    4.513426   4.387736
  25   24    0.095057   2.514211  100.000000   1.939307
  26    0    2.466577   2.670411  100.000000   2.182902
  26    1    2.366177   2.638244  100.000000   4.856652
  26    2    2.274943   2.684763    3.228794   4.989464
  26    3    2.117115   2.676546    1.574375 100.000000
  26    4    2.024522   2.673928    3.853871   3.931800
  26    5    1.914139   2.682290    3.164419   3.048258
  26    6    1.855350   2.616692    1.004932 100.000000
  26    7    1.767585   2.651159  100.000000 100.000000
  26    8    1.680336   2.688682  100.000000 100.000000
  26    9    1.588281   2.647956  100.000000 100.000000
  26   10    1.480187   2.693758    3.835849 100.000000
  26   11    1.357006   2.672906    4.985206   4.500239
  26   12    1.220726   2.691599  100.000000 100.000000
  26   13    1.152523   2.615102  100.000000 100.000000
  26   14    1.079482   2.629590  100.000000   5.386165
  26   15    0.967222   2.668332  100.000000 100.000000
  26   16    0.886951   2.672715    5.651810 100.000000
  26   17    0.760719   2.665815    1.747739 100.000000
  26   18    0.617458   2.614318  100.000000   1.970881
  26   19    0.541913   2.629940  100.000000   5.549189
  26   20    0.466727   2.614431  100.000000 100.000000
  26   21    0.365034   2.616407  100.000000   4.057766
  26   22    0.210334   2.618722  100.000000   4.797322
  26   23    0.141606   2.636600  100.000000   1.944795
  26   24    0.096764   2.674446  100.000000   4.420172
  27    0    2.475644   2.701236  100.000000   4.324305
  27    1    2.334560   2.725924    1.287298   2.302999
  27    2    2.298847   2.756249  100.000000   5.546888
  27    3    2.175477   2.725131    4.749842   5.463657
  27    4    2.084969   2.712122    3.027369 100.000000
  27    5    1.916710   2.721162  100.000000   1.552287
  27    6    1.837349   2.760389    5.831921 100.000000
  27    7    1.771776   2.708873  100.000000   3.606190
  27    8    1.645650   2.738783    3.047844 100.000000
  27    9    1.528597   2.780675    3.923162 100.000000
  27   10    1.477161   2.704839  100.000000   2.859209
  27   11    1.362585   2.713357    1.313650   2.193226
  27   12    1.212925   2.737921    4.555950 100.000000
  27   13    1.111346   2.727539    5.543621 100.000000
  27   14    1.095987   2.790966    4.031199 100.000000
  27   15    0.968763   2.789151    3.805658   4.492332
  27   16    0.811556   2.703268    4.577531 100.000000
  27   17    0.774066   2.717848  100.000000 100.000000
  27   18    0.679598   2.788131    5.380045 100.000000
  27   19    0.592163   2.791267    3.546862   1.612743
  27   20    0.487859   2.761062    5.267987 100.000000
  27   21    0.335918   2.755854  100.000000   1.840663
  27   22    0.262847   2.767197  100.000000   4.891926
  27   23    0.106422   2.705642    4.978469 100.000000
  27   24    0.098842   2.791633    3.958141   5.760189
  28    0    2.447523   2.805919    4.661898 100.000000
  28    1    2.364050   2.859812  100.000000 100.000000
  28    2    2.298708   2.830567  100.000000 100.000000
  28    3    2.171546   2.868382  100.000000 100.000000
  28    4    2.017600   2.821462    1.269081   3.931333
  28    5    1.970536   2.894289    1.560506 100.000000
  28    6    1.850893   2.855342  100.000000 100.000000
  28    7    1.726117   2.845382  100.000000   2.499902
  28    8    1.612366   2.877910    1.504440   5.198089
  28    9    1.535877   2.895916    5.477815 100.000000
  28   10    1.483724   2.879237    4.717565 100.000000
  28   11    1.363996   2.898836    4.116807   1.694713
  28   12    1.293588   2.871398  100.000000   4.999829
  28   13    1.165778   2.826391  100.000000 100.000000
  28   14    1.016477   2.853710  100.000000 100.000000
  28   15    0.983711   2.850814  100.000000 100.000000
  28   16    0.888697   2.821789    5.664464 100.000000
  28   17    0.744254   2.883919  100.000000 100.000000
  28   18    0.650896   2.855223  100.000000 100.000000
  28   19    0.506464   2.880974  100.000000 100.000000
  28   20    0.453775   2.809861    2.006749   4.960321
  28   21    0.315373   2.868306    2.477932 100.000000
  28   22    0.295524   2.838384    5.872833   5.558398
  28   23    0.145272   2.827029    2.605230 100.000000
  28   24    0.011145   2.810641  100.000000 100.000000
  29    0    2.471427   2.976477  100.000000   2.765566
  29    1    2.307854   2.918909    2.522120   1.909574
  29    2    2.252493   2.925103    3.027674   3.168459
  29    3    2.156015   2.950057  100.000000   2.948378
  29    4    2.092960   2.953322  100.000000   3.778486
  29    5    1.921331   2.927141    2.858135 100.000000
  29    6    1.889576   2.945505    2.677284   4.529068
  29    7    1.712280   2.956940  100.000000   2.297225
  29    8    1.616850   2.966468  100.000000   5.422550
  29    9    1.583449   2.927993    2.527838   3.439069
  29   10    1.403888   2.973076    1.538451 100.000000
  29   11    1.342680   2.925401    5.474297 100.000000
  29   12    1.265975   2.927085    4.753745 100.000000
  29   13    1.147302   2.993868  100.000000   3.577056
  29   14    1.080161   2.940611  100.000000   1.143050
  29   15    0.949990   2.984844  100.000000 100.000000
  29   16    0.834102   2.990516    1.072752 100.000000
  29   17    0.769262   2.968845  100.000000   4.315229
  29   18    0.693668   2.902959  100.000000   4.744934
  29   19    0.586022   2.992518  100.000000   2.971595
  29   20    0.433678   2.951931    5.908093   2.931798
  29   21    0.393678   2.930492    3.055349   4.919657
  29   22    0.288269   2.965539    2.442267   4.945575
  29   23    0.197451   2.998648  100.000000   3.443994
  29   24    0.096790   2.944297  100.000000   3.214038
  30    0    2.411913   3.061025    1.504437 100.000000
  30    1    2.323704   3.000489    3.346109 100.000000
  30    2    2.291397   3.096744    3.266711 100.000000
  30    3    2.174401   3.022935  100.000000 100.000000
  30    4    2.007525   3.069250  100.000000   3.770630
  30    5    1.933829   3.012053  100.000000 100.000000
  30    6    1.866965   3.067384    4.494846   5.642791
  30    7    1.750436   3.046907  100.000000   3.885546
  30    8    1.656765   3.092745  100.000000   1.678734
  30    9    1.522232   3.038113    3.867559   1.374604
  30   10    1.405073   3.077963  100.000000 100.000000
  30   11    1.319088   3.054878  100.000000 100.000000
  30   12    1.271160   3.067697  100.000000 100.000000
  30   13    1.147397   3.026890    3.775450 100.000000
  30   14    1.008880   3.079517    5.073157 100.000000
  30   15    0.905984   3.058899  100.000000   5.070290
  30   16    0.809281   3.045317  100.000000   5.833869
  30   17    0.790037   3.024397    4.649280   1.472577
  30   18    0.674107   3.008174  100.000000 100.000000
  30   19    0.535526   3.062765    2.720006 100.000000
  30   20    0.421927   3.096892    1.030819   5.334977
  30   21    0.323104   3.027705  100.000000   4.614922
  30   22    0.241240   3.027470  100.000000   1.421162
  30   23    0.110731   3.089694  100.000000 100.000000
  30   24    0.073234   3.037028  100.000000   2.579304
  31    0    2.465058   3.198753  100.000000 100.000000
  31    1    2.352871   3.155970    3.771333 100.000000
  31    2    2.204347   3.149464  100.000000   3.133395
  31    3    2.193211   3.164076  100.000000   2.862290
  31    4    2.047629   3.131798    3.296887 100.000000
  31    5    1.901737   3.133422  100.000000   1.870910
  31    6    1.866422   3.140840  100.000000   4.598067
  31    7    1.774122   3.102920  100.000000   1.031443
  31    8    1.672914   3.145551    1.970382 100.000000
  31    9    1.588543   3.159315    1.503860 100.000000
  31   10    1.435645   3.147320  100.000000   1.670810
  31   11    1.309064   3.180237    5.121403   4.941768
  31   12    1.238895   3.122645    5.417367   2.335918
  31   13    1.166687   3.193215    5.708761 100.000000
  31   14    1.084311   3.199747  100.000000   2.689843
  31   15    0.934647   3.164770  100.000000   2.778371
  31   16    0.821385   3.160459  100.000000 100.000000
  31   17    0.749072   3.184644  100.000000   1.239810
  31   18    0.614923   3.175195  100.000000   4.618872
  31   19    0.549826   3.133433    3.498330   5.938247
  31   20    0.469754   3.142190  100.000000 100.000000
  31   21    0.378869   3.134211    5.988331 100.000000
  31   22    0.240053   3.155660  100.000000   2.810836
  31   23    0.131815   3.155493  100.000000   3.227205
  31   24    0.013618   3.149077    4.170893   4.043671
  32    0    2.451342   3.271158    2.907451   1.970781
  32    1    2.346974   3.239183    4.542033 100.000000
  32    2    2.298391   3.263374  100.000000 100.000000
  32    3    2.117592   3.244457  100.000000   3.369102
  32    4    2.021456   3.260749  100.000000   4.303671
  32    5    1.901845   3.225527  100.000000 100.000000
  32    6    1.814073   3.283937  100.000000   2.540230
  32    7    1.755967   3.291744    5.459608 100.000000
  32    8    1.645512   3.279249  100.000000   1.437075
  32    9    1.565466   3.254059  100.000000   4.589961
  32   10    1.461469   3.224889  100.000000   2.756465
  32   11    1.306773   3.205187  100.000000 100.000000
  32   12    1.286716   3.216573    1.434594 100.000000
  32   13    1.197581   3.227835  100.000000   2.301143
  32   14    1.008641   3.272127  100.000000 100.000000
  32   15    0.992821   3.207580    2.358992   1.325378
  32   16    0.859604   3.278689  100.000000 100.000000
  32   17    0.732203   3.270080    4.867668   1.773224
  32   18    0.672704   3.227436  100.000000 100.000000
  32   19    0.569349   3.276394    3.160377 100.000000
  32   20    0.461104   3.244291  100.000000 100.000000
  32   21    0.349464   3.217410    5.253412 100.000000
  32   22    0.209567   3.293852  100.000000 100.000000
  32   23    0.130113   3.249146    2.941033 100.000000
  32   24    0.091938   3.206357    5.991352   5.151682
  33    0    2.479821   3.313538  100.000000   5.015761
  33    1    2.301092   3.342429    5.867099   2.388036
  33    2    2.280038   3.335914    5.507946   3.679097
  33    3    2.175414   3.339535  100.000000   5.210827
  33    4    2.021626   3.330243  100.000000   3.014827
  33    5    1.911693   3.390939  100.000000   3.689665
  33    6    1.829358   3.320368  100.000000 100.000000
  33    7    1.784351   3.367350  100.000000   4.942726
  33    8    1.601353   3.388220  100.000000 100.000000
  33    9    1.502242   3.314742    3.760154   4.127542
  33   10    1.436743   3.362262    1.745844   1.705239
  33   11    1.342997   3.367160    1.024150   3.396404
  33   12    1.227978   3.375701    5.067621 100.000000
  33   13    1.191676   3.323600    1.818532   4.950546
  33   14    1.065839   3.336140    3.506861   2.383187
  33   15    0.903666   3.380169  100.000000   1.365920
  33   16    0.885227   3.313345  100.000000   1.211890
  33   17    0.710350   3.390989  100.000000 100.000000
  33   18    0.620549   3.361417    1.754019 100.000000
  33   19    0.589724   3.316168  100.000000 100.000000
  33   20    0.427734   3.357801    4.062406   4.732219
  33   21    0.370460   3.336235  100.000000   4.561395
  33   22    0.244862   3.373985    1.281245   1.228340
  33   23    0.154541   3.323765    4.014433 100.000000
  33   24    0.006796   3.387903  100.000000   1.634164
  34    0    2.490326   3.474507    3.006759   5.424892
  34    1    2.356108   3.471898    1.359408 100.000000
  34    2    2.245404   3.453987    1.354134 100.000000
  34    3    2.104882   3.403169    1.304171   1.368678
  34    4    2.030438   3.407320    4.240755 100.000000
  34    5    1.985193   3.407531  100.000000   1.845141
  34    6    1.870942   3.411327  100.000000 100.000000
  34    7    1.700815   3.461923  100.000000   1.324602
  34    8    1.636657   3.403371    2.428495 100.000000
  34    9    1.598369   3.475461  100.000000 100.000000
  34   10    1.439261   3.446218  100.000000   5.119308
  34   11    1.395488   3.430040  100.000000   2.799504
  34   12    1.205900   3.450311  100.000000   4.386417
  34   13    1.181600   3.436445  100.000000 100.000000
  34   14    1.076368   3.404569    4.525493 100.000000
  34   15    0.919875   3.464607  100.000000   5.543728
  34   16    0.863358   3.418948  100.000000   1.946261
  34   17    0.769374   3.474303    3.001151 100.000000
  34   18    0.690532   3.433656    2.978142   2.454381
  34   19    0.577044   3.455704  100.000000   1.873115
  34   20    0.440724   3.464053    4.679529   4.576961
  34   21    0.302078   3.411891  100.000000   1.684813
  34   22    0.207982   3.428920    1.216274   1.669713
  34   23    0.105769   3.453157  100.000000   1.968893
  34   24    0.085980   3.403430  100.000000 100.000000
  35    0    2.477042   3.591074    4.773729   5.554602
  35    1    2.323113   3.515544  100.000000 100.000000
  35    2    2.250467   3.590992  100.000000 100.000000
  35    3    2.185580   3.589499  100.000000 100.000000
  35    4    2.038194   3.504473    4.996844   2.112853
  35    5    1.968961   3.569640  100.000000 100.000000
  35    6    1.898039   3.532020    2.632142   2.414786
  35    7    1.765626   3.595850    5.928884 100.000000
  35    8    1.694792   3.540666  100.000000 100.000000
  35    9    1.514195   3.583417    5.298510 100.000000
  35   10    1.415729   3.595202  100.000000   1.100876
  35   11    1.382534   3.550089    1.180185   5.604041
  35   12    1.274530   3.503310    4.762074   3.028961
  35   13    1.121270   3.513705  100.000000 100.000000
  35   14    1.054146   3.548966  100.000000 100.000000
  35   15    0.926726   3.598153  100.000000   2.392829
  35   16    0.805510   3.533292  100.000000 100.000000
  35   17    0.782605   3.586331    4.938971   5.059055
  35   18    0.637384   3.518773    4.038503 100.000000
  35   19    0.517546   3.556967    3.991426 100.000000
  35   20    0.478025   3.544058    2.216061   4.164309
  35   21    0.350753   3.599987    2.397565   1.282459
  35   22    0.264305   3.557249    5.425561 100.000000
  35   23    0.112603   3.570350  100.000000   1.363165
  35   24    0.012715   3.592078  100.000000   3.310054
  36    0    2.495932   3.680911  100.000000   3.499517
  36    1    2.327547   3.605300  100.000000 100.000000
  36    2    2.202292   3.621519    3.848208   5.961770
  36    3    2.131032   3.617174  100.000000 100.000000
  36    4    2.008544   3.647465  100.000000   4.882664
  36    5    1.923548   3.604419    2.825628   2.722677
  36    6    1.889785   3.637305  100.000000 100.000000
  36    7    1.758092   3.667368  100.000000   3.174067
  36    8    1.662989   3.659777    4.712573 100.000000
  36    9    1.513914   3.677453  100.000000   2.316904
  36   10    1.445032   3.640070    3.816106   5.516479
  36   11    1.371157   3.651618    5.808087 100.000000
  36   12    1.287059   3.691394  100.000000 100.000000
  36   13    1.179263   3.641250    4.751084 100.000000
  36   14    1.050871   3.648656    3.592966   4.471962
  36   15    0.940399   3.621875    4.269310 100.000000
  36   16    0.898038   3.680535    3.546218 100.000000
  36   17    0.739162   3.634660    1.525892   5.505656
  36   18    0.683246   3.649534  100.000000 100.000000
  36   19    0.592992   3.659864    5.365667   1.287267
  36   20    0.409625   3.638492  100.000000   2.990970
  36   21    0.338000   3.604007  100.000000 100.000000
  36   22    0.211390   3.621906  100.000000 100.000000
  36   23    0.175328   3.679707  100.000000 100.000000
  36   24    0.091892   3.689715  100.000000   5.433355
  37    0    2.473694   3.728626    1.280446 100.000000
  37    1    2.357183   3.759147  100.000000 100.000000
  37    2    2.273609   3.726277    2.299451 100.000000
  37    3    2.162199   3.760244  100.000000 100.000000
  37    4    2.032560   3.721070  100.000000 100.000000
  37    5    1.900900   3.762984  100.000000   5.122521
  37    6    1.869137   3.730559    4.752434   1.264589
  37    7    1.745206   3.717475  100.000000   4.258782
  37    8    1.638861   3.735917    3.014312 100.000000
  37    9    1.513198   3.747518    4.627779   3.250624
  37   10    1.483456   3.721681  100.000000 100.000000
  37   11    1.361121   3.728020    5.833990 100.000000
  37   12    1.292451   3.763001  100.000000 100.000000
  37   13    1.162277   3.770137    3.466891   4.515901
  37   14    1.008330   3.788057    1.040366   3.781751
  37   15    0.993080   3.773666    2.042138 100.000000
  37   16    0.896612   3.746018  100.000000   3.046870
  37   17    0.780149   3.739821    1.480956 100.000000
  37   18    0.649012   3.754464    5.053307 100.000000
  37   19    0.551444   3.704877  100.000000 100.000000
  37   20    0.423535   3.766024  100.000000   4.609939
  37   21    0.345154   3.737999  100.000000   4.326136
  37   22    0.231289   3.721124  100.000000   5.714940
  37   23    0.179734   3.734363  100.000000 100.000000
  37   24    0.007965   3.733191  100.000000   4.284943
  38    0    2.465228   3.844649    2.406429   5.634990
  38    1    2.376328   3.862206    3.850111   4.669918
  38    2    2.262565   3.817039    2.626520   5.464345
  38    3    2.121989   3.824465  100.000000   4.571461
  38    4    2.080171   3.823622  100.000000   3.073519
  38    5    1.922410   3.809370  100.000000   1.190458
  38    6    1.833147   3.844653  100.000000   2.326548
  38    7    1.729467   3.866427    3.633942 100.000000
  38    8    1.674832   3.874694    4.303678 100.000000
  38    9    1.505566   3.821111    4.628139   4.527061
  38   10    1.425323   3.807094  100.000000 100.000000
  38   11    1.315175   3.863304    4.150078   4.387633
  38   12    1.280661   3.850487  100.000000 100.000000
  38   13    1.159615   3.879334    5.331234 100.000000
  38   14    1.053239   3.822205  100.000000   5.877748
  38   15    0.943988   3.891677  100.000000 100.000000
  38   16    0.806125   3.801910  100.000000   2.054199
  38   17    0.775508   3.819415    5.812894   3.539623
  38   18    0.679421   3.840782    2.372993 100.000000
  38   19    0.560373   3.884410    5.124664   1.070313
  38   20    0.413451   3.894021    4.610850 100.000000
  38   21    0.338499   3.866946    2.270348   5.350249
  38   22    0.241000   3.867376  100.000000   5.837617
  38   23    0.134770   3.856551    3.281901 100.000000
  38   24    0.089290   3.841681  100.000000   1.256331
  39    0    2.434008   3.986535  100.000000   3.087570
  39    1    2.341702   3.994090  100.000000   5.049175
  39    2    2.245535   3.905924  100.000000 100.000000
  39    3    2.131181   3.937510    5.811551   1.648113
  39    4    2.046640   3.989621    5.438810 100.000000
  39    5    1.935541   3.979163    2.289925   3.693408
  39    6    1.887497   3.939721    5.437155   3.866960
  39    7    1.784631   3.936655  100.000000   2.669966
  39    8    1.600404   3.992271    2.006294   2.179072
  39    9    1.564167   3.958581    2.882476 100.000000
  39   10    1.463412   3.943181  100.000000 100.000000
  39   11    1.346784   3.963951  100.000000 100.000000
  39   12    1.210522   3.961142  100.000000 100.000000
  39   13    1.151472   3.952237  100.000000   2.764437
  39   14    1.094749   3.996958    3.586176   1.438037
  39   15    0.940212   3.931846    4.107952 100.000000
  39   16    0.854468   3.935013    3.625927 100.000000
  39   17    0.753662   3.941000    3.125538   4.498036
  39   18    0.667196   3.936330    3.738532 100.000000
  39   19    0.505523   3.916821  100.000000   5.600678
  39   20    0.473008   3.972838    5.943985   3.287000
  39   21    0.359785   3.911856    1.422586 100.000000
  39   22    0.261107   3.928117  100.000000 100.000000
  39   23    0.133827   3.957974    3.996007   5.154598
  39   24    0.063555   3.965471  100.000000   4.645185
