   0    0    2.618237   0.074597    4.439174   1.983081
   0    1    2.502285   0.033922    2.568934 100.000000
   0    2    2.468447   0.080592  100.000000 100.000000
   0    3    2.343820   0.055011  100.000000   2.157951
   0    4    2.253690   0.050084  100.000000 100.000000
   0    5    2.178553   0.084166  100.000000   2.981827
   0    6    2.046067   0.027584    4.467324 100.000000
   0    7    1.976477   0.011999  100.000000 100.000000
   0    8    1.845034   0.039418  100.000000   4.215233
   0    9    1.737320   0.095558  100.000000   1.546197
   0   10    1.637999   0.069622  100.000000   3.992925
   0   11    1.587650   0.057834  100.000000   2.618309
   0   12    1.470547   0.066622  100.000000   5.299650
   0   13    1.324010   0.021552    3.197034 100.000000
   0   14    1.207388   0.068151    1.204587   3.596261
   0   15    1.172735   0.001184    5.758289   5.869125
   0   16    1.065926   0.014128  100.000000   3.713650
   0   17    0.957917   0.035311    1.285117   5.413268
   0   18    0.821401   0.050874    1.002572 100.000000
   0   19    0.758377   0.068587    4.862639   2.813877
   0   20    0.686357   0.026464    4.728419 100.000000
   0   21    0.555378   0.028768    1.869412 100.000000
   0   22    0.444024   0.012248    5.378496   1.569370
   0   23    0.390889   0.009264    4.281688   5.995312
   0   24    0.237765   0.084930  100.000000   3.021445
   0   25    0.151536   0.062559  100.000000 100.000000
   0   26    0.095253   0.090550  100.000000 100.000000
   1    0    2.695183   0.120443    5.139662   4.450428
   1    1    2.590467   0.189525    4.336260   5.561139
   1    2    2.486653   0.111628    4.704746   5.145062
   1    3    2.341386   0.195820  100.000000 100.000000
   1    4    2.239968   0.151576  100.000000 100.000000
   1    5    2.133566   0.132132    2.823807   5.881477
   1    6    2.090836   0.183495  100.000000   4.107417
   1    7    1.994122   0.128525    4.376804 100.000000
   1    8    1.845975   0.125884  100.000000   1.646632
   1    9    1.776231   0.116050  100.000000 100.000000
   1   10    1.670928   0.194506    2.048227 100.000000
   1   11    1.536874   0.112754    4.174735 100.000000
   1   12    1.412693   0.133419    4.592566   4.089668
   1   13    1.311974   0.122905    2.967758 100.000000
   1   14    1.249596   0.150474    5.867689 100.000000
   1   15    1.138896   0.146549    2.227143 100.000000
   1   16    1.083013   0.165739  100.000000 100.000000
   1   17    0.931875   0.191052    2.592914   2.715859
   1   18    0.862541   0.194002  100.000000 100.000000
   1   19    0.736319   0.128250  100.000000 100.000000
   1   20    0.654712   0.136800    1.402858   4.268517
   1   21    0.510334   0.109526    3.522044   3.072313
   1   22    0.425691   0.112544  100.000000 100.000000
   1   23    0.331138   0.110728  100.000000   5.392523
   1   24    0.235155   0.105400  100.000000   4.620807
   1   25    0.111707   0.173902  100.000000   4.248308
   1   26    0.019935   0.134706    5.308217 100.000000
   2    0    2.624232   0.230340    4.991747   1.644229
   2    1    2.514427   0.295940    3.923875   5.845763
   2    2    2.415551   0.221213  100.000000   4.446645
   2    3    2.363209   0.268346    1.891043   2.978579
   2    4    2.258771   0.290710  100.000000   4.764947
   2    5    2.110910   0.211751    3.713070 100.000000
   2    6    2.028550   0.244553  100.000000   3.272914
   2    7    1.995581   0.265736    5.383702   1.837711
   2    8    1.803393   0.223147    3.578385 100.000000
   2    9    1.754821   0.293063    2.879790 100.000000
   2   10    1.680137   0.284898  100.000000 100.000000
   2   11    1.508747   0.227026  100.000000 100.000000
   2   12    1.418002   0.228012  100.000000 100.000000
   2   13    1.351552   0.243547    5.638059   5.067351
   2   14    1.260040   0.278329  100.000000   4.003768
   2   15    1.160407   0.202323    5.237145   2.771348
   2   16    1.055560   0.202825    3.439759 100.000000
   2   17    0.995967   0.222810    4.348169   5.808377
   2   18    0.878281   0.216489    5.155590   4.706255
   2   19    0.749872   0.213103    3.335651   2.039731
   2   20    0.681399   0.244974  100.000000   3.260108
   2   21    0.586391   0.266614  100.000000 100.000000
   2   22    0.407132   0.222095    3.422596   2.817295
   2   23    0.329553   0.206423  100.000000   2.658859
   2   24    0.299886   0.278324  100.000000 100.000000
   2   25    0.187176   0.287063    4.516860   4.165213
   2   26    0.000515   0.234465    2.968111 100.000000
   3    0    2.655440   0.359478  100.000000 100.000000
   3    1    2.510833   0.375876  100.000000 100.000000
   3    2    2.459268   0.340538  100.000000   5.208271
   3    3    2.367682   0.364583  100.000000   1.964410
   3    4    2.205811   0.373805  100.000000 100.000000
   3    5    2.199831   0.338994  100.000000   3.645616
   3    6    2.061334   0.321310    1.694620   1.381923
   3    7    1.985808   0.354765  100.000000 100.000000
   3    8    1.876269   0.385065  100.000000   3.661484
   3    9    1.760907   0.307344    3.033773   5.611418
   3   10    1.641898   0.346081  100.000000 100.000000
   3   11    1.586871   0.363729  100.000000   4.633424
   3   12    1.444247   0.348451    3.323090 100.000000
   3   13    1.396223   0.334015    2.433290 100.000000
   3   14    1.213007   0.324473    3.619433   1.825936
   3   15    1.147268   0.320710  100.000000 100.000000
   3   16    1.082939   0.303556    4.094226   2.991439
   3   17    0.914273   0.367172  100.000000 100.000000
   3   18    0.896689   0.347195  100.000000   5.195465
   3   19    0.791385   0.306889  100.000000 100.000000
   3   20    0.636270   0.390782    3.990376 100.000000
   3   21    0.544458   0.398814    3.310890 100.000000
   3   22    0.462163   0.356617    5.840685   4.032043
   3   23    0.395058   0.384006  100.000000   3.386217
   3   24    0.214687   0.351311    2.213401 100.000000
   3   25    0.144326   0.359365  100.000000 100.000000
   3   26    0.040437   0.320415    5.501225 100.000000
   4    0    2.696813   0.495502  100.000000 100.000000
   4    1    2.571881   0.475894  100.000000 100.000000
   4    2    2.405923   0.401939  100.000000 100.000000
   4    3    2.383380   0.413981  100.000000 100.000000
   4    4    2.295068   0.486128    4.765984 100.000000
   4    5    2.110244   0.478892  100.000000 100.000000
   4    6    2.070397   0.419605    5.582450 100.000000
   4    7    1.939859   0.423299  100.000000   3.784664
   4    8    1.869562   0.481821  100.000000 100.000000
   4    9    1.718700   0.414092    3.949097 100.000000
   4   10    1.618077   0.456341    4.523471   4.342750
   4   11    1.592693   0.400569    4.070150   5.119107
   4   12    1.492666   0.416405  100.000000   3.750032
   4   13    1.367716   0.473108    1.474740 100.000000
   4   14    1.244104   0.485621    4.116136 100.000000
   4   15    1.142963   0.441372    4.762250 100.000000
   4   16    1.050228   0.482370  100.000000 100.000000
   4   17    0.918821   0.439596    1.650065 100.000000
   4   18    0.821479   0.403972  100.000000 100.000000
   4   19    0.734721   0.423585  100.000000 100.000000
   4   20    0.692519   0.488360  100.000000 100.000000
   4   21    0.548606   0.478747    3.291614 100.000000
   4   22    0.400033   0.498891    4.274429 100.000000
   4   23    0.304119   0.419547    3.936840   5.005812
   4   24    0.226847   0.412065    1.016275   4.505379
   4   25    0.100675   0.466318  100.000000   3.652300
   4   26    0.002542   0.490184  100.000000   5.186487
   5    0    2.637500   0.540951    3.710268   2.222654
   5    1    2.522755   0.523866    2.225470   4.553867
   5    2    2.442700   0.538475    1.608571   3.944485
   5    3    2.329659   0.586842    2.672932 100.000000
   5    4    2.233867   0.587956  100.000000   1.051343
   5    5    2.106664   0.555571  100.000000   2.532840
   5    6    2.022883   0.536843  100.000000 100.000000
   5    7    1.916998   0.519447    1.954279   3.763600
   5    8    1.894320   0.503854  100.000000   2.060354
   5    9    1.765096   0.543746    4.719215 100.000000
   5   10    1.650226   0.543437    4.116548 100.000000
   5   11    1.558100   0.574297    4.092429 100.000000
   5   12    1.448198   0.502672    4.855182   4.262669
   5   13    1.354474   0.501425    2.448893   4.392333
   5   14    1.238918   0.557013    4.219941   2.287478
   5   15    1.138470   0.593294  100.000000 100.000000
   5   16    1.033236   0.581768    4.255875   1.583846
   5   17    0.911865   0.537080  100.000000   5.768937
   5   18    0.804599   0.526694  100.000000   1.555051
   5   19    0.722900   0.582693    1.357626   1.473677
   5   20    0.642110   0.580468  100.000000   2.962922
   5   21    0.516414   0.523641  100.000000 100.000000
   5   22    0.427199   0.526286  100.000000 100.000000
   5   23    0.349562   0.588399  100.000000 100.000000
   5   24    0.266964   0.591574    5.163786 100.000000
   5   25    0.142481   0.598162  100.000000 100.000000
   5   26    0.054483   0.524735  100.000000   3.515951
   6    0    2.647857   0.628887  100.000000   3.243790
   6    1    2.540188   0.688379    2.598674 100.000000
   6    2    2.465614   0.648462  100.000000   2.721109
   6    3    2.381126   0.636880  100.000000 100.000000
   6    4    2.278914   0.640303    1.614258   3.016321
   6    5    2.107764   0.625551  100.000000 100.000000
   6    6    2.018168   0.611479    1.102825   3.422256
   6    7    1.918629   0.605579  100.000000 100.000000
   6    8    1.861937   0.696449  100.000000 100.000000
   6    9    1.771961   0.606550  100.000000 100.000000
   6   10    1.656528   0.675012  100.000000   1.752813
   6   11    1.592112   0.626000    1.223999 100.000000
   6   12    1.421151   0.638190    5.141172 100.000000
   6   13    1.315027   0.611828  100.000000   4.930251
   6   14    1.247483   0.634079    2.869288   2.146660
   6   15    1.112150   0.664061    2.866637   2.147202
   6   16    1.045843   0.612539    1.421215   3.789029
   6   17    0.948274   0.659973    2.848007   4.819353
   6   18    0.887912   0.607468    5.922228   1.056709
   6   19    0.780454   0.614518  100.000000   1.480856
   6   20    0.616475   0.680585  100.000000   4.562945
   6   21    0.579584   0.607835    2.113152 100.000000
   6   22    0.428166   0.624609    3.005822   3.146146
   6   23    0.371897   0.604813    4.564748 100.000000
   6   24    0.265390   0.621030    3.209513   1.117061
   6   25    0.122178   0.689207    3.057137 100.000000
   6   26    0.081581   0.651794  100.000000 100.000000
   7    0    2.632793   0.789630    5.356120 100.000000
   7    1    2.509727   0.744149    2.133273   4.287894
   7    2    2.418864   0.795384    5.667464 100.000000
   7    3    2.319876   0.730897  100.000000   5.939448
   7    4    2.261414   0.724702  100.000000   2.317207
   7    5    2.118236   0.794233    5.753788   3.506786
   7    6    2.069844   0.783603  100.000000 100.000000
   7    7    1.975511   0.760936    2.851228   2.596644
   7    8    1.810525   0.774955  100.000000   1.975978
   7    9    1.726159   0.762391  100.000000   5.749814
   7   10    1.698945   0.784048  100.000000   4.337546
   7   11    1.515086   0.717110  100.000000 100.000000
   7   12    1.471592   0.702187  100.000000   3.839436
   7   13    1.301502   0.772536    1.897558 100.000000
   7   14    1.253454   0.784590    4.908756 100.000000
   7   15    1.123893   0.753780  100.000000   4.332606
   7   16    1.093690   0.719355  100.000000 100.000000
   7   17    0.935925   0.721036    2.287433   2.352380
   7   18    0.855844   0.785757    1.892699 100.000000
   7   19    0.738250   0.731920    3.067391 100.000000
   7   20    0.655581   0.736991    1.354773   5.972761
   7   21    0.576183   0.740410    2.681249 100.000000
   7   22    0.412369   0.790053  100.000000   3.284211
   7   23    0.313861   0.721282    5.624249   1.353179
   7   24    0.270901   0.762504  100.000000 100.000000
   7   25    0.144515   0.789092    3.259858   1.768959
   7   26    0.065552   0.777280    5.137531   5.906739
   8    0    2.696319   0.819702    1.453254 100.000000
   8    1    2.572952   0.867514    5.203848 100.000000
   8    2    2.470687   0.864889    5.408577   5.132146
   8    3    2.313785   0.833165    1.314744 100.000000
   8    4    2.298363   0.889453    5.283055   4.292211
   8    5    2.164135   0.852026    1.199060 100.000000
   8    6    2.074525   0.869832  100.000000   1.938187
   8    7    1.962410   0.886787    4.680252   1.214822
   8    8    1.855425   0.803826  100.000000 100.000000
   8    9    1.777389   0.836009    4.155771 100.000000
   8   10    1.683685   0.876016  100.000000 100.000000
   8   11    1.541865   0.831911  100.000000   3.811618
   8   12    1.470546   0.875640    3.618623   5.760330
   8   13    1.326692   0.824750  100.000000 100.000000
   8   14    1.204061   0.863909  100.000000   3.609943
   8   15    1.163538   0.820277    1.822438 100.000000
   8   16    1.001074   0.801551    1.676280 100.000000
   8   17    0.926881   0.865055    5.792073 100.000000
   8   18    0.851595   0.830809  100.000000 100.000000
   8   19    0.713754   0.837584    1.349535 100.000000
   8   20    0.632822   0.854066  100.000000 100.000000
   8   21    0.557219   0.898764    3.229682 100.000000
   8   22    0.456872   0.890897  100.000000   3.825306
   8   23    0.331161   0.820092  100.000000 100.000000
   8   24    0.267926   0.813438    4.687638   4.136676
   8   25    0.104516   0.859690  100.000000 100.000000
   8   26    0.041532   0.844962  100.000000   1.663184
   9    0    2.694548   0.992638  100.000000 100.000000
   9    1    2.585606   0.938606    1.297066   3.810970
   9    2    2.467529   0.918978    1.963119 100.000000
   9    3    2.371778   0.980508  100.000000   3.729328
   9    4    2.295239   0.949722    4.244417   2.527735
   9    5    2.170616   0.979648  100.000000 100.000000
   9    6    2.081593   0.975308  100.000000   4.316231
   9    7    1.947684   0.943860  100.000000 100.000000
   9    8    1.867138   0.914438  100.000000 100.000000
   9    9    1.744887   0.932825  100.000000   3.059311
   9   10    1.654605   0.979854    1.671353   5.759108
   9   11    1.565453   0.993310    5.018140   3.780829
   9   12    1.480044   0.918899  100.000000   3.630944
   9   13    1.339259   0.909937  100.000000   5.034558
   9   14    1.286351   0.953937    2.639012 100.000000
   9   15    1.162030   0.995799  100.000000 100.000000
   9   16    1.050199   0.987880  100.000000   3.825296
   9   17    0.980042   0.942218    2.087478   1.643314
   9   18    0.887097   0.950666  100.000000 100.000000
   9   19    0.718670   0.902562  100.000000   2.391065
   9   20    0.611617   0.983132    5.334480   5.924726
   9   21    0.511689   0.920026    4.562056 100.000000
   9   22    0.401194   0.901296  100.000000   2.161930
   9   23    0.388060   0.916785  100.000000 100.000000
   9   24    0.255167   0.948423    4.469237   3.060349
   9   25    0.186287   0.981937  100.000000 100.000000
   9   26    0.039112   0.911420    3.453942 100.000000
  10    0    2.609286   1.075983    2.800255 100.000000
  10    1    2.540222   1.069173    3.954838   4.471507
  10    2    2.409248   1.030812    3.929291   4.147531
  10    3    2.311982   1.078514    3.924907 100.000000
  10    4    2.292896   1.079436  100.000000 100.000000
  10    5    2.148053   1.053150    5.498501 100.000000
  10    6    2.035640   1.051463    4.341010 100.000000
  10    7    1.912508   1.074398  100.000000   4.873907
  10    8    1.831261   1.095796  100.000000 100.000000
  10    9    1.752406   1.008210    5.770756 100.000000
  10   10    1.615859   1.084123    4.062936 100.000000
  10   11    1.593488   1.015748  100.000000   4.332538
  10   12    1.463795   1.023669  100.000000 100.000000
  10   13    1.377067   1.004729    5.064788   5.513740
  10   14    1.265197   1.011248    3.383464   5.322603
  10   15    1.158576   1.098311    4.041728   3.470232
  10   16    1.033654   1.058329  100.000000   2.046863
  10   17    0.949383   1.091534  100.000000   1.497029
  10   18    0.873515   1.063077  100.000000 100.000000
  10   19    0.797873   1.018120    4.383151   4.255931
  10   20    0.650003   1.089529    5.769835   3.084338
  10   21    0.505762   1.062791    3.303741   1.912956
  10   22    0.445198   1.053084    1.807372 100.000000
  10   23    0.313006   1.007912  100.000000   1.751919
  10   24    0.252023   1.024960    1.733447 100.000000
  10   25    0.155923   1.058600    4.482474 100.000000
  10   26    0.085275   1.020317    4.782271   2.529026
  11    0    2.623849   1.163906  100.000000   4.854869
  11    1    2.526268   1.139290  100.000000 100.000000
  11    2    2.410488   1.187044    5.359699   1.971373
  11    3    2.302539   1.198642  100.000000   4.806805
  11    4    2.247434   1.117912  100.000000   3.035040
  11    5    2.155485   1.185781  100.000000 100.000000
  11    6    2.019972   1.167049    5.429193 100.000000
  11    7    1.931937   1.136061  100.000000   4.094127
  11    8    1.807248   1.103585  100.000000 100.000000
  11    9    1.791518   1.166482    4.174523   3.244254
  11   10    1.642904   1.111744  100.000000 100.000000
  11   11    1.525314   1.103995  100.000000 100.000000
  11   12    1.445261   1.116124    2.886609   1.181885
  11   13    1.370622   1.159469    3.410557 100.000000
  11   14    1.255606   1.197444    5.757517 100.000000
  11   15    1.177587   1.191732    3.191314 100.000000
  11   16    1.022786   1.100409    5.417484 100.000000
  11   17    0.915787   1.104017    1.090502   2.391746
  11   18    0.836088   1.105113  100.000000 100.000000
  11   19    0.799402   1.154514    5.720008 100.000000
  11   20    0.618888   1.159435  100.000000   2.031725
  11   21    0.514579   1.176357    2.316155 100.000000
  11   22    0.442869   1.147597    1.973725   2.369481
  11   23    0.300381   1.173609    5.540622   3.003479
  11   24    0.286562   1.191158    1.527422   1.216758
  11   25    0.136136   1.110064  100.000000   4.878650
  11   26    0.023433   1.155166    4.274953 100.000000
  12    0    2.668002   1.242196  100.000000   3.422452
  12    1    2.520952   1.247972    2.065921   2.651810
  12    2    2.453820   1.236082  100.000000   3.497465
  12    3    2.339735   1.204165    3.045569 100.000000
  12    4    2.265074   1.280727    2.911613 100.000000
  12    5    2.119883   1.207785    1.351287 100.000000
  12    6    2.079553   1.222670    1.407479   1.367891
  12    7    1.919405   1.201149    1.179699   4.876058
  12    8    1.861699   1.207876    3.030539 100.000000
  12    9    1.787589   1.279074  100.000000 100.000000
  12   10    1.655468   1.265768    1.611933 100.000000
  12   11    1.525999   1.297095    1.122911   4.269800
  12   12    1.422677   1.220626  100.000000 100.000000
  12   13    1.359892   1.225589  100.000000   2.968143
  12   14    1.294356   1.225593    4.459059   4.292000
  12   15    1.136098   1.239918  100.000000 100.000000
  12   16    1.029203   1.244124  100.000000   2.084836
  12   17    0.985370   1.261148    1.410132 100.000000
  12   18    0.868021   1.261244    2.528054 100.000000
  12   19    0.746661   1.233908  100.000000   2.078582
  12   20    0.697904   1.250928    4.788034 100.000000
  12   21    0.507393   1.273326  100.000000 100.000000
  12   22    0.474157   1.236162  100.000000 100.000000
  12   23    0.394514   1.291292    4.740252   5.071037
  12   24    0.284399   1.296071    3.009720 100.000000
  12   25    0.128481   1.245703  100.000000   3.812843
  12   26    0.025950   1.214871    3.191157 100.000000
  13    0    2.611547   1.316103  100.000000 100.000000
  13    1    2.579109   1.396171  100.000000 100.000000
  13    2    2.469794   1.383964    3.612141 100.000000
  13    3    2.356708   1.321054  100.000000   5.263438
  13    4    2.200152   1.362429    1.610225 100.000000
  13    5    2.187290   1.388013  100.000000 100.000000
  13    6    2.099350   1.301343    1.038562   1.217864
  13    7    1.910928   1.365441    1.074196   5.797241
  13    8    1.869515   1.314576    1.979206   2.142759
  13    9    1.706181   1.376662  100.000000 100.000000
  13   10    1.643784   1.351026  100.000000 100.000000
  13   11    1.592498   1.367598    3.224504   3.322567
  13   12    1.483274   1.354756  100.000000   3.030912
  13   13    1.368572   1.389902    1.057469   2.884016
  13   14    1.255758   1.347311  100.000000 100.000000
  13   15    1.162223   1.307384    3.660311 100.000000
  13   16    1.039809   1.389877  100.000000   2.014724
  13   17    0.950249   1.356645    5.034059   1.719539
  13   18    0.830236   1.341520    1.607586   5.047251
  13   19    0.741965   1.330848    1.335998   4.270411
  13   20    0.616402   1.358287  100.000000 100.000000
  13   21    0.515725   1.352846  100.000000   2.231775
  13   22    0.418636   1.342796  100.000000   1.408413
  13   23    0.326086   1.367550  100.000000 100.000000
  13   24    0.282941   1.317421  100.000000   1.353166
  13   25    0.178287   1.399800  100.000000 100.000000
  13   26    0.092677   1.317133  100.000000 100.000000
  14    0    2.697491   1.460097    2.906858   2.326463
  14    1    2.503297   1.455415    3.020199   2.476095
  14    2    2.459324   1.416819    3.932850 100.000000
  14    3    2.308865   1.418233  100.000000   1.849181
  14    4    2.229608   1.423971  100.000000 100.000000
  14    5    2.110506   1.492619    3.772577 100.000000
  14    6    2.017785   1.479530  100.000000   3.727203
  14    7    1.993230   1.468351  100.000000   1.094322
  14    8    1.814595   1.441591  100.000000 100.000000
  14    9    1.769712   1.447154  100.000000   1.581643
  14   10    1.689303   1.404758  100.000000 100.000000
  14   11    1.530481   1.483088    3.654014 100.000000
  14   12    1.467928   1.446350    3.824568 100.000000
  14   13    1.354944   1.430274    3.931662   2.961168
  14   14    1.291835   1.469289  100.000000 100.000000
  14   15    1.123452   1.450541    4.002763   1.713084
  14   16    1.044470   1.446619    1.409151 100.000000
  14   17    0.991854   1.440102    1.580251 100.000000
  14   18    0.840334   1.467684    3.931345   3.530898
  14   19    0.789680   1.469972    2.437886 100.000000
  14   20    0.688614   1.490291    3.912901 100.000000
  14   21    0.542431   1.413540    2.049202 100.000000
  14   22    0.455889   1.487844    5.157359 100.000000
  14   23    0.333313   1.434226    1.397320   5.237481
  14   24    0.226072   1.480147    3.378073 100.000000
  14   25    0.181496   1.471019  100.000000 100.000000
  14   26    0.046264   1.448375  100.000000   2.885361
  15    0    2.685574   1.504369  100.000000   5.615543
  15    1    2.536290   1.520598    3.617982   5.205783
  15    2    2.437500   1.546080  100.000000 100.000000
  15    3    2.302167   1.521328    4.836691   2.189492
  15    4    2.253657   1.503912  100.000000 100.000000
  15    5    2.139899   1.533454    4.200055 100.000000
  15    6    2.095396   1.541532  100.000000 100.000000
  15    7    1.976904   1.510106  100.000000 100.000000
  15    8    1.818927   1.596262  100.000000 100.000000
  15    9    1.722257   1.570384  100.000000 100.000000
  15   10    1.679704   1.517170  100.000000 100.000000
  15   11    1.539729   1.594429  100.000000   2.065856
  15   12    1.493079   1.545684  100.000000   2.586297
  15   13    1.328626   1.566147  100.000000 100.000000
  15   14    1.286530   1.591080    2.870983   2.931484
  15   15    1.112785   1.550031  100.000000 100.000000
  15   16    1.095360   1.540931    2.568068   3.062603
  15   17    0.916317   1.560604    5.125436 100.000000
  15   18    0.809943   1.510037  100.000000 100.000000
  15   19    0.770088   1.577765    3.115621 100.000000
  15   20    0.658164   1.541050    5.347974 100.000000
  15   21    0.575962   1.541971  100.000000 100.000000
  15   22    0.495603   1.572226    3.344884 100.000000
  15   23    0.327503   1.543377    1.919666   1.428607
  15   24    0.271883   1.548074  100.000000 100.000000
  15   25    0.133811   1.552294  100.000000   3.788582
  15   26    0.045897   1.562190  100.000000 100.000000
  16    0    2.695370   1.619389    4.140675   5.774138
  16    1    2.537953   1.607293    1.229105   2.403673
  16    2    2.480436   1.676518    1.688656 100.000000
  16    3    2.344831   1.663056    3.176500 100.000000
  16    4    2.230198   1.693987    1.252227   5.888875
  16    5    2.130529   1.601378  100.000000 100.000000
  16    6    2.093232   1.641068  100.000000 100.000000
  16    7    1.927765   1.609492  100.000000 100.000000
  16    8    1.800659   1.687215    5.852880   2.012061
  16    9    1.732032   1.635154    5.976036 100.000000
  16   10    1.697150   1.685442  100.000000   3.365227
  16   11    1.503373   1.681536  100.000000   4.363550
  16   12    1.422872   1.659648  100.000000   5.141425
  16   13    1.364555   1.630026  100.000000   4.170064
  16   14    1.220979   1.631609  100.000000   4.346464
  16   15    1.160098   1.678397  100.000000   4.723595
  16   16    1.089199   1.609867    1.269053   3.157671
  16   17    0.967878   1.654575  100.000000   5.347090
  16   18    0.819872   1.679994  100.000000 100.000000
  16   19    0.731440   1.655298    1.048677   2.911144
  16   20    0.612589   1.687828  100.000000 100.000000
  16   21    0.586798   1.632654    3.966752   4.512023
  16   22    0.477705   1.619527  100.000000 100.000000
  16   23    0.352925   1.607166  100.000000   5.553305
  16   24    0.278289   1.666248  100.000000   2.871099
  16   25    0.149144   1.688539  100.000000   4.486346
  16   26    0.077245   1.625149    4.520746   5.318443
  17    0    2.627890   1.799474  100.000000 100.000000
  17    1    2.555263   1.702362  100.000000   4.982159
  17    2    2.426673   1.724195  100.000000 100.000000
  17    3    2.351229   1.789933  100.000000 100.000000
  17    4    2.277395   1.734145  100.000000 100.000000
  17    5    2.180190   1.771614    1.833095 100.000000
  17    6    2.030290   1.775787    3.677404 100.000000
  17    7    1.998793   1.733749    5.505346   3.023076
  17    8    1.885139   1.785192    2.333623   4.694531
  17    9    1.786275   1.741601  100.000000   2.582848
  17   10    1.655350   1.772879    5.712212   5.678740
  17   11    1.550028   1.734992  100.000000   5.611853
  17   12    1.492442   1.725931    1.225083   3.731116
  17   13    1.383954   1.755567  100.000000   4.029995
  17   14    1.273567   1.755064  100.000000   4.058155
  17   15    1.159488   1.711895    4.163371 100.000000
  17   16    1.030028   1.738115    2.851252   4.998641
  17   17    0.994338   1.758239    5.052954 100.000000
  17   18    0.865276   1.792413    1.853118 100.000000
  17   19    0.789198   1.791509    3.359613 100.000000
  17   20    0.629775   1.789431    1.700850 100.000000
  17   21    0.507484   1.719415    1.271759   5.408237
  17   22    0.492605   1.717395  100.000000   1.175552
  17   23    0.360724   1.718808    4.321395   5.034883
  17   24    0.218013   1.766243  100.000000 100.000000
  17   25    0.100234   1.722051    5.943903   1.708296
  17   26    0.071690   1.730249  100.000000   2.555545
  18    0    2.623498   1.875621    3.287120 100.000000
  18    1    2.506260   1.846691    4.745167 100.000000
  18    2    2.415598   1.883387  100.000000 100.000000
  18    3    2.387042   1.853528  100.000000 100.000000
  18    4    2.264512   1.813844    4.109891   4.710711
  18    5    2.129196   1.826276  100.000000   3.236801
  18    6    2.053320   1.854185  100.000000 100.000000
  18    7    1.935353   1.854734    2.442145 100.000000
  18    8    1.881064   1.807777  100.000000 100.000000
  18    9    1.744212   1.843051  100.000000 100.000000
  18   10    1.672468   1.882006  100.000000   2.981277
  18   11    1.563321   1.836396  100.000000 100.000000
  18   12    1.443435   1.806528  100.000000 100.000000
  18   13    1.368931   1.811390    5.615402 100.000000
  18   14    1.287010   1.898882  100.000000 100.000000
  18   15    1.166020   1.815590  100.000000 100.000000
  18   16    1.092077   1.845819  100.000000 100.000000
  18   17    0.976984   1.822179  100.000000 100.000000
  18   18    0.802902   1.872077  100.000000 100.000000
  18   19    0.782826   1.843637    2.479522   1.866259
  18   20    0.657021   1.866021    2.097228   1.673622
  18   21    0.562358   1.899015    2.625988 100.000000
  18   22    0.470581   1.803335  100.000000 100.000000
  18   23    0.302902   1.888048    5.422530 100.000000
  18   24    0.244299   1.899057    3.236416   2.870366
  18   25    0.128321   1.866703  100.000000   2.192307
  18   26    0.072073   1.878296    3.715115   2.041728
  19    0    2.679038   1.953702    5.576851   4.074770
  19    1    2.500515   1.980892  100.000000   1.104592
  19    2    2.426694   1.940909  100.000000   1.931423
  19    3    2.331486   1.937435    1.633112 100.000000
  19    4    2.247269   1.983774    4.102959   4.081213
  19    5    2.152005   1.979149  100.000000 100.000000
  19    6    2.032017   1.922187  100.000000 100.000000
  19    7    1.906398   1.934286  100.000000 100.000000
  19    8    1.824750   1.937950    2.657749   1.082557
  19    9    1.742698   1.939344    1.652930   3.005278
  19   10    1.622240   1.906896  100.000000 100.000000
  19   11    1.581080   1.927574  100.000000   2.695025
  19   12    1.485113   1.949577    4.275410   1.818968
  19   13    1.371729   1.947655    2.969095   4.474539
  19   14    1.219910   1.919291  100.000000 100.000000
  19   15    1.123899   1.966150    5.338460 100.000000
  19   16    1.088880   1.946991    2.641172   1.850532
  19   17    0.997069   1.915182  100.000000   1.508079
  19   18    0.824646   1.977739    3.957484   4.720634
  19   19    0.720520   1.999638    1.598335   5.425893
  19   20    0.677837   1.998198  100.000000 100.000000
  19   21    0.588272   1.945748  100.000000   1.575979
  19   22    0.419576   1.987037    1.686430 100.000000
  19   23    0.360790   1.947872    4.547639   3.021920
  19   24    0.248403   1.940972  100.000000   1.895704
  19   25    0.113960   1.900510  100.000000   1.376022
  19   26    0.089538   1.996400    2.026148   4.530750
  20    0    2.605206   2.061813  100.000000   5.789954
  20    1    2.555297   2.049557    4.688637 100.000000
  20    2    2.487122   2.085536    5.844254 100.000000
  20    3    2.372638   2.050707  100.000000 100.000000
  20    4    2.284964   2.081248    5.951805 100.000000
  20    5    2.125861   2.030658    5.686284 100.000000
  20    6    2.036731   2.022372  100.000000 100.000000
  20    7    1.967931   2.098180    2.555380   4.938612
  20    8    1.883598   2.038409  100.000000 100.000000
  20    9    1.721292   2.020786  100.000000 100.000000
  20   10    1.678025   2.024073  100.000000   5.598326
  20   11    1.552601   2.048730    1.752720 100.000000
  20   12    1.431594   2.066188    1.688222 100.000000
  20   13    1.382278   2.058272    1.713799 100.000000
  20   14    1.208915   2.090564  100.000000 100.000000
  20   15    1.197637   2.047524    4.184799   4.601682
  20   16    1.014355   2.042342    3.507692   3.422722
  20   17    0.944814   2.058319    5.624674   1.082378
  20   18    0.812640   2.082592  100.000000 100.000000
  20   19    0.707316   2.010343  100.000000   4.412642
  20   20    0.691106   2.065423    5.990477   5.852410
  20   21    0.555445   2.065649    4.758284   2.178840
  20   22    0.424983   2.050062  100.000000   4.428565
  20   23    0.301059   2.076956    2.949103   5.088990
  20   24    0.269099   2.098270  100.000000 100.000000
  20   25    0.180210   2.014948    5.233541   3.819607
  20   26    0.049031   2.019957    3.563296   3.774046
  21    0    2.699699   2.146103  100.000000 100.000000
  21    1    2.539738   2.198912    1.964655 100.000000
  21    2    2.412684   2.186886    1.947059 100.000000
  21    3    2.332994   2.130642  100.000000   3.897070
  21    4    2.283882   2.140204  100.000000 100.000000
  21    5    2.114141   2.189778  100.000000 100.000000
  21    6    2.023659   2.118804    1.455461 100.000000
  21    7    1.974612   2.109811  100.000000 100.000000
  21    8    1.861372   2.164304    3.217135   1.256345
  21    9    1.763255   2.182643    1.292560 100.000000
  21   10    1.690132   2.167969    5.667141   2.613090
  21   11    1.582320   2.180890    5.995882 100.000000
  21   12    1.467797   2.140887  100.000000 100.000000
  21   13    1.366163   2.135369    5.410812 100.000000
  21   14    1.226708   2.187253    5.422139 100.000000
  21   15    1.163265   2.194657    5.475030 100.000000
  21   16    1.055915   2.125075  100.000000   1.788689
  21   17    0.993341   2.124351  100.000000   3.302965
  21   18    0.868317   2.152911    5.458422   5.903592
  21   19    0.764148   2.103200  100.000000 100.000000
  21   20    0.611750   2.146204  100.000000 100.000000
  21   21    0.550744   2.190064    4.960391   5.670160
  21   22    0.411682   2.186401    4.130847 100.000000
  21   23    0.369965   2.194613  100.000000 100.000000
  21   24    0.272345   2.132806  100.000000   4.443979
  21   25    0.136695   2.172783    4.023586   1.635940
  21   26    0.070208   2.196787  100.000000   3.186801
  22    0    2.691273   2.273423    1.654599 100.000000
  22    1    2.503601   2.200531    4.827859 100.000000
  22    2    2.445629   2.242501    5.154709   2.492750
  22    3    2.383858   2.219093    3.367672   5.501426
  22    4    2.266811   2.258928    1.970616 100.000000
  22    5    2.167988   2.229515  100.000000 100.000000
  22    6    2.082543   2.211688    1.176176 100.000000
  22    7    1.912325   2.249683    2.617476 100.000000
  22    8    1.808024   2.212052  100.000000   2.640328
  22    9    1.725909   2.263514    5.368042 100.000000
  22   10    1.629687   2.277282    1.967544   2.200622
  22   11    1.551134   2.270549  100.000000 100.000000
  22   12    1.494252   2.244219    3.722370 100.000000
  22   13    1.344840   2.202396    1.360675   5.517658
  22   14    1.253304   2.269160    4.031600   2.021064
  22   15    1.118359   2.216772  100.000000 100.000000
  22   16    1.061047   2.295057  100.000000   3.196737
  22   17    0.933731   2.219280    3.136385 100.000000
  22   18    0.899258   2.222720  100.000000 100.000000
  22   19    0.762711   2.257378  100.000000   5.210170
  22   20    0.693982   2.241837  100.000000   3.927385
  22   21    0.508134   2.265519  100.000000   5.000660
  22   22    0.428651   2.256135    2.570796 100.000000
  22   23    0.327862   2.215932  100.000000 100.000000
  22   24    0.243077   2.226592  100.000000 100.000000
  22   25    0.194382   2.202911  100.000000 100.000000
  22   26    0.071874   2.226269    1.014189   5.981850
  23    0    2.606997   2.303211  100.000000   3.039271
  23    1    2.541204   2.383564  100.000000 100.000000
  23    2    2.460108   2.356404    2.230946 100.000000
  23    3    2.350889   2.315429    3.177366 100.000000
  23    4    2.262906   2.322078    2.875962 100.000000
  23    5    2.121745   2.312710  100.000000   2.216094
  23    6    2.087377   2.358544  100.000000 100.000000
  23    7    1.986561   2.369296  100.000000 100.000000
  23    8    1.845911   2.340973    1.264410 100.000000
  23    9    1.727081   2.345988    1.761438   2.491214
  23   10    1.656063   2.377925  100.000000   3.186515
  23   11    1.501028   2.346255    1.777462   3.823703
  23   12    1.460575   2.360345    1.499990   2.914831
  23   13    1.372397   2.360472  100.000000   1.740266
  23   14    1.243624   2.397751    2.044087   4.883263
  23   15    1.177966   2.330635    1.398797   4.213124
  23   16    1.086818   2.358944    4.336074 100.000000
  23   17    0.988561   2.327254  100.000000   1.441519
  23   18    0.861172   2.367568    3.734402   1.829725
  23   19    0.767483   2.373079    2.627223 100.000000
  23   20    0.659684   2.364097    4.035732 100.000000
  23   21    0.579854   2.315837    1.586056 100.000000
  23   22    0.453830   2.308417  100.000000 100.000000
  23   23    0.322475   2.376438    2.267000   3.549157
  23   24    0.224563   2.370161  100.000000 100.000000
  23   25    0.122403   2.308790  100.000000   1.885556
  23   26    0.041098   2.311060  100.000000 100.000000
  24    0    2.660949   2.482266    5.834470 100.000000
  24    1    2.527235   2.455928  100.000000 100.000000
  24    2    2.439762   2.485677  100.000000   5.051047
  24    3    2.341635   2.477524  100.000000   5.470802
  24    4    2.265329   2.436654  100.000000 100.000000
  24    5    2.189458   2.471148    1.179435   1.211260
  24    6    2.060562   2.457070  100.000000   5.736198
  24    7    1.942489   2.463719    3.828011   5.363049
  24    8    1.832395   2.449651    1.340207   3.814650
  24    9    1.705777   2.471807    3.239725   1.606188
  24   10    1.641840   2.443420    2.599992   1.321631
  24   11    1.549894   2.491858  100.000000   5.458807
  24   12    1.443461   2.473385    2.868513 100.000000
  24   13    1.375845   2.443962    3.870679   4.361669
  24   14    1.218989   2.404970    1.767420 100.000000
  24   15    1.168253   2.413514  100.000000 100.000000
  24   16    1.020259   2.404115    1.181896 100.000000
  24   17    0.930131   2.402577    4.273985   1.402767
  24   18    0.870333   2.412686    1.001982 100.000000
  24   19    0.729029   2.442662  100.000000   4.357708
  24   20    0.608924   2.408785  100.000000 100.000000
  24   21    0.515065   2.457367    5.456286   1.211555
  24   22    0.448170   2.420618  100.000000 100.000000
  24   23    0.363219   2.467970  100.000000   4.082057
  24   24    0.229050   2.489807  100.000000   3.472262
  24   25    0.166779   2.459488    5.415066   3.488172
  24   26    0.031530   2.483107  100.000000 100.000000
  25    0    2.602846   2.556692    4.196496 100.000000
  25    1    2.597337   2.573058    2.117264   4.885653
  25    2    2.468628   2.578070    5.239760 100.000000
  25    3    2.381644   2.562730    4.698564   4.540339
  25    4    2.212297   2.551376  100.000000 100.000000
  25    5    2.136733   2.550978    3.789052 100.000000
  25    6    2.012450   2.532524  100.000000 100.000000
  25    7    1.902688   2.539719  100.000000 100.000000
  25    8    1.803094   2.550999  100.000000   1.876552
  25    9    1.791756   2.544414    5.013046   5.901968
  25   10    1.611862   2.579140    2.852594   2.392735
  25   11    1.556082   2.540962    4.918647   4.623426
  25   12    1.474231   2.509847  100.000000   4.752101
  25   13    1.369049   2.559792    4.735477   2.488142
  25   14    1.202151   2.522222    3.493329 100.000000
  25   15    1.188414   2.526879  100.000000 100.000000
  25   16    1.096979   2.541838    1.799575   5.583090
  25   17    0.947906   2.598007  100.000000 100.000000
  25   18    0.885174   2.518441    3.518998   4.889616
  25   19    0.786587   2.522381  100.000000 100.000000
  25   20    0.690761   2.540765  100.000000   2.672148
  25   21    0.557750   2.509780    5.622114 100.000000
  25   22    0.442836   2.528811    3.728161   2.392679
  25   23    0.311031   2.561029    3.286268   5.069138
  25   24    0.253161   2.519553  100.000000   5.332527
  25   25    0.199101   2.598618    1.347102 100.000000
  25   26    0.071306   2.502961    2.403555   3.431031
  26    0    2.698998   2.655965    3.865119   4.704141
  26    1    2.575930   2.676509    2.699225 100.000000
  26    2    2.434448   2.673288    3.260879   4.756927
  26    3    2.381873   2.617388    1.828487 100.000000
  26    4    2.204472   2.600746    3.680285 100.000000
  26    5    2.104538   2.655175    1.273621 100.000000
  26    6    2.039687   2.614877  100.000000 100.000000
  26    7    1.974459   2.688099    1.784912   3.770301
  26    8    1.881345   2.667482    1.537005 100.000000
  26    9    1.786863   2.600856    4.794048 100.000000
  26   10    1.645044   2.677531  100.000000   5.288962
  26   11    1.593156   2.654711    3.851841   1.725828
  26   12    1.447108   2.666933    1.770183   5.711821
  26   13    1.367811   2.694291  100.000000 100.000000
  26   14    1.207115   2.683108  100.000000   1.127421
  26   15    1.122001   2.675920  100.000000 100.000000
  26   16    1.049467   2.628124    1.118049 100.000000
  26   17    0.912385   2.649571    3.713647   4.739832
  26   18    0.827262   2.689465    1.496124 100.000000
  26   19    0.758628   2.634677    2.324372 100.000000
  26   20    0.679819   2.642682    3.718190   3.160233
  26   21    0.545076   2.625758    3.083792 100.000000
  26   22    0.447152   2.625615    1.861890 100.000000
  26   23    0.340146   2.613723  100.000000 100.000000
  26   24    0.265995   2.689032    5.141463 100.000000
  26   25    0.156953   2.613669    3.642378 100.000000
  26   26    0.066750   2.658812    1.039999 100.000000
  27    0    2.681380   2.792355  100.000000   5.350741
  27    1    2.563170   2.763339  100.000000 100.000000
  27    2    2.404671   2.770145  100.000000 100.000000
  27    3    2.305735   2.784999  100.000000 100.000000
  27    4    2.259290   2.782440  100.000000 100.000000
  27    5    2.126723   2.743621  100.000000   1.159325
  27    6    2.006776   2.756763    2.583461 100.000000
  27    7    1.931499   2.787626    3.059225 100.000000
  27    8    1.865389   2.710162    5.844378 100.000000
  27    9    1.776078   2.744670    5.741512 100.000000
  27   10    1.691168   2.782818  100.000000   1.363058
  27   11    1.543483   2.759440    1.816754   5.381420
  27   12    1.475629   2.733329  100.000000 100.000000
  27   13    1.361779   2.793048    3.478918   5.701649
  27   14    1.278083   2.726625  100.000000   3.778847
  27   15    1.131768   2.713528  100.000000 100.000000
  27   16    1.048175   2.721002    3.884805   3.650415
  27   17    0.944947   2.770403  100.000000 100.000000
  27   18    0.813248   2.795190    1.898553 100.000000
  27   19    0.717484   2.723755    5.503479   1.916547
  27   20    0.691829   2.773658    1.622025   2.109788
  27   21    0.596957   2.769079  100.000000   1.783072
  27   22    0.465834   2.734313    3.993522   5.088163
  27   23    0.365078   2.747405  100.000000 100.000000
  27   24    0.271577   2.776691  100.000000 100.000000
  27   25    0.119729   2.725434  100.000000   4.642093
  27   26    0.060560   2.716520    3.831465 100.000000
  28    0    2.602166   2.880437    5.651841   2.501609
  28    1    2.538159   2.852580  100.000000   2.461090
  28    2    2.420884   2.817516    4.130711   1.464905
  28    3    2.359048   2.806304    1.907061   1.986592
  28    4    2.241495   2.813569    5.466052 100.000000
  28    5    2.125231   2.807168    3.833936   3.457568
  28    6    2.053830   2.806678  100.000000   5.635659
  28    7    1.923439   2.865168    2.812889   4.949326
  28    8    1.899626   2.842609  100.000000 100.000000
  28    9    1.726840   2.881767  100.000000 100.000000
  28   10    1.668105   2.866846    3.848481 100.000000
  28   11    1.588455   2.849736    3.087335 100.000000
  28   12    1.490881   2.801247  100.000000   4.010407
  28   13    1.344781   2.851832    3.514531 100.000000
  28   14    1.284760   2.857279    5.331909 100.000000
  28   15    1.154933   2.880639  100.000000   1.792160
  28   16    1.035421   2.885370    5.129420   4.536165
  28   17    0.902386   2.884966    2.137724 100.000000
  28   18    0.802708   2.815082  100.000000 100.000000
  28   19    0.751519   2.834624    1.345667 100.000000
  28   20    0.683654   2.843814  100.000000   2.238695
  28   21    0.528649   2.812610  100.000000   3.578919
  28   22    0.459079   2.884849  100.000000   2.457724
  28   23    0.319562   2.879815  100.000000 100.000000
  28   24    0.296696   2.898830    1.077003 100.000000
  28   25    0.165531   2.872542  100.000000   3.295638
  28   26    0.039262   2.854405  100.000000 100.000000
  29    0    2.634607   2.908491  100.000000   2.190864
  29    1    2.556815   2.912865  100.000000 100.000000
  29    2    2.475644   2.925638  100.000000   2.204227
  29    3    2.375002   2.904163  100.000000   2.771304
  29    4    2.254155   2.934023  100.000000 100.000000
  29    5    2.100794   2.907720  100.000000   3.152247
  29    6    2.016980   2.938009  100.000000   2.892025
  29    7    1.935609   2.951841  100.000000   1.614582
  29    8    1.827312   2.908521  100.000000 100.000000
  29    9    1.747107   2.924455  100.000000 100.000000
  29   10    1.608080   2.932324  100.000000 100.000000
  29   11    1.501932   2.990033    3.870496 100.000000
  29   12    1.417924   2.987399  100.000000 100.000000
  29   13    1.390509   2.940680  100.000000 100.000000
  29   14    1.254274   2.906087  100.000000   5.011880
  29   15    1.103073   2.903499  100.000000 100.000000
  29   16    1.036739   2.987321    1.222295 100.000000
  29   17    0.961964   2.943316    2.389999   5.117648
  29   18    0.805277   2.965335  100.000000 100.000000
  29   19    0.722581   2.986510    4.531830 100.000000
  29   20    0.643644   2.988334  100.000000 100.000000
  29   21    0.546648   2.990847  100.000000 100.000000
  29   22    0.460991   2.953447  100.000000   3.201444
  29   23    0.332446   2.998069  100.000000   1.858273
  29   24    0.221079   2.967714    2.406199   4.647110
  29   25    0.164160   2.998362    4.376316 100.000000
  29   26    0.096421   2.959526    2.862762 100.000000
  30    0    2.614171   3.019637  100.000000 100.000000
  30    1    2.549740   3.025844    2.221561 100.000000
  30    2    2.457273   3.077928  100.000000   5.255320
  30    3    2.357863   3.010368  100.000000 100.000000
  30    4    2.224694   3.028758    2.199240   4.011284
  30    5    2.105193   3.074383  100.000000 100.000000
  30    6    2.005892   3.047930    2.944789   4.782643
  30    7    1.928184   3.000487  100.000000   5.424004
  30    8    1.877144   3.049442  100.000000   2.110997
  30    9    1.756146   3.047256  100.000000   1.019184
  30   10    1.674676   3.055617  100.000000   3.097876
  30   11    1.500203   3.012951  100.000000 100.000000
  30   12    1.498336   3.080266  100.000000 100.000000
  30   13    1.341223   3.057120    2.979431 100.000000
  30   14    1.297949   3.048883    4.992048 100.000000
  30   15    1.197608   3.019764  100.000000   3.319107
  30   16    1.097131   3.037662  100.000000   4.910087
  30   17    0.976346   3.091172  100.000000 100.000000
  30   18    0.872745   3.064117  100.000000   3.108355
  30   19    0.715910   3.073750    1.865722 100.000000
  30   20    0.625093   3.042334    2.056005   4.244284
  30   21    0.508484   3.006910  100.000000   1.027369
  30   22    0.432631   3.031441  100.000000   1.306900
  30   23    0.360331   3.011590    5.283328   1.335851
  30   24    0.205170   3.008139    3.717780 100.000000
  30   25    0.195129   3.001826  100.000000 100.000000
  30   26    0.094507   3.052030    2.739248   2.900413
  31    0    2.682965   3.193686  100.000000 100.000000
  31    1    2.551239   3.194412  100.000000 100.000000
  31    2    2.453598   3.144918    3.394000   5.135907
  31    3    2.318701   3.186673    1.486292 100.000000
  31    4    2.278455   3.180594  100.000000   4.612686
  31    5    2.191486   3.141152  100.000000   5.685270
  31    6    2.075062   3.121095    4.757395 100.000000
  31    7    1.918307   3.112566  100.000000   3.881556
  31    8    1.862357   3.183108    5.041547   5.058468
  31    9    1.723641   3.139084    5.611799   4.074470
  31   10    1.699152   3.136992  100.000000 100.000000
  31   11    1.596175   3.180476  100.000000 100.000000
  31   12    1.445024   3.147383  100.000000   2.246399
  31   13    1.340829   3.138640    3.438012 100.000000
  31   14    1.288369   3.113599    3.029783   3.593218
  31   15    1.112901   3.185145    5.381050 100.000000
  31   16    1.039021   3.179318  100.000000   5.239762
  31   17    0.941783   3.128056    1.847258   2.043768
  31   18    0.867754   3.167279  100.000000 100.000000
  31   19    0.771413   3.104969    2.918522 100.000000
  31   20    0.677477   3.174150    4.968006   1.556323
  31   21    0.542078   3.152128  100.000000 100.000000
  31   22    0.472792   3.171757  100.000000 100.000000
  31   23    0.346811   3.199364  100.000000   1.441040
  31   24    0.213693   3.101064  100.000000   2.002472
  31   25    0.130479   3.178446    1.413766 100.000000
  31   26    0.022981   3.188194  100.000000   3.332269
  32    0    2.614559   3.218637  100.000000 100.000000
  32    1    2.533756   3.237972  100.000000   2.721472
  32    2    2.445286   3.287354  100.000000 100.000000
  32    3    2.349722   3.276154    5.016615 100.000000
  32    4    2.240863   3.299069    4.508972 100.000000
  32    5    2.161662   3.275054    3.665639   1.647128
  32    6    2.025165   3.246835  100.000000   4.473121
  32    7    1.900454   3.283051  100.000000   3.522151
  32    8    1.884042   3.212619    5.177589   2.263550
  32    9    1.784163   3.282586  100.000000 100.000000
  32   10    1.616851   3.256739    4.937752 100.000000
  32   11    1.576902   3.206977  100.000000 100.000000
  32   12    1.459543   3.234506  100.000000 100.000000
  32   13    1.389187   3.232791  100.000000 100.000000
  32   14    1.294308   3.234863    3.820675   1.553427
  32   15    1.160403   3.242098  100.000000   2.976113
  32   16    1.038694   3.282939  100.000000   1.870533
  32   17    0.987330   3.296040    1.836620   5.382120
  32   18    0.898440   3.244522  100.000000   5.400521
  32   19    0.793595   3.239346    5.966922 100.000000
  32   20    0.617354   3.274510    2.488846 100.000000
  32   21    0.521399   3.272678    2.446395 100.000000
  32   22    0.474478   3.214801    2.496670   2.446762
  32   23    0.342641   3.293368  100.000000 100.000000
  32   24    0.239788   3.212646  100.000000   4.143721
  32   25    0.168482   3.288665  100.000000   5.436152
  32   26    0.055428   3.283667    2.691405 100.000000
  33    0    2.693849   3.315427  100.000000   3.221374
  33    1    2.512219   3.358303  100.000000 100.000000
  33    2    2.427595   3.393129    5.288116   5.377696
  33    3    2.319627   3.333776  100.000000 100.000000
  33    4    2.219949   3.397724    5.476684   4.553677
  33    5    2.195216   3.380356  100.000000   5.608681
  33    6    2.059330   3.335748    5.269460   3.832807
  33    7    1.902417   3.357554    5.047412 100.000000
  33    8    1.854344   3.389129    3.148076 100.000000
  33    9    1.715334   3.329742  100.000000 100.000000
  33   10    1.680509   3.364243  100.000000   2.207912
  33   11    1.562597   3.320318    3.440093 100.000000
  33   12    1.448555   3.317503    4.666852   2.807742
  33   13    1.388063   3.340225    2.142167 100.000000
  33   14    1.203696   3.324899    2.012406 100.000000
  33   15    1.110503   3.392374  100.000000 100.000000
  33   16    1.098846   3.357607    1.606912 100.000000
  33   17    0.940008   3.360643  100.000000 100.000000
  33   18    0.825593   3.346257    5.263963 100.000000
  33   19    0.774224   3.383170  100.000000 100.000000
  33   20    0.624301   3.321041  100.000000 100.000000
  33   21    0.550836   3.346913  100.000000   5.214217
  33   22    0.443575   3.385859  100.000000 100.000000
  33   23    0.366588   3.343619  100.000000 100.000000
  33   24    0.248869   3.391384    1.083291   5.600048
  33   25    0.108925   3.387203  100.000000 100.000000
  33   26    0.049769   3.374812    5.628279   1.604283
  34    0    2.619514   3.491086    4.606424 100.000000
  34    1    2.596652   3.476604  100.000000   2.551717
  34    2    2.445343   3.487187  100.000000 100.000000
  34    3    2.306204   3.496048    3.170885 100.000000
  34    4    2.249075   3.413506  100.000000   2.439547
  34    5    2.122018   3.476853    4.231733   1.321611
  34    6    2.021854   3.402433  100.000000 100.000000
  34    7    1.959663   3.409361  100.000000 100.000000
  34    8    1.839687   3.454955  100.000000   4.855582
  34    9    1.753860   3.419744  100.000000 100.000000
  34   10    1.658496   3.422113    3.121382   4.587518
  34   11    1.512231   3.474918    2.178096 100.000000
  34   12    1.467135   3.481089    2.783979   3.261622
  34   13    1.355242   3.488802    3.301910   4.764520
  34   14    1.226417   3.487130    5.091406 100.000000
  34   15    1.174384   3.422814  100.000000   3.060411
  34   16    1.055780   3.425435  100.000000   4.145704
  34   17    0.956851   3.452536  100.000000 100.000000
  34   18    0.844671   3.447425  100.000000   5.053539
  34   19    0.795391   3.490484    4.507235   2.569872
  34   20    0.693851   3.457204    4.997165   3.091906
  34   21    0.551675   3.418294  100.000000 100.000000
  34   22    0.428580   3.482526    2.395771   3.397773
  34   23    0.341929   3.490942  100.000000   5.603767
  34   24    0.201804   3.419261  100.000000 100.000000
  34   25    0.181459   3.460620  100.000000   3.491570
  34   26    0.011873   3.491837    1.048534 100.000000
  35    0    2.639553   3.547091  100.000000 100.000000
  35    1    2.517507   3.599524  100.000000   5.765220
  35    2    2.423507   3.567419    2.415792 100.000000
  35    3    2.326219   3.514521    4.629282   2.602351
  35    4    2.227103   3.576279  100.000000 100.000000
  35    5    2.137712   3.581950    1.149578   5.024379
  35    6    2.063757   3.572913    4.317342 100.000000
  35    7    1.995704   3.556575    3.858691 100.000000
  35    8    1.855453   3.571873  100.000000   5.985259
  35    9    1.753288   3.504532    5.172549   1.061286
  35   10    1.624276   3.552871  100.000000 100.000000
  35   11    1.583550   3.536170    1.102029   1.019392
  35   12    1.416033   3.569578  100.000000 100.000000
  35   13    1.388611   3.578985  100.000000   3.850912
  35   14    1.298882   3.510483  100.000000   5.886813
  35   15    1.180135   3.520434    2.259836   3.490153
  35   16    1.014369   3.576430    2.929511 100.000000
  35   17    0.926358   3.531642  100.000000   4.690590
  35   18    0.826299   3.503610  100.000000 100.000000
  35   19    0.757889   3.569399  100.000000   5.177086
  35   20    0.645590   3.565287    1.668140 100.000000
  35   21    0.504621   3.569827  100.000000   4.120801
  35   22    0.478812   3.561764    5.307707 100.000000
  35   23    0.375086   3.571333  100.000000   5.787674
  35   24    0.243619   3.538155    1.088543   5.330343
  35   25    0.190094   3.581862  100.000000 100.000000
  35   26    0.016858   3.502847    3.326033 100.000000
  36    0    2.691799   3.690730    4.844925 100.000000
  36    1    2.570439   3.605265  100.000000 100.000000
  36    2    2.433576   3.677716  100.000000   4.509709
  36    3    2.339229   3.612114  100.000000 100.000000
  36    4    2.296554   3.683917  100.000000 100.000000
  36    5    2.125164   3.604096  100.000000   4.801710
  36    6    2.085975   3.639888  100.000000   3.051434
  36    7    1.937029   3.642567    4.312758   1.906777
  36    8    1.848949   3.610076  100.000000   2.659723
  36    9    1.768912   3.653575  100.000000 100.000000
  36   10    1.621655   3.628425    1.492568 100.000000
  36   11    1.551576   3.624325  100.000000 100.000000
  36   12    1.488938   3.665594  100.000000 100.000000
  36   13    1.384483   3.652790    5.448177   1.361145
  36   14    1.214975   3.664366    1.184249 100.000000
  36   15    1.160727   3.635750  100.000000   2.546498
  36   16    1.080475   3.609144    2.105704 100.000000
  36   17    0.908237   3.619736    3.489503 100.000000
  36   18    0.897471   3.637741    5.722732 100.000000
  36   19    0.795210   3.697653    2.292762   3.532547
  36   20    0.632422   3.606075    4.561109   5.243474
  36   21    0.569060   3.686749  100.000000   3.187557
  36   22    0.423153   3.654057    3.704652   1.112452
  36   23    0.334735   3.605880    2.721864   4.223230
  36   24    0.224558   3.651566    4.685431 100.000000
  36   25    0.109703   3.649792    4.250165 100.000000
  36   26    0.063267   3.635035  100.000000 100.000000
  37    0    2.602829   3.712274  100.000000   5.923156
  37    1    2.568370   3.781064    2.581600   1.587097
  37    2    2.457621   3.753634    2.017844   2.740139
  37    3    2.365904   3.795782    1.916642   5.776157
  37    4    2.235954   3.789375  100.000000 100.000000
  37    5    2.148383   3.777533  100.000000   4.795610
  37    6    2.052092   3.720511    2.443349   2.968750
  37    7    1.993410   3.743703  100.000000   4.949754
  37    8    1.842112   3.724735    4.888856   1.045381
  37    9    1.733743   3.765229  100.000000   1.038189
  37   10    1.633218   3.740579  100.000000   2.478703
  37   11    1.598249   3.786121  100.000000 100.000000
  37   12    1.486148   3.798462  100.000000 100.000000
  37   13    1.397547   3.757594    1.888667 100.000000
  37   14    1.252501   3.736717  100.000000   3.707336
  37   15    1.160919   3.721369  100.000000 100.000000
  37   16    1.042911   3.776419    1.747877 100.000000
  37   17    0.945865   3.771475    4.382232   2.319930
  37   18    0.826657   3.751469    3.755571 100.000000
  37   19    0.705064   3.755546    1.526859   4.506758
  37   20    0.671725   3.716302    5.022270   1.456840
  37   21    0.508861   3.795032    5.839960   3.894226
  37   22    0.484571   3.772073  100.000000 100.000000
  37   23    0.368040   3.742946    3.577841   3.817757
  37   24    0.202450   3.764457    4.779051 100.000000
  37   25    0.127454   3.774479  100.000000 100.000000
  37   26    0.067404   3.700015  100.000000 100.000000
  38    0    2.647670   3.821788    2.951090   4.705988
  38    1    2.597288   3.820165  100.000000   1.206730
  38    2    2.421468   3.889385  100.000000 100.000000
  38    3    2.307034   3.850344  100.000000   4.529128
  38    4    2.213541   3.885375  100.000000   1.544715
  38    5    2.140002   3.805950    1.189532   1.790232
  38    6    2.050252   3.831222    3.506162 100.000000
  38    7    1.924702   3.880948  100.000000   4.071052
  38    8    1.878716   3.851413    4.462358 100.000000
  38    9    1.719675   3.826850  100.000000 100.000000
  38   10    1.652633   3.847340  100.000000   4.295087
  38   11    1.511867   3.865481  100.000000 100.000000
  38   12    1.404406   3.838165  100.000000   4.346137
  38   13    1.390552   3.816105  100.000000   2.399660
  38   14    1.281454   3.880563  100.000000 100.000000
  38   15    1.165547   3.837250  100.000000   2.643820
  38   16    1.097357   3.866858    5.852734   3.148372
  38   17    0.940118   3.836187    1.291149 100.000000
  38   18    0.866277   3.821540  100.000000 100.000000
  38   19    0.733535   3.827082  100.000000   5.566811
  38   20    0.631130   3.830257    3.128713   3.045294
  38   21    0.591947   3.844537    3.372301 100.000000
  38   22    0.412696   3.886912  100.000000   1.543781
  38   23    0.385033   3.831965  100.000000   1.752647
  38   24    0.268341   3.802140  100.000000 100.000000
  38   25    0.116663   3.839414    3.366945 100.000000
  38   26    0.077006   3.860307  100.000000 100.000000
