   0    0    3.884664   0.057014   37.048270  34.521327
   0    1    3.754808   0.079048    2.343968  30.366408
   0    2    3.628596   0.088232   39.415787   8.615194
   0    3    3.568693   0.087209   25.394752  35.587785
   0    4    3.438073   0.064108   27.429924  39.848174
   0    5    3.335429   0.096219    7.701756  16.922000
   0    6    3.272766   0.029390   32.105018  40.675280
   0    7    3.151386   0.064456   34.187580  14.274414
   0    8    3.064540   0.032873   17.950584  18.953661
   0    9    2.986500   0.070357   34.277765   9.446955
   0   10    2.811688   0.043363    1.731085   2.966578
   0   11    2.733097   0.062300    9.515419  19.227220
   0   12    2.656452   0.036637   15.490886  10.540580
   0   13    2.581504   0.019861   12.736543  34.888285
   0   14    2.451363   0.031353   32.507711  25.689734
   0   15    2.317805   0.072601   28.270182  17.411979
   0   16    2.248802   0.017180    4.251994  27.041044
   0   17    2.153855   0.008199   32.666566   1.693668
   0   18    2.023817   0.049384   37.093588   9.365535
   0   19    1.911262   0.002982   36.745483   3.181920
   0   20    1.862822   0.080685   29.411339  12.859773
   0   21    1.789580   0.024843   22.296167  16.851740
   0   22    1.620217   0.063414   32.925116  24.392901
   0   23    1.554280   0.091008   30.549093  31.105363
   0   24    1.461293   0.082817   36.483925  40.754604
   0   25    1.382360   0.011307   34.579072   8.139906
   0   26    1.272955   0.075821   36.207835  26.009708
   0   27    1.102542   0.011321   34.088147   7.516513
   0   28    1.033870   0.048661   32.795450  33.385441
   0   29    0.963015   0.009235    8.555840  11.110916
   0   30    0.892560   0.031458   24.972800  36.687693
   0   31    0.752549   0.015170   33.533353  25.320644
   0   32    0.605792   0.098198   27.473495  27.062924
   0   33    0.590560   0.032494    4.897408  10.349469
   0   34    0.440289   0.036482   32.604146  37.992691
   0   35    0.388311   0.066803   27.168454  36.584922
   0   36    0.238332   0.073038   16.363027   4.728051
   0   37    0.166943   0.090226    4.537035  34.530082
   0   38    0.092282   0.048162    3.244093  23.941455
   1    0    3.898402   0.166171    7.031201  27.446131
   1    1    3.764351   0.185104    8.272471  15.194004
   1    2    3.612559   0.112815    9.296861  14.807473
   1    3    3.526107   0.118867   10.481646  37.886306
   1    4    3.487965   0.172388   15.752076  29.866541
   1    5    3.377313   0.132973   18.956598  25.681438
   1    6    3.214657   0.157707   33.415349   6.070725
   1    7    3.135574   0.102440   10.731231  24.958867
   1    8    3.085306   0.167414   32.497009  34.769166
   1    9    2.967116   0.156582    9.242476   4.678472
   1   10    2.835765   0.197063   24.881864  20.592462
   1   11    2.754682   0.156155   32.707529  22.104129
   1   12    2.617661   0.124403   11.920371   1.083673
   1   13    2.571106   0.125995   33.704742  22.156640
   1   14    2.444208   0.114171    5.484614  13.604293
   1   15    2.346540   0.196471   34.402745  17.736095
   1   16    2.205758   0.170172   10.034448   5.234182
   1   17    2.183632   0.184934   36.296440   4.174049
   1   18    2.003866   0.160590    8.478237  10.329782
   1   19    1.988138   0.191771   28.972576  23.046263
   1   20    1.801785   0.156254   20.901681  25.600210
   1   21    1.742491   0.194785   19.341670  28.896990
   1   22    1.635253   0.150960    2.777257  14.006184
   1   23    1.556814   0.100304   10.937109  26.996186
   1   24    1.470367   0.177967   38.055912  26.482011
   1   25    1.385637   0.149775    2.296311  21.071262
   1   26    1.235039   0.197456    2.581669  24.426199
   1   27    1.199294   0.186528   24.102923  37.025365
   1   28    1.087162   0.105975   24.558875  16.101562
   1   29    0.946509   0.159023   36.683053  31.974449
   1   30    0.816129   0.110817   11.340911  26.530998
   1   31    0.739142   0.174044    2.612626  17.505726
   1   32    0.604688   0.119780    5.598199   3.170438
   1   33    0.531330   0.116176   33.607004  21.880405
   1   34    0.405392   0.119911   18.962455  18.585768
   1   35    0.353500   0.118352   26.528080  27.973923
   1   36    0.209994   0.157600   27.533156  26.555841
   1   37    0.196740   0.102320   10.258103  32.067197
   1   38    0.011167   0.186790    1.171281  39.469025
   2    0    3.824963   0.207606    3.353576  33.172734
   2    1    3.773771   0.222089   17.294426   2.576011
   2    2    3.621133   0.292883   11.806610   3.399753
   2    3    3.547645   0.219195   39.926483   4.606950
   2    4    3.449455   0.224583   36.905195  26.932777
   2    5    3.365533   0.206358   26.044102  24.456293
   2    6    3.238042   0.264223   15.097904  28.518470
   2    7    3.178237   0.207444   13.801249  10.083992
   2    8    3.055966   0.228065   34.932608   1.925816
   2    9    2.984456   0.229731   31.002209  38.477092
   2   10    2.874936   0.220609   10.552850  34.665026
   2   11    2.715043   0.237679   37.232472  14.460987
   2   12    2.669005   0.236848   36.899575  27.320898
   2   13    2.530496   0.297711   39.345971  31.344977
   2   14    2.415796   0.287301   28.679989  24.176650
   2   15    2.386526   0.258411   37.546240  17.832057
   2   16    2.219633   0.224563   33.329379  26.374566
   2   17    2.115399   0.225596    8.088085  33.318172
   2   18    2.080819   0.240416    7.605780   9.680100
   2   19    1.960502   0.202322   28.665455  27.651514
   2   20    1.885932   0.258525   18.121452  15.986412
   2   21    1.788201   0.290203   23.840246  11.617701
   2   22    1.691619   0.269312    8.029175  31.016598
   2   23    1.584556   0.290271   10.405831  30.862051
   2   24    1.418770   0.240813   25.245449  20.251211
   2   25    1.324834   0.299151   36.368183  18.655421
   2   26    1.265271   0.292160   12.006745  10.928971
   2   27    1.180993   0.269466   32.266518   1.855433
   2   28    1.083724   0.234773   31.219002  40.038878
   2   29    0.906450   0.292153    9.844436   9.610199
   2   30    0.855574   0.270439   31.974638  16.542248
   2   31    0.708431   0.262750   10.621612  25.796976
   2   32    0.625016   0.285167   14.775425  30.633519
   2   33    0.586065   0.213784    5.705153  33.883494
   2   34    0.434878   0.293027   26.413587  23.668968
   2   35    0.377154   0.230952   18.218785  26.845030
   2   36    0.232328   0.265146   35.127608   9.462808
   2   37    0.118140   0.222158    1.017124  34.965566
   2   38    0.084850   0.225616    8.563248  10.970440
   3    0    3.880319   0.375260   14.891301  40.796745
   3    1    3.766343   0.308273   40.234351  25.948944
   3    2    3.600698   0.322985   16.261335  23.243595
   3    3    3.539511   0.346140   24.592096  21.005214
   3    4    3.478145   0.331568   38.389655  21.691344
   3    5    3.373891   0.308784    6.475386  15.512447
   3    6    3.254607   0.343446   16.439265  36.282936
   3    7    3.198943   0.311922    7.629144  35.196009
   3    8    3.047173   0.333752    4.239099  21.902179
   3    9    2.998536   0.398300   21.141351   9.760027
   3   10    2.839604   0.385353   19.408188  31.112775
   3   11    2.706986   0.329246    4.063719  39.746342
   3   12    2.681729   0.347823   33.529288  35.248790
   3   13    2.567484   0.332184    9.144944  24.887796
   3   14    2.481711   0.322037   15.351735  23.047419
   3   15    2.361311   0.321057   38.519568  29.538125
   3   16    2.209679   0.303914   37.542308   2.660250
   3   17    2.110659   0.343752   15.359524  40.331049
   3   18    2.061615   0.328423   31.291957  35.574495
   3   19    1.999215   0.313484   13.909513  27.041456
   3   20    1.859596   0.378053   18.125339   9.921021
   3   21    1.742808   0.349544    3.991404   9.691890
   3   22    1.688649   0.358743    4.549134  35.841278
   3   23    1.577509   0.386901   12.976943   3.267879
   3   24    1.491448   0.300679   32.714187  37.030576
   3   25    1.314503   0.313847   26.392083  15.975930
   3   26    1.259962   0.311337   19.055603  40.270429
   3   27    1.139840   0.362223   17.730350  37.798343
   3   28    1.077911   0.393847   22.913951  28.708053
   3   29    0.912886   0.305690   18.716670  13.169321
   3   30    0.879505   0.344998   28.429827  24.836363
   3   31    0.739826   0.318140   33.177203  24.917122
   3   32    0.698429   0.364079   35.543067  25.573164
   3   33    0.568025   0.306490   20.834750   6.187376
   3   34    0.486433   0.336324   39.716974   4.533522
   3   35    0.363351   0.359989   11.763373   2.882939
   3   36    0.283106   0.302814   15.046983  25.534633
   3   37    0.195742   0.351581   17.899942  11.226013
   3   38    0.017533   0.392504   21.702250  16.567790
   4    0    3.868385   0.485981   24.924377  33.368551
   4    1    3.718571   0.471412   36.187710  14.917403
   4    2    3.682763   0.413808   15.984398  28.547286
   4    3    3.503285   0.459025   11.703230  31.802297
   4    4    3.435686   0.421463   18.154699   8.100037
   4    5    3.302899   0.472661   15.915504  18.859857
   4    6    3.295061   0.462390   13.184489  29.730249
   4    7    3.172178   0.486721   24.747454  28.988877
   4    8    3.098744   0.416941   16.001413   9.727048
   4    9    2.911710   0.435745   33.328923  30.512313
   4   10    2.865240   0.455275   17.603943  11.418398
   4   11    2.712871   0.447640   19.041515  36.316411
   4   12    2.696323   0.430555   13.388379  23.955257
   4   13    2.512555   0.466618   36.629521   8.568038
   4   14    2.489833   0.448160   33.620661  17.594948
   4   15    2.318827   0.414171   21.637907  34.807322
   4   16    2.265972   0.440709   39.677260   9.972270
   4   17    2.139692   0.440749    5.977414  22.658032
   4   18    2.042353   0.428410   27.843487   2.417190
   4   19    1.915014   0.440893    8.205881  28.093460
   4   20    1.871846   0.459566   11.871597  26.198250
   4   21    1.716373   0.440177   11.153975  36.140829
   4   22    1.682984   0.407048   16.165159  15.641184
   4   23    1.541295   0.413581   20.812543  33.102635
   4   24    1.435215   0.443098    3.370203  38.392484
   4   25    1.386734   0.461847   12.937910  25.818569
   4   26    1.220743   0.427054   23.317711   2.668029
   4   27    1.142109   0.454846   17.620466  36.187040
   4   28    1.011003   0.418417    4.676128   7.147169
   4   29    0.994415   0.449161   27.100968  28.110590
   4   30    0.858991   0.471137   36.336556   1.242969
   4   31    0.787050   0.400845   38.408056   9.224823
   4   32    0.628739   0.474061   22.467435  21.799654
   4   33    0.520011   0.423710   39.929516  31.215789
   4   34    0.430152   0.477224    3.339518   6.838577
   4   35    0.321965   0.488522   39.818912  10.226050
   4   36    0.291246   0.483965   13.436044  17.794378
   4   37    0.164462   0.419132   34.178257   2.795003
   4   38    0.000480   0.494831   19.027056  28.753275
   5    0    3.825166   0.517824    4.246454   2.974316
   5    1    3.799467   0.560798   39.300894  24.525783
   5    2    3.640491   0.544064   14.362321  32.704662
   5    3    3.500764   0.540549    8.309924  28.956435
   5    4    3.418377   0.578365   16.260042  40.235249
   5    5    3.346753   0.559390   39.401668  20.693415
   5    6    3.209212   0.526113   10.293984  20.312951
   5    7    3.113805   0.535828   29.470522   5.711308
   5    8    3.057015   0.554963   10.478857  25.063155
   5    9    2.900993   0.575931   27.279339   4.200497
   5   10    2.873991   0.513835    7.770268  25.929758
   5   11    2.724531   0.535277    8.264200  14.007044
   5   12    2.699430   0.551529   24.799784  34.737064
   5   13    2.567940   0.513664    7.649778  13.627203
   5   14    2.418705   0.538644    5.317668  15.881626
   5   15    2.313622   0.578670    4.366735   4.831035
   5   16    2.229691   0.597745    2.885544   1.857416
   5   17    2.104085   0.510763   40.176682   8.309887
   5   18    2.052472   0.563620    5.900261  20.762988
   5   19    1.950481   0.524869    1.574268  15.312842
   5   20    1.883547   0.527990   39.819342  37.134645
   5   21    1.722453   0.551101    6.450064   4.057520
   5   22    1.697990   0.571170    2.497437  16.394908
   5   23    1.516437   0.550870   23.161917  11.770959
   5   24    1.402167   0.546969   14.832253   8.400902
   5   25    1.309666   0.503617    6.576566  31.536591
   5   26    1.235574   0.566485   26.457523   7.022602
   5   27    1.164012   0.524163   23.807341  17.693655
   5   28    1.013259   0.521492    5.009625  40.376175
   5   29    0.947643   0.560977    1.787832  14.355703
   5   30    0.890018   0.598754   17.533517  40.282975
   5   31    0.793140   0.581623   19.485494   8.685146
   5   32    0.614193   0.562860    3.882729   9.720062
   5   33    0.508288   0.573243    9.473199  33.881137
   5   34    0.422376   0.527089    4.507215  13.473428
   5   35    0.300170   0.573123    6.740816  26.408355
   5   36    0.206721   0.589315   38.811916  39.900422
   5   37    0.164531   0.597235    7.042959  17.814616
   5   38    0.063778   0.583111   15.307965  20.653181
   6    0    3.830531   0.653086   32.743119  13.555499
   6    1    3.707920   0.682998   31.067525  10.410185
   6    2    3.636083   0.607314   31.028430  19.564530
   6    3    3.503397   0.607143   25.532292  40.108372
   6    4    3.440912   0.628160   27.533416   1.877757
   6    5    3.336952   0.680875   32.514797  24.863549
   6    6    3.263253   0.638265    7.825100  25.441863
   6    7    3.117659   0.659984   24.270660  11.712168
   6    8    3.051818   0.694242   19.865936  15.305280
   6    9    2.952264   0.664086    2.809046  32.502823
   6   10    2.877204   0.655998   22.485081  36.712087
   6   11    2.702828   0.637190    6.147613   3.711155
   6   12    2.646355   0.621034    8.052584  20.188769
   6   13    2.588820   0.635155   21.007325   7.647167
   6   14    2.409990   0.676765   21.965138  23.534249
   6   15    2.348053   0.637839   28.481537  18.469239
   6   16    2.246113   0.667345    7.216096  24.693894
   6   17    2.120001   0.697541   35.502855  21.614475
   6   18    2.062746   0.680599   39.236525  37.818529
   6   19    1.961003   0.664717    2.470309  36.700317
   6   20    1.870002   0.635338    4.358125  39.379793
   6   21    1.743751   0.676955   26.188453  31.647649
   6   22    1.625383   0.689675   34.662896  22.033493
   6   23    1.533191   0.657887   17.309071  29.720975
   6   24    1.456899   0.696932    2.648529  20.992905
   6   25    1.367602   0.648914   22.755215  21.376522
   6   26    1.216152   0.607292   21.052522  20.994315
   6   27    1.107097   0.688592    6.146386  39.254450
   6   28    1.007964   0.650551   26.342097  11.507377
   6   29    0.942178   0.661979   33.032705  17.346677
   6   30    0.884433   0.638195   28.791087  33.663192
   6   31    0.782207   0.665440   12.785017  34.317108
   6   32    0.679493   0.691429    7.728961  14.443317
   6   33    0.567790   0.671133   25.276893  36.146403
   6   34    0.495108   0.635920   37.461290  31.993232
   6   35    0.372063   0.629834    8.033593  24.718701
   6   36    0.232155   0.603679    7.524957  40.494113
   6   37    0.173726   0.620745   38.312101  26.663056
   6   38    0.087883   0.647878   10.355520   3.847034
   7    0    3.899448   0.742592   14.615396  40.707635
   7    1    3.717485   0.707318   30.108176   4.494098
   7    2    3.644851   0.741585   23.433204   2.000052
   7    3    3.579914   0.753879   18.287844   7.021235
   7    4    3.491805   0.788710   29.540531  38.292512
   7    5    3.357480   0.718464   25.007951   5.757788
   7    6    3.245126   0.751328   31.974329   5.585767
   7    7    3.155090   0.718799    9.111559  31.408260
   7    8    3.014007   0.752229    2.847727  39.771190
   7    9    2.948168   0.705896   36.052541  13.821955
   7   10    2.862656   0.773017   12.450314   6.005575
   7   11    2.758350   0.705082   29.348569  36.326529
   7   12    2.650582   0.738151   21.622013  28.998614
   7   13    2.593002   0.752184   29.581755  31.621785
   7   14    2.475868   0.710924   11.177169  25.088277
   7   15    2.388373   0.715807   34.336821  20.050376
   7   16    2.224500   0.743363   18.194521  10.924663
   7   17    2.146944   0.752604   23.130768  18.132361
   7   18    2.015441   0.748268   20.277788  13.778184
   7   19    1.957017   0.763992   33.302056  28.570913
   7   20    1.814647   0.703512   11.430677  14.933272
   7   21    1.727094   0.710016   25.991373  22.506735
   7   22    1.671586   0.756247    6.979169  40.324089
   7   23    1.558852   0.788855    5.760137  20.619118
   7   24    1.409068   0.767802   20.013009  31.514068
   7   25    1.320724   0.708939   33.056935  31.741828
   7   26    1.271300   0.728829   28.107386   5.316381
   7   27    1.169163   0.764741   35.656178  35.982364
   7   28    1.006120   0.778647   36.624846   1.797781
   7   29    0.996580   0.776991    3.357275   3.903414
   7   30    0.825179   0.782758   23.686565  28.103558
   7   31    0.763767   0.773399   39.646754   4.145665
   7   32    0.650619   0.758143   21.941135  29.486666
   7   33    0.500306   0.766939    4.689753   8.941433
   7   34    0.418428   0.787232   13.548115  19.119384
   7   35    0.329005   0.735328   35.931419  20.288876
   7   36    0.267101   0.728317    7.332642  34.711206
   7   37    0.189854   0.717518   35.752789   9.126893
   7   38    0.095661   0.712708   30.856459   2.651938
   8    0    3.805287   0.820889   30.039792   5.671099
   8    1    3.727308   0.817090    5.189787  39.344326
   8    2    3.641738   0.876254    7.188080  21.141595
   8    3    3.564093   0.813268   16.457526   4.585813
   8    4    3.482519   0.886887    3.980460  39.433549
   8    5    3.364006   0.826927   35.772344   3.304380
   8    6    3.233989   0.892487   12.937749  11.851944
   8    7    3.114757   0.882029   27.956240   9.648698
   8    8    3.040799   0.809326   25.157948  18.852122
   8    9    2.918241   0.868109   29.491287  21.378154
   8   10    2.886670   0.813783   33.322695   9.798098
   8   11    2.736336   0.844026    7.429266  22.693620
   8   12    2.604724   0.808041   21.464003  35.070925
   8   13    2.582149   0.883592   13.529001  20.095145
   8   14    2.415823   0.843958   21.248380   4.429685
   8   15    2.371221   0.876034    1.679259  38.548069
   8   16    2.254679   0.883907   18.949451  21.348013
   8   17    2.174422   0.817403    1.704128  24.184355
   8   18    2.031682   0.845902   12.944309  15.119369
   8   19    1.938417   0.867774   18.936870  14.961272
   8   20    1.813452   0.814333    8.482856  40.844578
   8   21    1.760550   0.803525   16.487293  32.144851
   8   22    1.687040   0.897417   34.643449   1.985483
   8   23    1.522894   0.863961   35.916751  33.180859
   8   24    1.401555   0.877740   17.802266  30.988849
   8   25    1.304933   0.877220    2.073955  30.461355
   8   26    1.256606   0.833263   26.607839  20.555002
   8   27    1.105990   0.851651   39.133818  40.690180
   8   28    1.029592   0.802729   15.366258  31.445950
   8   29    0.916985   0.835759   37.420642   5.996092
   8   30    0.803226   0.831620   15.906649  32.298100
   8   31    0.786497   0.882330   34.386013  20.637506
   8   32    0.671047   0.862640    2.410554  12.724960
   8   33    0.528342   0.800487   28.150809  26.088169
   8   34    0.461823   0.828171   19.352919  33.065532
   8   35    0.317007   0.843204    8.309828   2.488384
   8   36    0.233834   0.861207   19.616462  32.454439
   8   37    0.113262   0.857199   26.236576  25.891710
   8   38    0.046913   0.866005    8.005249  11.460103
   9    0    3.855157   0.917144   35.914823  18.432383
   9    1    3.723996   0.980007    4.797370  16.357647
   9    2    3.639356   0.976771   16.362605  32.484023
   9    3    3.564555   0.914543   34.640673  19.173464
   9    4    3.404365   0.995739   18.003408  40.075482
   9    5    3.369880   0.983419    8.009567  30.958738
   9    6    3.210736   0.942993   17.878336   5.275030
   9    7    3.184606   0.915693   35.604982   5.319502
   9    8    3.093668   0.934904   22.382117  19.949358
   9    9    2.950175   0.901776   40.493623   5.051143
   9   10    2.840700   0.939572    1.244875   2.249218
   9   11    2.704127   0.940440   28.446729  36.795545
   9   12    2.621284   0.967508   12.770652  12.368812
   9   13    2.544154   0.938434    3.852593  26.959423
   9   14    2.466061   0.973240    7.882740  31.571360
   9   15    2.307801   0.964061   36.741188  16.702662
   9   16    2.261485   0.912461   39.314912  38.168598
   9   17    2.197488   0.971448   35.873279  34.625825
   9   18    2.090232   0.934940   32.326751  38.087254
   9   19    1.906232   0.993184    3.510489  22.856290
   9   20    1.809418   0.944725   14.610293   7.850885
   9   21    1.771988   0.945559   19.396816   5.552790
   9   22    1.617171   0.926022   35.594293   4.250734
   9   23    1.507975   0.902889    4.646209  38.418444
   9   24    1.413455   0.915694    9.141479  27.674627
   9   25    1.322644   0.975202   10.644818   3.632679
   9   26    1.213298   0.901423   28.673204  35.008198
   9   27    1.156160   0.967044    3.740645  16.682759
   9   28    1.019703   0.938403   10.044997  23.218066
   9   29    0.920295   0.904232   33.407345   9.895943
   9   30    0.809497   0.906765   15.035550  26.171906
   9   31    0.735571   0.990097   39.733030  32.043612
   9   32    0.628276   0.977012   17.100767  24.945635
   9   33    0.513328   0.993077   15.498936  34.209012
   9   34    0.430310   0.911341   31.083525   5.813300
   9   35    0.331031   0.973509   28.776946  39.180581
   9   36    0.235934   0.905027   39.858915  30.310505
   9   37    0.196725   0.929006   13.888954  14.953132
   9   38    0.012422   0.963928   13.433728   8.207590
  10    0    3.892965   1.075048   11.735171  12.489480
  10    1    3.714703   1.021694    9.808079   6.924028
  10    2    3.631849   1.080241    4.912503  23.715415
  10    3    3.549570   1.023391   31.946069  29.860865
  10    4    3.440993   1.044133    8.708220   7.791231
  10    5    3.351087   1.041050   31.491481  11.323319
  10    6    3.235308   1.039594    5.968160  22.023341
  10    7    3.175962   1.041022   37.403561  27.150963
  10    8    3.011411   1.041439   12.002830  18.349813
  10    9    2.945475   1.093044    6.476993   7.868241
  10   10    2.830272   1.028336   25.108767  27.153974
  10   11    2.775324   1.096575    2.749233   5.113374
  10   12    2.629423   1.075964   18.946634  27.230552
  10   13    2.546361   1.001219   34.087461  22.299025
  10   14    2.428581   1.056011   24.931554  34.049126
  10   15    2.377692   1.014950   26.786422  16.903401
  10   16    2.261982   1.017761   15.955277  28.029979
  10   17    2.168981   1.026383    2.797536  34.485792
  10   18    2.087037   1.056892   17.173809  10.367737
  10   19    1.981047   1.015464   19.248699  23.465848
  10   20    1.882100   1.069541   35.258220  36.008534
  10   21    1.722970   1.090730   36.203252  24.901218
  10   22    1.656195   1.048778   14.420383  11.706703
  10   23    1.509902   1.070688   36.145673  12.943476
  10   24    1.450484   1.005344   15.689494   1.657345
  10   25    1.348666   1.021870   27.470612  39.347589
  10   26    1.215061   1.084837   15.329247  34.021422
  10   27    1.197966   1.076780   24.290918  29.355472
  10   28    1.095363   1.009483    8.949635  28.730338
  10   29    0.936653   1.081209   26.169429  26.469507
  10   30    0.860011   1.094212    9.781377  30.277285
  10   31    0.756978   1.062281   23.918286  10.077201
  10   32    0.646360   1.073976    2.745070  28.772934
  10   33    0.580162   1.066144   11.398669  12.583486
  10   34    0.491327   1.032066   40.361194   8.363384
  10   35    0.368821   1.087318    8.292845  21.652461
  10   36    0.253264   1.037644    2.211184  34.178571
  10   37    0.184935   1.000521   35.109546  28.355694
  10   38    0.015681   1.084796    6.573831  17.299670
  11    0    3.813037   1.110175   29.222698  13.469523
  11    1    3.795579   1.175106   21.025342   1.804319
  11    2    3.636162   1.152802    9.532628  11.859091
  11    3    3.557951   1.101101   28.205459  38.768825
  11    4    3.416848   1.123182   27.377927  18.832180
  11    5    3.363689   1.168852    3.616086  29.176812
  11    6    3.297108   1.146411   22.615186   2.541207
  11    7    3.150708   1.144619   34.232934  11.004081
  11    8    3.089778   1.184873   36.322923  22.957068
  11    9    2.967509   1.122615   29.874788  35.319778
  11   10    2.889021   1.151696   35.375056  30.633821
  11   11    2.744742   1.188824   13.689007  22.064259
  11   12    2.680012   1.100366   39.168338   7.428513
  11   13    2.503479   1.199226    3.775988   8.234387
  11   14    2.476955   1.173969   25.077254  36.535780
  11   15    2.358995   1.199902   14.889351  39.527252
  11   16    2.264576   1.126924   26.748918  10.642136
  11   17    2.185768   1.191176   37.312671  11.063692
  11   18    2.061096   1.177071    8.139589   4.700211
  11   19    1.963238   1.178291   29.427659  33.633225
  11   20    1.860463   1.106645   16.233468  13.768485
  11   21    1.722525   1.157070   31.152741  28.972394
  11   22    1.648208   1.106925   26.673534  26.557386
  11   23    1.561879   1.154602   27.345051  40.908766
  11   24    1.418810   1.153234   39.073190  31.767940
  11   25    1.393070   1.182186    3.422929  28.773195
  11   26    1.252819   1.104516   32.566603  17.004468
  11   27    1.122234   1.160619   19.880051   5.303246
  11   28    1.039232   1.144811   37.194655  38.988126
  11   29    0.956852   1.146343    8.026406  13.330980
  11   30    0.852734   1.122770   13.012480  18.993418
  11   31    0.765645   1.121083   36.205386   3.868641
  11   32    0.616425   1.199711   16.343655   8.875108
  11   33    0.500050   1.107274   13.900319  22.776078
  11   34    0.498506   1.186757   31.395146  40.748279
  11   35    0.314786   1.136956   30.557838  34.014048
  11   36    0.206156   1.137224   15.486176  37.329594
  11   37    0.100684   1.132713    6.619534   4.557864
  11   38    0.051462   1.161710   27.433271  20.143122
  12    0    3.865528   1.255882   26.167425  29.366173
  12    1    3.772727   1.250232   21.172758   9.239420
  12    2    3.668069   1.239397   23.752810   4.369934
  12    3    3.599896   1.218268   30.491102  40.771868
  12    4    3.426710   1.250529   12.392146  21.267017
  12    5    3.355048   1.241697    5.772480  37.719543
  12    6    3.287501   1.222184    5.377673  19.978116
  12    7    3.178042   1.209441    9.962106  14.241275
  12    8    3.046197   1.250540    1.464532  12.940020
  12    9    2.963411   1.201945   38.482826  35.590808
  12   10    2.876013   1.281500   31.160223  29.982563
  12   11    2.787430   1.298713   36.631621  13.218301
  12   12    2.616555   1.298766   21.256282  23.355916
  12   13    2.594085   1.228712   28.021676  28.628740
  12   14    2.430070   1.282300    5.406142  39.545177
  12   15    2.395240   1.203761   38.924754   9.763123
  12   16    2.228727   1.227517   30.467195   7.829540
  12   17    2.123830   1.216894   25.907682  30.113596
  12   18    2.021066   1.202768   21.489130  35.113619
  12   19    1.959260   1.245224    7.945792  23.479045
  12   20    1.817064   1.275501   32.644686  12.378846
  12   21    1.721449   1.269957   29.235267  26.212940
  12   22    1.669466   1.255935    7.063046  30.173141
  12   23    1.504062   1.214999   35.215354  14.010555
  12   24    1.414052   1.291183   35.440107   8.877380
  12   25    1.388489   1.209971   31.850507  31.727994
  12   26    1.203477   1.292446   21.463987  34.057513
  12   27    1.147994   1.203490   17.011565  22.420772
  12   28    1.008126   1.293252   31.508139  28.031460
  12   29    0.916186   1.288196    2.834141  25.734998
  12   30    0.883080   1.217652   26.708546  25.850272
  12   31    0.755618   1.250284   29.221462  35.979541
  12   32    0.672901   1.283891   27.455498  17.213314
  12   33    0.520783   1.223204    1.197954  26.652847
  12   34    0.445307   1.281245    3.494535  25.407561
  12   35    0.365177   1.207695   26.608926  20.893419
  12   36    0.211199   1.235583   37.245212  20.181424
  12   37    0.194312   1.218466    5.700801  16.268244
  12   38    0.001605   1.222644   13.610373   3.533790
  13    0    3.815722   1.331634   10.405351  17.508809
  13    1    3.732223   1.397119    6.462710   5.719329
  13    2    3.682962   1.336367    8.690501  32.249623
  13    3    3.593155   1.380317   20.159438  23.341389
  13    4    3.473501   1.339264   18.129323   2.519490
  13    5    3.355232   1.389541    3.849978   2.224133
  13    6    3.280141   1.330603   12.877859  38.681097
  13    7    3.185008   1.398257    7.005597  14.825887
  13    8    3.032216   1.397874   19.541557  32.709782
  13    9    2.908095   1.387703   26.514033   5.275967
  13   10    2.896331   1.363913   19.949073  34.147662
  13   11    2.754881   1.387815   28.846179  34.687576
  13   12    2.636759   1.334453   12.641333  34.764617
  13   13    2.564058   1.308169   15.215963  15.219670
  13   14    2.442861   1.363092   29.922765  26.902938
  13   15    2.307495   1.328082   33.318646  33.431006
  13   16    2.255041   1.380387   23.610684  15.677752
  13   17    2.135111   1.349136    6.146782  11.789908
  13   18    2.041693   1.388248   40.157894  36.650666
  13   19    1.920300   1.313034   26.547197   1.773562
  13   20    1.897521   1.390760    4.612595  38.289366
  13   21    1.715283   1.353100   35.596353   2.811021
  13   22    1.648336   1.318252    2.918796  12.471229
  13   23    1.501445   1.378636    3.535572  18.394369
  13   24    1.459036   1.302688   33.349447  36.484319
  13   25    1.342260   1.387954   23.921627  14.002810
  13   26    1.250011   1.379327   30.403603   6.424446
  13   27    1.115868   1.368117   34.812287  11.054791
  13   28    1.032557   1.322160   28.287976  34.582290
  13   29    0.920651   1.367231   35.220448  16.923541
  13   30    0.876141   1.368744   26.142294  32.359880
  13   31    0.710342   1.318608   30.734570  13.121747
  13   32    0.619469   1.353826    3.456973  25.451069
  13   33    0.525285   1.355194   39.117174   2.081399
  13   34    0.433321   1.350569   11.670618   9.465918
  13   35    0.343356   1.377355   34.857234  27.525120
  13   36    0.235983   1.313181   16.724000  11.874240
  13   37    0.177895   1.327469   31.066366  14.245659
  13   38    0.051836   1.325408   27.386153  40.088869
  14    0    3.800683   1.480701   27.772743  20.180490
  14    1    3.790306   1.485620   15.457350   5.704507
  14    2    3.665528   1.482935   17.580793  16.988802
  14    3    3.505867   1.401118   16.492740   1.353339
  14    4    3.452493   1.454054   32.828715  14.908460
  14    5    3.380150   1.421792   33.479518  29.333919
  14    6    3.244078   1.427562   22.790001  23.490848
  14    7    3.144474   1.416428   30.939549  40.115112
  14    8    3.082875   1.416031    5.129124  31.881800
  14    9    2.935219   1.483718    3.218425  14.012236
  14   10    2.845259   1.475913    2.735701  20.637140
  14   11    2.745477   1.494418   28.261019  10.777812
  14   12    2.697616   1.494985   35.225434  21.631685
  14   13    2.504263   1.481132   16.962637  19.544690
  14   14    2.480413   1.441002    3.810226  23.440837
  14   15    2.379340   1.427828   18.223934  25.504581
  14   16    2.291115   1.491123    8.903937  36.644257
  14   17    2.161316   1.462482    1.126854   9.900392
  14   18    2.009488   1.408218   31.744293   6.821364
  14   19    1.945169   1.423122    8.187867  16.356023
  14   20    1.828279   1.442411   34.475518  12.578776
  14   21    1.780733   1.450062   17.433887  29.262632
  14   22    1.618564   1.414012   27.550348  31.770070
  14   23    1.515928   1.455291    6.085268  18.885673
  14   24    1.472254   1.477473   38.974122  21.138594
  14   25    1.305618   1.433710   14.919399  33.052324
  14   26    1.224266   1.475063   36.827716  12.934340
  14   27    1.104996   1.410325   29.927415  16.724235
  14   28    1.063870   1.463690   24.670158  26.626224
  14   29    0.909272   1.462544   26.665649  38.455847
  14   30    0.898444   1.438605   28.835816  24.651421
  14   31    0.741152   1.417314    2.742506  36.683832
  14   32    0.633642   1.483693    7.305097  28.213724
  14   33    0.524260   1.499174   15.170481  28.988526
  14   34    0.481464   1.449641   31.741704  12.463193
  14   35    0.314122   1.497135   21.852126  33.913536
  14   36    0.202196   1.498463   27.453505  39.959682
  14   37    0.188708   1.425851   20.257830  17.625015
  14   38    0.027481   1.455727   20.448170  27.143159
  15    0    3.827784   1.579679   21.392337  36.637412
  15    1    3.799968   1.580235   36.418778  10.604014
  15    2    3.634437   1.517000   33.435973   3.027818
  15    3    3.500040   1.595048    3.408659  28.266887
  15    4    3.473134   1.566558   16.985657  30.006332
  15    5    3.312059   1.523410   28.068808  35.171861
  15    6    3.216550   1.517603   32.609784   3.405205
  15    7    3.111382   1.538473    4.835254  34.357158
  15    8    3.008142   1.541266   11.470164  28.594805
  15    9    2.929071   1.566686   38.017847  20.417808
  15   10    2.859074   1.591864   21.053252   2.529778
  15   11    2.773792   1.581297    8.705978   6.635071
  15   12    2.606586   1.553723   10.591972  37.074088
  15   13    2.559817   1.584594    1.560809  16.141686
  15   14    2.466274   1.531632    4.548487  12.448926
  15   15    2.306374   1.505385   20.977663  23.408360
  15   16    2.212995   1.531182    7.567347   8.592801
  15   17    2.136743   1.531656   31.766267  34.407209
  15   18    2.024238   1.539019   10.597498  27.418425
  15   19    1.915590   1.557399   16.410633  32.128162
  15   20    1.815783   1.592426    5.420697  40.396326
  15   21    1.719927   1.547373    9.134386  28.694691
  15   22    1.692353   1.522674   23.612960  13.590437
  15   23    1.542933   1.513829   26.411454  36.145492
  15   24    1.425715   1.567227   36.004688  16.216213
  15   25    1.380518   1.555224   24.226053  35.019096
  15   26    1.259278   1.572159   39.994243   8.987148
  15   27    1.148098   1.528526   34.300003  23.198682
  15   28    1.021789   1.548012   24.608741  34.960867
  15   29    0.919472   1.513903   24.669444   7.044672
  15   30    0.813017   1.599892   16.994943  18.291304
  15   31    0.770994   1.583440   34.407099  32.663021
  15   32    0.601656   1.525686   39.062162  15.238745
  15   33    0.552439   1.503981   27.950287   7.227409
  15   34    0.449709   1.565098   19.288167  36.984890
  15   35    0.390978   1.588258   21.408954   8.593852
  15   36    0.248683   1.586577   32.238146  35.245328
  15   37    0.166673   1.558206   31.392059  26.016589
  15   38    0.020745   1.519226   37.135822  29.367204
  16    0    3.876648   1.699663    6.304690  15.594377
  16    1    3.702772   1.672442   36.864911  17.545110
  16    2    3.630813   1.668638   40.732386  31.146664
  16    3    3.592816   1.637287   40.068153  14.983577
  16    4    3.494576   1.655898    5.443169   4.539422
  16    5    3.397038   1.630499   21.550209  18.279860
  16    6    3.213392   1.628825    8.701870  19.050713
  16    7    3.170499   1.624565   39.979797  27.995985
  16    8    3.020321   1.647353   39.005394   5.186405
  16    9    2.997466   1.605428   26.925475  30.334398
  16   10    2.840953   1.694220    5.011622  10.426736
  16   11    2.706007   1.613152   27.548577   4.026805
  16   12    2.670098   1.668871   25.348725  32.704764
  16   13    2.557641   1.650302   10.815837  19.991148
  16   14    2.401605   1.669052   29.155722  21.988028
  16   15    2.395685   1.687760   15.883311  19.006970
  16   16    2.246443   1.624470   27.619159   5.155087
  16   17    2.175676   1.658400    1.342279   6.604701
  16   18    2.074898   1.652834    7.434885  16.428883
  16   19    1.937891   1.605268   35.306866  34.559764
  16   20    1.866263   1.680202   39.037928  18.949209
  16   21    1.715442   1.642845    6.862160   4.827655
  16   22    1.643872   1.604738    5.607556   2.636882
  16   23    1.501849   1.697451   13.180721  34.451514
  16   24    1.414593   1.685836   23.268666  19.322501
  16   25    1.329195   1.616040   21.654374  18.918974
  16   26    1.220125   1.609015   18.574705  28.183017
  16   27    1.132095   1.671352    2.677288   6.640425
  16   28    1.042451   1.611070   16.271389  32.849634
  16   29    0.993743   1.645835   36.255391   8.666112
  16   30    0.887787   1.649679   28.504557  16.120887
  16   31    0.788117   1.646734   34.406224  35.454812
  16   32    0.602134   1.666987   26.049540  19.035033
  16   33    0.547220   1.690390   11.352416  36.452160
  16   34    0.447235   1.627654   32.803518   8.126236
  16   35    0.393812   1.695091   34.801010  18.431972
  16   36    0.288320   1.608440   36.696357   8.009301
  16   37    0.188618   1.638680   24.139940  14.999264
  16   38    0.014414   1.678581   33.339540  26.008067
  17    0    3.846353   1.769646   25.172027  12.348955
  17    1    3.728331   1.738087   33.146800   1.362841
  17    2    3.677147   1.708606    6.045907   5.319558
  17    3    3.506636   1.774500   28.324181  13.622594
  17    4    3.409086   1.740799   25.332388  22.976479
  17    5    3.339924   1.757770   13.041297   3.147943
  17    6    3.243569   1.779653   20.733773  24.404867
  17    7    3.120701   1.717599   18.259599  11.221264
  17    8    3.088065   1.776487   15.702775  23.087236
  17    9    2.949957   1.737934    2.107563  38.080569
  17   10    2.800587   1.762051    1.286682  12.186439
  17   11    2.784202   1.759241    7.356746   4.264129
  17   12    2.666829   1.731892    1.801524  33.249847
  17   13    2.542304   1.700807   19.466722  23.973104
  17   14    2.414413   1.729402   35.480026  17.295929
  17   15    2.335887   1.702464   31.830995  18.729782
  17   16    2.249040   1.737964   35.026222  29.939708
  17   17    2.178371   1.738031   29.270006  15.429308
  17   18    2.074625   1.766709   18.048640  31.158920
  17   19    1.965916   1.771166   16.481468   4.953139
  17   20    1.833578   1.703205   13.633056  15.497982
  17   21    1.708568   1.708447    5.072270  25.832727
  17   22    1.674410   1.710776   18.854863  29.952203
  17   23    1.521889   1.754175   30.960299  22.022292
  17   24    1.421715   1.768167   17.820158  34.469987
  17   25    1.368101   1.786748    3.348565   4.659810
  17   26    1.288315   1.784924    5.863738  33.956079
  17   27    1.161501   1.757401    7.138084   4.765704
  17   28    1.030975   1.777125   22.821216  10.854227
  17   29    0.925452   1.758686   32.560038  37.148988
  17   30    0.809615   1.754980   11.831588   3.832935
  17   31    0.707673   1.722282   28.971787   5.360979
  17   32    0.665279   1.756368    3.915580  10.793315
  17   33    0.526887   1.783554   34.175390   3.356951
  17   34    0.484398   1.758482    3.614221   3.363328
  17   35    0.337037   1.793725   36.281321  11.596466
  17   36    0.265997   1.713563   17.261123  25.238046
  17   37    0.155371   1.769636   22.054158  23.633390
  17   38    0.054479   1.784069    3.001010  28.170855
  18    0    3.807613   1.845738   33.841081  13.816946
  18    1    3.743512   1.897655   10.456114  17.115860
  18    2    3.697233   1.833327   36.598055  27.545443
  18    3    3.596267   1.802999   17.981110  29.967028
  18    4    3.406556   1.897966   27.192667   2.584650
  18    5    3.363904   1.883743    6.736331  27.534953
  18    6    3.284952   1.837632   20.076632  33.283096
  18    7    3.117669   1.879752   33.348048  35.847424
  18    8    3.073825   1.881331   36.585042  29.086861
  18    9    2.940361   1.872390   36.713694  25.555278
  18   10    2.859421   1.830746    9.533507  14.576796
  18   11    2.750162   1.813661   39.548942  32.170360
  18   12    2.632626   1.835971   30.448391  30.321344
  18   13    2.553936   1.817828    1.562634  36.057696
  18   14    2.470043   1.830411   13.679407   2.158518
  18   15    2.348132   1.888543    8.684600  12.549326
  18   16    2.232502   1.849698   29.807912  11.090861
  18   17    2.103245   1.824494   21.560484  10.242517
  18   18    2.006025   1.824762   30.178277  36.797536
  18   19    1.982592   1.832269   16.566750  39.490446
  18   20    1.885919   1.870159    5.043807  24.838019
  18   21    1.757732   1.876370   33.888108  33.288687
  18   22    1.627224   1.885364   29.732709  40.942158
  18   23    1.591390   1.813226   39.738647  19.206210
  18   24    1.454214   1.848915   36.403707   5.351697
  18   25    1.364096   1.888563   13.597049  33.704872
  18   26    1.237906   1.813138   23.374930   5.998661
  18   27    1.123008   1.825633    6.365305  19.136716
  18   28    1.013760   1.800646   19.673793  31.376308
  18   29    0.930495   1.895589    1.649414   8.903683
  18   30    0.821785   1.862879   19.369619  22.278690
  18   31    0.786074   1.840656    9.899618   7.709690
  18   32    0.608209   1.885662    8.414859  16.155141
  18   33    0.588138   1.815811   13.936782  31.530296
  18   34    0.431684   1.817080    6.134774   8.646358
  18   35    0.391690   1.825279    4.430598  25.870526
  18   36    0.267668   1.848955   14.169559  23.939033
  18   37    0.104878   1.856480   35.184345  31.076719
  18   38    0.002198   1.804750   27.586909   8.896304
  19    0    3.850681   1.955884   30.620002   9.913585
  19    1    3.750685   1.973969   16.047109  25.491630
  19    2    3.600397   1.948840   31.646576  35.312952
  19    3    3.528702   1.985937   27.316811  11.893964
  19    4    3.462886   1.978491   31.133580  15.146030
  19    5    3.339872   1.934300   21.091665  34.622473
  19    6    3.287620   1.927746    6.500627   6.066290
  19    7    3.131071   1.947668   28.002115  22.509291
  19    8    3.010582   1.992613    4.473207  39.915413
  19    9    2.997059   1.951541   26.840652  17.779171
  19   10    2.839943   1.995243   11.843750  13.880024
  19   11    2.795474   1.981982   22.462945  40.375183
  19   12    2.643175   1.960679   16.116144  19.532297
  19   13    2.558816   1.992448   27.479285  18.729900
  19   14    2.458901   1.932568    1.200963  26.082782
  19   15    2.362588   1.941795    2.766873  13.501878
  19   16    2.215246   1.969979   35.867674   9.619137
  19   17    2.128208   1.963661   14.997525  30.367491
  19   18    2.091873   1.950026   16.449220  32.799770
  19   19    1.905613   1.995269    3.789439   3.778542
  19   20    1.815070   1.999079   20.333368  28.416684
  19   21    1.793650   1.987159   16.755731  35.666346
  19   22    1.624444   1.989187   13.064337   5.437153
  19   23    1.516427   1.924409    7.636497  11.393323
  19   24    1.495716   1.965666   29.417235  37.579159
  19   25    1.380705   1.964667   20.865252   9.823434
  19   26    1.247023   1.916866   37.596924  32.170831
  19   27    1.193248   1.938577    5.334615  35.203109
  19   28    1.095847   1.957773   15.751994  30.989447
  19   29    0.917704   1.964208   10.790212   5.614629
  19   30    0.870342   1.975332    1.283563  24.970864
  19   31    0.798172   1.998633    2.195806  36.084246
  19   32    0.612305   1.975338   15.967728  11.125561
  19   33    0.571031   1.987014   20.576736  13.997615
  19   34    0.439418   1.978198   23.699499   2.692786
  19   35    0.327922   1.972415    3.262812  40.295456
  19   36    0.261622   1.934046    2.705168   2.509620
  19   37    0.180943   1.997982   12.115862  21.992636
  19   38    0.070626   1.966461   10.359078   4.767065
  20    0    3.816202   2.067235   25.241211  29.884221
  20    1    3.742536   2.008415   26.279854  21.770605
  20    2    3.603778   2.027906   25.846404  19.872319
  20    3    3.511451   2.064120   18.170197  20.017961
  20    4    3.460976   2.010124   31.324591  37.167868
  20    5    3.386648   2.016068    4.903427  13.852126
  20    6    3.241413   2.080653   26.303999  39.691837
  20    7    3.197563   2.097843   12.648997   5.143022
  20    8    3.045068   2.071513   15.319037  30.320612
  20    9    2.959309   2.070161   12.368294  13.896470
  20   10    2.813832   2.003515   33.922596  37.190649
  20   11    2.756802   2.070137   30.801069  37.384482
  20   12    2.693416   2.053047   31.473189  27.097809
  20   13    2.547857   2.051899    2.101933   4.336153
  20   14    2.405663   2.003931   24.494644  39.097072
  20   15    2.384692   2.000457   13.575409  15.923798
  20   16    2.285352   2.085257   16.420111   3.728662
  20   17    2.149312   2.080112   36.497065  26.724254
  20   18    2.092541   2.020771    7.696210  27.866933
  20   19    1.991091   2.073730   21.797379  16.530585
  20   20    1.815268   2.005772   19.637227  16.008636
  20   21    1.744632   2.079831   20.423963  37.834765
  20   22    1.628160   2.083402   26.083295   5.887565
  20   23    1.592589   2.060726   39.486924  13.997190
  20   24    1.470014   2.013785   28.830584  39.622831
  20   25    1.321654   2.076825   27.831134   9.564210
  20   26    1.247870   2.016731   25.965592  11.178367
  20   27    1.100259   2.099748   18.468285  16.890171
  20   28    1.066411   2.021471   26.649661   6.731558
  20   29    0.983810   2.070049   40.340639  22.165780
  20   30    0.819683   2.075429    1.563934  26.619210
  20   31    0.727373   2.054077   28.177477  29.149906
  20   32    0.667215   2.048063    5.139018   5.849381
  20   33    0.556744   2.058958    6.744279  30.347247
  20   34    0.448538   2.015533   23.857682  14.737919
  20   35    0.316693   2.084638   24.573760  23.069613
  20   36    0.268903   2.027294   34.332989  22.048852
  20   37    0.179929   2.027631   22.306922  31.763884
  20   38    0.014702   2.036647   15.528305  40.088089
  21    0    3.861943   2.102331    2.061372  38.184998
  21    1    3.729639   2.123895   11.399712   4.520218
  21    2    3.645397   2.112679   36.783200  17.437669
  21    3    3.502140   2.152919   23.405404  11.248480
  21    4    3.473077   2.189490   22.327765  10.605813
  21    5    3.380782   2.179862    6.740707  18.518324
  21    6    3.220698   2.106865   30.053841  13.633999
  21    7    3.147744   2.176025   29.821425  24.475250
  21    8    3.009948   2.104915   24.004585  27.320545
  21    9    2.940285   2.136200   13.452285   8.727978
  21   10    2.868177   2.175404    4.287879  14.727175
  21   11    2.717252   2.118340   34.281311  21.038263
  21   12    2.683983   2.111926    7.057674  30.005508
  21   13    2.521360   2.100826   36.555013  31.079023
  21   14    2.447709   2.186899   31.536987  16.585908
  21   15    2.388739   2.149513   26.853353  40.272733
  21   16    2.202491   2.193911   35.812307   2.869580
  21   17    2.104750   2.158363   28.397503  20.042364
  21   18    2.064972   2.185854    5.668196  10.010095
  21   19    1.999523   2.164642    4.687474  40.377452
  21   20    1.805191   2.146800   34.519949   9.065827
  21   21    1.717991   2.142505   26.640762   8.438204
  21   22    1.602384   2.158723   37.541242   3.750116
  21   23    1.587356   2.147260   33.067209  28.990845
  21   24    1.417577   2.162927   39.372750  10.201279
  21   25    1.339996   2.116664   21.229361   6.787736
  21   26    1.244811   2.170454    2.336785  36.639893
  21   27    1.131751   2.135324    2.401627  15.576108
  21   28    1.020749   2.145741   20.872061  13.476098
  21   29    0.924339   2.133608    6.755670  39.239541
  21   30    0.887149   2.173471   37.941769  28.374977
  21   31    0.776317   2.123420   22.563441  27.646683
  21   32    0.612279   2.119799   40.457189  20.983387
  21   33    0.509600   2.169783    6.623411   3.101947
  21   34    0.485902   2.116052    3.298147   8.466903
  21   35    0.387941   2.159381    5.979561   2.863311
  21   36    0.207766   2.125516   35.300666  25.700902
  21   37    0.160112   2.155029   25.416773  29.012589
  21   38    0.091848   2.102059   35.621248  32.905059
  22    0    3.883700   2.218525   40.880341  19.033914
  22    1    3.707652   2.213115   15.176266  28.705900
  22    2    3.655491   2.243389   15.881348  28.776432
  22    3    3.575919   2.278965   35.394013  28.057330
  22    4    3.431347   2.263717    6.113762  14.047568
  22    5    3.328935   2.275223   25.306029  22.144385
  22    6    3.222295   2.295720   36.923129   7.903497
  22    7    3.135393   2.256144   38.043364  11.340762
  22    8    3.004227   2.224447    8.930814  37.773797
  22    9    2.976374   2.282581   39.092536  12.486000
  22   10    2.876170   2.269802   29.031831   9.877545
  22   11    2.742514   2.280358    1.204954  28.193489
  22   12    2.646505   2.253147   37.148309   7.958459
  22   13    2.502796   2.212311   34.642695   8.595809
  22   14    2.417859   2.238648    3.534771   9.186971
  22   15    2.372644   2.220417   26.482540  34.879190
  22   16    2.279531   2.241929   27.095397  32.147458
  22   17    2.183125   2.283196   38.989268  29.154233
  22   18    2.001409   2.282734   12.087570  40.149148
  22   19    1.924063   2.237947    4.608242   6.655304
  22   20    1.855241   2.207965   38.750012   7.669539
  22   21    1.701729   2.237429   13.916416  33.956364
  22   22    1.667959   2.226822   32.807917  18.559487
  22   23    1.516523   2.246223    2.909924  40.836271
  22   24    1.437413   2.280699   39.471522  21.709418
  22   25    1.327701   2.233274   27.295490  13.621943
  22   26    1.213446   2.217112   39.458654   3.196447
  22   27    1.130656   2.284033    3.991961  34.283046
  22   28    1.066671   2.249099    7.735808   3.502488
  22   29    0.927685   2.238108    3.837324   2.247218
  22   30    0.833613   2.259402   10.086422  14.213755
  22   31    0.725369   2.256504   14.535627   4.850122
  22   32    0.640079   2.252160   38.279040  10.682367
  22   33    0.540856   2.236280   39.167292  27.529953
  22   34    0.464654   2.263972    1.522130  15.451083
  22   35    0.345308   2.219863   13.125370  16.321333
  22   36    0.211181   2.220841   20.056400  21.812513
  22   37    0.115652   2.291259   31.129355  22.898830
  22   38    0.012870   2.267889   26.149485  37.694431
  23    0    3.805519   2.312076   16.007210  36.365670
  23    1    3.791367   2.304662   28.421983  37.133188
  23    2    3.682888   2.326502   32.225373  16.178496
  23    3    3.541697   2.330439   37.347837  29.917468
  23    4    3.415413   2.356318   29.685515  27.044370
  23    5    3.308393   2.341153   22.936153  19.554993
  23    6    3.214845   2.314514   17.095919  39.321503
  23    7    3.159453   2.322388   20.015600  35.535079
  23    8    3.079130   2.389234   29.264416  17.400523
  23    9    2.952951   2.351348   12.206583  17.930236
  23   10    2.894949   2.388547    8.948841  13.738397
  23   11    2.726176   2.354778   32.580479  20.700370
  23   12    2.684433   2.390932   31.440086  37.662447
  23   13    2.519114   2.369556   17.169237  24.633388
  23   14    2.497649   2.316383   38.841832  35.757193
  23   15    2.372901   2.317953   16.902767  11.676383
  23   16    2.267228   2.318680   21.050161   4.592087
  23   17    2.119538   2.340577   14.215543   9.481860
  23   18    2.053101   2.300669   21.725258  16.743506
  23   19    1.901750   2.326530    2.477961   8.313758
  23   20    1.813816   2.371236   20.086531  17.509680
  23   21    1.731272   2.342594    9.572014  22.028380
  23   22    1.646278   2.395244    3.151481   2.412563
  23   23    1.510178   2.391007   21.344942  30.665615
  23   24    1.438002   2.335786   38.077768  14.525937
  23   25    1.303038   2.318930    6.338550  24.256180
  23   26    1.275095   2.351920   40.556944  25.864376
  23   27    1.157749   2.361719   20.105969  25.770884
  23   28    1.045153   2.394430   12.747421  28.513004
  23   29    0.929834   2.326875   35.591688   5.708282
  23   30    0.867180   2.337164   33.023254  38.873291
  23   31    0.768785   2.315841   25.464745  11.637343
  23   32    0.670324   2.392177   19.854454  12.345432
  23   33    0.575731   2.336792   32.959043  23.082110
  23   34    0.429889   2.383137   23.423523  35.963199
  23   35    0.339268   2.383142   29.688796   5.455621
  23   36    0.252564   2.393389    1.122053  12.942423
  23   37    0.100710   2.339694   32.071191  16.320682
  23   38    0.083171   2.362544   26.860211  15.799627
  24    0    3.891338   2.431194   32.402414  13.075394
  24    1    3.782501   2.478650   29.161066   3.642591
  24    2    3.622410   2.446511   36.297236  23.231638
  24    3    3.599906   2.401745    9.300722  34.429985
  24    4    3.493747   2.455738    5.116425   6.775054
  24    5    3.335327   2.458988   18.294320  14.442498
  24    6    3.218639   2.487231   20.170330  24.665347
  24    7    3.153307   2.471589   10.317008  14.903199
  24    8    3.041644   2.446909   34.901011  28.356070
  24    9    2.976276   2.409418   40.188068   9.630204
  24   10    2.851510   2.443135    1.909378  22.283348
  24   11    2.746016   2.420403   13.835420  27.799995
  24   12    2.664031   2.427030   33.607860   4.593317
  24   13    2.500732   2.448762   13.196815  12.345093
  24   14    2.469063   2.470324   18.443179  40.948371
  24   15    2.370485   2.438618   20.803071   7.205071
  24   16    2.202257   2.480664    9.047875  32.072608
  24   17    2.146043   2.417680   24.327775  25.595210
  24   18    2.015225   2.497730    4.343275  37.767195
  24   19    1.925262   2.469463   27.676947  36.652421
  24   20    1.877921   2.422647   24.530702  18.446680
  24   21    1.787177   2.431893   32.731200  29.263373
  24   22    1.653981   2.407833   26.071720  29.817579
  24   23    1.586786   2.405188   24.642022  29.575047
  24   24    1.443516   2.474786   23.172328  17.140895
  24   25    1.303314   2.412522   33.622844  22.633307
  24   26    1.288601   2.433272   12.950058   2.590533
  24   27    1.111310   2.433271   17.464632  38.790319
  24   28    1.084206   2.446933   23.376985   2.539887
  24   29    0.977491   2.420522   11.544808  11.967040
  24   30    0.831792   2.427564   16.255735  11.179171
  24   31    0.716544   2.422056    6.887349  39.552230
  24   32    0.614069   2.443143    1.899633   2.686428
  24   33    0.566409   2.447144   21.871005  12.664828
  24   34    0.457626   2.493121   37.852199  16.245389
  24   35    0.367646   2.460285   29.471605  40.701791
  24   36    0.285178   2.438614   30.895250  36.523743
  24   37    0.152501   2.437393   29.463513  25.538837
  24   38    0.041118   2.474786   39.758951   6.795631
  25    0    3.867157   2.589965   13.794332  28.446827
  25    1    3.702882   2.598108    5.361195  32.712531
  25    2    3.665390   2.548419   23.386051  36.731858
  25    3    3.566292   2.552071   36.067778  11.796986
  25    4    3.423496   2.597031   15.904842  17.302414
  25    5    3.315633   2.531566   27.378879  37.053954
  25    6    3.234823   2.569820   16.580836  20.812283
  25    7    3.158616   2.588319   18.611432  12.664869
  25    8    3.047625   2.549258    7.948218  12.723208
  25    9    2.922734   2.507611    3.561016  25.549816
  25   10    2.812215   2.557775   29.415072  16.576602
  25   11    2.772649   2.519978   37.791001  18.653524
  25   12    2.602486   2.595874    3.861464  19.958925
  25   13    2.518357   2.570647   22.110675  10.131214
  25   14    2.472891   2.559992    6.003310  35.090673
  25   15    2.340769   2.594201    9.968219  17.180627
  25   16    2.204830   2.568322   36.048643   3.664210
  25   17    2.165192   2.532259    5.898406  14.086892
  25   18    2.086146   2.533408   22.211944   9.501006
  25   19    1.963839   2.587967   32.828970   1.117200
  25   20    1.854038   2.546633   26.941288  32.794152
  25   21    1.766095   2.532609   27.963687  24.222544
  25   22    1.615229   2.581592   34.252086   6.147322
  25   23    1.599666   2.566933   40.124228   5.074127
  25   24    1.437547   2.580859    9.350304  15.316694
  25   25    1.377075   2.592541    5.846929  36.782335
  25   26    1.284371   2.563822   26.767063   6.507625
  25   27    1.180120   2.567216   37.194697  12.716485
  25   28    1.037494   2.582013   39.515626  37.273192
  25   29    0.980006   2.502091   21.158300   4.163875
  25   30    0.824942   2.552757   29.320801  19.507053
  25   31    0.762764   2.508306    8.685386   7.136972
  25   32    0.638182   2.521984   36.759887  10.718355
  25   33    0.508397   2.516108   40.789617  19.457896
  25   34    0.487877   2.542699   40.193332  13.721741
  25   35    0.397865   2.570321   39.856375   6.319652
  25   36    0.208980   2.506866   33.652332  25.070847
  25   37    0.194599   2.552689   26.175554   5.843893
  25   38    0.084454   2.535358   26.389684   9.008951
  26    0    3.866634   2.693799    2.896027  15.725297
  26    1    3.712262   2.613156   10.589240   6.405772
  26    2    3.681800   2.615132   27.010417  27.872966
  26    3    3.592548   2.655098   18.768397  37.094734
  26    4    3.421559   2.685236    9.642891  40.029548
  26    5    3.361005   2.601286   18.697101  19.220306
  26    6    3.219160   2.683106   25.826733  31.669122
  26    7    3.140472   2.670613   11.195920  10.650348
  26    8    3.034695   2.636564    2.122537  26.045168
  26    9    2.925640   2.645927   24.964793  35.203723
  26   10    2.833469   2.643746   29.841904  31.080286
  26   11    2.755499   2.624975   22.633135  30.388703
  26   12    2.634765   2.691790   22.305599  18.859620
  26   13    2.564786   2.647528    3.511019   3.543071
  26   14    2.445655   2.658375   36.479188   6.810263
  26   15    2.339193   2.601024   11.060261  29.712073
  26   16    2.288928   2.618977   32.493241  23.219233
  26   17    2.129447   2.614534    6.893238  27.295734
  26   18    2.075530   2.685553   28.969230  35.562915
  26   19    1.906645   2.674038   18.146387  26.442330
  26   20    1.860085   2.670788    7.736333  32.191193
  26   21    1.765319   2.630752    1.364361  20.360145
  26   22    1.653121   2.606164    8.438423  16.229784
  26   23    1.501734   2.628646   13.569886  21.164943
  26   24    1.445574   2.641783   31.694551  15.134623
  26   25    1.312775   2.647301   19.983445  29.575891
  26   26    1.229936   2.621227   38.890330  10.152437
  26   27    1.175508   2.641931   37.895949  31.718003
  26   28    1.078105   2.655684   17.341679  27.011991
  26   29    0.979176   2.663606   37.486640  16.484461
  26   30    0.858547   2.618161   11.486422  22.490754
  26   31    0.789810   2.659681   12.917514   3.357509
  26   32    0.644822   2.640803    3.923352  11.072101
  26   33    0.533090   2.686890   20.824644  23.281893
  26   34    0.483830   2.626179    4.532382  21.728430
  26   35    0.383251   2.617740   38.365805  24.130183
  26   36    0.255316   2.676836   31.573487  36.935917
  26   37    0.145039   2.684622   19.272906  17.494562
  26   38    0.064229   2.606532    5.576228   4.346934
  27    0    3.811634   2.785405    3.896765   4.985047
  27    1    3.764477   2.721231    4.995654   6.116465
  27    2    3.674388   2.769358    8.020843  39.909362
  27    3    3.516404   2.748306   12.024504   1.699172
  27    4    3.449951   2.732834   35.259612  34.155025
  27    5    3.331029   2.748334    7.615644  27.004074
  27    6    3.276970   2.780452    9.146295  10.289535
  27    7    3.151618   2.765460   16.682777  16.114113
  27    8    3.018055   2.749412   23.553771  25.339809
  27    9    2.967612   2.759504   17.611475  31.348195
  27   10    2.883079   2.752062   23.881504  35.407395
  27   11    2.747231   2.715826   34.626716   3.263611
  27   12    2.667109   2.765025   16.480440   9.221248
  27   13    2.513269   2.747417   27.227089  14.267046
  27   14    2.470413   2.781930   40.076828  33.925193
  27   15    2.371646   2.787763   17.809973  27.822698
  27   16    2.238940   2.751202   20.495036  27.842509
  27   17    2.134205   2.722749   16.775991   9.816355
  27   18    2.031605   2.740377   28.768469  22.655378
  27   19    1.956087   2.725175   33.815142   9.454572
  27   20    1.885387   2.704069   12.766758   1.382250
  27   21    1.733657   2.736452    4.741079   4.148417
  27   22    1.610928   2.783957   13.756457  18.731504
  27   23    1.581542   2.786588   15.154024   6.151551
  27   24    1.409773   2.736083   11.851549  26.855072
  27   25    1.326764   2.755812    5.376921  38.292745
  27   26    1.259797   2.763251   28.099128   2.221033
  27   27    1.124259   2.758997   35.523467  31.963224
  27   28    1.067586   2.728481   25.984667  18.269480
  27   29    0.911269   2.777508   15.220711   2.589550
  27   30    0.835670   2.739218   21.430368  33.711275
  27   31    0.778129   2.772183   39.423016  16.143074
  27   32    0.638504   2.721411   27.899147   7.774626
  27   33    0.539930   2.785862   39.918179  34.807299
  27   34    0.443963   2.747587   32.005850  31.399733
  27   35    0.347332   2.784203    1.540637  40.744791
  27   36    0.256854   2.743691   35.076389  37.327058
  27   37    0.175489   2.789494   22.770686   3.975612
  27   38    0.097586   2.775727   27.384529   2.220084
  28    0    3.877604   2.833752   22.312747   3.699553
  28    1    3.762623   2.809152   24.335122  20.408749
  28    2    3.684069   2.894575   26.409759  11.964736
  28    3    3.543709   2.841450   27.651649  11.535056
  28    4    3.469466   2.880112   36.064822  24.405513
  28    5    3.310131   2.831517   19.665002   3.327642
  28    6    3.297843   2.897888   29.005325  14.842851
  28    7    3.182364   2.888202   15.089486  25.927457
  28    8    3.091808   2.876379   18.138807  38.860739
  28    9    2.946472   2.834773   22.211085  25.631961
  28   10    2.852850   2.807896   26.413879  36.042460
  28   11    2.776501   2.836101   24.202115  13.620588
  28   12    2.689151   2.846672   27.413613   1.370864
  28   13    2.546830   2.860976   21.315430  29.169547
  28   14    2.482810   2.827028   21.672844  13.367115
  28   15    2.328100   2.853260   16.000415  17.059307
  28   16    2.250974   2.863040   30.624906  39.862692
  28   17    2.168792   2.802465   15.522078  35.323465
  28   18    2.024797   2.853374   13.247377  11.869713
  28   19    1.969951   2.836867   30.453585   2.182986
  28   20    1.886453   2.842753   24.890484   1.835010
  28   21    1.762746   2.810414   22.451671  19.955118
  28   22    1.667630   2.885001   23.435864  24.633638
  28   23    1.597712   2.818454    1.013418  18.921610
  28   24    1.422966   2.811688   24.847455  37.977863
  28   25    1.350500   2.856691   26.451934   5.586148
  28   26    1.248841   2.835088   18.340351  33.487972
  28   27    1.141849   2.832831   25.117566  17.446278
  28   28    1.021741   2.804521   10.807492  40.491526
  28   29    0.959205   2.850972   22.930295  20.350344
  28   30    0.881086   2.891091   20.808180  11.688053
  28   31    0.754081   2.815121   14.578074  34.705338
  28   32    0.678991   2.897412   24.336397   3.136439
  28   33    0.572709   2.840061    8.274887  23.246822
  28   34    0.463844   2.876133    7.751050  40.592601
  28   35    0.357920   2.815353   19.761407  35.777426
  28   36    0.255898   2.893896    7.664236  20.045353
  28   37    0.137446   2.841374   14.270169  25.225730
  28   38    0.011277   2.895820   33.247782   2.368680
  29    0    3.887932   2.945074   11.466238  24.572642
  29    1    3.755813   2.909685   33.332287  10.328924
  29    2    3.634970   2.987537   15.913436   5.637715
  29    3    3.502110   2.978701   28.837019  40.755750
  29    4    3.417321   2.995421   34.405230   8.413128
  29    5    3.342019   2.927077   20.483057  25.506019
  29    6    3.208238   2.984048   31.538451  33.578415
  29    7    3.132373   2.943557   22.406120  31.920040
  29    8    3.048442   2.991115   16.197088  11.024283
  29    9    2.964433   2.914681    4.199618   6.789980
  29   10    2.803762   2.906967   24.152457  13.659219
  29   11    2.726888   2.951732    7.082493  37.430509
  29   12    2.615867   2.969827    5.775096  18.467877
  29   13    2.538587   2.933155   34.300500  29.262093
  29   14    2.466728   2.992572   22.892822   5.735544
  29   15    2.340349   2.927710   21.533623   1.387638
  29   16    2.226588   2.901372   25.118425  32.548311
  29   17    2.195266   2.972672   29.996409  39.963515
  29   18    2.001203   2.995946   13.509560  38.123884
  29   19    1.953846   2.956139   13.082036   3.736305
  29   20    1.836999   2.986173    8.212433  16.223267
  29   21    1.794144   2.992799    6.815012  26.936907
  29   22    1.682528   2.920448   36.779976  23.838882
  29   23    1.547715   2.988497   25.041463  31.793986
  29   24    1.441231   2.997470   31.144223   5.550002
  29   25    1.369797   2.960508   22.200028   6.249022
  29   26    1.284010   2.945005   23.761703  39.381661
  29   27    1.106543   2.917623   19.680435   2.025552
  29   28    1.020481   2.956702    7.239708  32.698547
  29   29    0.953436   2.907018   36.190902  24.025510
  29   30    0.855032   2.901206   26.790353  35.610688
  29   31    0.787221   2.903292   18.219577  14.095878
  29   32    0.677925   2.956533   31.148424  34.563035
  29   33    0.588724   2.949166   13.589276  20.529164
  29   34    0.462676   2.977125   35.128056  20.226395
  29   35    0.355874   2.957055    9.268842  29.231554
  29   36    0.258829   2.970966    5.782352  11.502435
  29   37    0.135047   2.946012    4.018544  13.312888
  29   38    0.083973   2.949837   14.169126   1.400831
  30    0    3.874548   3.019547    7.110934  14.922915
  30    1    3.730473   3.017005   36.014991  30.741926
  30    2    3.626580   3.086387   26.282713  26.478613
  30    3    3.510899   3.073587   17.109106  32.083573
  30    4    3.493507   3.088443   11.237170   7.997655
  30    5    3.371484   3.057310    3.046935  38.966166
  30    6    3.230521   3.028084   33.430833   3.073423
  30    7    3.105208   3.075550   27.983440  24.515162
  30    8    3.079989   3.080302   28.542047  38.097281
  30    9    2.995208   3.058305   23.344205  18.635707
  30   10    2.822847   3.034386    4.933245  27.654139
  30   11    2.715233   3.036145    4.982025  14.479311
  30   12    2.689303   3.034471    9.582731  23.587637
  30   13    2.506708   3.043191   26.055586  32.557803
  30   14    2.474958   3.078649   22.375890  36.051607
  30   15    2.341742   3.055858    2.945895   4.825129
  30   16    2.259104   3.092264   40.309751   1.934770
  30   17    2.168013   3.004311   12.815213  31.242862
  30   18    2.019550   3.012636   35.078945  39.365947
  30   19    1.914978   3.035522   23.952276   7.790609
  30   20    1.882717   3.009624   20.675130  26.577372
  30   21    1.721221   3.064327   13.836670  27.577795
  30   22    1.639106   3.019303   32.046015  19.224005
  30   23    1.519982   3.022001   14.894283  35.658650
  30   24    1.492370   3.086463   31.524209  32.327058
  30   25    1.394069   3.000666    4.204829  13.347505
  30   26    1.295334   3.095742   26.650144  21.330265
  30   27    1.182305   3.096248   40.961478  39.276834
  30   28    1.058187   3.020885    1.177409  21.327723
  30   29    0.987572   3.072669   14.271711   2.135779
  30   30    0.892931   3.036986   30.462895  24.342467
  30   31    0.701233   3.005678   33.927576   3.972231
  30   32    0.683809   3.021496   13.108188  11.605232
  30   33    0.520350   3.015923   38.062581  33.136813
  30   34    0.446028   3.016380    2.632748  11.103182
  30   35    0.392613   3.067811    4.151515  22.392470
  30   36    0.254502   3.036010    6.123439  40.238694
  30   37    0.179244   3.093203   33.598566  20.408642
  30   38    0.090670   3.083212   11.219058  39.258593
  31    0    3.878417   3.197132   15.198162  13.804334
  31    1    3.768602   3.179339   28.452574   3.184563
  31    2    3.600838   3.116504   39.042011  22.099707
  31    3    3.561696   3.123324   12.887832  38.295736
  31    4    3.435122   3.132146   29.984898   9.381114
  31    5    3.358167   3.169387   17.151561   3.784828
  31    6    3.283490   3.179582   38.570849  34.179823
  31    7    3.127375   3.153383   27.375577  30.029444
  31    8    3.088041   3.164540   27.360329  13.009997
  31    9    2.979689   3.103742    4.228137  11.990531
  31   10    2.804483   3.165499   21.888222  23.206785
  31   11    2.750164   3.144545   13.127458  39.570252
  31   12    2.613701   3.197450   38.021378  17.150714
  31   13    2.530733   3.135468   20.894480   6.331863
  31   14    2.491909   3.118583   11.273603   2.659874
  31   15    2.316934   3.196178   40.516027  13.804505
  31   16    2.287383   3.184746   38.675004   3.276705
  31   17    2.123350   3.131204   21.353554  20.666103
  31   18    2.075890   3.195289   40.081678   7.371502
  31   19    1.957040   3.105390    9.046763  34.417927
  31   20    1.887928   3.128321   13.350804   6.430067
  31   21    1.720131   3.119776   37.525409   7.734626
  31   22    1.618751   3.133396   36.595227  30.588261
  31   23    1.541580   3.103022    4.956687   2.493897
  31   24    1.446925   3.135315   20.770737  13.421505
  31   25    1.313771   3.164517   26.119669   1.560255
  31   26    1.298746   3.103995   17.138256  38.192603
  31   27    1.132213   3.151843    5.612285  21.717675
  31   28    1.004386   3.162232   36.682237  34.206565
  31   29    0.905977   3.117502   39.460458  30.716187
  31   30    0.896961   3.135735    2.355646  24.616427
  31   31    0.722886   3.127632    7.113001  37.217844
  31   32    0.608016   3.197919   30.060941  15.969379
  31   33    0.516603   3.138902    1.470019   4.497752
  31   34    0.411980   3.125756   40.565539   4.977803
  31   35    0.392840   3.128855   21.506546  17.076206
  31   36    0.268194   3.162327   22.089312  39.445184
  31   37    0.128865   3.189666   20.217279   4.028259
  31   38    0.001953   3.176786   12.090739   7.972095
  32    0    3.864242   3.285642   40.022276  13.537382
  32    1    3.755767   3.223049    6.817374   7.012859
  32    2    3.651487   3.230712   18.437596  20.330168
  32    3    3.528651   3.224838   18.475367  24.048721
  32    4    3.432815   3.263762   28.728879  10.949371
  32    5    3.304772   3.256548   22.411845   2.088731
  32    6    3.253648   3.286866   33.429958  31.392848
  32    7    3.153125   3.246974   10.493010  33.404823
  32    8    3.014814   3.284306   33.022640  37.466321
  32    9    2.957187   3.206057   31.899878  29.352902
  32   10    2.803583   3.258715   27.737866  40.268165
  32   11    2.707585   3.263571   38.852638   8.327060
  32   12    2.628720   3.204776   37.352511  27.544746
  32   13    2.561838   3.213090    2.313699  15.339341
  32   14    2.416700   3.290603   22.020160  26.225153
  32   15    2.343098   3.274565    1.508512  34.412815
  32   16    2.204994   3.232281   36.588251  12.264462
  32   17    2.114544   3.224521   21.142363  38.921004
  32   18    2.094071   3.227962   11.518037  10.995017
  32   19    1.927726   3.294107   11.480356  25.202037
  32   20    1.892269   3.264553   25.437889  24.505472
  32   21    1.701641   3.202184   18.996894  11.221215
  32   22    1.607161   3.222180   17.524515  12.137717
  32   23    1.544699   3.273092   39.090023  34.750976
  32   24    1.403328   3.279479   22.320744  36.012059
  32   25    1.383968   3.286945   37.395048  34.482572
  32   26    1.259642   3.266221   35.262577  25.561386
  32   27    1.115243   3.224016   12.520926  22.679070
  32   28    1.019226   3.218844   14.102266  13.375340
  32   29    0.933434   3.294207   30.571966  39.424619
  32   30    0.832171   3.269182    9.578268  29.225828
  32   31    0.745674   3.287609   10.606465  16.220217
  32   32    0.644931   3.237012   38.096944  29.965526
  32   33    0.509286   3.242785   40.222942  30.621540
  32   34    0.490970   3.203004   19.854978  10.061348
  32   35    0.373354   3.205703   31.753709  23.809703
  32   36    0.284815   3.210219   27.745526  20.845133
  32   37    0.136167   3.244125   32.084582  39.431125
  32   38    0.016084   3.279538   25.555167  26.134167
