   0    0    4.438112   0.030858   25.231889  29.353419
   0    1    4.392641   0.028587   10.982674  29.893844
   0    2    4.206635   0.078748   24.262929   3.678916
   0    3    4.131016   0.042865   17.552531  11.589169
   0    4    4.032326   0.073204   13.061920  29.432743
   0    5    3.917167   0.042354   11.739595  23.571345
   0    6    3.829698   0.031726    7.355421  15.238431
   0    7    3.772118   0.041546   19.746067  18.969915
   0    8    3.670194   0.035748   13.328055  25.873600
   0    9    3.537304   0.061832   18.146232  13.094194
   0   10    3.494401   0.031760   26.694786  38.856436
   0   11    3.328875   0.029042    6.813580  33.084864
   0   12    3.282526   0.028421    6.038370  35.125365
   0   13    3.193765   0.007356    3.408637   3.976296
   0   14    3.088719   0.067630   19.075312  27.245784
   0   15    2.962925   0.015749   28.891612  20.482311
   0   16    2.873594   0.012809   29.927719  29.397982
   0   17    2.711801   0.058780    3.563042  17.763474
   0   18    2.645016   0.028644   36.142507  30.470720
   0   19    2.549790   0.004780   34.424657  14.629254
   0   20    2.439771   0.023102   36.113476  24.905253
   0   21    2.368892   0.061420    7.191780  19.073760
   0   22    2.248153   0.084744   10.725837   5.504869
   0   23    2.187160   0.031143   20.077614  38.739032
   0   24    2.099839   0.076181   17.456835   8.245348
   0   25    1.924774   0.077082   11.508836  27.845201
   0   26    1.892578   0.037999   20.830161  21.192066
   0   27    1.749707   0.093875   20.220997  27.322122
   0   28    1.655310   0.016543   20.035937  27.949753
   0   29    1.525935   0.057158   33.721268  16.322443
   0   30    1.494230   0.053652   22.692098  10.641254
   0   31    1.390027   0.020573    9.895142  10.991315
   0   32    1.274143   0.066790   13.137053  28.231939
   0   33    1.171670   0.039716   36.572771  40.313330
   0   34    1.038144   0.003956   34.307600  33.086725
   0   35    0.960341   0.028789    5.159672  39.052547
   0   36    0.866189   0.079351    4.170093  11.966987
   0   37    0.703811   0.097552   16.975605  24.246773
   0   38    0.617589   0.082977   40.836954  17.244940
   0   39    0.504536   0.073728   14.734468   4.412622
   0   40    0.493745   0.010175   34.914672   9.933410
   0   41    0.357249   0.089153   36.637164  29.563134
   0   42    0.295626   0.075586   23.293481   8.199177
   0   43    0.145182   0.096713   26.838388  25.335079
   0   44    0.035573   0.060067   25.503003  23.348446
   1    0    4.483339   0.189529   23.587418   5.968391
   1    1    4.394917   0.188830    1.922173  29.843265
   1    2    4.265119   0.113864   25.131995   8.575453
   1    3    4.197726   0.154395    2.545845  36.728045
   1    4    4.033323   0.102853   23.513482  35.083312
   1    5    3.996671   0.178891   35.674528   4.915651
   1    6    3.858226   0.109450   37.670534  28.427180
   1    7    3.739567   0.156855   17.807777   8.102825
   1    8    3.663851   0.183878   29.807570   6.018902
   1    9    3.504567   0.131838    9.185817  24.655048
   1   10    3.498988   0.123357   32.773422   6.209398
   1   11    3.358317   0.138009   33.838035  33.621223
   1   12    3.201735   0.120082   11.234574  32.409368
   1   13    3.104525   0.181368    8.661053  30.108909
   1   14    3.055454   0.147137    5.716481  24.727894
   1   15    2.950509   0.144282   22.963158  13.571113
   1   16    2.880032   0.151478    6.125521  10.433861
   1   17    2.726171   0.171748   18.075891  17.125995
   1   18    2.645221   0.168084   10.153180  22.240443
   1   19    2.543690   0.138144   16.047719  36.851125
   1   20    2.432564   0.130068    2.003160   7.358224
   1   21    2.386880   0.199153   37.098726   7.064263
   1   22    2.209030   0.125787   18.171132  20.457791
   1   23    2.166753   0.105162    7.429348  30.922927
   1   24    2.008999   0.145867    9.545934  20.128023
   1   25    1.974224   0.189610   12.140230  35.245346
   1   26    1.851590   0.170628   22.890093  11.111532
   1   27    1.702231   0.148630   32.434344  34.275703
   1   28    1.647575   0.171475   29.796568  13.544089
   1   29    1.597711   0.196744   21.936584  19.186857
   1   30    1.474249   0.138658    7.507718  35.620137
   1   31    1.338938   0.117489   23.880090  18.434103
   1   32    1.217612   0.102131   23.521546  37.551834
   1   33    1.115662   0.127539    9.072645  18.643779
   1   34    1.099110   0.182320   14.699313   2.384366
   1   35    0.918298   0.138223   23.970534  36.540888
   1   36    0.818891   0.193212    1.627716  33.175584
   1   37    0.718087   0.129302   38.851309   9.490188
   1   38    0.659205   0.121463   40.277851  36.243335
   1   39    0.542733   0.146447   17.990998   5.545535
   1   40    0.400021   0.122127    5.542270  26.629179
   1   41    0.321422   0.196054   36.915316  23.472555
   1   42    0.204339   0.104103    5.020486   4.622467
   1   43    0.189464   0.138896   26.208539  39.030055
   1   44    0.032911   0.126563   36.462355  21.134103
   2    0    4.405979   0.277529    7.027739  35.865883
   2    1    4.347206   0.291389   28.567820  34.904601
   2    2    4.248080   0.291490   20.384138  17.703259
   2    3    4.155442   0.296028    2.380562  25.976371
   2    4    4.001984   0.298998   20.417430  33.063923
   2    5    3.949400   0.206218   39.302178   7.555480
   2    6    3.875248   0.214219    1.302948  14.594738
   2    7    3.769456   0.218655    1.792548  32.333441
   2    8    3.605042   0.225122   38.095638  22.134725
   2    9    3.521912   0.209960    4.111138  19.534898
   2   10    3.434908   0.238509   23.728858   1.979794
   2   11    3.356176   0.210205   32.993030  35.402398
   2   12    3.276903   0.226028   37.550081  34.372768
   2   13    3.189743   0.296737   31.942553  22.524730
   2   14    3.067322   0.257809    5.189636  37.066588
   2   15    2.946151   0.277244   27.866414  12.360653
   2   16    2.862386   0.228814    5.222710  24.878927
   2   17    2.745218   0.219722   15.057346  10.505116
   2   18    2.605336   0.267074    4.998866  13.476729
   2   19    2.555856   0.291425   39.078297  15.690417
   2   20    2.428315   0.262696    6.177406  20.199513
   2   21    2.389639   0.288901    1.886290  21.210032
   2   22    2.231208   0.271862   29.920976  35.550590
   2   23    2.178038   0.276839   19.574107  31.398184
   2   24    2.005331   0.230981   32.363873  36.055659
   2   25    1.937861   0.204753   25.397057  25.993507
   2   26    1.842368   0.262751   32.885561   2.508561
   2   27    1.787930   0.237391    3.291110  21.660498
   2   28    1.688440   0.268095   20.883979  17.194269
   2   29    1.535411   0.217305   40.877761  32.637742
   2   30    1.469464   0.275761   21.157290  39.499524
   2   31    1.302432   0.276144   25.990057  21.427228
   2   32    1.227149   0.264836    3.666773  21.391821
   2   33    1.112770   0.225008   37.043259  15.634362
   2   34    1.065059   0.284505   40.367615  22.567781
   2   35    0.904380   0.283595   15.112702   8.513619
   2   36    0.811062   0.270093   39.958457  39.642234
   2   37    0.776397   0.252898   34.370455  18.470071
   2   38    0.656339   0.294762   10.814557  14.569680
   2   39    0.519001   0.296832    7.571455  36.712356
   2   40    0.431783   0.202197   33.033548  14.560073
   2   41    0.311146   0.274484   14.568860  22.447947
   2   42    0.230176   0.237172    2.436801  39.071215
   2   43    0.104672   0.256516   24.377407  11.456907
   2   44    0.076992   0.228139   22.533470  29.030343
   3    0    4.443646   0.366822   35.092650  26.575634
   3    1    4.393933   0.378764   24.868363  29.257817
   3    2    4.295087   0.313657   21.012990  17.567378
   3    3    4.187555   0.393834   33.838852   7.136104
   3    4    4.091279   0.313225   32.600488  33.051679
   3    5    3.930338   0.399015   18.980072  38.887611
   3    6    3.804944   0.363129   22.455514  38.610137
   3    7    3.783520   0.313651   15.881761  39.395173
   3    8    3.696354   0.393070   29.269338   2.881262
   3    9    3.539822   0.301146   26.314114  12.319378
   3   10    3.486260   0.305874    1.757833  37.402466
   3   11    3.339864   0.352398    8.804121  14.337162
   3   12    3.220093   0.323141   25.868542  16.152567
   3   13    3.138641   0.354356    2.817896  20.646475
   3   14    3.097427   0.366755   31.092386  17.193472
   3   15    2.967851   0.357979   12.868584   8.452088
   3   16    2.846029   0.339976   35.500397   1.505056
   3   17    2.756181   0.387695   33.283482  40.967956
   3   18    2.622107   0.320006    4.164876  13.052523
   3   19    2.532856   0.327918   40.028086  16.541828
   3   20    2.417436   0.337664    1.913488   9.320882
   3   21    2.349771   0.381287   32.898831   5.828161
   3   22    2.250098   0.399234   38.903817  12.996457
   3   23    2.114520   0.317949   39.560343  14.505643
   3   24    2.008392   0.300536   36.295019  13.170695
   3   25    1.930387   0.325598   32.317117  19.856001
   3   26    1.807251   0.393928   39.332218  18.386801
   3   27    1.790088   0.325888   39.173546  36.591042
   3   28    1.603093   0.395230   16.448409  34.045098
   3   29    1.567595   0.344457   32.650355  10.635208
   3   30    1.496572   0.359425   25.527643  23.128269
   3   31    1.396799   0.308981   12.989486  39.141230
   3   32    1.233014   0.311549    2.262379  31.902992
   3   33    1.117100   0.302529   26.793599  10.836787
   3   34    1.087609   0.392286   10.576899  21.199771
   3   35    0.904175   0.317927   37.810383  12.870377
   3   36    0.896543   0.366592   11.377804  19.068070
   3   37    0.789244   0.342944   33.485952  38.644928
   3   38    0.666226   0.348039   13.431606   2.049202
   3   39    0.502083   0.355792   29.075647  15.697984
   3   40    0.460684   0.311597   28.958561  20.004701
   3   41    0.351840   0.325796   40.514645  33.507624
   3   42    0.231887   0.303236    6.570890  23.383240
   3   43    0.185415   0.395011   37.914831   8.173566
   3   44    0.019444   0.305955   15.472637  32.004464
   4    0    4.435673   0.463192    3.468435  34.243244
   4    1    4.304554   0.488790    7.377463  20.883420
   4    2    4.291260   0.410671   20.703036  23.522930
   4    3    4.158515   0.447844    6.389734  31.314573
   4    4    4.086042   0.471581   16.446562  36.534319
   4    5    3.978300   0.446520   12.133325  24.379724
   4    6    3.819408   0.413297    2.524991  14.347276
   4    7    3.750855   0.475941    7.701635  39.239443
   4    8    3.678709   0.487041   21.129530  16.839778
   4    9    3.533762   0.485890    1.541348  20.012945
   4   10    3.442071   0.489331    5.954089   8.006384
   4   11    3.382782   0.481665    1.171570  32.746663
   4   12    3.293592   0.414250   30.617952  19.756893
   4   13    3.196533   0.442864   16.678991  27.917065
   4   14    3.083652   0.482510    6.552602  12.717135
   4   15    2.985192   0.496390   23.218837  14.108595
   4   16    2.814587   0.404825   14.445706  15.864188
   4   17    2.703597   0.467856   34.290386  14.952905
   4   18    2.626449   0.474348   26.499351   6.398604
   4   19    2.519497   0.443109   11.344925   4.110886
   4   20    2.498855   0.485743    1.173668   7.076540
   4   21    2.314938   0.494707   20.323063  32.024297
   4   22    2.273127   0.446921    7.751055  30.295004
   4   23    2.142918   0.466975    2.007393  13.359113
   4   24    2.033960   0.483550    4.970253  26.543757
   4   25    1.982404   0.467656   30.615548  15.508024
   4   26    1.871842   0.436168   36.143627  19.407689
   4   27    1.752712   0.484184   33.847756  16.214826
   4   28    1.676183   0.415044   32.585022  10.123841
   4   29    1.562961   0.428255   37.642090  22.328773
   4   30    1.484859   0.408894   17.839663  11.767509
   4   31    1.383968   0.413657   40.179615   1.892235
   4   32    1.238406   0.440156   37.121614   6.462230
   4   33    1.138425   0.489177   12.220769  38.210370
   4   34    1.056527   0.421699   39.528369  28.578731
   4   35    0.910566   0.480968   24.643302  27.246791
   4   36    0.870905   0.497723   15.016234   2.708228
   4   37    0.778803   0.446871   39.091231  28.634526
   4   38    0.611478   0.445016   13.784180   7.265808
   4   39    0.573910   0.408966   23.933271   5.786915
   4   40    0.453410   0.469848   12.627964  12.899904
   4   41    0.361328   0.410026   15.268305  32.038349
   4   42    0.288900   0.460477   20.990322  19.454214
   4   43    0.139057   0.434560   11.504500  17.440116
   4   44    0.091809   0.445568   18.847140   6.048695
   5    0    4.432322   0.545781   10.077743  24.781892
   5    1    4.393749   0.564802    9.233563  15.916623
   5    2    4.252834   0.516103   26.164138  13.604761
   5    3    4.187834   0.579513   10.128042  20.954963
   5    4    4.073972   0.570653   15.780347  17.416947
   5    5    3.920755   0.538412    3.576412  30.515665
   5    6    3.853558   0.520842   19.454665   2.018729
   5    7    3.725103   0.566280   24.352150  24.785763
   5    8    3.613158   0.538119   27.690717  11.788380
   5    9    3.582091   0.561981   26.112997  25.174512
   5   10    3.456982   0.506877    5.734799   5.976218
   5   11    3.389871   0.576208   29.928227   2.446067
   5   12    3.284406   0.599811    2.696882  18.499223
   5   13    3.144548   0.589113   18.214896   7.906555
   5   14    3.018054   0.539085   28.864410  22.423946
   5   15    2.919856   0.523262    6.535449  13.774691
   5   16    2.834107   0.542292   15.087060  24.270789
   5   17    2.757090   0.508361   26.373155  25.935397
   5   18    2.643113   0.503470   29.399692  13.467993
   5   19    2.549484   0.560735   23.915873   5.596190
   5   20    2.428099   0.526333   18.589800   8.729057
   5   21    2.324642   0.552787    3.042746   5.936448
   5   22    2.202129   0.509375   26.204825  15.822538
   5   23    2.194935   0.525468   35.122453  15.659941
   5   24    2.099715   0.580682   33.533740  40.148578
   5   25    1.958976   0.540265   23.895721  23.431335
   5   26    1.865595   0.594028   36.386409  22.731744
   5   27    1.797328   0.576285   30.628885  15.497708
   5   28    1.650415   0.527246   28.033262   9.685143
   5   29    1.512540   0.552725   12.889300  33.366404
   5   30    1.465677   0.568865    7.456892  22.896031
   5   31    1.317418   0.597351    9.707514   9.230888
   5   32    1.290115   0.539666   12.106262  13.628485
   5   33    1.176109   0.587555   36.555157  23.906549
   5   34    1.056239   0.572079    5.633247  30.934005
   5   35    0.950158   0.562164   35.481554  15.358738
   5   36    0.879307   0.562212   33.630307   3.206232
   5   37    0.796100   0.539353   38.916147   5.475626
   5   38    0.621347   0.516863   34.177167  33.911266
   5   39    0.502490   0.578869   10.057878   8.558786
   5   40    0.410098   0.540974   15.043414  11.470397
   5   41    0.342427   0.595228   18.436718  17.074698
   5   42    0.256862   0.549781   25.683002  28.467373
   5   43    0.152719   0.562603   16.146629  28.530723
   5   44    0.038259   0.544290   19.695716  36.797625
   6    0    4.432735   0.651872   18.413275  21.909363
   6    1    4.324732   0.658740    2.219702  13.072202
   6    2    4.284832   0.605585    1.573886  32.914978
   6    3    4.153414   0.674364   26.758247  32.534468
   6    4    4.093894   0.687588   32.210722  14.357408
   6    5    3.954590   0.694999    7.233022   9.942938
   6    6    3.866123   0.640633   33.093656   1.317272
   6    7    3.749454   0.697035   23.595118  22.318921
   6    8    3.616597   0.647476   14.751460  30.308057
   6    9    3.542278   0.698675   23.114216   1.152977
   6   10    3.411484   0.618833   35.905430   7.470362
   6   11    3.332311   0.641638   34.505312  10.609488
   6   12    3.233925   0.625004    1.663064   2.904040
   6   13    3.169887   0.642208   18.341503  33.463962
   6   14    3.052710   0.647049   25.283552  26.564250
   6   15    2.977180   0.647923   34.740360   7.953007
   6   16    2.829747   0.648136   27.490911  15.717749
   6   17    2.746943   0.631218   38.100520  36.412214
   6   18    2.606200   0.655975    6.724660  14.776100
   6   19    2.522309   0.661976   28.704150  20.522504
   6   20    2.457797   0.603240   24.381990  35.392725
   6   21    2.347330   0.627226   22.290041  28.180814
   6   22    2.207390   0.694450   11.019438   8.031109
   6   23    2.161468   0.608098   21.241111  23.456306
   6   24    2.027307   0.654978   12.646162  15.781725
   6   25    1.991578   0.681686    4.819193  33.788574
   6   26    1.855288   0.670719   20.654939  37.025585
   6   27    1.772202   0.688600   20.919025  27.529686
   6   28    1.686041   0.645366   24.601108  35.612629
   6   29    1.599106   0.695773   38.102428  10.127151
   6   30    1.485474   0.686354   33.953719  25.543483
   6   31    1.391971   0.688455   24.212724  38.690266
   6   32    1.206598   0.680230   13.107215  21.713417
   6   33    1.110047   0.645392   36.658502   2.377565
   6   34    1.064922   0.633534    3.356045   9.097651
   6   35    0.929305   0.686773   19.494910  39.988449
   6   36    0.856831   0.636242    6.198660  19.827487
   6   37    0.751251   0.635858   23.719703   6.337349
   6   38    0.676989   0.651393   34.251411  20.927024
   6   39    0.572064   0.602047   19.740353  15.434111
   6   40    0.410263   0.646748   19.216930  25.050554
   6   41    0.396083   0.675694   34.757582  21.189601
   6   42    0.239958   0.662129   40.765628   2.381037
   6   43    0.129924   0.623117   22.849726   5.310822
   6   44    0.027337   0.649588    5.853036  33.920374
   7    0    4.442623   0.784002   21.831447  27.245182
   7    1    4.377470   0.732587   24.909725  24.722487
   7    2    4.223194   0.702819    8.499308  32.478829
   7    3    4.113372   0.705120   19.504670  30.190562
   7    4    4.009877   0.770874   32.665851  33.189303
   7    5    3.934216   0.732015   35.496918  39.380101
   7    6    3.805072   0.716261   10.422827  29.198065
   7    7    3.734081   0.717628    6.354546  26.319731
   7    8    3.626608   0.755272   28.363337  27.363760
   7    9    3.505248   0.781694   33.233896  23.682070
   7   10    3.479455   0.710678   33.031670  24.002419
   7   11    3.344512   0.718352   21.576193  12.707217
   7   12    3.262399   0.709851   33.658692  37.616063
   7   13    3.122260   0.717149   18.392674  39.101779
   7   14    3.051407   0.798827   31.279734  18.156539
   7   15    2.962268   0.793309   30.073433  36.706640
   7   16    2.825557   0.747164    3.620943  34.246706
   7   17    2.715214   0.708640   27.469260   9.047003
   7   18    2.622396   0.772877   22.679149  31.226386
   7   19    2.590865   0.764130   23.159797   3.448540
   7   20    2.427458   0.786715   40.709372  20.585842
   7   21    2.342653   0.710647   15.235393  33.223803
   7   22    2.217413   0.740728   10.373127   5.294827
   7   23    2.174100   0.755105   32.584143  40.503351
   7   24    2.087964   0.767298    6.089773  25.730587
   7   25    1.959071   0.736027    8.589590  25.606384
   7   26    1.806072   0.711741    6.172200  27.353482
   7   27    1.737265   0.704653   33.308706  38.415953
   7   28    1.631492   0.794090   19.117218   3.974234
   7   29    1.562700   0.775585    8.613767  33.044160
   7   30    1.454815   0.783806   12.460075  19.402101
   7   31    1.346085   0.704395   16.445843  29.143057
   7   32    1.298373   0.734945   28.891578  15.458599
   7   33    1.142065   0.708718    7.241670   1.537269
   7   34    1.022319   0.708715   31.875380  15.786703
   7   35    0.989240   0.774060    3.759720  34.424675
   7   36    0.871093   0.705333   11.792041  32.580770
   7   37    0.714677   0.775873   14.945381   7.211807
   7   38    0.685223   0.737795   23.675527  37.307741
   7   39    0.565315   0.705416   25.139189  26.120918
   7   40    0.490025   0.706393   38.896896   6.685496
   7   41    0.326212   0.708500    5.846130  19.026006
   7   42    0.256274   0.774739   15.688963  21.629532
   7   43    0.130047   0.733419   10.448104  10.545376
   7   44    0.008274   0.705548   27.194807  39.574473
   8    0    4.453545   0.837206   16.655677  30.238633
   8    1    4.332017   0.887610   30.762045  39.522207
   8    2    4.234740   0.817803   37.159338  18.826336
   8    3    4.110231   0.874122   38.493853  34.363773
   8    4    4.029995   0.823826    5.854520   5.670828
   8    5    3.982119   0.856952   16.606797  36.467433
   8    6    3.861677   0.843301   25.178729  35.327074
   8    7    3.793455   0.821439   39.934564  10.220668
   8    8    3.686140   0.888094    9.513152  21.792672
   8    9    3.567459   0.861969   17.955792  29.159154
   8   10    3.437424   0.871699   20.265225  26.156485
   8   11    3.388486   0.889824   10.013213  35.511097
   8   12    3.274557   0.824637   20.162649  26.665687
   8   13    3.149067   0.831727   39.930419  16.430597
   8   14    3.079856   0.803936   17.453468  39.801289
   8   15    2.966200   0.899989    4.021615  23.889034
   8   16    2.821859   0.830976   25.120817  16.772566
   8   17    2.725048   0.813334   21.528771  34.138804
   8   18    2.609782   0.835446    5.885072   1.911079
   8   19    2.557317   0.861240    2.809674   7.858990
   8   20    2.426371   0.892258   10.680157  37.765342
   8   21    2.307579   0.834033   28.139416  33.537931
   8   22    2.233025   0.812941    6.454837  36.267440
   8   23    2.183675   0.885962   18.776940  34.342917
   8   24    2.094822   0.893401   28.563899  26.163278
   8   25    1.927101   0.859192   21.987303  32.672564
   8   26    1.873805   0.825855    3.678161  33.968406
   8   27    1.775864   0.872835   22.999417  36.782756
   8   28    1.686398   0.854373   31.056347  39.031701
   8   29    1.525815   0.873118   19.418034  40.322310
   8   30    1.415307   0.890627    3.185888   2.859497
   8   31    1.326851   0.848238   27.397873   8.309879
   8   32    1.207524   0.809297   31.213799  28.673055
   8   33    1.177576   0.834656   13.926775  22.028898
   8   34    1.078267   0.811053   16.252849  19.242593
   8   35    0.906191   0.880289   25.853908  10.512671
   8   36    0.875730   0.875085   34.562270   9.361403
   8   37    0.746323   0.884533   13.838042  27.737063
   8   38    0.643457   0.822886   22.766349  13.893882
   8   39    0.534433   0.804976   28.180023   2.333513
   8   40    0.445964   0.880314   38.688297  33.151640
   8   41    0.370122   0.806394   33.542616  10.580439
   8   42    0.298916   0.855908   14.040837  34.422143
   8   43    0.192341   0.828829   30.849944   3.626406
   8   44    0.067711   0.850039    7.129048   1.794661
   9    0    4.432958   0.968476    7.197840  36.343724
   9    1    4.367793   0.971658   26.885023  35.998617
   9    2    4.214528   0.997600   18.395450  37.906491
   9    3    4.116269   0.967245   13.968004  31.789737
   9    4    4.061368   0.997892    3.797539  33.132367
   9    5    3.947653   0.960034   10.327686  22.489701
   9    6    3.892119   0.945379   19.375954  28.822713
   9    7    3.716555   0.956644    5.542457  19.605347
   9    8    3.658035   0.964460   12.517824  40.781022
   9    9    3.567120   0.902969   16.408422  10.023729
   9   10    3.484048   0.963623   10.827087  34.884878
   9   11    3.352792   0.961525   35.669071  24.099719
   9   12    3.259446   0.976040   17.245025   9.532022
   9   13    3.140694   0.938371   16.439585  15.023084
   9   14    3.011607   0.954541   35.094543  16.976358
   9   15    2.932434   0.909350   40.793761  13.172329
   9   16    2.879724   0.912324    9.191996   7.515125
   9   17    2.777629   0.982556   14.145666  38.732894
   9   18    2.685842   0.958287   22.959415  23.183686
   9   19    2.547700   0.986809   31.472141  11.677599
   9   20    2.477749   0.949046   36.509061  26.559775
   9   21    2.375709   0.994346   17.086370  30.277556
   9   22    2.292420   0.968412   26.961297   5.474299
   9   23    2.153059   0.970025   26.586785  17.632064
   9   24    2.059669   0.949552   39.795824  25.871137
   9   25    1.905789   0.989063   37.769625  20.276344
   9   26    1.833568   0.975042   18.825385  12.753677
   9   27    1.752045   0.980630   26.707555  23.746236
   9   28    1.603919   0.925684   32.420125  23.101148
   9   29    1.567961   0.935608   25.860791  27.049351
   9   30    1.401693   0.900215   14.899830  34.833120
   9   31    1.361744   0.963394   13.001249  11.312430
   9   32    1.270848   0.994941   34.550356  12.345841
   9   33    1.175212   0.994821    2.894307  27.445011
   9   34    1.034299   0.914846   23.509596  21.839425
   9   35    0.998322   0.906129    8.096809  33.479798
   9   36    0.834074   0.985861   19.807423  18.600183
   9   37    0.795412   0.982349   40.894028  14.320451
   9   38    0.674802   0.951767   38.133078  13.597710
   9   39    0.501953   0.947562    5.312349  34.947816
   9   40    0.445666   0.968579   23.442577   8.201690
   9   41    0.357517   0.964199   16.308506  12.705933
   9   42    0.238858   0.954294   30.307714   3.518622
   9   43    0.194504   0.943872   22.650255  25.109480
   9   44    0.022270   0.912519   10.947375  24.794058
  10    0    4.402827   1.018195   40.667460  16.684613
  10    1    4.360817   1.024777   26.170857  11.521201
  10    2    4.238334   1.089619   27.966586  31.675462
  10    3    4.114282   1.098165   36.002025  10.342057
  10    4    4.037167   1.019540   39.365691  19.018901
  10    5    3.969896   1.062582   40.542149  10.522630
  10    6    3.839572   1.013736   11.721060  31.810464
  10    7    3.795189   1.034866   26.668352  20.728960
  10    8    3.614853   1.033678   39.980683  35.554637
  10    9    3.520700   1.005965   12.453652   1.026140
  10   10    3.414231   1.096316   13.713843  27.813043
  10   11    3.383169   1.061645   28.733651  35.467725
  10   12    3.260292   1.024672   21.530151  36.434360
  10   13    3.177693   1.017286   16.033977  18.338293
  10   14    3.010517   1.076879   40.215410   4.370129
  10   15    2.982076   1.032928   25.111661  11.057205
  10   16    2.808088   1.012288   26.075776  26.150901
  10   17    2.728221   1.076015   30.652673  26.946929
  10   18    2.655691   1.049825   17.895721  34.417511
  10   19    2.503912   1.016190   20.206927  37.514630
  10   20    2.417503   1.035998    4.079385   4.472562
  10   21    2.373707   1.068986    4.231115  26.590991
  10   22    2.270842   1.067786   20.958964  10.637520
  10   23    2.109896   1.053434    8.148783  27.615601
  10   24    2.092135   1.009100   34.917820  30.271129
  10   25    1.923622   1.092353   33.626150  24.553504
  10   26    1.871943   1.098570   17.890114   9.625180
  10   27    1.782237   1.063487   13.801214  18.372860
  10   28    1.610682   1.071161   13.962749  20.283962
  10   29    1.591844   1.004699   15.992744  18.708947
  10   30    1.450529   1.006397   34.219559  25.754055
  10   31    1.313731   1.087033    5.454856  14.285074
  10   32    1.249634   1.071982   27.631666   4.841420
  10   33    1.170010   1.095753   15.031885  25.856265
  10   34    1.002373   1.053147   37.712041  21.773063
  10   35    0.977275   1.001371    8.107365  31.886895
  10   36    0.853764   1.045293    7.816341  12.590870
  10   37    0.727474   1.060160   36.029985  39.868782
  10   38    0.647509   1.040304   22.386167  13.165491
  10   39    0.512418   1.056826   36.238418  15.131533
  10   40    0.485283   1.055379   27.094949   6.248522
  10   41    0.362483   1.090774   33.596046  14.192257
  10   42    0.259973   1.037311   17.770728  33.301466
  10   43    0.141061   1.011777   34.985594  21.137102
  10   44    0.057495   1.024838    6.134152  21.410353
  11    0    4.404171   1.130912   26.002818  13.222327
  11    1    4.300605   1.167036   39.804098  36.415138
  11    2    4.299406   1.168246   28.627385   5.827989
  11    3    4.133845   1.176677   14.687361  30.453358
  11    4    4.039994   1.150024   40.038220   7.092607
  11    5    3.921286   1.144048    9.782934   5.437817
  11    6    3.848269   1.135023    5.279583  29.002483
  11    7    3.748183   1.148951   37.595453  23.558385
  11    8    3.618197   1.132242   20.273261  34.404674
  11    9    3.583962   1.186416   37.766457  21.718318
  11   10    3.498865   1.170246   36.711294  28.357930
  11   11    3.377137   1.165141    7.196165   8.885802
  11   12    3.249947   1.192249    6.652713  27.431200
  11   13    3.112820   1.146723   36.842535  23.661761
  11   14    3.066177   1.180422   22.186842   2.004660
  11   15    2.970427   1.168483   33.548440   3.935246
  11   16    2.810712   1.157929   14.314792   4.323483
  11   17    2.772963   1.133002    4.661847  31.318081
  11   18    2.637015   1.177825   15.239786   8.999930
  11   19    2.520000   1.153440   13.877961  20.120704
  11   20    2.415527   1.184252   19.546092  22.854613
  11   21    2.343963   1.115305   38.646351  23.951494
  11   22    2.214873   1.123221   22.285327   7.433131
  11   23    2.123832   1.152535   12.650125  12.592173
  11   24    2.017725   1.187833   25.778021  20.229543
  11   25    1.931628   1.138595    1.278325  27.622168
  11   26    1.878698   1.105888   11.977343  39.593527
  11   27    1.775261   1.161736   13.676710  17.335162
  11   28    1.655767   1.116645   33.530992  33.493297
  11   29    1.536369   1.187672    1.876227  19.811354
  11   30    1.467684   1.137867    4.216294   3.751753
  11   31    1.383713   1.112597   15.662482  27.579261
  11   32    1.247772   1.194305   28.212617  25.068576
  11   33    1.171497   1.174839   31.263609  28.121222
  11   34    1.079182   1.164417   37.714273  22.086339
  11   35    0.907674   1.124368   12.597995  11.547054
  11   36    0.808347   1.103420   29.676158  27.954007
  11   37    0.799838   1.145996   15.737365  10.080655
  11   38    0.641857   1.117603   25.023415  24.286496
  11   39    0.555775   1.194262   10.404833   3.574612
  11   40    0.437341   1.197423   17.445479  15.114290
  11   41    0.332000   1.125890    6.741530  31.088250
  11   42    0.201195   1.164991   33.933951  16.362432
  11   43    0.186844   1.109100    1.239541  10.634809
  11   44    0.005126   1.155357   35.512750  27.593485
  12    0    4.404674   1.248198   32.652902  27.523778
  12    1    4.329455   1.230392   24.148135  34.194428
  12    2    4.214785   1.286517   26.862498   6.294736
  12    3    4.134014   1.219069   30.615162  25.882694
  12    4    4.032307   1.241165   29.084736  12.059342
  12    5    3.947202   1.288614   38.136298  31.351940
  12    6    3.899143   1.278954   32.477983  14.138432
  12    7    3.750415   1.277253   27.896887  19.073392
  12    8    3.600528   1.264492   34.114741  28.201508
  12    9    3.518502   1.261168   15.081288  40.713966
  12   10    3.477222   1.298616   22.451682  12.686204
  12   11    3.357358   1.285815   17.862549  36.327647
  12   12    3.244665   1.218172    4.843655  11.095626
  12   13    3.156911   1.264888    6.817526  39.421936
  12   14    3.068600   1.246620   39.311884   3.841781
  12   15    2.951974   1.238984   18.528446  35.196488
  12   16    2.831731   1.268998   21.690630   1.623622
  12   17    2.754355   1.290416   24.670957  36.696368
  12   18    2.657918   1.254525   17.440622  36.898544
  12   19    2.587546   1.230654   26.677776  11.317667
  12   20    2.439222   1.265414   16.831689  10.826486
  12   21    2.320012   1.212502   36.106116  34.048547
  12   22    2.236786   1.271445   12.861002  30.136093
  12   23    2.154755   1.270390   22.126116  24.024065
  12   24    2.099105   1.236441   13.187492   1.682725
  12   25    1.991311   1.259078   40.086583  37.418474
  12   26    1.860679   1.254956   40.526977   2.038393
  12   27    1.731707   1.243551   38.903407  22.393991
  12   28    1.650330   1.295371   30.366677  25.274022
  12   29    1.554152   1.291055   40.055060  30.770329
  12   30    1.451673   1.248998   40.521807  14.164757
  12   31    1.327369   1.229997    7.258690   6.274628
  12   32    1.218260   1.293920   23.971008  38.369343
  12   33    1.184453   1.269794   23.439329  30.676707
  12   34    1.052888   1.256966   24.571468  17.704901
  12   35    0.918017   1.220821   40.393852  26.809875
  12   36    0.814335   1.297567   34.668599  19.458765
  12   37    0.798148   1.214210   26.590344  31.422878
  12   38    0.615487   1.243212   24.279247   5.749342
  12   39    0.551296   1.297558    9.832619  21.003828
  12   40    0.424377   1.277761   13.441444  10.268253
  12   41    0.371724   1.274461   14.058690  20.162309
  12   42    0.274102   1.221139   32.487777   3.306373
  12   43    0.167523   1.263340   23.331051   4.851158
  12   44    0.028852   1.241708   39.413527  39.786641
  13    0    4.470429   1.374166   31.115686  11.654709
  13    1    4.341537   1.311110   19.174771  37.096871
  13    2    4.262820   1.340426   29.235807  39.565640
  13    3    4.173477   1.345447   16.665732  17.836079
  13    4    4.096240   1.398125   18.425354  22.117843
  13    5    3.928620   1.376356   33.288686  37.158181
  13    6    3.893699   1.373583   21.196389  35.438063
  13    7    3.783523   1.360899   26.443834  15.217180
  13    8    3.642716   1.327467    7.773524  31.724367
  13    9    3.570037   1.370106   11.930590  32.288345
  13   10    3.497709   1.303754    7.137663  27.854799
  13   11    3.390167   1.392623    1.165799  37.460125
  13   12    3.218835   1.349206   27.760315  35.274930
  13   13    3.112048   1.352125    8.288466  11.361902
  13   14    3.079740   1.301483   36.398871  10.008256
  13   15    2.912261   1.364943   36.634649   9.212980
  13   16    2.878933   1.392138   18.362248  10.578799
  13   17    2.792902   1.357877   39.730201  32.548522
  13   18    2.688621   1.374527   28.945399  16.830481
  13   19    2.511877   1.325186   28.863150  16.298463
  13   20    2.470842   1.366044   23.270233   4.073248
  13   21    2.321841   1.328503    7.461527  12.465728
  13   22    2.283585   1.389132   40.559552   4.681153
  13   23    2.116978   1.333712   11.916559  22.470423
  13   24    2.089354   1.306145   18.909689  23.212974
  13   25    1.937538   1.334827   29.155148  37.296941
  13   26    1.865248   1.369414    7.916577   1.321230
  13   27    1.779584   1.336444   23.179695   7.901273
  13   28    1.697105   1.349772   29.049044  35.160775
  13   29    1.501830   1.353591   15.957307   7.906113
  13   30    1.420679   1.364296   27.452202  10.703475
  13   31    1.312793   1.340605   12.454567   6.431635
  13   32    1.249991   1.397187   23.902857  21.310753
  13   33    1.159611   1.379119   15.278046  40.980192
  13   34    1.007194   1.396460   31.927911   7.111145
  13   35    0.925007   1.339360    1.294831   8.613431
  13   36    0.839233   1.333528   32.635825   7.175283
  13   37    0.770736   1.378611   10.771411  18.230670
  13   38    0.674470   1.332768   18.600238   3.176057
  13   39    0.544732   1.356073   28.983298  27.577698
  13   40    0.437199   1.313815   28.173922  37.167005
  13   41    0.394803   1.324286   40.911843   5.685453
  13   42    0.299589   1.340594   32.900311  26.307310
  13   43    0.104305   1.303872   31.558772  34.758344
  13   44    0.009078   1.337981   33.228903  33.807080
  14    0    4.484666   1.460551   27.573010  35.102328
  14    1    4.384636   1.419540    1.529893   8.061901
  14    2    4.225910   1.481234   10.298448   2.503118
  14    3    4.127538   1.467877   26.442456  10.890976
  14    4    4.019548   1.489425   36.015340  29.535252
  14    5    3.941432   1.422969   38.880187  40.988476
  14    6    3.828244   1.449291   16.062126  20.603040
  14    7    3.702456   1.463197   37.556216  40.143009
  14    8    3.683596   1.482402   17.688480  25.084727
  14    9    3.563048   1.408817   20.679639  27.475487
  14   10    3.447189   1.461555    5.904496  23.771531
  14   11    3.312848   1.438295   30.513918  20.890914
  14   12    3.270759   1.451966   17.254961  10.863504
  14   13    3.156674   1.484140   28.776996  35.134989
  14   14    3.038854   1.441776   38.361731  37.104506
  14   15    2.903096   1.466824   23.401925  32.291686
  14   16    2.871833   1.440962   35.241295  39.208872
  14   17    2.787473   1.432844   40.965866   3.253327
  14   18    2.608335   1.430620    3.818657  16.552671
  14   19    2.580577   1.486168   24.134386  17.639932
  14   20    2.474535   1.413016   27.722766  28.172778
  14   21    2.358033   1.441052    9.757039  14.839977
  14   22    2.282573   1.446890   16.362730  11.437276
  14   23    2.126829   1.478612   10.789275  40.290000
  14   24    2.082471   1.452223   14.448168   8.321030
  14   25    1.923001   1.459567    4.004801  38.805773
  14   26    1.820647   1.433974    3.531085  26.040580
  14   27    1.709327   1.431203   35.501550  40.723127
  14   28    1.633852   1.405288   36.810723  15.872827
  14   29    1.513543   1.467872   17.293512  16.801780
  14   30    1.429873   1.487233   40.356902   7.302267
  14   31    1.356010   1.401258   20.819706  34.290852
  14   32    1.275819   1.424339   37.071449   4.211882
  14   33    1.121212   1.429130   16.990682  19.250070
  14   34    1.031076   1.483040   24.121331  35.653074
  14   35    0.929648   1.439473   27.431943  19.165954
  14   36    0.825240   1.493603   20.241219  35.800363
  14   37    0.765841   1.450640   17.872804   5.097628
  14   38    0.691368   1.455150   16.217243   6.016870
  14   39    0.514169   1.447578   22.168218  34.032155
  14   40    0.421825   1.448162   30.027760  26.526926
  14   41    0.347082   1.489185   14.230187   9.824668
  14   42    0.217827   1.489126   27.531043  16.012451
  14   43    0.100054   1.472506   25.184430  15.043843
  14   44    0.054445   1.417972   40.253838   4.520078
  15    0    4.454182   1.565751   14.357047  36.238579
  15    1    4.380408   1.530520   33.748798   8.386284
  15    2    4.230902   1.564010    5.234975  31.587071
  15    3    4.116476   1.555370   33.152894  15.458122
  15    4    4.083616   1.579043   31.333100  12.584776
  15    5    3.907450   1.527496   16.992930  24.707460
  15    6    3.848287   1.547701   21.939942  10.373065
  15    7    3.721073   1.529256   25.948367  16.406928
  15    8    3.689192   1.532270   14.002912  32.505693
  15    9    3.572161   1.553626   40.195735  37.356108
  15   10    3.446999   1.590443    3.953174  27.395511
  15   11    3.382187   1.594161   17.122955  30.216797
  15   12    3.264216   1.512647   32.059243  21.379168
  15   13    3.163404   1.581530   10.615958  16.836509
  15   14    3.027802   1.560072    1.937468  17.282856
  15   15    2.942223   1.567403   33.784073   2.509649
  15   16    2.830357   1.588062   39.136660  23.567473
  15   17    2.709175   1.503095   38.904684  21.446175
  15   18    2.609795   1.506376    5.253150  39.576878
  15   19    2.502172   1.572531   31.531749  13.287794
  15   20    2.482788   1.510372   27.821642  35.108241
  15   21    2.396117   1.516954   30.126809  26.332129
  15   22    2.239497   1.515316   21.266283  11.468782
  15   23    2.185095   1.532264    8.235213  25.195539
  15   24    2.016244   1.539766   40.485442  36.378536
  15   25    1.903427   1.528928   33.144308  18.965643
  15   26    1.808768   1.513402    6.182743  26.524057
  15   27    1.738802   1.519129   23.124429  40.464871
  15   28    1.631580   1.529662   29.845957   9.263319
  15   29    1.544527   1.536158    4.767588  18.066689
  15   30    1.468669   1.524219    6.314440  28.927361
  15   31    1.358596   1.596990   22.602810  28.576479
  15   32    1.297457   1.536585   13.164845  13.359555
  15   33    1.184851   1.590594   15.081140   3.009333
  15   34    1.001366   1.504023   38.683904  22.778666
  15   35    0.985943   1.511693   24.187388  36.667352
  15   36    0.816754   1.544480   13.986153   5.747215
  15   37    0.779103   1.562580   10.349774  30.739356
  15   38    0.687209   1.508380    9.873507   5.971932
  15   39    0.513916   1.514001   19.982662  24.716213
  15   40    0.422325   1.517910   15.322692  18.858431
  15   41    0.346358   1.550212   19.911657  27.235313
  15   42    0.279065   1.566793   22.025561  28.187543
  15   43    0.105284   1.523056   11.094398  17.538030
  15   44    0.001697   1.523600   38.196424  40.976032
  16    0    4.476354   1.605181   23.464428  30.544311
  16    1    4.371036   1.667269   24.899549  22.529771
  16    2    4.204099   1.663536   34.389614  15.618868
  16    3    4.125332   1.684772   29.439092  33.892735
  16    4    4.035338   1.670811   25.150617  32.423740
  16    5    3.923667   1.677787   22.892727  30.340497
  16    6    3.896644   1.634740   13.009007  36.822314
  16    7    3.728058   1.657724   12.659366  12.262223
  16    8    3.614827   1.652984   10.848647  15.620209
  16    9    3.582750   1.656610   15.930366   8.720465
  16   10    3.452596   1.694785   32.038076  30.998736
  16   11    3.368270   1.645119    6.282735  39.173378
  16   12    3.241641   1.669662   35.075634  33.816946
  16   13    3.103831   1.628401   23.131863  20.289296
  16   14    3.052269   1.668124   10.743179  19.528630
  16   15    2.964527   1.685418   22.570404   2.478896
  16   16    2.842575   1.649705   13.908269  31.280894
  16   17    2.769538   1.628096   28.158983  14.715526
  16   18    2.680797   1.609593   32.778789  21.831291
  16   19    2.584136   1.682924   31.523448   6.409554
  16   20    2.432051   1.676693   10.328009  29.240775
  16   21    2.361834   1.639478   15.152487  21.547915
  16   22    2.245106   1.683184    5.772186  20.870072
  16   23    2.133347   1.667888   23.578463  23.005371
  16   24    2.066130   1.698451    8.396830  36.027358
  16   25    1.926302   1.680425   34.163380  23.879266
  16   26    1.844553   1.638746   11.691843  29.685472
  16   27    1.773759   1.601121   35.000985  17.894912
  16   28    1.681235   1.647982   22.669810   8.007176
  16   29    1.540576   1.611760    4.985041  32.374028
  16   30    1.401068   1.694823   39.405753  10.987305
  16   31    1.364555   1.662580    9.882892  14.953987
  16   32    1.210940   1.646507   39.250764  38.340961
  16   33    1.174026   1.671676   18.292484   9.190909
  16   34    1.029683   1.660832   40.835946  11.837205
  16   35    0.905162   1.688367   22.650083  14.374994
  16   36    0.849188   1.684325   14.897204  40.598032
  16   37    0.700806   1.662677   22.994995  21.331756
  16   38    0.605282   1.656772   22.115449   5.452710
  16   39    0.527965   1.645604   34.986639   8.678159
  16   40    0.403304   1.600186   10.580864   4.257887
  16   41    0.303375   1.642998   38.708401  12.947966
  16   42    0.256460   1.613686   11.153938  22.164178
  16   43    0.165659   1.659633   11.081757  31.195916
  16   44    0.055149   1.604884   25.910037  29.130256
  17    0    4.478595   1.799450    2.253214  36.135656
  17    1    4.392318   1.763065   33.018329   1.555788
  17    2    4.292880   1.732991   25.105674  21.561685
  17    3    4.123786   1.719775   30.819984  35.724861
  17    4    4.033531   1.703642    7.084906  29.750854
  17    5    3.943086   1.748404   34.534563   7.821868
  17    6    3.816686   1.720625    4.820851  22.734295
  17    7    3.798011   1.725917   20.937659  18.602127
  17    8    3.633037   1.778539   24.562565   5.775967
  17    9    3.570406   1.717105   29.516829  20.369810
  17   10    3.465540   1.750778    5.234663  34.089300
  17   11    3.382114   1.744546   13.026994  39.736109
  17   12    3.236264   1.727308    5.962177  32.768759
  17   13    3.178150   1.775944   26.030483   1.700815
  17   14    3.001365   1.706031   36.199834  15.108436
  17   15    2.973216   1.794577   26.921011   8.920872
  17   16    2.834182   1.701400   34.140784  15.925105
  17   17    2.729634   1.718293   27.094905  34.599718
  17   18    2.654307   1.703918   37.868891  24.198484
  17   19    2.563565   1.797848   30.346987  28.251574
  17   20    2.475231   1.709830    3.757780   3.286763
  17   21    2.352070   1.756301    6.232548  10.665148
  17   22    2.254805   1.741598    7.908852   7.170762
  17   23    2.136125   1.727797   33.050951   7.711513
  17   24    2.041212   1.796592   38.959579  37.625409
  17   25    1.984138   1.716248    9.270430   2.211271
  17   26    1.812577   1.794019   14.382439  39.912522
  17   27    1.796832   1.722283    6.627732  28.896377
  17   28    1.610520   1.738186   27.433911  23.534207
  17   29    1.597519   1.780259   23.800312  19.572360
  17   30    1.467135   1.780033   38.202025  39.781493
  17   31    1.361879   1.706251   36.462836  23.906950
  17   32    1.220842   1.738190   19.740001   9.258130
  17   33    1.198263   1.782597   27.703830  25.841453
  17   34    1.009436   1.735914   39.062603  10.254806
  17   35    0.993374   1.794950    2.192379  26.441529
  17   36    0.818415   1.720834   12.820875  12.794315
  17   37    0.788837   1.793724   38.148802  11.074335
  17   38    0.649275   1.760738    8.759995  13.363581
  17   39    0.551748   1.773394   13.087349  22.119297
  17   40    0.455962   1.750541    6.604047  11.793680
  17   41    0.346723   1.750346   32.462986  17.990115
  17   42    0.278043   1.723059   25.800573  34.444392
  17   43    0.108258   1.772780   34.768417  35.065897
  17   44    0.076410   1.729375   32.596829   6.795060
  18    0    4.450425   1.814633   22.291533  21.199621
  18    1    4.351436   1.843368   15.208728  33.738890
  18    2    4.235957   1.889573   33.657583  17.792474
  18    3    4.194510   1.849347   23.382526  37.323122
  18    4    4.058735   1.870828   12.444368  11.992884
  18    5    3.991751   1.891751    7.438352   9.372810
  18    6    3.872477   1.817934   15.572874   1.399413
  18    7    3.763446   1.801552    1.923761  40.381283
  18    8    3.624127   1.892442   25.839779  10.716956
  18    9    3.584357   1.865223   20.294560  26.245630
  18   10    3.422998   1.891229   24.872368  13.136042
  18   11    3.388579   1.869066   39.579171  10.870917
  18   12    3.296140   1.838234   25.950432  18.775305
  18   13    3.117962   1.834186   17.771932  15.362119
  18   14    3.046753   1.853292   20.553778  38.347540
  18   15    2.925387   1.855569    1.739736  13.468064
  18   16    2.845593   1.860193   18.158088  12.280046
  18   17    2.793280   1.872459    9.715496  38.137034
  18   18    2.645430   1.805166   35.715855  33.840295
  18   19    2.573762   1.826652   29.990994   5.488920
  18   20    2.415515   1.831711   21.423260   9.388248
  18   21    2.399713   1.810338    6.210720  40.204210
  18   22    2.246834   1.898014   36.787858   9.696983
  18   23    2.155730   1.865742   39.707372  40.275341
  18   24    2.079627   1.829157   11.676052  13.353585
  18   25    1.934650   1.875136   30.608760   9.261293
  18   26    1.852162   1.867904   28.933341   6.572591
  18   27    1.738730   1.871621    1.984906  30.631618
  18   28    1.664255   1.825053   28.334455   3.324555
  18   29    1.515001   1.808665    5.093208  21.481370
  18   30    1.490262   1.833180    4.034501   5.502654
  18   31    1.341550   1.849475   28.818585  21.843775
  18   32    1.264518   1.876057    5.356321  34.920538
  18   33    1.105563   1.876091   12.694595  31.022739
  18   34    1.097216   1.800106   17.663351  17.254946
  18   35    0.935036   1.872438   10.430573  13.812630
  18   36    0.860657   1.813956   18.231284   2.616939
  18   37    0.763843   1.805649    9.658898  27.168082
  18   38    0.614633   1.847508   11.445953   8.255882
  18   39    0.524676   1.815570    3.655567  21.831878
  18   40    0.415364   1.872868    8.318874  25.970658
  18   41    0.375935   1.823637   32.076306  33.624273
  18   42    0.274980   1.886089    7.225971  10.122871
  18   43    0.177172   1.889241   20.289527  35.542448
  18   44    0.007973   1.810862   15.939068  31.717140
  19    0    4.433063   1.974162   30.676479  34.514085
  19    1    4.317343   1.913152   29.433783   9.833879
  19    2    4.228109   1.923856   34.308033  25.594372
  19    3    4.136365   1.909196    3.621535  33.770267
  19    4    4.073410   1.938093   37.696569   1.591047
  19    5    3.951944   1.908405    2.067423  27.565455
  19    6    3.882839   1.982888   36.860530  37.547431
  19    7    3.792456   1.957374   40.919824  23.156320
  19    8    3.688821   1.990654   19.728245   7.208681
  19    9    3.566811   1.941574   36.691578  39.230450
  19   10    3.497665   1.906159   17.946695  22.541815
  19   11    3.392116   1.957233   32.196740  29.913282
  19   12    3.271011   1.962140   20.449968  17.575399
  19   13    3.144918   1.987509   17.860901  10.746709
  19   14    3.003468   1.910336    3.681184  24.270053
  19   15    2.915390   1.904252   18.787162   8.986716
  19   16    2.846873   1.991178    7.150773  10.826287
  19   17    2.735194   1.969500    2.373903   1.067957
  19   18    2.608856   1.998585    8.053009  31.781467
  19   19    2.587873   1.929295   16.944556  12.153484
  19   20    2.427508   1.985010    4.951803  34.443032
  19   21    2.395735   1.976499   38.763645  21.008151
  19   22    2.294966   1.956341    8.085793  17.650391
  19   23    2.109100   1.908988    2.977425  38.004538
  19   24    2.070568   1.926237   32.631847  26.553249
  19   25    1.902584   1.924949   23.431509  24.890534
  19   26    1.889011   1.935144   21.305155  11.039412
  19   27    1.708810   1.977933   26.981950   2.018051
  19   28    1.630540   1.990491    3.963135  35.640447
  19   29    1.592445   1.960935   19.830276  22.052645
  19   30    1.478700   1.951496   14.419472  25.188876
  19   31    1.386948   1.900958    6.577079  38.754123
  19   32    1.246573   1.964465    8.463630   3.195893
  19   33    1.182684   1.923342   37.102780  25.238545
  19   34    1.004622   1.952694   22.120274  28.863922
  19   35    0.968256   1.988622    2.048300  38.202328
  19   36    0.892452   1.978780   35.472084   3.843621
  19   37    0.786979   1.913740   34.582372   2.909487
  19   38    0.642716   1.926588   24.908512   1.290279
  19   39    0.577319   1.964150   24.306359   8.313333
  19   40    0.488340   1.995127   15.452088   7.469833
  19   41    0.319976   1.943689    8.561447  12.504303
  19   42    0.263931   1.957219   24.852958  40.110082
  19   43    0.114923   1.915034   37.067171  25.745857
  19   44    0.048883   1.912141   22.431381  37.887945
  20    0    4.459314   2.055171   27.734301  21.680744
  20    1    4.333187   2.053291    8.186988  21.888963
  20    2    4.291583   2.087474   24.659163  26.860206
  20    3    4.117305   2.079458   11.482665  12.570529
  20    4    4.008372   2.034854   13.720536  14.569028
  20    5    3.984747   2.001429   13.649983   4.705656
  20    6    3.849107   2.006884    6.864326  20.989646
  20    7    3.710080   2.034411   35.152165  37.979400
  20    8    3.678110   2.067881   33.075300  30.068843
  20    9    3.586104   2.021178   15.479623  12.355374
  20   10    3.476045   2.032649   12.199190  38.020855
  20   11    3.371817   2.000821   12.742205  25.025092
  20   12    3.281344   2.001902   37.192577  29.221061
  20   13    3.177503   2.023692   19.961296   9.698206
  20   14    3.097888   2.080353   31.042000  12.314702
  20   15    2.914943   2.014323   16.354029  19.186990
  20   16    2.807837   2.017043   36.507807  18.685407
  20   17    2.749195   2.001070   24.440897   8.683783
  20   18    2.697881   2.069665   20.012335  14.998621
  20   19    2.593808   2.063699    7.597128   9.825343
  20   20    2.423543   2.022514   25.406059  27.355331
  20   21    2.393542   2.098294   17.707250  14.583462
  20   22    2.299300   2.081096   39.009410  16.661801
  20   23    2.137815   2.062656    8.871324  33.216428
  20   24    2.012385   2.025566   24.242036  23.141344
  20   25    1.944078   2.044711   10.650409  11.961283
  20   26    1.815057   2.029828   12.315331  12.484471
  20   27    1.743192   2.091511   23.127853  33.842114
  20   28    1.653905   2.043492   14.878131  26.954059
  20   29    1.588638   2.047029   16.102093  39.914942
  20   30    1.445495   2.089819   15.169528  31.832513
  20   31    1.397999   2.073226   26.015706  38.465060
  20   32    1.205162   2.054384   36.146813  10.918185
  20   33    1.118655   2.070765   26.764491  16.118033
  20   34    1.080229   2.026380   37.220643   4.348651
  20   35    0.990003   2.073262    4.319471   7.520814
  20   36    0.830231   2.007336   35.643564  17.848732
  20   37    0.751755   2.062110   10.133705  19.194818
  20   38    0.634890   2.020442   24.262097  24.571483
  20   39    0.522007   2.037688   24.594932  18.358054
  20   40    0.495665   2.037818    4.256652  29.020671
  20   41    0.339733   2.087149   29.324065  28.958751
  20   42    0.228636   2.092698    9.657609   7.113583
  20   43    0.134262   2.009011    5.908669   4.858226
  20   44    0.025266   2.058896    9.839951  37.263306
  21    0    4.449039   2.190414    8.699580  14.046039
  21    1    4.383292   2.160837   36.862899  14.429950
  21    2    4.208553   2.184176   40.587913   7.965824
  21    3    4.182551   2.124027   36.435088  32.410592
  21    4    4.075880   2.199689   33.218758  26.475458
  21    5    3.999967   2.188068   24.449835  29.208019
  21    6    3.803585   2.104181   36.886906  21.660569
  21    7    3.724247   2.182112   25.449160  16.138675
  21    8    3.633038   2.129057   40.399065  12.665698
  21    9    3.544018   2.106139   15.039271  33.410526
  21   10    3.446269   2.189774   27.476011   8.902722
  21   11    3.343183   2.170526    5.194255  13.221873
  21   12    3.220524   2.157108   13.807258  20.441473
  21   13    3.144219   2.121046   19.548832  26.002438
  21   14    3.078518   2.162681   17.659833  32.082804
  21   15    2.993948   2.116820    5.195048  16.238381
  21   16    2.867169   2.182290   36.981847  11.559651
  21   17    2.786989   2.134649   38.161875  21.393222
  21   18    2.634165   2.116805   17.230587  12.506957
  21   19    2.569659   2.144791   21.670716  10.756916
  21   20    2.405273   2.182337   16.693934  19.286656
  21   21    2.361540   2.140387    9.423914  40.625698
  21   22    2.295613   2.128873   29.862971   3.449192
  21   23    2.173205   2.105647   30.597407  38.035580
  21   24    2.015407   2.129731   14.452688  40.558387
  21   25    1.986814   2.176299    8.872714  37.342719
  21   26    1.854818   2.122957   23.956799  31.301789
  21   27    1.701332   2.179936   14.757543  22.264181
  21   28    1.653484   2.140161   15.161690  22.253906
  21   29    1.526050   2.143556   28.608341  30.562937
  21   30    1.478233   2.128352   38.833630   9.355094
  21   31    1.334918   2.120977   21.182173  19.381250
  21   32    1.247216   2.155918   11.832413  31.114147
  21   33    1.169859   2.123704   39.209399   6.296899
  21   34    1.050296   2.195232   30.193656  38.737951
  21   35    0.903807   2.135470   35.392652  34.497031
  21   36    0.824051   2.191188   15.261078  26.836897
  21   37    0.743653   2.152821    5.401707  40.034724
  21   38    0.645097   2.157565   28.739089  21.050037
  21   39    0.569552   2.121999   28.847881   4.953659
  21   40    0.407711   2.191195    7.575142  27.879292
  21   41    0.370296   2.135793   16.885668  22.136616
  21   42    0.250817   2.157725   35.870311  37.217337
  21   43    0.144433   2.113135   26.003373  36.053816
  21   44    0.095439   2.182144   28.555661  29.499083
  22    0    4.493830   2.208916   25.728585  18.157456
  22    1    4.346553   2.272253   10.361014  37.102014
  22    2    4.240110   2.291830    7.388370  26.489075
  22    3    4.103056   2.213923   33.641783   3.565925
  22    4    4.045141   2.284013   11.728154  26.136724
  22    5    3.906144   2.203234   29.918612  34.397929
  22    6    3.814265   2.277819   35.107291  30.499212
  22    7    3.739949   2.222505   12.523623  39.673932
  22    8    3.605419   2.232291    7.153420  22.885011
  22    9    3.578592   2.224722    1.536136  11.343044
  22   10    3.458596   2.204719   37.171738  33.793727
  22   11    3.351094   2.264023   27.229763  17.086755
  22   12    3.298275   2.291116   22.269401   1.298351
  22   13    3.169711   2.298690   24.541901  27.779982
  22   14    3.046522   2.233545   17.069319  30.266809
  22   15    2.938218   2.297449   38.615632   7.046426
  22   16    2.816374   2.201933    3.051672  30.731649
  22   17    2.724589   2.299940   40.253170  39.095975
  22   18    2.633959   2.273326   24.975545  16.537024
  22   19    2.547218   2.217845   40.159016  14.977223
  22   20    2.463445   2.212518    2.497131  22.462426
  22   21    2.385487   2.214427   12.140065  17.573455
  22   22    2.281524   2.204545   37.015030  11.342948
  22   23    2.183947   2.267138   27.968948   2.115804
  22   24    2.067516   2.201769   36.937208  12.276160
  22   25    1.974785   2.200468   10.405995  21.682546
  22   26    1.841527   2.226085   18.978272  16.826012
  22   27    1.795464   2.274361   25.914220  16.098864
  22   28    1.696256   2.210245   28.759765  22.204451
  22   29    1.527571   2.227266   24.890828  27.846691
  22   30    1.428116   2.271405   20.900238   8.731808
  22   31    1.328874   2.202330   34.777786  30.039556
  22   32    1.280260   2.284647    6.945941  13.447268
  22   33    1.173501   2.230214   20.203073  29.212688
  22   34    1.063921   2.264635   38.907023  12.561090
  22   35    0.954852   2.202693   24.343282  19.623933
  22   36    0.825147   2.269451   26.828186  12.510531
  22   37    0.742523   2.247439   36.987310  35.956351
  22   38    0.671576   2.212294   30.736826  12.701748
  22   39    0.517974   2.206319   17.319931  17.758666
  22   40    0.468335   2.203893   40.475731  22.590276
  22   41    0.344085   2.227017   33.233127  21.655085
  22   42    0.253453   2.251342    1.341483  11.572972
  22   43    0.150952   2.200967    4.012077  16.301269
  22   44    0.011343   2.207511   39.113761  22.234646
  23    0    4.444430   2.319337    9.531815  30.258592
  23    1    4.378001   2.399265    4.974829   5.812891
  23    2    4.264895   2.373201   36.639593  34.404107
  23    3    4.133482   2.362446   38.982519   3.314971
  23    4    4.041594   2.394056   12.187059  28.188978
  23    5    3.966010   2.376889   40.174118  16.540900
  23    6    3.802690   2.316492   22.215429   3.003415
  23    7    3.767801   2.325702   12.042606  10.337177
  23    8    3.612707   2.346085   18.085889  16.101503
  23    9    3.545191   2.399640   24.040761  40.725962
  23   10    3.417629   2.332470   22.886522   4.984588
  23   11    3.395137   2.329576   32.932723  33.124774
  23   12    3.283214   2.380093   35.236130   4.837224
  23   13    3.116422   2.357945    2.226635  40.692105
  23   14    3.014382   2.377271    2.644354  20.554991
  23   15    2.987136   2.353454    3.586102  14.904682
  23   16    2.842627   2.387944    2.876612  30.098785
  23   17    2.750003   2.332470    1.032199  18.792380
  23   18    2.664419   2.329940    9.311370  17.355541
  23   19    2.504102   2.375175    6.911882   7.827137
  23   20    2.406407   2.358543    5.066378  30.380600
  23   21    2.305315   2.314919   18.022687  34.282524
  23   22    2.283011   2.384837   30.709541  34.842306
  23   23    2.128532   2.335179   30.947669  37.950923
  23   24    2.098594   2.384545    1.659151  22.684681
  23   25    1.942197   2.330073   17.568608  29.425589
  23   26    1.829895   2.394999   13.917298   2.469372
  23   27    1.790199   2.371625   14.889548  11.725197
  23   28    1.604798   2.355364   10.569299  20.553360
  23   29    1.567448   2.379788    7.716823  21.858760
  23   30    1.470732   2.318419   26.521092   1.204235
  23   31    1.313638   2.309689   18.405776   5.999137
  23   32    1.220143   2.350950    5.235559  28.950159
  23   33    1.134767   2.354651    4.798425  30.253653
  23   34    1.011452   2.344186   28.767842   7.906953
  23   35    0.993905   2.313252    5.640425  13.590676
  23   36    0.891797   2.375784    1.188763  20.520045
  23   37    0.791534   2.383997   22.179699  30.301296
  23   38    0.692610   2.300440   15.524505  12.104332
  23   39    0.581447   2.332173   25.313211  26.445566
  23   40    0.430677   2.397538   15.629819   7.760344
  23   41    0.340752   2.319986   29.562388   8.053088
  23   42    0.205853   2.371102   16.951025   4.690366
  23   43    0.131974   2.303349   18.321767  28.418028
  23   44    0.041952   2.379857   33.924193  15.633535
  24    0    4.461544   2.476451   39.239530  27.648954
  24    1    4.369602   2.473330   16.792914  28.084205
  24    2    4.252158   2.488772   14.252603  39.704229
  24    3    4.198942   2.423722    6.919149   9.153199
  24    4    4.006535   2.468212    5.713114  40.463956
  24    5    3.976077   2.472643   17.199712   7.376894
  24    6    3.847046   2.458782    8.207016   4.959844
  24    7    3.760037   2.456837   32.989989  40.474358
  24    8    3.669500   2.421570   35.079795  12.704616
  24    9    3.596759   2.437685    8.975572  11.998127
  24   10    3.450029   2.453718   19.348183   7.132949
  24   11    3.303228   2.435497    8.721548  10.019458
  24   12    3.291624   2.451666   10.590933  38.486196
  24   13    3.108395   2.461565   16.168228   7.434271
  24   14    3.091237   2.482174    2.575699  19.043499
  24   15    2.927875   2.448394    2.131196   6.171249
  24   16    2.849745   2.427433   30.793193  35.422180
  24   17    2.776676   2.401739   33.902589   6.528914
  24   18    2.635208   2.439059   14.733806  14.740630
  24   19    2.548312   2.436807   12.339592  38.063805
  24   20    2.444921   2.469819   26.655966  29.757217
  24   21    2.309677   2.415377    8.365214  19.897173
  24   22    2.293710   2.451667    6.759565  32.669054
  24   23    2.178899   2.470641   29.595436  26.002949
  24   24    2.084707   2.453998   14.091849   8.074773
  24   25    1.968171   2.492175   17.845917  14.985037
  24   26    1.894548   2.486959   23.177217  32.675778
  24   27    1.785135   2.444750   39.560488   4.047308
  24   28    1.627470   2.411280    8.276454   2.610734
  24   29    1.594942   2.411562   23.742744  23.304962
  24   30    1.462240   2.478260   40.344984  38.888407
  24   31    1.350438   2.485011   25.761077  19.281272
  24   32    1.232136   2.451394   36.173767   7.204221
  24   33    1.100191   2.476256   10.436590  25.378997
  24   34    1.041410   2.454574    4.860567  30.496280
  24   35    0.983205   2.478604   34.112372  22.311098
  24   36    0.831693   2.450886   13.673340  10.916857
  24   37    0.715140   2.499123   22.941682  12.920679
  24   38    0.668756   2.480725    3.531582  12.465690
  24   39    0.563749   2.467938   13.421656  13.515403
  24   40    0.423838   2.478298   23.745535   6.351751
  24   41    0.300968   2.445288   21.238205  37.786939
  24   42    0.274453   2.441513   26.317185  28.220429
  24   43    0.105746   2.472687   35.776852  39.581305
  24   44    0.047111   2.451862   22.021097  39.703426
  25    0    4.475160   2.556460   40.193294  27.231291
  25    1    4.368866   2.528107   33.647143   6.318924
  25    2    4.281773   2.529387   30.726555   4.857460
  25    3    4.185881   2.550388    6.201283  19.569963
  25    4    4.092396   2.509411   33.976663  34.989525
  25    5    3.945398   2.509867    9.524592  23.159198
  25    6    3.837573   2.563042   17.157815  32.055236
  25    7    3.722546   2.523066   15.704812  11.558601
  25    8    3.692084   2.585577   33.877110   7.729184
  25    9    3.505375   2.599796   11.818742  13.742917
  25   10    3.494634   2.530200   26.777926  36.829296
  25   11    3.330295   2.568875   17.957884  35.716040
  25   12    3.299647   2.553719   18.426151  36.394051
  25   13    3.185786   2.546830    1.153768  12.529767
  25   14    3.015706   2.597946    3.106470  30.768807
  25   15    2.974810   2.581307   27.733510  33.814704
  25   16    2.843669   2.592614   24.735036  31.974907
  25   17    2.745777   2.513176   39.800145  16.413414
  25   18    2.682864   2.548270    9.883862  37.330561
  25   19    2.568249   2.579108   15.946413   3.526209
  25   20    2.426022   2.505707   39.951384  15.237816
  25   21    2.342718   2.519882   21.974673  11.850296
  25   22    2.212714   2.522257   12.802650  35.245227
  25   23    2.193879   2.568741   14.309740  26.513296
  25   24    2.057064   2.504705   21.741714  19.941166
  25   25    1.903740   2.568860   26.955447  38.172497
  25   26    1.808371   2.543555   28.467822  33.928005
  25   27    1.794720   2.509266   32.259849   7.471456
  25   28    1.643038   2.564042    6.706085  19.072743
  25   29    1.573576   2.574561   36.418012   9.115952
  25   30    1.422799   2.585579    4.492359  35.424925
  25   31    1.394550   2.575353   12.555402  31.151527
  25   32    1.287763   2.573173   35.631134  13.638066
  25   33    1.194570   2.563496    7.398966  24.595237
  25   34    1.083135   2.571901    4.634304   7.426035
  25   35    0.994640   2.539119   21.957033  14.394489
  25   36    0.845743   2.538671   34.487726  33.531246
  25   37    0.749732   2.524815   22.293252  34.756187
  25   38    0.600607   2.524265    2.881571   1.876738
  25   39    0.564578   2.516504    3.393828  20.209717
  25   40    0.438790   2.513041   40.079496  10.019610
  25   41    0.374661   2.520151    7.291388   8.337596
  25   42    0.265641   2.597712   40.390771   3.718523
  25   43    0.120529   2.548875   26.022870  10.927947
  25   44    0.023276   2.552249    9.248512   9.373351
  26    0    4.419241   2.685919   40.662892   7.373257
  26    1    4.302784   2.667236   29.186280  24.290338
  26    2    4.259309   2.615571   19.588109  27.460193
  26    3    4.170123   2.628880   20.544320   7.171441
  26    4    4.014929   2.686281    2.292153  20.265572
  26    5    3.935044   2.655438   16.525823   3.921861
  26    6    3.891616   2.698098   29.484786  31.693871
  26    7    3.794646   2.652903    7.262618  32.815065
  26    8    3.678519   2.699985    5.872980  15.262004
  26    9    3.582254   2.615640   13.838799  18.249913
  26   10    3.492786   2.641653   38.935683  19.057383
  26   11    3.348343   2.676985   10.759808   3.779832
  26   12    3.258233   2.649268   25.168107   6.365604
  26   13    3.193074   2.609890   24.143621  12.789269
  26   14    3.064436   2.684712   14.685433  18.284407
  26   15    2.959762   2.688312   32.949676  19.137993
  26   16    2.802999   2.604040   15.739878  13.710876
  26   17    2.785240   2.646333   31.850305  20.289104
  26   18    2.675343   2.652358    2.619154   5.409146
  26   19    2.586532   2.613870   16.888454  11.881937
  26   20    2.410775   2.619543    3.558385  10.436220
  26   21    2.343667   2.665388    8.854561  25.406350
  26   22    2.224924   2.634073   29.711642   9.023778
  26   23    2.115688   2.691130   14.354509  29.580208
  26   24    2.086781   2.690689   21.893283  38.084208
  26   25    1.901018   2.689188   40.829644  11.227181
  26   26    1.847685   2.691676   18.713383  13.829369
  26   27    1.724387   2.681106    9.328909  22.897282
  26   28    1.617491   2.631286   27.895561   2.560940
  26   29    1.500341   2.673738    7.622200  12.167900
  26   30    1.451980   2.668132   11.979632  39.511490
  26   31    1.388130   2.625726   36.283121  31.508373
  26   32    1.241260   2.611350   20.275493  32.685740
  26   33    1.114401   2.628236   21.658375   7.786476
  26   34    1.061455   2.692918   10.848809  21.971795
  26   35    0.998589   2.676472    2.180087  26.940506
  26   36    0.871421   2.610702   29.483037  13.362424
  26   37    0.771294   2.691028   38.266424  22.035961
  26   38    0.602528   2.604661   26.976461  13.946799
  26   39    0.528168   2.646254   31.094929   1.871107
  26   40    0.402740   2.672071   21.796924  35.403402
  26   41    0.310965   2.676626   21.822071   2.491067
  26   42    0.256274   2.636742   32.031037  32.045119
  26   43    0.153387   2.661445   40.361532  25.415362
  26   44    0.007064   2.661876    8.728686  34.037871
  27    0    4.472246   2.733265   21.622878  24.079129
  27    1    4.368055   2.736573   22.157735   7.234421
  27    2    4.224210   2.716060   27.151255  33.933603
  27    3    4.199034   2.771925   23.147878  18.135329
  27    4    4.085000   2.775430    1.397866  11.846709
  27    5    3.983280   2.714254   23.616661  25.809322
  27    6    3.841427   2.755012   34.390025  16.889954
  27    7    3.727722   2.720205   33.534744  22.175675
  27    8    3.617012   2.780830   36.358638  27.293110
  27    9    3.552633   2.741305   36.001559  17.871499
  27   10    3.479190   2.738403   14.920055  27.293502
  27   11    3.325045   2.733982   37.766563   2.997144
  27   12    3.200204   2.766254   21.698258  12.802013
  27   13    3.125141   2.745186   39.445349  20.353258
  27   14    3.064819   2.763812   22.812447  16.253237
  27   15    2.916822   2.723412   27.843953  33.353320
  27   16    2.835811   2.781766    6.444133  18.702529
  27   17    2.722433   2.770294    2.218744  31.615810
  27   18    2.602993   2.748515   10.736913  21.178008
  27   19    2.577333   2.778859    6.963355  34.310481
  27   20    2.453106   2.787698   36.571152  27.490880
  27   21    2.362557   2.701156   35.128171   4.653496
  27   22    2.206424   2.798610    2.294890   7.152757
  27   23    2.183229   2.750134   10.341957  18.516531
  27   24    2.071303   2.703891    1.281321  19.743984
  27   25    1.976712   2.768515    9.119265  15.935233
  27   26    1.870124   2.716984   18.222270  31.022259
  27   27    1.797670   2.790847   11.201321  26.372758
  27   28    1.689225   2.745631   26.356162  16.256181
  27   29    1.537246   2.784001    2.492179  16.914404
  27   30    1.401391   2.727089   25.368019   7.713647
  27   31    1.390535   2.776088    3.315939  27.139678
  27   32    1.202370   2.785745    8.488110  40.930353
  27   33    1.190296   2.774113   34.134959  25.238461
  27   34    1.092598   2.714466   27.354918   8.328944
  27   35    0.975572   2.726621    1.532986  27.008208
  27   36    0.821964   2.707298   14.497162  38.954691
  27   37    0.761412   2.709191   29.181237  22.689487
  27   38    0.698919   2.712983   25.828684  29.538872
  27   39    0.520342   2.797820   31.669516  36.167424
  27   40    0.445625   2.736355   39.339037  34.796353
  27   41    0.377537   2.748102   13.498488  36.886961
  27   42    0.258078   2.787730   31.201727  23.809176
  27   43    0.159821   2.716523   31.193345  36.900148
  27   44    0.004239   2.769255   26.811080  24.543270
  28    0    4.423697   2.844323   23.413104  13.783980
  28    1    4.364254   2.891529   31.797777  29.990721
  28    2    4.219520   2.874028   32.093882  24.737623
  28    3    4.184658   2.833842   26.862185  27.125343
  28    4    4.027761   2.884146   27.078538  17.988190
  28    5    3.983235   2.897019   40.303642  13.804606
  28    6    3.828972   2.808424    7.349139   4.704510
  28    7    3.702837   2.849134   13.412951   8.946291
  28    8    3.641627   2.852688    3.892759  27.938677
  28    9    3.570927   2.831248   26.434350  37.753552
  28   10    3.481459   2.834462   12.395201  34.685475
  28   11    3.377011   2.872842   16.592362   6.457384
  28   12    3.262201   2.848420   18.371278   2.970057
  28   13    3.132354   2.864754   34.717911  29.990798
  28   14    3.070836   2.804167   23.004366  17.944610
  28   15    2.925518   2.851233   33.297211  21.204328
  28   16    2.810525   2.891921   14.881986  29.295028
  28   17    2.733218   2.832060   36.305970  31.677786
  28   18    2.611297   2.806404   40.978248  36.828924
  28   19    2.588898   2.810762   29.980525  31.878542
  28   20    2.462408   2.899546   29.648063   1.936634
  28   21    2.351167   2.885556   33.716575  12.361844
  28   22    2.220962   2.838585    9.062052  29.687181
  28   23    2.150843   2.855936    1.575253  37.904081
  28   24    2.098926   2.817727    6.425199  29.641472
  28   25    1.928857   2.809718   27.415335  32.905154
  28   26    1.825134   2.808731    6.486304  23.035308
  28   27    1.707649   2.862868   20.459450  19.091450
  28   28    1.620152   2.838605   12.259388  39.805122
  28   29    1.565922   2.847600   23.141203  25.496233
  28   30    1.410086   2.851097    6.542265  20.999643
  28   31    1.310739   2.882962   19.369219  25.889564
  28   32    1.240463   2.842686   19.731528  30.441023
  28   33    1.161965   2.816581   28.883134  30.275185
  28   34    1.033237   2.863545    7.597294  24.069259
  28   35    0.981895   2.896194   22.165657  24.767108
  28   36    0.858805   2.839238   32.095098  26.224062
  28   37    0.797683   2.815293   40.413879  18.103973
  28   38    0.670581   2.899887   38.956389  19.188629
  28   39    0.575798   2.878437   26.362052  13.254532
  28   40    0.472247   2.800131   17.713144   5.640114
  28   41    0.316221   2.848704   24.287154  39.012957
  28   42    0.257222   2.875391   32.976185  33.221858
  28   43    0.139482   2.872280   31.317587   9.177946
  28   44    0.076212   2.807809   10.200837  36.272798
  29    0    4.441876   2.923290   37.204439   5.854957
  29    1    4.351879   2.968655    4.837633  31.819763
  29    2    4.293315   2.975802   36.003796   8.616163
  29    3    4.169724   2.963115   20.679841  25.258680
  29    4    4.048267   2.989267   30.657651  32.698085
  29    5    3.931221   2.928051   31.383625  15.721027
  29    6    3.833124   2.988743   40.250023  17.112127
  29    7    3.759040   2.923661   18.550756  21.942191
  29    8    3.663055   2.931825   19.753956  17.488587
  29    9    3.594883   2.915948   10.427808  36.518683
  29   10    3.428053   2.980542   13.374140  28.669993
  29   11    3.328022   2.968447    7.189868  19.761497
  29   12    3.271351   2.938321   25.128950   8.514969
  29   13    3.137038   2.948910   31.940839  23.923188
  29   14    3.063789   2.969673    4.104763  37.069102
  29   15    2.918614   2.909441   30.976471  14.396580
  29   16    2.854908   2.993381    6.854476  24.204635
  29   17    2.715364   2.917072    2.520336   6.553318
  29   18    2.655744   2.928750   15.701223  14.026094
  29   19    2.539777   2.995807   40.057005   5.210772
  29   20    2.479199   2.978870   19.247315   5.784289
  29   21    2.323285   2.990908   14.550765  38.286157
  29   22    2.231818   2.954853   40.177546  38.736422
  29   23    2.198243   2.981505   29.252261  37.016998
  29   24    2.015505   2.980679   25.485008  32.335371
  29   25    1.946336   2.948578    1.459523  32.197410
  29   26    1.859334   2.969512   15.536679  13.326508
  29   27    1.719451   2.951943   37.513897  29.199977
  29   28    1.660119   2.929280   20.935057  17.775745
  29   29    1.558505   2.982069   30.475455  34.123299
  29   30    1.465780   2.937819   39.921226   8.747791
  29   31    1.302021   2.930405    4.336529  29.225629
  29   32    1.287765   2.926008    4.103755  39.298926
  29   33    1.189428   2.965330   34.296074  37.875294
  29   34    1.077944   2.921122   26.586936  15.643926
  29   35    0.924125   2.909944    9.531631  17.568940
  29   36    0.851352   2.932015   24.110894  16.802055
  29   37    0.768278   2.992602   33.069711  14.138925
  29   38    0.679061   2.902734   33.605193   4.722371
  29   39    0.595118   2.981449   32.769506   1.091529
  29   40    0.415172   2.921865   23.596603  32.833914
  29   41    0.325224   2.920147   28.098864  35.087922
  29   42    0.258584   2.951133   32.200766  11.161623
  29   43    0.120784   2.953589   19.295569  21.900182
  29   44    0.083643   2.928697    5.966565  32.594195
