   0    0    2.991560   0.004703   13.415507  24.185512
   0    1    2.830474   0.078127   19.621381  29.421280
   0    2    2.784673   0.069264    9.110071  38.742639
   0    3    2.693339   0.098521    9.710310  27.590553
   0    4    2.526579   0.082300   38.693917  19.017313
   0    5    2.498906   0.088489   15.777433  30.220690
   0    6    2.386630   0.034062   22.605825  29.801582
   0    7    2.292850   0.018636    5.304553  23.665417
   0    8    2.175849   0.038624    8.705526  32.793540
   0    9    2.088109   0.053307    2.014698  16.741432
   0   10    1.977113   0.020156   11.658486  34.746294
   0   11    1.824653   0.095784    4.111741   6.942509
   0   12    1.708600   0.020205   36.585853  19.710150
   0   13    1.606025   0.094850   34.080731  13.064306
   0   14    1.526075   0.003907    5.642912  28.801835
   0   15    1.408045   0.058897   29.513043  23.552643
   0   16    1.398386   0.008437   15.603443  31.754919
   0   17    1.269748   0.009362   14.459517  33.833280
   0   18    1.166215   0.007903   35.191425  11.575904
   0   19    1.088317   0.006578   32.103831  26.076588
   0   20    0.916720   0.065520    2.815612  36.950734
   0   21    0.848203   0.097997   32.087394  21.295779
   0   22    0.776090   0.006075   28.526559  26.616837
   0   23    0.620040   0.071278    9.606135   6.372702
   0   24    0.538384   0.069545   38.429745  15.736093
   0   25    0.467188   0.042858   28.438599   7.550495
   0   26    0.312200   0.000177    5.452487  16.374424
   0   27    0.296871   0.076428    6.353847   7.127731
   0   28    0.176751   0.084426    7.276424  22.514065
   0   29    0.088856   0.005082   18.886697  21.533970
   1    0    2.995901   0.175846   20.411396  24.594815
   1    1    2.827506   0.125976   26.256931  36.661985
   1    2    2.742494   0.135381   38.800611  29.400954
   1    3    2.652780   0.146939   28.248133  30.277191
   1    4    2.535998   0.171429   36.011054  28.180760
   1    5    2.432371   0.190775   23.150891   1.520171
   1    6    2.394045   0.185664   31.977158  19.205922
   1    7    2.240679   0.104877   29.414174  13.963463
   1    8    2.142896   0.117792   38.429815  10.548426
   1    9    2.010670   0.181285   22.437735  21.379113
   1   10    1.923139   0.135246   21.556873   4.672816
   1   11    1.801939   0.165492   23.977468   4.318795
   1   12    1.765145   0.132305   36.105316  18.512048
   1   13    1.602398   0.121037   37.924701  20.803618
   1   14    1.593833   0.187161   32.049407  21.015454
   1   15    1.452021   0.121352   13.759486   5.866057
   1   16    1.354260   0.175220   33.113115  34.727662
   1   17    1.244931   0.160314   17.766980  22.381740
   1   18    1.128336   0.152207   35.849214  28.777619
   1   19    1.030881   0.108642   22.145100   9.574163
   1   20    0.938660   0.101628   38.641527  27.727174
   1   21    0.898792   0.194498   23.420697  15.770686
   1   22    0.708027   0.187716    1.910813  34.049010
   1   23    0.683493   0.153585   14.130526  38.433511
   1   24    0.562595   0.167206   23.968889  31.574001
   1   25    0.492218   0.176543   15.512397   7.184614
   1   26    0.333002   0.191084   31.379629  23.068397
   1   27    0.299603   0.179574   13.990911  14.488955
   1   28    0.120912   0.170966   28.349531  37.171555
   1   29    0.009122   0.138021   30.531281  23.855579
   2    0    2.958526   0.293779   26.584646  38.245236
   2    1    2.824810   0.251997    9.473785   6.861537
   2    2    2.795529   0.243192   25.214673   7.255804
   2    3    2.620075   0.258200   22.250448  17.998876
   2    4    2.501743   0.226513   29.799126  12.630989
   2    5    2.430090   0.262680    1.424652  30.290248
   2    6    2.374467   0.211779   10.094528  17.103161
   2    7    2.230898   0.245598   11.783388  24.814020
   2    8    2.186997   0.251300   18.175643  29.871405
   2    9    2.001869   0.280917    7.750958  13.725047
   2   10    1.909306   0.205176   21.667834  12.984967
   2   11    1.898491   0.221475   40.181988  19.052626
   2   12    1.773132   0.281084   31.261685   6.671001
   2   13    1.689758   0.223040   40.630681   8.502410
   2   14    1.541922   0.275136   17.345088  10.399792
   2   15    1.438504   0.219717   27.482280   4.684433
   2   16    1.381136   0.232659   37.502076   4.801010
   2   17    1.224057   0.217472    5.871811  35.634644
   2   18    1.106361   0.247471   14.791714   4.114825
   2   19    1.024448   0.242552   12.104201   2.192722
   2   20    0.915462   0.283562   36.134458  29.682022
   2   21    0.890137   0.267228    3.328950  21.744217
   2   22    0.786719   0.234022   40.797424  32.047599
   2   23    0.652877   0.236568   14.511600   8.030377
   2   24    0.547425   0.228672   20.884092  22.572600
   2   25    0.421805   0.236810   37.283291   3.174366
   2   26    0.386877   0.264044   38.898023   5.019294
   2   27    0.224221   0.278474   19.038762  10.767842
   2   28    0.103993   0.257182    1.864228   3.395084
   2   29    0.050779   0.215447   35.692238  27.807219
   3    0    2.942953   0.318209   17.155904   4.410868
   3    1    2.863916   0.385067   17.789668  38.464225
   3    2    2.780365   0.395679   12.088288  11.229869
   3    3    2.624358   0.333645    7.214884  34.120685
   3    4    2.584335   0.373432    7.505482  39.753280
   3    5    2.483400   0.386841   30.516272  21.792788
   3    6    2.369677   0.388021   35.000115  19.509375
   3    7    2.278410   0.334987   14.919642  37.015367
   3    8    2.124151   0.391719   18.069823  28.283037
   3    9    2.055624   0.329717   24.382029  27.452094
   3   10    1.978196   0.307707   39.428542  12.942990
   3   11    1.827795   0.330139   15.580230  39.942744
   3   12    1.735035   0.311243    9.854713   8.494325
   3   13    1.654651   0.394323   27.516923  26.394040
   3   14    1.569372   0.323458   38.372526  23.204204
   3   15    1.411309   0.385022   23.466310  22.865874
   3   16    1.341047   0.322855   19.226418   9.718975
   3   17    1.283986   0.347292   20.270255  11.400033
   3   18    1.155099   0.363708   18.023094  10.411210
   3   19    1.003281   0.320100   27.534982   5.583858
   3   20    0.931613   0.340224   37.579386   9.765508
   3   21    0.893213   0.364019   38.067427   8.536569
   3   22    0.727538   0.350697   33.428364   7.432212
   3   23    0.678923   0.322727   20.929428  35.951338
   3   24    0.578335   0.396817   29.600138  22.648509
   3   25    0.457582   0.387348    9.776990  17.021449
   3   26    0.399886   0.399886   17.207875  34.046682
   3   27    0.295541   0.399522   31.690919   2.524252
   3   28    0.110537   0.327916    1.533607   8.439595
   3   29    0.070124   0.311624   25.494187   2.031890
   4    0    2.999416   0.405382   17.722484  17.993835
   4    1    2.826719   0.420719   13.590458  21.163113
   4    2    2.780407   0.420888   40.858159  27.271196
   4    3    2.670933   0.406569   17.647253  34.985788
   4    4    2.531175   0.457089   33.106087   9.939552
   4    5    2.461587   0.433439   25.986306  35.125059
   4    6    2.323588   0.441885   18.775563  29.524440
   4    7    2.213190   0.420443    9.332723   5.827367
   4    8    2.105692   0.460278   17.565394  29.393018
   4    9    2.056272   0.445842   21.613623  38.175923
   4   10    1.996081   0.472210   16.922151   4.232350
   4   11    1.840582   0.426932   13.785984  21.848474
   4   12    1.799042   0.453287    6.354034   8.604305
   4   13    1.699664   0.409118   11.212506  20.253565
   4   14    1.543325   0.412526   29.707415  17.729637
   4   15    1.425677   0.405221   38.893343  17.576773
   4   16    1.388650   0.444044   35.827214  31.474177
   4   17    1.230577   0.449261   23.900641  25.213735
   4   18    1.132302   0.438125   23.686300   4.580318
   4   19    1.093909   0.467707   20.651842  30.262080
   4   20    0.983167   0.411130   24.983202  34.507342
   4   21    0.818440   0.425578   12.196841  40.189699
   4   22    0.752537   0.413455    5.371438  22.814417
   4   23    0.632747   0.474804   39.483072   5.492094
   4   24    0.539803   0.440070   34.897877  26.840413
   4   25    0.494609   0.417900   20.601715   6.096879
   4   26    0.366842   0.499106   38.891572  15.505003
   4   27    0.260682   0.401284   23.307256   7.468770
   4   28    0.137457   0.490572   12.458589  16.375827
   4   29    0.096424   0.469431   26.641706   8.813780
   5    0    2.967676   0.509469    4.902418  10.716801
   5    1    2.805625   0.543629   31.283820  38.476589
   5    2    2.749012   0.515400   14.803591  39.052973
   5    3    2.661108   0.537198   33.282769  40.570414
   5    4    2.569970   0.504254   22.156229  21.857643
   5    5    2.417339   0.582823   22.124725   2.073973
   5    6    2.331157   0.576592   40.873284  18.287771
   5    7    2.281625   0.527057    1.619924  11.075512
   5    8    2.146277   0.522090   23.136289  40.463999
   5    9    2.013499   0.542047   20.886808  34.539093
   5   10    1.925087   0.529733    6.479534  31.611964
   5   11    1.811602   0.515196   22.748933  17.913746
   5   12    1.785116   0.589387   25.162603   3.451835
   5   13    1.634008   0.503739    8.149363  39.101319
   5   14    1.536447   0.571974    9.299298  11.543367
   5   15    1.481435   0.583106   17.726364  15.744225
   5   16    1.328358   0.562688    8.375030  26.864061
   5   17    1.253157   0.575459   25.483243  27.489574
   5   18    1.137876   0.574502   40.198820  37.718317
   5   19    1.062664   0.517954   24.524278  33.831504
   5   20    0.918517   0.587693    2.000106   8.145807
   5   21    0.874259   0.519013    1.117700   3.328818
   5   22    0.712516   0.545178   27.294644  27.317585
   5   23    0.692760   0.555329   20.885798  21.440372
   5   24    0.561812   0.583175   30.307806  28.978778
   5   25    0.406354   0.582302    9.711241  11.915942
   5   26    0.331835   0.592025   29.157694  40.816997
   5   27    0.247402   0.566296    1.987805  10.625651
   5   28    0.187846   0.582974   19.664503  40.705948
   5   29    0.097593   0.598329   10.132731  30.906294
   6    0    2.936131   0.683286    3.566667  30.094004
   6    1    2.822374   0.615733    1.817015  15.948271
   6    2    2.761777   0.694288   18.088361   4.377831
   6    3    2.674921   0.640841   35.159001  26.442106
   6    4    2.561081   0.624745   28.216996  25.921469
   6    5    2.462185   0.643879   37.165682  20.648859
   6    6    2.379825   0.655456    8.713427  27.451583
   6    7    2.214659   0.651037   16.995214  29.254064
   6    8    2.128680   0.600021   19.791626  11.879902
   6    9    2.047513   0.648070    3.153181   8.810102
   6   10    1.953990   0.601437    8.568659   9.174192
   6   11    1.843599   0.674808    2.524228  15.267275
   6   12    1.795939   0.644535    7.799859  21.719408
   6   13    1.628604   0.666596   39.179725  13.039126
   6   14    1.566825   0.670189   34.078147  36.680994
   6   15    1.445217   0.674956    2.191220  25.242873
   6   16    1.329707   0.648851   29.590518   7.202592
   6   17    1.266703   0.691648   14.218451  37.201148
   6   18    1.152133   0.608146    4.688778  23.840774
   6   19    1.020617   0.607853    6.429807   7.986523
   6   20    0.950958   0.612097    2.945669  33.459666
   6   21    0.820664   0.663301   30.352142   3.735644
   6   22    0.732448   0.658014   26.031587  14.878700
   6   23    0.628820   0.678986   33.535930   1.655072
   6   24    0.566927   0.691169   22.661167   8.887016
   6   25    0.490817   0.621477   13.460827   5.086290
   6   26    0.319153   0.637059   24.023054  24.808335
   6   27    0.205994   0.616838    2.895729  37.692589
   6   28    0.184426   0.616423   17.520266   6.620479
   6   29    0.007216   0.617867   29.966511  28.775919
   7    0    2.956096   0.739119   31.312591  18.703983
   7    1    2.838246   0.729570   37.473686   1.927053
   7    2    2.772728   0.769549   34.066546   4.614574
   7    3    2.624378   0.714734   18.541277  15.657753
   7    4    2.562573   0.718529   37.482470   1.844621
   7    5    2.437585   0.733946    9.467262  17.358936
   7    6    2.319357   0.744344   23.582403   1.358936
   7    7    2.259616   0.722572   35.685025  40.874143
   7    8    2.106520   0.739162    4.406443   2.760656
   7    9    2.045653   0.770963   33.034289   3.172927
   7   10    1.997155   0.736080   18.679362  34.263218
   7   11    1.887083   0.753567    4.079087  17.054097
   7   12    1.713788   0.796791   18.173302  21.214772
   7   13    1.664856   0.747627   17.999374  34.504058
   7   14    1.535976   0.730158   35.906448  37.741687
   7   15    1.474625   0.792809    2.621970   9.280808
   7   16    1.394357   0.747980   38.981633  23.148099
   7   17    1.291475   0.769345    8.445546  17.489460
   7   18    1.167381   0.785783   10.782884   8.028789
   7   19    1.025569   0.714218   27.053479  21.360465
   7   20    0.941341   0.703701   40.412008  34.622974
   7   21    0.800395   0.752369   40.097413   4.137035
   7   22    0.785674   0.735326    1.661341  31.756910
   7   23    0.662538   0.793126   40.073468   2.923578
   7   24    0.533652   0.770876   19.482874  36.793526
   7   25    0.406044   0.730756   20.402073   1.542251
   7   26    0.343659   0.745102   28.828023  25.327604
   7   27    0.265415   0.792479   19.861471  36.890074
   7   28    0.148184   0.750065    8.896375  13.935352
   7   29    0.099156   0.797295   25.214024  19.984344
   8    0    2.976458   0.808258    5.245799   2.107520
   8    1    2.850555   0.824599    5.903460  36.829409
   8    2    2.762361   0.822479   32.880374  36.565514
   8    3    2.633963   0.842854   15.990337  34.433164
   8    4    2.521764   0.865472   25.346665  14.480292
   8    5    2.453370   0.815476   31.031986  13.746959
   8    6    2.302930   0.884540   38.032909  31.684127
   8    7    2.215439   0.883595   31.402324  23.997909
   8    8    2.179880   0.874172    8.279768   7.785634
   8    9    2.051376   0.823524   38.585943  21.827916
   8   10    1.971840   0.813185   40.575347  22.168777
   8   11    1.811189   0.890515   37.269964  23.849012
   8   12    1.731911   0.871970   22.021246  33.176887
   8   13    1.639827   0.889776   13.596215  22.669970
   8   14    1.555079   0.870112   21.420475  27.353015
   8   15    1.487603   0.860774   28.725331  14.144414
   8   16    1.309453   0.805027   24.752133  36.428284
   8   17    1.247039   0.821446    6.903454  37.535994
   8   18    1.195319   0.878178   30.461785  26.820194
   8   19    1.044876   0.895244   28.511279  40.491488
   8   20    0.984164   0.817037    9.910586   9.723161
   8   21    0.851518   0.835832   21.114229   7.158014
   8   22    0.784237   0.828154   11.490197  39.443875
   8   23    0.600517   0.871746   35.321630  10.475854
   8   24    0.520548   0.819543   31.324670  23.454380
   8   25    0.437989   0.816508   17.301812  28.623686
   8   26    0.305362   0.899026   29.144476  19.706080
   8   27    0.245934   0.828429   26.089111  20.788343
   8   28    0.110330   0.889287   34.831968  25.068213
   8   29    0.004456   0.858745   31.357838   8.876549
   9    0    2.933315   0.900066   29.301592   3.324612
   9    1    2.875737   0.996735    6.127304  39.481348
   9    2    2.781780   0.963291   32.792251  21.982922
   9    3    2.607380   0.906136   38.901098  24.361301
   9    4    2.570304   0.967857   34.313267  24.220718
   9    5    2.464329   0.948413   31.032839  17.885824
   9    6    2.352332   0.927386    7.899468  35.613310
   9    7    2.207103   0.905361   17.649706   6.345331
   9    8    2.175714   0.976487    4.494968  14.858326
   9    9    2.039430   0.946023   14.254103  36.720187
   9   10    1.967877   0.918868   22.699300  23.532464
   9   11    1.850615   0.931048   26.162897  21.447786
   9   12    1.719683   0.944112    7.273587  31.986125
   9   13    1.677119   0.911399   24.232691  20.922349
   9   14    1.547069   0.989015   21.218535  16.801970
   9   15    1.403778   0.957695    7.858708  26.907401
   9   16    1.366492   0.944087   25.400066  39.813713
   9   17    1.218018   0.951511   25.023871   7.736152
   9   18    1.124027   0.996142   19.112500   9.501824
   9   19    1.020117   0.980589   39.213779  30.120344
   9   20    0.968649   0.953877   25.633212  12.653088
   9   21    0.879220   0.906184   24.302294   2.583444
   9   22    0.757763   0.924908   28.736821  27.491305
   9   23    0.608290   0.912684   31.051545  31.979340
   9   24    0.527519   0.999940   39.300951   9.056715
   9   25    0.411569   0.907124    2.659217  27.253058
   9   26    0.351724   0.952583   35.549741  13.432052
   9   27    0.235336   0.909398   21.825040  23.545303
   9   28    0.151359   0.981794   16.145281  39.483430
   9   29    0.026912   0.962716    8.097471  14.937922
  10    0    2.901786   1.007967   32.251261  15.104603
  10    1    2.877821   1.098263   11.800602  35.582752
  10    2    2.716616   1.083469   22.857155  39.523420
  10    3    2.694915   1.008027    9.630440  16.651573
  10    4    2.566077   1.093670    7.065336  14.049637
  10    5    2.407990   1.015404   17.048685  10.490232
  10    6    2.313356   1.005545    7.707567  30.713541
  10    7    2.284073   1.084485   33.891290  33.555313
  10    8    2.124972   1.067459   32.571403  21.565172
  10    9    2.077027   1.075777   32.148064  36.157016
  10   10    1.930672   1.075978    2.681070  40.974214
  10   11    1.896505   1.038679   38.658704  39.727263
  10   12    1.774629   1.003369   11.491465  39.090975
  10   13    1.632541   1.029143   40.509666  11.277318
  10   14    1.512936   1.022923    4.517992   6.699153
  10   15    1.421154   1.054736   27.205367   9.904551
  10   16    1.372421   1.078288    5.838991  10.011424
  10   17    1.282383   1.078712   21.226273  21.653278
  10   18    1.192755   1.017752   26.071590   8.529180
  10   19    1.004997   1.059719   37.375461  16.729909
  10   20    0.927634   1.054704    5.835888  19.908080
  10   21    0.891904   1.064414   31.354366  37.017975
  10   22    0.781492   1.021473   19.386397   2.841363
  10   23    0.616880   1.066518    9.297409  32.033901
  10   24    0.505772   1.055347    5.003788  12.293214
  10   25    0.476761   1.037764   12.534339  27.909693
  10   26    0.373202   1.092747   21.904006  20.984748
  10   27    0.253578   1.043668   25.638125  36.684056
  10   28    0.189842   1.050390   17.835897  16.855544
  10   29    0.028391   1.080251   20.855341  12.128723
  11    0    2.992853   1.140716    7.202556  18.293910
  11    1    2.812696   1.126555   28.305016  13.532140
  11    2    2.716977   1.102948    6.455665  17.249427
  11    3    2.684242   1.142229   28.871005  30.307921
  11    4    2.594690   1.130842   11.676145   4.911598
  11    5    2.432023   1.109469    5.501993   7.990824
  11    6    2.383751   1.143553   12.668520  35.458756
  11    7    2.229893   1.104235   18.672299  20.128299
  11    8    2.191595   1.176948   38.560447  20.451700
  11    9    2.069937   1.182944   13.045728  10.770994
  11   10    1.988549   1.169326    1.812923  19.766819
  11   11    1.895159   1.187723   14.923757   8.710872
  11   12    1.771303   1.177687   10.710763   4.533805
  11   13    1.676486   1.105851    3.848424  27.310962
  11   14    1.554353   1.188530   14.816979  13.363359
  11   15    1.481288   1.167124   36.769342  12.716033
  11   16    1.330347   1.180619   13.538768  25.220582
  11   17    1.279740   1.126687    9.473328  28.428814
  11   18    1.150297   1.156230   34.866879  10.620099
  11   19    1.031377   1.160231   37.514184   5.681696
  11   20    0.931568   1.182116   39.514192  17.389248
  11   21    0.887030   1.193522   27.669259   6.729157
  11   22    0.705359   1.171740   25.093393  38.065966
  11   23    0.631090   1.198818   30.988449   2.131460
  11   24    0.566074   1.196289   15.637704  33.068371
  11   25    0.475686   1.117048   19.790384  13.295510
  11   26    0.382544   1.133581    3.682692   7.093275
  11   27    0.201813   1.106484   13.499589  37.984035
  11   28    0.175488   1.151144   25.291226  15.771250
  11   29    0.022879   1.176191   32.007497  19.199589
  12    0    2.956915   1.272636   32.817732  15.426122
  12    1    2.823333   1.235648   20.279215  36.795196
  12    2    2.765352   1.295166    5.871947  40.857127
  12    3    2.699178   1.280737   24.217055  16.358734
  12    4    2.515837   1.209217    7.856448  24.382234
  12    5    2.498177   1.240663   25.330854   1.363507
  12    6    2.315553   1.222541   13.616270  13.951487
  12    7    2.225425   1.230417   40.554216  22.272738
  12    8    2.174793   1.204741   23.153025   8.959518
  12    9    2.044685   1.288997    3.584834  20.231053
  12   10    1.968616   1.250214   37.019961  29.456680
  12   11    1.867554   1.234923    5.416134  23.171310
  12   12    1.777126   1.203715   20.928482   7.778584
  12   13    1.680963   1.237433    4.266546  28.610459
  12   14    1.551736   1.204984   30.260727   1.184135
  12   15    1.418945   1.284285   38.901751  20.103441
  12   16    1.321075   1.286750   39.596815  29.912452
  12   17    1.236798   1.225244   14.384337  33.269410
  12   18    1.163404   1.203848    8.029499  27.139400
  12   19    1.094932   1.284078   35.574351  32.499913
  12   20    0.932448   1.280283   27.952968  25.634741
  12   21    0.805660   1.261300    1.243282  40.903956
  12   22    0.730478   1.235786   13.176644  40.491268
  12   23    0.639074   1.294912   20.453113   3.740198
  12   24    0.576317   1.293725    1.628861  18.117544
  12   25    0.423893   1.207043   12.891082  19.531829
  12   26    0.316580   1.278201   18.579376  28.756230
  12   27    0.215793   1.240644    6.139919   3.255007
  12   28    0.176072   1.279741    8.223741  23.110270
  12   29    0.039208   1.282307   25.402341  32.437029
  13    0    2.937650   1.306206   34.636605  33.229514
  13    1    2.838998   1.374782    4.987667   9.695730
  13    2    2.783199   1.338353   17.515094  33.630695
  13    3    2.605583   1.345920   35.907482  14.196930
  13    4    2.515541   1.377972   23.797479  30.693956
  13    5    2.461295   1.319529   20.216335   9.702022
  13    6    2.316151   1.310575   23.156380  36.699465
  13    7    2.216685   1.328045   30.272522  28.323163
  13    8    2.175502   1.304333   33.529869   9.437950
  13    9    2.023391   1.316908    9.883054  36.798784
  13   10    1.961657   1.332293   12.267826  39.149306
  13   11    1.864920   1.316212   24.335999  16.047504
  13   12    1.768409   1.335853    9.135040   1.613735
  13   13    1.638321   1.356440   27.612428  24.953786
  13   14    1.506841   1.344068   29.326541   9.540196
  13   15    1.488223   1.322001   27.609258  15.784047
  13   16    1.373603   1.325555   37.814769   3.967256
  13   17    1.260076   1.368817   33.993364   1.327190
  13   18    1.145502   1.377598   10.762199  13.211736
  13   19    1.041689   1.380320   28.346378   2.798885
  13   20    0.913207   1.350528   25.397151   8.970868
  13   21    0.861268   1.300027    2.548655  32.744208
  13   22    0.776916   1.364510   36.664532  27.503990
  13   23    0.606169   1.358233   28.889975  28.618567
  13   24    0.583756   1.300594   17.127350  18.390113
  13   25    0.419431   1.305376   34.183563  30.422168
  13   26    0.390523   1.338212   16.008895  14.178017
  13   27    0.220926   1.375299   10.199131  29.708571
  13   28    0.186024   1.367260   23.929534   1.315830
  13   29    0.086561   1.327874    4.019657   7.483209
  14    0    2.904857   1.424489   31.806145  36.067374
  14    1    2.802471   1.462366   34.465706   4.953049
  14    2    2.708899   1.491136   25.546263   8.692855
  14    3    2.691522   1.450430   34.520161  33.783886
  14    4    2.504073   1.441552   22.583088  14.991815
  14    5    2.486678   1.410775   24.725276  31.467089
  14    6    2.398155   1.451047   31.961556  26.376540
  14    7    2.299906   1.436304   18.813048  22.592904
  14    8    2.190437   1.455255    6.599738  17.964458
  14    9    2.006301   1.488930   10.368951  38.272751
  14   10    1.915998   1.403021   14.513908  38.748368
  14   11    1.830974   1.497283   28.118142  13.648263
  14   12    1.746139   1.460159   25.209651   8.723646
  14   13    1.690990   1.428186   37.462322  27.370117
  14   14    1.572233   1.402364    8.105496  24.921889
  14   15    1.406279   1.454019    7.184474  27.125032
  14   16    1.372780   1.482169   31.769563  11.620778
  14   17    1.251918   1.405009   32.777788   1.734613
  14   18    1.182915   1.467027   15.913825  19.570244
  14   19    1.079577   1.477995   11.644136  13.045030
  14   20    0.951902   1.423435    2.504610   4.895337
  14   21    0.888137   1.471356   40.446507  29.771852
  14   22    0.787345   1.465472   38.012067  20.406516
  14   23    0.672648   1.429565   11.188903  30.659641
  14   24    0.544912   1.495221   35.735347  30.368380
  14   25    0.426757   1.410234   20.136235   5.761245
  14   26    0.329267   1.437221   35.304340  14.348174
  14   27    0.216621   1.431517   12.475840   2.337033
  14   28    0.125770   1.409454   15.872850  16.585736
  14   29    0.084076   1.418394    5.661282  35.819630
  15    0    2.983128   1.579320   10.182179   4.396832
  15    1    2.873427   1.542629   25.668180  36.485015
  15    2    2.714789   1.524636   28.588121  22.442158
  15    3    2.609754   1.543095   32.930860  28.916175
  15    4    2.581263   1.556894   35.308452   9.264606
  15    5    2.486973   1.520647    8.517695   4.040792
  15    6    2.356909   1.566853    3.562068  18.317682
  15    7    2.251146   1.524922   16.142049   2.469795
  15    8    2.172854   1.521013   31.934959  17.778295
  15    9    2.088666   1.589160   11.894824  23.058862
  15   10    1.962817   1.571550   31.222300  11.757445
  15   11    1.849913   1.523579    1.123646  22.060342
  15   12    1.720534   1.542069   29.159982  10.092643
  15   13    1.656880   1.547815   40.672808  35.928307
  15   14    1.506249   1.516801    9.872982  14.726211
  15   15    1.457996   1.528632   34.737146  24.784816
  15   16    1.315492   1.591862    5.532018   7.743938
  15   17    1.204980   1.590321   33.872075  33.750737
  15   18    1.145854   1.543768    9.624016  39.468849
  15   19    1.035098   1.582147   19.241097  25.789840
  15   20    0.966936   1.532598   24.405961   4.575190
  15   21    0.847517   1.519704   17.971129  12.410114
  15   22    0.714973   1.585043   29.525782  40.008023
  15   23    0.664744   1.565172   10.525085  17.511660
  15   24    0.596769   1.596015   24.457968  40.564142
  15   25    0.469202   1.575264   17.290195  34.865733
  15   26    0.397689   1.546600   34.315695   6.310339
  15   27    0.201063   1.525028   29.119602   1.154911
  15   28    0.145352   1.560822   36.765274  10.585360
  15   29    0.096258   1.510685   35.353868  24.199592
  16    0    2.984503   1.614028    7.182836  28.152194
  16    1    2.833378   1.645353   22.888037  39.941408
  16    2    2.769197   1.661663    9.857190  10.137662
  16    3    2.644780   1.687745   31.139015   1.949406
  16    4    2.576018   1.678777    4.956887  35.716587
  16    5    2.430720   1.685848   30.307049  33.660194
  16    6    2.386463   1.687818   34.143552  30.068120
  16    7    2.295688   1.675096   24.114178  16.258520
  16    8    2.177954   1.605107   12.127647  13.952136
  16    9    2.003386   1.643696    3.241569   4.050125
  16   10    1.901099   1.654823    7.126852  22.323903
  16   11    1.820904   1.666550   31.976737  14.373959
  16   12    1.705895   1.683438   40.101349  17.725552
  16   13    1.693633   1.613583   38.120681  10.546211
  16   14    1.511513   1.657229   30.804317   8.763193
  16   15    1.460349   1.658334   34.994071   4.023883
  16   16    1.393085   1.640820    8.100057   4.798816
  16   17    1.282626   1.648297   14.420630  25.920980
  16   18    1.184610   1.635701    2.666176  35.056444
  16   19    1.024370   1.649764   10.854978  18.205674
  16   20    0.969671   1.604205   32.110371  33.662320
  16   21    0.875755   1.646841    9.361211  31.352118
  16   22    0.751059   1.616656   31.696371  21.709209
  16   23    0.671218   1.656789   13.937596   7.915929
  16   24    0.556726   1.637250   38.287702  23.255211
  16   25    0.403418   1.622025   27.721787  40.447615
  16   26    0.352669   1.607638   40.781956  14.237814
  16   27    0.284172   1.652863    2.900075  37.353591
  16   28    0.193418   1.696326   27.222360   1.604192
  16   29    0.049393   1.624478   35.683183  11.759697
  17    0    2.947698   1.756649    6.937442  24.529104
  17    1    2.847924   1.776595   10.500261   6.127476
  17    2    2.790695   1.776462    5.473715  20.412030
  17    3    2.693890   1.725048   17.601713  19.318763
  17    4    2.554991   1.708622   20.750326  25.415520
  17    5    2.498838   1.770629   19.550627  12.999445
  17    6    2.379831   1.742906   10.778668   2.627021
  17    7    2.233414   1.782530   24.621582  20.718599
  17    8    2.192783   1.717255   36.454072  30.496770
  17    9    2.098690   1.741214   38.914709   5.694469
  17   10    1.999198   1.769020   27.340687  40.024667
  17   11    1.814535   1.748684   34.031921  12.284116
  17   12    1.743027   1.795390   34.034774   1.239318
  17   13    1.656493   1.752902    3.451299  11.308843
  17   14    1.537627   1.726208   37.605671  27.832799
  17   15    1.493676   1.787486    8.274695  10.852841
  17   16    1.347126   1.712161    4.777766  13.384960
  17   17    1.298023   1.797849   11.812639  11.847785
  17   18    1.127712   1.796577   26.930865  13.431422
  17   19    1.010027   1.710583   32.509750  31.701448
  17   20    0.913902   1.770101   21.660417   4.699740
  17   21    0.857657   1.704153   26.002870  19.423695
  17   22    0.757416   1.704038    7.553103   6.158499
  17   23    0.633704   1.755880   19.643226   2.148545
  17   24    0.595682   1.720408   25.997379  36.094432
  17   25    0.442124   1.772686    6.602983  35.646291
  17   26    0.343350   1.784549   18.262611   5.252960
  17   27    0.226248   1.761238    1.725607  40.364983
  17   28    0.163346   1.799592   11.744511   8.147871
  17   29    0.090784   1.756889   27.568528  29.735901
  18    0    2.984062   1.841202   26.188631  12.966157
  18    1    2.825590   1.810215   36.625651  18.922938
  18    2    2.786214   1.895680   18.867761  25.064353
  18    3    2.632044   1.824956    4.506325  39.891149
  18    4    2.586719   1.854861   27.103107   9.873026
  18    5    2.442569   1.851821    8.886444  22.615011
  18    6    2.397603   1.877207   37.183223   8.096373
  18    7    2.210523   1.868886   40.336424  32.442277
  18    8    2.135527   1.846048   10.648690  39.414214
  18    9    2.031138   1.821218   13.669836  40.074593
  18   10    1.901950   1.843177   12.074649  10.463948
  18   11    1.834566   1.849838    2.245580   3.321375
  18   12    1.745252   1.808783   26.897309  38.700404
  18   13    1.669349   1.813348   22.695504  38.728759
  18   14    1.554326   1.877209   33.494645  15.801762
  18   15    1.468728   1.894249   33.838468  16.380740
  18   16    1.318203   1.862083   40.645558  22.610103
  18   17    1.263233   1.886413   21.080895  22.614923
  18   18    1.118221   1.814066   39.655811  12.165403
  18   19    1.070830   1.880176   36.392916   3.090645
  18   20    0.998032   1.889825   29.853152  38.212134
  18   21    0.860684   1.897176   13.988299   2.592514
  18   22    0.782457   1.851768   16.818068  23.627928
  18   23    0.648193   1.878297    3.125379  38.147738
  18   24    0.588721   1.864665   34.630691  36.544087
  18   25    0.437454   1.895035   31.985299  18.480926
  18   26    0.393079   1.867502    6.578436  31.498011
  18   27    0.282680   1.837040   20.372926  15.525350
  18   28    0.182097   1.876729   33.183006  18.777973
  18   29    0.092375   1.826820   34.024852   2.654984
  19    0    2.931093   1.920522    2.069491   7.190919
  19    1    2.849121   1.926285   39.597981  19.496933
  19    2    2.712253   1.912777   11.114301  23.804345
  19    3    2.663910   1.929263   16.951244   4.629179
  19    4    2.541906   1.950241   24.472778   8.783577
  19    5    2.426762   1.979098   14.122056  15.163904
  19    6    2.330227   1.956529   40.501381  14.266110
  19    7    2.255144   1.911107   10.438181  26.161925
  19    8    2.197331   1.902730    1.253397  23.284959
  19    9    2.078332   1.995943    4.494756  13.019130
  19   10    1.967291   1.905881   35.141184   8.073314
  19   11    1.829326   1.951786    6.265255   6.411083
  19   12    1.746007   1.943816   37.522050   6.653065
  19   13    1.646338   1.900830   26.404273  32.077301
  19   14    1.530224   1.927690   18.378883  12.430124
  19   15    1.413074   1.968653   40.839036  26.672006
  19   16    1.383107   1.941986    1.930763  23.589727
  19   17    1.291203   1.963852   25.035640  36.103462
  19   18    1.146914   1.995845   29.922804   7.405272
  19   19    1.019346   1.929691   19.865052  14.229354
  19   20    0.945180   1.929302   38.508563  39.144500
  19   21    0.870849   1.929562    9.782993  27.470922
  19   22    0.755665   1.983326    8.052414  36.077202
  19   23    0.677290   1.913669    4.076885  34.853928
  19   24    0.511003   1.973525   25.843334   4.158882
  19   25    0.436343   1.915645   33.222074  13.179821
  19   26    0.306542   1.903949   33.625620  28.285179
  19   27    0.231084   1.944690    4.928659  33.475772
  19   28    0.164279   1.919656   15.016123   6.582118
  19   29    0.093207   1.971335   28.249255   7.567587
  20    0    2.918149   2.024500   12.291635  35.017600
  20    1    2.844870   2.053095   29.157149  12.564796
  20    2    2.749061   2.084097    7.694135  30.689836
  20    3    2.653003   2.010035    7.293301   6.242537
  20    4    2.508165   2.092973    1.315666  40.468764
  20    5    2.425901   2.039662    1.119768   7.750170
  20    6    2.323755   2.009632    5.788669  36.236766
  20    7    2.274816   2.055591   17.506143  35.771870
  20    8    2.191022   2.053595   37.421664   8.795354
  20    9    2.052994   2.045063    1.814691  30.209735
  20   10    1.994558   2.014430   34.084244  39.574785
  20   11    1.871217   2.066670   15.838912  33.655311
  20   12    1.711069   2.044362   12.059386  32.603865
  20   13    1.672422   2.051532   33.489347  35.360683
  20   14    1.584189   2.093280    7.245170   8.767553
  20   15    1.428341   2.028700   37.909461   3.115647
  20   16    1.354591   2.097769   30.502036  20.200248
  20   17    1.298326   2.068689    8.743551  27.382761
  20   18    1.166784   2.054257    2.605805  34.732976
  20   19    1.064680   2.027823    4.567654  17.237400
  20   20    0.959036   2.090462   21.180707   8.633011
  20   21    0.829784   2.080479   33.033504  19.105239
  20   22    0.774799   2.099016   30.150763  10.444751
  20   23    0.628195   2.046309   40.064655  16.984909
  20   24    0.512817   2.012483   11.661905  39.561020
  20   25    0.471627   2.055188   19.482933  16.788899
  20   26    0.358792   2.079934    1.091299  20.224242
  20   27    0.206363   2.043900   25.732469  37.631043
  20   28    0.114034   2.051846   17.674374  24.977266
  20   29    0.021119   2.045464    4.907597   9.334301
  21    0    2.955940   2.192278    6.444150  11.153943
  21    1    2.898772   2.114515    3.079989  28.127817
  21    2    2.731498   2.115115   21.591501  39.819831
  21    3    2.657610   2.130326   25.959438  31.447554
  21    4    2.598143   2.184631   27.019059   8.643768
  21    5    2.476858   2.132787   10.211797  37.950146
  21    6    2.386390   2.129710    6.775528   8.501316
  21    7    2.247271   2.176092   24.296595  20.294870
  21    8    2.165587   2.195753    6.221239  28.181427
  21    9    2.030412   2.129875   25.475967  35.944004
  21   10    1.947935   2.198640   24.189834   2.387975
  21   11    1.850020   2.118190   19.685556  35.177128
  21   12    1.766620   2.151098   27.075037   5.298126
  21   13    1.675457   2.163013   22.247126  35.710214
  21   14    1.511444   2.103349   37.685535  15.259804
  21   15    1.490750   2.190803   39.941690  19.755717
  21   16    1.399795   2.177185   24.875033  35.780862
  21   17    1.273097   2.168236   28.751011  12.055141
  21   18    1.102077   2.175405   24.368648  13.782841
  21   19    1.031959   2.156296   26.614398  16.360889
  21   20    0.928945   2.117017   36.870828  28.162539
  21   21    0.883970   2.110753   16.836789  23.039529
  21   22    0.722696   2.182710   16.454071  30.024918
  21   23    0.659916   2.111389   25.323159  31.913888
  21   24    0.577154   2.154767   40.391780  40.521172
  21   25    0.457884   2.172401   13.603377   2.156733
  21   26    0.339160   2.100961   21.012630  33.046127
  21   27    0.271434   2.172016   19.650684   4.994093
  21   28    0.120468   2.182922   40.817927  23.619419
  21   29    0.033274   2.140652   39.786014  15.171588
  22    0    2.971427   2.266027    4.017446   6.595234
  22    1    2.823402   2.263836   17.499473  13.582440
  22    2    2.737224   2.270096   40.803357  22.415697
  22    3    2.696071   2.288614    8.809338  26.151184
  22    4    2.533820   2.227994   15.095862  29.943306
  22    5    2.482148   2.270339    8.817979  33.012351
  22    6    2.343843   2.212706   12.158257  17.978132
  22    7    2.222597   2.260480   10.413220  27.218777
  22    8    2.142811   2.252530   19.393189   8.885797
  22    9    2.084769   2.215503   23.602663   3.659442
  22   10    1.922950   2.278725    1.795920   1.832587
  22   11    1.806100   2.201883   12.757599  36.562100
  22   12    1.785698   2.240319   12.954523  33.944333
  22   13    1.699521   2.282960    9.082178  17.901247
  22   14    1.524687   2.276703   33.150930   4.776028
  22   15    1.441534   2.299611   26.912570  39.227310
  22   16    1.318511   2.260233    8.030873  32.799464
  22   17    1.247392   2.298618   14.989925   5.878213
  22   18    1.197066   2.208277   34.474794  12.186462
  22   19    1.018192   2.220122   27.639978  35.229845
  22   20    0.936529   2.216962    4.715854  33.985612
  22   21    0.821948   2.228694   25.831245  29.587211
  22   22    0.776231   2.287346   35.415266  27.860718
  22   23    0.644805   2.261335   14.372767   9.513405
  22   24    0.535754   2.298804   35.319201   8.879488
  22   25    0.419588   2.270111   29.051485  24.838820
  22   26    0.342486   2.234147    3.285611  38.411303
  22   27    0.206717   2.257127    6.298327   8.288349
  22   28    0.158707   2.276311   17.883350  29.013207
  22   29    0.067289   2.235219   38.011198  40.609632
  23    0    2.922945   2.377405   20.430061  40.253594
  23    1    2.829738   2.398999   15.452104  36.280719
  23    2    2.792899   2.347505    5.249331   5.743361
  23    3    2.609974   2.357772   38.674713  35.320821
  23    4    2.596671   2.322779   34.091710  21.214609
  23    5    2.400297   2.364377   11.727704  19.423166
  23    6    2.365347   2.350354   26.078227   9.307306
  23    7    2.294596   2.372150   38.918345  19.574236
  23    8    2.133154   2.370804   20.189106  38.794612
  23    9    2.066491   2.365969   23.709762   7.519027
  23   10    1.951483   2.388221    4.234459  14.297897
  23   11    1.863057   2.342736    9.364477  24.877260
  23   12    1.769991   2.392521   12.407777  27.112796
  23   13    1.619647   2.361668    9.235801   1.410778
  23   14    1.591822   2.338988   12.937120   8.587935
  23   15    1.441070   2.345439   34.647771  27.887695
  23   16    1.310636   2.396015   18.012953  14.568308
  23   17    1.231009   2.389427   19.593359  39.184156
  23   18    1.184750   2.343555   10.085647  12.735571
  23   19    1.085063   2.328294    4.019761   9.709908
  23   20    0.998061   2.342054   11.789733   4.247843
  23   21    0.893147   2.316569   31.258612  25.939152
  23   22    0.798785   2.394414   11.166040   6.901916
  23   23    0.624257   2.303100   20.198072  19.773503
  23   24    0.595205   2.392031    9.516933  19.111082
  23   25    0.490715   2.317992   29.082750   1.659166
  23   26    0.322673   2.370013   26.143907  12.312108
  23   27    0.209998   2.345043   35.366523   3.825761
  23   28    0.178066   2.396413   32.380884  23.985200
  23   29    0.000149   2.322707   14.832363  31.709548
  24    0    2.946684   2.485600   16.750578  24.291087
  24    1    2.859479   2.402269   33.232347   5.569096
  24    2    2.722280   2.456913   23.735421   6.399718
  24    3    2.692932   2.493174   24.990075  34.496782
  24    4    2.543452   2.456258   20.568526  23.905322
  24    5    2.455944   2.442348    6.046808   1.474784
  24    6    2.339075   2.420565   29.614307  28.292930
  24    7    2.292020   2.426885   11.721683  30.819574
  24    8    2.191747   2.492830   38.322364  25.241758
  24    9    2.042492   2.487587   25.495428  38.304214
  24   10    1.991432   2.488924    4.402358  30.621163
  24   11    1.806046   2.494649   10.916056  29.443073
  24   12    1.761498   2.476444   10.781649   5.355201
  24   13    1.621588   2.416146   36.364107  32.868901
  24   14    1.596330   2.450585   13.071499  22.902118
  24   15    1.440916   2.455025   31.204027  13.427496
  24   16    1.353467   2.482329   21.681765  13.915429
  24   17    1.247386   2.430912   11.887368   3.560527
  24   18    1.193925   2.470231   11.388018  19.723549
  24   19    1.063394   2.409369   27.862550  21.742388
  24   20    0.961904   2.448636   33.069109   9.585247
  24   21    0.872987   2.423071   39.684973  33.182244
  24   22    0.739527   2.492399   35.497263  16.248515
  24   23    0.666297   2.486936   15.510351  10.697789
  24   24    0.503558   2.410966   29.476849  20.160752
  24   25    0.489719   2.482359   37.193181  32.612502
  24   26    0.349234   2.443191    2.292022  24.748471
  24   27    0.259899   2.474496   23.501343  29.723533
  24   28    0.131399   2.448296   17.337505  33.505061
  24   29    0.070570   2.430908    5.496875  24.832644
  25    0    2.905078   2.538106   11.970854   4.195439
  25    1    2.889167   2.529917    7.922035  16.027949
  25    2    2.726406   2.511031   16.038582  36.306739
  25    3    2.604876   2.582672   20.468823  38.849520
  25    4    2.500550   2.529216   14.192607   4.944510
  25    5    2.451424   2.544166    4.099203   2.667206
  25    6    2.335788   2.526854   27.027535  27.694186
  25    7    2.286366   2.555374   10.122316  33.044375
  25    8    2.182357   2.549883   29.233373  20.537929
  25    9    2.064056   2.541182   13.524059  24.556548
  25   10    1.900994   2.505102   17.372288   4.737232
  25   11    1.891680   2.586918   17.083434  37.479249
  25   12    1.719270   2.540213    5.552146   8.662011
  25   13    1.606875   2.530078    9.099177  16.954679
  25   14    1.593870   2.585359    4.183576   6.867190
  25   15    1.461475   2.533235   15.089193  34.692153
  25   16    1.303932   2.561463    5.171407  33.288142
  25   17    1.238736   2.549116   12.614424  10.952539
  25   18    1.154323   2.500973   16.305353  36.246612
  25   19    1.071215   2.549511   38.417819  28.512260
  25   20    0.968468   2.532599   18.278914  10.029107
  25   21    0.863031   2.565917    8.358139  20.497726
  25   22    0.797851   2.553201   39.679511   1.120007
  25   23    0.653768   2.581739   33.157403  40.426372
  25   24    0.569780   2.547196   38.456922  26.742005
  25   25    0.491662   2.523358   26.769826  25.485813
  25   26    0.336306   2.516676   22.791177  39.176762
  25   27    0.210906   2.520569    9.219185  23.027898
  25   28    0.175357   2.553906   39.945104  21.408994
  25   29    0.032104   2.545601   22.040590  25.449807
  26    0    2.930231   2.621919   28.600811  27.957523
  26    1    2.825828   2.694386    2.001713  10.079606
  26    2    2.755490   2.608680   28.343406   9.327117
  26    3    2.697162   2.643716   17.567584  28.379008
  26    4    2.566155   2.685571   29.369384  19.335281
  26    5    2.463815   2.603592    2.612134  32.721399
  26    6    2.362728   2.631950   26.161098  21.638459
  26    7    2.212046   2.685352    3.168707   9.198502
  26    8    2.127181   2.684081   10.782865  25.102415
  26    9    2.023115   2.623023   25.550864  21.354349
  26   10    1.954444   2.628981   24.618263   7.231893
  26   11    1.868351   2.617900   37.963808   2.440563
  26   12    1.700248   2.691518   21.782275  30.694945
  26   13    1.673182   2.624474   12.765889   2.732262
  26   14    1.589376   2.656587   23.105980  40.047649
  26   15    1.449578   2.659608   22.828641  23.639187
  26   16    1.338405   2.627246   16.505561   4.085237
  26   17    1.292372   2.696267    2.982936  31.792007
  26   18    1.103985   2.644423    7.711451  23.815972
  26   19    1.027781   2.698099   16.327827   3.979027
  26   20    0.971481   2.684128   24.747531  36.874422
  26   21    0.892198   2.661837    5.217788  27.753866
  26   22    0.749514   2.604047   10.214309  16.261105
  26   23    0.605962   2.660749   18.033067  12.729971
  26   24    0.533483   2.633002   37.344114   4.615763
  26   25    0.490270   2.624258   25.376960  14.023150
  26   26    0.345576   2.683960   38.960381  24.801864
  26   27    0.255827   2.646370   33.132860  11.998614
  26   28    0.150106   2.624090    2.887172  23.400235
  26   29    0.069011   2.688700   24.853018  31.424340
  27    0    2.981167   2.753837    3.019132  15.780032
  27    1    2.875499   2.732659    2.239980  38.327874
  27    2    2.704699   2.731083   22.176148  29.735566
  27    3    2.632275   2.739736   40.020774   4.298996
  27    4    2.568931   2.726123    1.031055   9.247849
  27    5    2.466809   2.798864   30.302943  35.676008
  27    6    2.376050   2.708574   36.812759  20.749973
  27    7    2.246964   2.775473   21.540601   8.998683
  27    8    2.133553   2.748237   36.151253  21.345823
  27    9    2.006772   2.728116   38.527747  14.306261
  27   10    1.916356   2.758563   38.345025  21.751867
  27   11    1.831760   2.725452    2.375142   4.304165
  27   12    1.790141   2.723549   28.495459  26.302131
  27   13    1.662846   2.778882   13.216100  20.118424
  27   14    1.512724   2.726722   34.366849  18.176755
  27   15    1.430077   2.704274   13.425631  13.302129
  27   16    1.343443   2.744361    6.494752  40.084841
  27   17    1.276612   2.740003   35.426407   8.953523
  27   18    1.150576   2.774133   17.979425  18.952612
  27   19    1.079348   2.777901   15.694109  36.250665
  27   20    0.913777   2.745082    8.565208  37.738234
  27   21    0.815442   2.708749    5.363766  10.402912
  27   22    0.772309   2.795202   37.020704  28.314943
  27   23    0.663751   2.744586    7.877758  23.964773
  27   24    0.570514   2.708801   36.498751  26.434437
  27   25    0.466809   2.756362   25.405213  15.653007
  27   26    0.399575   2.777445   29.469178  33.102818
  27   27    0.212487   2.757389   38.301616  11.253141
  27   28    0.128987   2.785464   11.981436   6.271657
  27   29    0.024812   2.770529   15.666467  33.896913
  28    0    2.962532   2.823855   21.428240   2.567104
  28    1    2.880715   2.840228   20.095927  39.937435
  28    2    2.741681   2.804854   17.645433  40.850231
  28    3    2.693549   2.889255   26.016439  11.844200
  28    4    2.554437   2.883549   14.097341  27.722157
  28    5    2.425262   2.874422   18.524361  30.985367
  28    6    2.389563   2.892588   34.060941  29.657771
  28    7    2.206938   2.865558   38.445736  40.860067
  28    8    2.104927   2.861408   16.136237  17.272223
  28    9    2.062204   2.857669    9.369366  15.288779
  28   10    1.954411   2.822317   34.074307  24.294633
  28   11    1.839590   2.827475   23.695424   6.265159
  28   12    1.740361   2.802395    7.828530  17.143794
  28   13    1.668442   2.862429   37.280907  22.617992
  28   14    1.528005   2.862344   25.898574  20.570970
  28   15    1.458360   2.822809   26.052292   3.327269
  28   16    1.374573   2.871274   33.450792  30.655169
  28   17    1.264371   2.845654   32.994817  18.283685
  28   18    1.189030   2.899866    6.362729   8.506621
  28   19    1.039168   2.863070   20.216872  14.476194
  28   20    0.948397   2.873421   28.253499  26.354477
  28   21    0.889759   2.886811   38.327047   7.037533
  28   22    0.753566   2.851031   35.725885  32.265073
  28   23    0.648707   2.806086   14.150461  32.272976
  28   24    0.511327   2.887427   36.460026  30.557403
  28   25    0.459937   2.856174   37.850026  33.742868
  28   26    0.380005   2.890019   15.462666  22.052767
  28   27    0.265648   2.841700    1.807400  22.664799
  28   28    0.113666   2.805216    6.689972  11.615872
  28   29    0.064422   2.840313    6.157414  20.346617
  29    0    2.984276   2.955357   40.426015  10.014973
  29    1    2.890951   2.970046   19.658851  13.056765
  29    2    2.752530   2.900352    1.213036  32.948944
  29    3    2.645069   2.976752   29.623478  28.683744
  29    4    2.596215   2.916661    6.793716  32.159510
  29    5    2.471892   2.986823   10.914338  39.731832
  29    6    2.390062   2.970264   25.439721   1.867155
  29    7    2.265868   2.974735   11.563344  28.645479
  29    8    2.162958   2.910012    7.204837  28.339537
  29    9    2.039407   2.915046   11.347279  19.150134
  29   10    1.937209   2.923077   14.055101  31.221580
  29   11    1.861500   2.924064   39.700385  21.242552
  29   12    1.780207   2.975167   14.492377  22.326684
  29   13    1.633379   2.947709   20.630780  17.658951
  29   14    1.571443   2.904759   40.201898  40.908843
  29   15    1.426744   2.918959   24.846983  16.094705
  29   16    1.307225   2.952817    5.418349  34.005758
  29   17    1.265460   2.990822   13.089936   4.144568
  29   18    1.131754   2.987282   24.119139  36.263335
  29   19    1.083875   2.948885   29.704921  12.877722
  29   20    0.996434   2.925083    5.817559  25.722290
  29   21    0.844048   2.921280   31.776877  20.157289
  29   22    0.709304   2.963507   27.642613  30.367890
  29   23    0.640124   2.933314   36.691653  26.259225
  29   24    0.543457   2.907459   28.556319  34.814154
  29   25    0.461028   2.998995   39.774822  32.040836
  29   26    0.327082   2.919488   30.973410  27.314175
  29   27    0.222342   2.902362   33.698707   3.854494
  29   28    0.138479   2.925406    5.712358  14.358525
  29   29    0.014879   2.997780   12.637390  19.597394
  30    0    2.976930   3.079904   18.120764  13.444020
  30    1    2.850961   3.050263   26.688461  16.733556
  30    2    2.774773   3.033796   26.382173  34.165419
  30    3    2.619764   3.044402    5.869410  25.819555
  30    4    2.557291   3.047320    7.425472  33.602977
  30    5    2.490364   3.013623   38.035551  32.010788
  30    6    2.345263   3.062419    1.522070  24.049056
  30    7    2.225210   3.080276   21.355488  22.220402
  30    8    2.130043   3.080983   33.570122  39.437315
  30    9    2.087775   3.051423   39.519160  27.048300
  30   10    1.932976   3.095742    7.229143  11.408322
  30   11    1.845985   3.085259   26.642577  14.292992
  30   12    1.789787   3.085850   17.482388   6.765740
  30   13    1.687778   3.028703   18.872431  14.804324
  30   14    1.576238   3.020130    7.868457  15.147544
  30   15    1.476784   3.027977   10.982799  21.630475
  30   16    1.313923   3.007555   30.537652  29.057055
  30   17    1.284573   3.030905   28.795262  39.857886
  30   18    1.164490   3.096736   30.452655   7.968862
  30   19    1.041337   3.032153   12.042775  17.238122
  30   20    0.936908   3.054021   29.467176  24.045046
  30   21    0.849081   3.060803   37.336732  14.640987
  30   22    0.795562   3.043262   31.680270   9.067422
  30   23    0.600536   3.073392   17.185704  40.568481
  30   24    0.567022   3.089413   28.378102  20.511805
  30   25    0.443004   3.094992    8.553398  35.409562
  30   26    0.300279   3.032782   29.038974  19.260661
  30   27    0.219204   3.045858   13.232452  28.810938
  30   28    0.139025   3.071144    4.291518   2.270776
  30   29    0.006952   3.001882   12.349733  27.484451
  31    0    2.915259   3.142846   37.380013  40.582916
  31    1    2.866109   3.163316   28.607888  40.966922
  31    2    2.771055   3.125625    2.604830  16.380750
  31    3    2.684747   3.148142   12.406930  19.293644
  31    4    2.559748   3.113067    2.370095  32.376620
  31    5    2.496834   3.183980   21.778731  39.242001
  31    6    2.369125   3.183477   38.884715  22.622070
  31    7    2.221009   3.145569   31.106344  34.747045
  31    8    2.147369   3.194374   12.226959  25.911327
  31    9    2.044109   3.173630   39.889142   2.286122
  31   10    1.997582   3.119898    3.396879  11.266289
  31   11    1.844139   3.115311   40.353811   3.475005
  31   12    1.738633   3.198165   39.144889  29.561820
  31   13    1.615217   3.146434    1.500331  34.813252
  31   14    1.508887   3.170883   24.778890   6.170541
  31   15    1.421801   3.171409   17.211092  18.461873
  31   16    1.315074   3.178538   31.816421   6.576551
  31   17    1.271090   3.147950   27.340407  28.131654
  31   18    1.101072   3.121024   39.262317  20.227867
  31   19    1.051028   3.150617   13.240700  40.605823
  31   20    0.930871   3.105812   30.456490  17.467667
  31   21    0.836685   3.169744   12.970741  36.116066
  31   22    0.746236   3.183559    1.850446  40.204741
  31   23    0.620033   3.140433   16.470355  39.736186
  31   24    0.572811   3.114548   25.735268  29.053857
  31   25    0.467277   3.110086   27.275076  21.153022
  31   26    0.308445   3.118405   25.857808   7.997067
  31   27    0.253870   3.182322   34.883317  11.619573
  31   28    0.134458   3.134260   13.025943  22.187296
  31   29    0.070250   3.120174   10.677645  34.590562
  32    0    2.944381   3.258853   27.217769  15.335868
  32    1    2.831024   3.252058   40.340850  40.485995
  32    2    2.785376   3.236027   23.373693  40.195910
  32    3    2.657021   3.200340   16.996541  26.223595
  32    4    2.555112   3.242650   19.964446  18.973944
  32    5    2.433055   3.244152   21.843061  26.606272
  32    6    2.391288   3.253210    2.592094  30.072224
  32    7    2.274681   3.235689   12.838593   7.346153
  32    8    2.132341   3.268151   19.295181  33.384732
  32    9    2.064405   3.212318    7.034372  28.451946
  32   10    1.916001   3.259477   19.893229  18.440049
  32   11    1.841991   3.285629   18.441993  21.901787
  32   12    1.717485   3.221258   38.619837   8.004618
  32   13    1.654467   3.242930   40.859867  18.968974
  32   14    1.510982   3.212327   17.457731  14.330244
  32   15    1.489309   3.266738   23.872929  30.263361
  32   16    1.366954   3.243846   37.003152   6.049969
  32   17    1.229042   3.263417   40.278775  25.496436
  32   18    1.173425   3.295337    2.351020  40.796811
  32   19    1.077096   3.293432    4.482470  20.173488
  32   20    0.991982   3.239373    3.406424  31.940107
  32   21    0.813279   3.212555   13.941320  32.861512
  32   22    0.728689   3.217323   32.191982  27.404579
  32   23    0.642569   3.265872    9.529960  29.376866
  32   24    0.516371   3.236387   14.134746  24.357503
  32   25    0.403207   3.224614   25.735212  39.181982
  32   26    0.367943   3.251609   35.980336  25.619708
  32   27    0.299148   3.219576   27.879158  14.475748
  32   28    0.170510   3.255623   29.896072  21.976418
  32   29    0.017986   3.204296   11.108012  23.907492
  33    0    2.946891   3.323631    1.488950  19.134285
  33    1    2.888276   3.376185   24.673386  30.539819
  33    2    2.715028   3.351401    8.878335  38.891257
  33    3    2.619966   3.394438    5.071622  37.630843
  33    4    2.526443   3.380060   30.627339  11.156248
  33    5    2.458250   3.359834   32.895935  36.001706
  33    6    2.362435   3.323028    2.250895  36.775881
  33    7    2.264670   3.363418   30.795161  33.200542
  33    8    2.111172   3.397649   14.182612  40.695895
  33    9    2.019637   3.368585   33.721967   7.369393
  33   10    1.940116   3.316897   28.496546  30.805119
  33   11    1.817818   3.364225   27.692463  27.665885
  33   12    1.716430   3.315016    7.344105  29.880218
  33   13    1.601928   3.315368    9.568176  18.286773
  33   14    1.513038   3.364999   12.980338  16.369744
  33   15    1.451494   3.342141    7.910463  34.585798
  33   16    1.369985   3.395560   37.417959  14.326326
  33   17    1.210995   3.377895    3.746452  27.473595
  33   18    1.159521   3.330545    9.161473  13.616152
  33   19    1.006559   3.392991   40.124701  16.232704
  33   20    0.929024   3.354715    5.137888  38.605200
  33   21    0.861994   3.321988   30.627797  10.076063
  33   22    0.768448   3.356400    7.854506  16.842002
  33   23    0.683440   3.398917   29.548211  35.222657
  33   24    0.568398   3.309739   30.978388   8.827024
  33   25    0.437307   3.387780   10.222749  36.959319
  33   26    0.301255   3.337037   10.946126   5.779059
  33   27    0.298380   3.393623   33.060043  35.102994
  33   28    0.170954   3.335255    7.876638   4.379355
  33   29    0.094137   3.353245   31.084556  36.473077
  34    0    2.937072   3.459704   15.973742  25.794494
  34    1    2.817276   3.434047   18.359653   9.428763
  34    2    2.725825   3.432731   11.769345  40.849368
  34    3    2.621361   3.414501   15.441353  23.221652
  34    4    2.594374   3.485524    7.972142  34.041895
  34    5    2.454205   3.480411   26.053430   8.859163
  34    6    2.315529   3.447112   31.350773   6.161442
  34    7    2.220260   3.447350   30.463601  28.369630
  34    8    2.197496   3.466213   24.994463  18.593232
  34    9    2.096755   3.411614   23.579602   5.805258
  34   10    1.947743   3.488808    8.458221  21.961319
  34   11    1.858722   3.439500   19.573016  16.014435
  34   12    1.731376   3.417131   13.713735  27.583030
  34   13    1.695259   3.427896   29.877766   6.160208
  34   14    1.562600   3.444234   30.491189  12.278099
  34   15    1.423542   3.407923   17.699269  40.157038
  34   16    1.302881   3.492366    1.511234  35.395997
  34   17    1.228055   3.417756   19.709301   7.643272
  34   18    1.121390   3.483109    6.270486  31.495319
  34   19    1.070414   3.440810    4.390673  26.802065
  34   20    0.902084   3.432550    1.457905  22.929362
  34   21    0.829871   3.491053    6.534908  14.288828
  34   22    0.757496   3.495720    6.743532  33.662363
  34   23    0.646238   3.428564   38.685137  15.718545
  34   24    0.531836   3.481119   36.595101  18.961170
  34   25    0.445448   3.405258   32.855531   6.611667
  34   26    0.345451   3.418350   21.942093  15.177446
  34   27    0.233339   3.473297    9.647616  26.392555
  34   28    0.149013   3.489711   39.920889  19.655780
  34   29    0.045513   3.436801    6.922903  16.979798
  35    0    2.918956   3.530071   15.598718  32.873448
  35    1    2.840215   3.591266   26.480317   2.703008
  35    2    2.735777   3.558408   36.488170  33.237825
  35    3    2.617205   3.574475   14.725974  29.726034
  35    4    2.543727   3.529118    8.828110   9.537809
  35    5    2.438426   3.547728    2.111914  20.851838
  35    6    2.394225   3.581532   24.020870  26.865877
  35    7    2.216071   3.536839   26.159470  35.529586
  35    8    2.126036   3.522024   14.279694   8.897771
  35    9    2.020218   3.588638   34.172007  35.079826
  35   10    1.932777   3.594686   18.454440   2.737065
  35   11    1.841735   3.540586    4.280824  19.598935
  35   12    1.712786   3.583746   12.167620  32.102200
  35   13    1.626517   3.558665   37.257093   5.699325
  35   14    1.587665   3.543750   20.806930  40.453910
  35   15    1.474354   3.571814   36.561743  33.187221
  35   16    1.314007   3.571961    9.584462  37.731228
  35   17    1.269873   3.519969   10.394290  23.975124
  35   18    1.197888   3.521539   31.786877  32.684607
  35   19    1.083963   3.537171   37.040649  27.971398
  35   20    0.953604   3.503755   34.504859  17.364996
  35   21    0.851989   3.511191   13.609057  18.384713
  35   22    0.726980   3.542820   10.544256  11.148019
  35   23    0.699833   3.596811   18.282252  22.826415
  35   24    0.529237   3.527894    5.885343   8.742715
  35   25    0.450426   3.511118   17.503181  36.789184
  35   26    0.399962   3.553385    3.970751   9.954626
  35   27    0.201932   3.506121   22.050501  22.525660
  35   28    0.137184   3.550885   31.266613  18.543310
  35   29    0.024107   3.596462   39.749258  29.046037
  36    0    2.998829   3.693905    2.955593  23.334684
  36    1    2.871617   3.618178    7.601162  37.898929
  36    2    2.793047   3.600036   13.284495  36.818907
  36    3    2.662214   3.608227   32.407930  24.595123
  36    4    2.534941   3.664242   12.003211  24.784838
  36    5    2.413650   3.623875    6.500277   6.979162
  36    6    2.354163   3.631701   16.495854  15.112388
  36    7    2.276110   3.666087   33.974128   9.548984
  36    8    2.191667   3.658937   28.618953  24.664442
  36    9    2.036663   3.631678   22.874755  26.669196
  36   10    1.924569   3.617941   15.925681  10.290286
  36   11    1.808869   3.695267   30.058566  17.818833
  36   12    1.705645   3.669581   38.869118  33.272839
  36   13    1.654166   3.613978    8.001333  34.459793
  36   14    1.598404   3.669773   18.741639  26.122261
  36   15    1.412041   3.655337   16.610744  40.807441
  36   16    1.330024   3.674755   25.521565   6.438846
  36   17    1.243221   3.671961    8.140175   9.730186
  36   18    1.172573   3.680231   40.462287  14.638409
  36   19    1.014261   3.685412    9.589697  10.200153
  36   20    0.998035   3.663258   35.173124  20.653695
  36   21    0.872881   3.695982   34.519343  14.162386
  36   22    0.734570   3.695439   27.105252  29.295648
  36   23    0.681297   3.605182   34.988758  38.385310
  36   24    0.580262   3.661324   40.770086  14.778683
  36   25    0.489511   3.623375   14.376404  40.800527
  36   26    0.306285   3.646890   24.681589  11.984440
  36   27    0.242170   3.636239   23.120562  31.035308
  36   28    0.103966   3.659519   25.928001   5.358777
  36   29    0.021093   3.620659   31.963410  11.286459
  37    0    2.999683   3.703145   27.442590  25.907100
  37    1    2.830926   3.733155   21.068569  36.379558
  37    2    2.777820   3.760035    7.457050  12.573431
  37    3    2.637636   3.742098   38.421508  30.802876
  37    4    2.515191   3.724148   26.285271  36.358923
  37    5    2.468698   3.738754   27.211326  25.700586
  37    6    2.340421   3.790083    2.499224  23.855850
  37    7    2.279780   3.741554   19.431430  20.255209
  37    8    2.188670   3.726362   28.722814  31.443408
  37    9    2.085649   3.703045    1.725746   9.584528
  37   10    1.925936   3.752075   36.683578  12.211975
  37   11    1.842731   3.739603   19.546115  15.223535
  37   12    1.767821   3.791934   31.826191   4.752805
  37   13    1.657410   3.730254   16.975630   4.457272
  37   14    1.515231   3.706312   19.705797  36.270412
  37   15    1.477611   3.772858   32.111701  31.215760
  37   16    1.373888   3.780081   19.543236  12.045248
  37   17    1.205626   3.743422    1.691703  13.937493
  37   18    1.115864   3.706881    4.738329  19.094573
  37   19    1.047346   3.777448   13.683156   4.753321
  37   20    0.979519   3.723915   25.801402   3.949717
  37   21    0.887214   3.781010   22.849393  39.537830
  37   22    0.789279   3.736448   38.077337  12.788279
  37   23    0.649198   3.783617   11.840783   9.820654
  37   24    0.508639   3.720890   34.800465  26.730085
  37   25    0.471947   3.764978   19.150622  25.245464
  37   26    0.318571   3.710673   15.432710   5.926062
  37   27    0.291055   3.723391    5.313852  39.209687
  37   28    0.139200   3.750103   19.901417  33.139494
  37   29    0.082970   3.704777   30.015853  10.513332
  38    0    2.985187   3.847933   11.267402  20.839427
  38    1    2.883576   3.878260   25.317614  10.290596
  38    2    2.764666   3.874620   32.517797  35.396318
  38    3    2.649861   3.826713   13.992628  16.193245
  38    4    2.597911   3.825061   37.592326  17.790325
  38    5    2.485316   3.818842   17.009946  24.740088
  38    6    2.345087   3.812053   22.415724  22.312953
  38    7    2.298840   3.843142   40.486876  37.942142
  38    8    2.192493   3.864810   38.623071  13.063077
  38    9    2.012925   3.813465   29.973868   1.758447
  38   10    1.953634   3.881581   40.828858  32.608689
  38   11    1.879743   3.800936    8.723211  11.632744
  38   12    1.795296   3.825733   17.704687  28.006006
  38   13    1.603548   3.807636   16.632195  14.306603
  38   14    1.599436   3.860626    7.794561  26.437918
  38   15    1.404367   3.873689   17.840495  25.299848
  38   16    1.319302   3.890197    2.910776  16.054032
  38   17    1.291516   3.801342    7.500565  27.894470
  38   18    1.182598   3.809369   35.117498   7.164923
  38   19    1.045790   3.887099    2.028900  22.153523
  38   20    0.935844   3.871220    7.723165   4.763467
  38   21    0.836455   3.876135    2.185100  31.451804
  38   22    0.712243   3.846339   26.366927  15.416495
  38   23    0.623290   3.891996   14.614718   9.190441
  38   24    0.540432   3.883842   33.198380  19.890270
  38   25    0.414905   3.848958    5.030937  39.812825
  38   26    0.393449   3.883248    5.313933  27.443638
  38   27    0.272453   3.824458   34.999189  35.934611
  38   28    0.106012   3.851737    8.027197   8.543007
  38   29    0.062578   3.854662    4.327899  17.345871
  39    0    2.963935   3.952292   34.214851  39.823599
  39    1    2.875095   3.917466   22.357570  17.838750
  39    2    2.792039   3.944755   12.893506  28.441774
  39    3    2.629347   3.984174   23.979535  22.259308
  39    4    2.536352   3.984119   33.347136  32.533489
  39    5    2.498604   3.953566   30.004711   8.877556
  39    6    2.352711   3.968112   25.538739  20.314319
  39    7    2.284083   3.930256   26.541797   1.114968
  39    8    2.177049   3.919667   23.203913  32.426726
  39    9    2.069299   3.972974    4.333392  17.864120
  39   10    1.962725   3.948920   32.938120  10.460626
  39   11    1.881454   3.917825   16.537591  33.080352
  39   12    1.727163   3.964065   40.753482  29.143571
  39   13    1.679439   3.976588   22.231656  33.020734
  39   14    1.553915   3.990774    6.994975  40.517208
  39   15    1.477782   3.920766   22.953457  33.450856
  39   16    1.346894   3.915816   31.170006  25.486983
  39   17    1.202467   3.988355   10.885396   9.335346
  39   18    1.131135   3.992081   10.159362  11.452346
  39   19    1.058085   3.992218    9.824632  15.973266
  39   20    0.938833   3.929462   26.441640  34.295068
  39   21    0.866114   3.966449    3.872453  23.234905
  39   22    0.710742   3.948843   27.377269  38.823552
  39   23    0.611393   3.960260   13.814735  23.501766
  39   24    0.581192   3.994915   12.262358   3.841357
  39   25    0.407966   3.977711   37.454458   9.106856
  39   26    0.300037   3.987610   10.776622   6.328473
  39   27    0.266470   3.965965   17.696339   6.517730
  39   28    0.176796   3.941688   14.613714  23.794157
  39   29    0.013110   3.974806   40.972688  22.200021
  40    0    2.911030   4.099277   33.496368  14.680513
  40    1    2.875028   4.045773   38.638665  19.044516
  40    2    2.798710   4.001203   27.442798  13.766249
  40    3    2.608453   4.040549    5.254168  22.436138
  40    4    2.576881   4.069456   19.064870  32.840408
  40    5    2.404565   4.085134   40.208659  31.488542
  40    6    2.388339   4.085395   12.842636  26.486154
  40    7    2.263343   4.088852    2.934281  23.663280
  40    8    2.114386   4.026110    2.733864  28.635004
  40    9    2.077919   4.095376    6.991697  29.937879
  40   10    1.936878   4.064803   15.141274  27.622241
  40   11    1.821092   4.036749    4.602130  22.882428
  40   12    1.750852   4.050160   11.174242  25.794502
  40   13    1.671651   4.090745   10.738166   1.449610
  40   14    1.555961   4.054365   40.305811  24.290914
  40   15    1.461001   4.086947    4.674907  13.978434
  40   16    1.308734   4.019762   16.939893  24.439398
  40   17    1.260379   4.067580   26.942181  14.857209
  40   18    1.118379   4.040108    2.067619  24.280127
  40   19    1.065518   4.085360   20.907511  40.486634
  40   20    0.916395   4.083962   34.105864  12.048392
  40   21    0.869154   4.012574   30.758672  16.629194
  40   22    0.724710   4.004943    6.175007  38.019487
  40   23    0.642116   4.043077   21.443673  11.926346
  40   24    0.588332   4.086432   31.487091  21.938493
  40   25    0.470997   4.092061   31.165107  11.310299
  40   26    0.326740   4.036761   14.179572  25.328185
  40   27    0.224519   4.037218    3.314838  18.232524
  40   28    0.193242   4.084982   29.843935   6.288589
  40   29    0.041710   4.099303   32.274090  26.076407
  41    0    2.913513   4.127048   18.162498  18.972013
  41    1    2.852871   4.130136   16.293040   6.816797
  41    2    2.703286   4.137565   39.480801  20.737722
  41    3    2.659062   4.161716   40.703088  28.934512
  41    4    2.540894   4.193201   27.807041  27.060706
  41    5    2.407466   4.171401   16.004047  16.789156
  41    6    2.392902   4.150469   24.644056  27.589317
  41    7    2.208462   4.134987    7.907543  20.098949
  41    8    2.160481   4.182766   21.223457   6.316875
  41    9    2.045645   4.172047   40.206996  14.871540
  41   10    1.930538   4.109398   11.125528  34.652622
  41   11    1.832233   4.136049    6.383599   6.075140
  41   12    1.778737   4.142792   20.932624   8.247764
  41   13    1.666470   4.165506   12.146786  27.534558
  41   14    1.581653   4.139147   23.477811  16.752601
  41   15    1.434588   4.191851   28.646727  15.982111
  41   16    1.352206   4.162510   26.414599  10.251098
  41   17    1.202787   4.194703    4.885481  33.888612
  41   18    1.116350   4.162584   28.247642  36.939540
  41   19    1.029430   4.105884    7.892461   9.645030
  41   20    0.999657   4.122531   24.628375  33.686248
  41   21    0.815277   4.189757   10.518958  13.860661
  41   22    0.790009   4.154620   29.633595  34.429604
  41   23    0.693066   4.169419   29.245523  16.989013
  41   24    0.587036   4.108774   29.909073  40.942000
  41   25    0.438126   4.125737   28.185063  36.187883
  41   26    0.340259   4.111897   33.974335  36.307601
  41   27    0.258968   4.169402   30.503577  18.265450
  41   28    0.116060   4.174331   34.648825  33.532132
  41   29    0.000893   4.174938   14.769523  40.759479
  42    0    2.918675   4.283870    9.473698  40.023213
  42    1    2.866671   4.269968   21.281855   4.642100
  42    2    2.722341   4.257453    2.167604  23.250093
  42    3    2.626217   4.293119   12.215857  19.837871
  42    4    2.550529   4.236012   17.568825  23.711918
  42    5    2.451925   4.269517   19.464922  28.688209
  42    6    2.363872   4.288887    3.180242  38.414002
  42    7    2.277948   4.204160   15.345546  32.690545
  42    8    2.190985   4.240823   22.347630  31.371882
  42    9    2.040214   4.260313   33.871806  24.285888
  42   10    1.955758   4.246743    7.265887  17.233234
  42   11    1.809323   4.272591   34.094702  18.163791
  42   12    1.721075   4.217362   14.421812   9.928055
  42   13    1.680740   4.242563   32.040775  25.499025
  42   14    1.582030   4.242113   10.746156  10.327834
  42   15    1.435794   4.278450   14.073496  19.729586
  42   16    1.301824   4.264998   15.661706   5.214717
  42   17    1.233002   4.269912    2.039974  23.930954
  42   18    1.190422   4.243626   32.378228   4.432021
  42   19    1.032122   4.233914    9.354586   7.536867
  42   20    0.979885   4.262079   21.199181  13.907741
  42   21    0.893049   4.228327   27.210208  34.102148
  42   22    0.750953   4.274165   38.269125   9.313014
  42   23    0.628332   4.206170   11.396797  11.998460
  42   24    0.513037   4.225235   25.104872  38.437810
  42   25    0.421547   4.275311   22.746089  26.379183
  42   26    0.334184   4.237924   27.417440  19.936449
  42   27    0.254161   4.235957    8.010315  13.444887
  42   28    0.158915   4.250006    6.145961  21.915834
  42   29    0.010752   4.291400   33.021823  36.986222
  43    0    2.940003   4.361034   39.288750  35.909619
  43    1    2.856582   4.366266   16.269621   2.376336
  43    2    2.745319   4.378499   40.030789  30.101835
  43    3    2.602499   4.320909   38.567870  14.630263
  43    4    2.582807   4.353937   14.830978  10.233807
  43    5    2.490038   4.320607    3.280442  34.844009
  43    6    2.315473   4.364790   34.546526  17.448530
  43    7    2.244322   4.303857   31.604734  13.271412
  43    8    2.113924   4.328727   12.335942   9.396940
  43    9    2.053979   4.395344   18.706944  37.492126
  43   10    1.916589   4.333758   33.996159   4.250879
  43   11    1.845815   4.326053    9.040137  30.569426
  43   12    1.737155   4.329658    9.553342  36.837831
  43   13    1.627316   4.355509   32.965439   6.791818
  43   14    1.575088   4.354058    9.341051  21.932831
  43   15    1.472335   4.339267   21.835809   1.537768
  43   16    1.348272   4.360015   13.463446  21.813256
  43   17    1.224408   4.348574   24.990840  16.998165
  43   18    1.176855   4.370950   20.455309  33.502534
  43   19    1.088167   4.328463   29.650174  26.936444
  43   20    0.904358   4.313564    9.114711   5.699102
  43   21    0.872176   4.375631   33.482120  21.361632
  43   22    0.745864   4.369662    6.898221   6.207252
  43   23    0.636250   4.328031   39.663151   5.934847
  43   24    0.503822   4.343769    8.932600   7.756860
  43   25    0.482973   4.384420   15.533030   1.125144
  43   26    0.389555   4.365018   33.611016   3.419233
  43   27    0.216583   4.313981   18.489341  12.575875
  43   28    0.132969   4.328990   33.905839  22.396694
  43   29    0.072802   4.373668    6.554314  26.838060
  44    0    2.954311   4.438008   27.944180  12.783790
  44    1    2.800412   4.424047   36.085840   5.572577
  44    2    2.709968   4.416865   28.056361   9.968339
  44    3    2.649501   4.423201    5.393684   6.518292
  44    4    2.509387   4.465027   14.421594  37.660838
  44    5    2.492316   4.482653   30.560932  30.968553
  44    6    2.332097   4.456072   37.599198  33.111083
  44    7    2.270503   4.489258   18.559792  25.193810
  44    8    2.152672   4.410463   23.647740  28.891133
  44    9    2.027292   4.432703   32.789913   7.193386
  44   10    1.907100   4.448678   36.198563  20.694090
  44   11    1.844777   4.429483   27.456466  30.354806
  44   12    1.706622   4.478359   21.764218   3.918477
  44   13    1.664956   4.401136   19.744288  32.044336
  44   14    1.524534   4.481281   27.726369  11.378289
  44   15    1.428564   4.447038   12.533438  27.847739
  44   16    1.347729   4.443837   16.861835  30.299123
  44   17    1.217966   4.450203   15.440605   1.125559
  44   18    1.197966   4.418144   27.929445  18.831106
  44   19    1.039515   4.468289   18.259837   2.742535
  44   20    0.987902   4.409989   28.754506  40.629636
  44   21    0.826773   4.491433   28.415159  17.276095
  44   22    0.783857   4.464523   16.411687  30.625278
  44   23    0.688838   4.493525   12.826675  29.704169
  44   24    0.501087   4.460948   18.521226  15.924470
  44   25    0.467820   4.464212   24.630834  40.517868
  44   26    0.358026   4.433403   40.337410  22.852993
  44   27    0.206067   4.485150   26.484600   7.399909
  44   28    0.163522   4.406831    4.222352   4.474491
  44   29    0.057289   4.405959   24.722316  38.054966
