   0    0    4.645008   0.078548    1.599126  19.017604
   0    1    4.568308   0.027666   28.260087  28.948716
   0    2    4.462711   0.059781   33.957212  33.806361
   0    3    4.355662   0.054177    1.868089   3.591937
   0    4    4.220832   0.091397   24.325914   8.601882
   0    5    4.180645   0.034624   19.815272  36.870035
   0    6    4.043561   0.036398   37.856228   4.364733
   0    7    3.913582   0.095726   30.863040  28.360918
   0    8    3.881503   0.041499    4.082998  39.713479
   0    9    3.738913   0.044782   25.883165  20.388671
   0   10    3.659825   0.008553   36.622187  30.636152
   0   11    3.520430   0.062526    1.409902  20.800153
   0   12    3.434674   0.011989   27.133336   4.294935
   0   13    3.318286   0.082345   24.752825  22.152317
   0   14    3.263431   0.040184   32.210512  30.357885
   0   15    3.153164   0.002045   30.134473  26.622976
   0   16    3.023178   0.004066    1.279168  34.111857
   0   17    2.927694   0.059944   25.355992   9.903087
   0   18    2.887414   0.087163   34.240344  32.681089
   0   19    2.726845   0.008376   29.783005  37.523922
   0   20    2.693670   0.007938    9.517748   8.996214
   0   21    2.527515   0.034575   16.983008  23.517799
   0   22    2.404026   0.027405    6.327281   7.728806
   0   23    2.352919   0.011412   39.134656  14.006372
   0   24    2.276930   0.062909   19.402655  23.226837
   0   25    2.109601   0.008634    5.368363  27.255790
   0   26    2.031822   0.062355   30.074813  11.556782
   0   27    1.944035   0.058981   32.486696  26.933339
   0   28    1.898191   0.052308   34.516910  17.078377
   0   29    1.751777   0.053006    4.052125  26.745498
   0   30    1.697571   0.098040   18.130694  38.548376
   0   31    1.564985   0.031379    2.618721  22.332656
   0   32    1.410846   0.003973   24.464169  30.569969
   0   33    1.333890   0.054161   19.923496  20.241053
   0   34    1.233853   0.038903   37.714509  23.274795
   0   35    1.104402   0.052761    1.142110   3.987796
   0   36    1.021902   0.091978   19.784224  26.444858
   0   37    0.977547   0.012202    1.852744   3.680154
   0   38    0.868203   0.052607   36.022677   3.851912
   0   39    0.716804   0.088842   30.141002  38.345604
   0   40    0.652534   0.060318    8.199074  39.412222
   0   41    0.546629   0.041830   11.317771  19.074455
   0   42    0.434664   0.089024    8.917151  28.824918
   0   43    0.359615   0.045362    9.011014  16.272157
   0   44    0.252093   0.014255   38.595812  18.682461
   0   45    0.120704   0.053174    3.931555   5.763723
   0   46    0.013603   0.061611   24.304057  39.612060
   1    0    4.624743   0.106764   10.401965  36.188028
   1    1    4.558946   0.150020   29.152583  20.827192
   1    2    4.428440   0.114432   20.776718  24.065013
   1    3    4.380649   0.124364    1.608526  10.538697
   1    4    4.239357   0.179545    9.170860   3.114193
   1    5    4.176487   0.118577   26.013848  19.995195
   1    6    4.003136   0.123291   38.453483  30.848120
   1    7    3.920622   0.102573   38.751961  38.492954
   1    8    3.885448   0.129728   38.251372   8.159829
   1    9    3.707686   0.144160   28.921223  12.515571
   1   10    3.697472   0.139066   16.747248  36.568541
   1   11    3.537299   0.160563    8.038009   4.234202
   1   12    3.462791   0.128905   15.346082  22.983263
   1   13    3.366544   0.143276   30.206134  22.919358
   1   14    3.269589   0.152516   12.822049   3.289214
   1   15    3.164886   0.114635   32.353456  37.385613
   1   16    3.094930   0.148317   34.347715  13.757308
   1   17    2.959797   0.114883    3.550534  28.410852
   1   18    2.827615   0.195291   40.846144  13.222273
   1   19    2.762054   0.124404   23.090330  27.142060
   1   20    2.652766   0.165409    5.395644  29.170249
   1   21    2.507240   0.197438   28.921937  28.819883
   1   22    2.494738   0.115967    5.955981   7.322072
   1   23    2.344388   0.120742   31.195438  30.724588
   1   24    2.245392   0.172323   17.473883  26.993719
   1   25    2.144034   0.113539   30.089025  19.066300
   1   26    2.031941   0.174604   11.464794   3.460732
   1   27    1.986132   0.153528   12.753592   1.612726
   1   28    1.802759   0.100776    7.456842  13.748729
   1   29    1.723334   0.147828   11.124062  31.167916
   1   30    1.630503   0.132813   28.222077  33.717453
   1   31    1.597059   0.167404   20.510783  29.585870
   1   32    1.449787   0.102783    9.509088   2.001078
   1   33    1.312627   0.128902    8.298382  22.823157
   1   34    1.261382   0.141245    5.030183  10.312850
   1   35    1.155351   0.138742    2.743538  14.605011
   1   36    1.046548   0.151672   28.745350  19.817419
   1   37    0.952116   0.110897   23.777186  39.599665
   1   38    0.843589   0.151492   29.024313  19.719554
   1   39    0.752333   0.132033   40.880730  26.566033
   1   40    0.644104   0.152846   33.057039  16.913218
   1   41    0.518521   0.175468   17.519917   7.760113
   1   42    0.468647   0.104330   34.922121  34.480335
   1   43    0.379927   0.158890   27.284068  12.955853
   1   44    0.280626   0.178745    7.011517   2.023848
   1   45    0.112650   0.199869    3.792438   4.756478
   1   46    0.093273   0.171262   12.049207   2.264999
   2    0    4.666686   0.247867   34.593533   6.442637
   2    1    4.517401   0.267463   21.730366  36.030095
   2    2    4.464106   0.261824   28.697282  24.424013
   2    3    4.387365   0.251319   28.046735   1.697293
   2    4    4.243261   0.258316   38.044008  34.431349
   2    5    4.189335   0.249474    4.652921  35.369291
   2    6    4.021484   0.276904   15.128226  23.906186
   2    7    3.999415   0.250072   38.167430   4.483091
   2    8    3.893168   0.296459   22.159345  22.615882
   2    9    3.719560   0.291910   23.091294  30.263350
   2   10    3.671423   0.289107   31.555416   9.341821
   2   11    3.576467   0.292801   19.066205  33.371094
   2   12    3.419709   0.216896   33.230127  34.559024
   2   13    3.322753   0.274861   25.483164  12.294950
   2   14    3.204861   0.260343   31.047322   7.345691
   2   15    3.150706   0.248775   15.991667  35.477299
   2   16    3.034911   0.217753   28.981367  39.331502
   2   17    2.996787   0.239136   34.248564  35.863107
   2   18    2.823868   0.229533   36.935753  19.313834
   2   19    2.779807   0.268614   22.284749  40.504492
   2   20    2.651338   0.262652   26.836404   9.241360
   2   21    2.577303   0.269943   34.156923   8.049390
   2   22    2.457405   0.237021    1.530188  25.584802
   2   23    2.303152   0.261653   20.090728  23.388005
   2   24    2.232634   0.287738   22.183235  39.684920
   2   25    2.104838   0.205943   10.110613  11.426038
   2   26    2.029368   0.235003   14.287678  36.488145
   2   27    1.951007   0.265294    1.190860  20.898997
   2   28    1.833665   0.276940   38.049545  33.150571
   2   29    1.729095   0.288131   38.251248  14.337214
   2   30    1.697291   0.229672   25.844558  37.311324
   2   31    1.518793   0.283282   36.859909  21.736499
   2   32    1.436113   0.213677   37.592669  19.406647
   2   33    1.349983   0.287989   24.294990  33.184663
   2   34    1.255045   0.225795   24.316231   4.216355
   2   35    1.193543   0.294851   35.655790  39.639489
   2   36    1.060379   0.242223   40.810755  33.904627
   2   37    0.970017   0.279380   13.003108  21.249001
   2   38    0.867908   0.269403   10.271267  18.137394
   2   39    0.794656   0.261721   38.047604  29.050222
   2   40    0.609658   0.296913   36.881360   6.428931
   2   41    0.507708   0.243620    2.694037   8.577912
   2   42    0.483367   0.209325    6.786064  33.690537
   2   43    0.366067   0.284865   26.788291  32.860093
   2   44    0.277049   0.282416   13.533748   2.024531
   2   45    0.196539   0.222190    8.703196  27.472481
   2   46    0.035996   0.223244   30.986332  30.127073
   3    0    4.631936   0.388028    1.938168   1.769260
   3    1    4.521554   0.313259   34.861116   6.233661
   3    2    4.469140   0.356537    9.696807   8.102927
   3    3    4.339785   0.378993    3.481641   1.361448
   3    4    4.202958   0.329927   39.445597  14.791293
   3    5    4.193820   0.345814   28.979023  16.672844
   3    6    4.001270   0.379427   20.745971  38.784974
   3    7    3.936272   0.326789   22.099282  12.105180
   3    8    3.895422   0.372107   22.191025  40.434088
   3    9    3.767502   0.360958   36.936252  12.981514
   3   10    3.665221   0.347282   27.067243  35.448123
   3   11    3.541843   0.343105   36.323700  37.137990
   3   12    3.400110   0.354390   22.400662  28.088304
   3   13    3.307083   0.380591    4.284373  27.173459
   3   14    3.217242   0.327982    2.335963  34.827065
   3   15    3.112543   0.371897    8.847737  30.747381
   3   16    3.013152   0.354879    4.336031   9.154566
   3   17    2.978033   0.326231    6.712235  26.422355
   3   18    2.818606   0.383557    5.478597  15.907490
   3   19    2.719788   0.333869   20.641952   3.367928
   3   20    2.615954   0.336463    6.165647  17.440691
   3   21    2.580143   0.352886   11.151660  10.312628
   3   22    2.464923   0.312248   39.850318   4.157540
   3   23    2.305298   0.399490   25.948240  12.451527
   3   24    2.266297   0.306786    9.925084   8.360181
   3   25    2.159916   0.316394    3.760574  14.586893
   3   26    2.073300   0.339369    8.704107  23.076155
   3   27    1.958653   0.346476   13.604040  24.599847
   3   28    1.837719   0.343622   38.471656   6.463236
   3   29    1.732859   0.357460    6.189829   3.421236
   3   30    1.651976   0.371435   30.857596  27.589566
   3   31    1.535788   0.347413   21.103336  15.990243
   3   32    1.419294   0.362619   28.339990  40.831541
   3   33    1.321541   0.310558   31.539966   2.259572
   3   34    1.252024   0.353006   30.463921   3.827183
   3   35    1.111829   0.358255   17.800743   8.126370
   3   36    1.062916   0.329356   37.404721  37.868062
   3   37    0.990277   0.370937    1.414175  33.238330
   3   38    0.875742   0.390703    4.792825  29.808123
   3   39    0.736589   0.303380    3.664900  25.944764
   3   40    0.640194   0.342676   36.256568  11.013122
   3   41    0.532293   0.377905   15.473686  25.232731
   3   42    0.491327   0.333839   23.928268  21.569638
   3   43    0.336120   0.377908   39.987430  15.308618
   3   44    0.246070   0.341238   22.198039  16.917994
   3   45    0.140242   0.397615   14.901863  40.555889
   3   46    0.078464   0.326133   26.288793  19.268685
   4    0    4.678651   0.413000   18.453721   6.920025
   4    1    4.561265   0.410250    4.765014  37.607259
   4    2    4.465909   0.413544   11.183229  10.341999
   4    3    4.304416   0.467951    3.876886  37.787888
   4    4    4.298286   0.474820   24.981767  23.681923
   4    5    4.160674   0.490328   21.680459  38.161187
   4    6    4.049997   0.457867   21.603693  20.644853
   4    7    3.905242   0.453521   21.163602  36.377152
   4    8    3.844827   0.492878    4.735331  38.540997
   4    9    3.729808   0.415441   34.146516  19.449391
   4   10    3.677818   0.441945   22.878206   1.282944
   4   11    3.521737   0.472598    1.514690  11.862161
   4   12    3.403061   0.438451    4.717670  19.842791
   4   13    3.326391   0.431895   40.381220  15.446990
   4   14    3.291770   0.469107    4.312120  39.462397
   4   15    3.114722   0.490998   25.064466  29.951031
   4   16    3.099893   0.498788   40.352081  31.230275
   4   17    2.999230   0.475298   36.306107  34.664556
   4   18    2.866463   0.437950   11.902481  30.208980
   4   19    2.759275   0.449493   11.943702  19.170352
   4   20    2.692668   0.417802    2.455510   3.117117
   4   21    2.551472   0.407479   22.290932  35.223066
   4   22    2.427333   0.469344    4.785519  25.640457
   4   23    2.392524   0.445483   34.767757   1.961871
   4   24    2.207049   0.498941   31.011478   2.766917
   4   25    2.110331   0.440291   24.861785  33.105135
   4   26    2.068619   0.415359   35.436571  15.110510
   4   27    1.964604   0.486924   34.291221   7.471081
   4   28    1.867809   0.490966   32.148573  40.009644
   4   29    1.740430   0.498273   32.278818  13.113761
   4   30    1.601562   0.433307   35.028706  38.255505
   4   31    1.517397   0.432960    2.135307  40.558940
   4   32    1.440899   0.402311   24.730759  15.626532
   4   33    1.312837   0.497108   32.889869   2.069845
   4   34    1.238676   0.433104   15.356282  22.975331
   4   35    1.190654   0.460695   24.494249  11.567999
   4   36    1.080143   0.414748   12.965756  29.434680
   4   37    0.916928   0.439836   35.166197  33.779724
   4   38    0.894966   0.431159   28.729702  30.379576
   4   39    0.730116   0.422588   30.726955  21.374159
   4   40    0.646927   0.492053   11.437726  35.102615
   4   41    0.577166   0.457782   38.326611  25.303983
   4   42    0.461926   0.468989   37.247604  38.730283
   4   43    0.347232   0.483896   20.740162   6.255342
   4   44    0.246246   0.404371   18.970532  38.728057
   4   45    0.111918   0.448134   12.456220  34.058777
   4   46    0.085213   0.479772   12.852752   8.412540
   5    0    4.655107   0.554635   35.069347  37.108284
   5    1    4.597448   0.513996   27.727819   8.209140
   5    2    4.446424   0.585147   37.026061  15.280925
   5    3    4.351820   0.511018   39.577855  19.964149
   5    4    4.280258   0.555505   21.563637  17.544742
   5    5    4.133061   0.593255    3.956148  30.440348
   5    6    4.067003   0.506907   36.719860   9.388030
   5    7    3.967633   0.536598   39.387593   7.195630
   5    8    3.824812   0.582239    2.580983  15.398334
   5    9    3.794044   0.570210   26.777457  23.364395
   5   10    3.678641   0.504618    3.474172  18.764860
   5   11    3.581217   0.516294   33.023071  17.431806
   5   12    3.428748   0.557814   36.599824  32.173280
   5   13    3.364826   0.522875   21.437083  39.911326
   5   14    3.203037   0.566367    3.638146   3.507255
   5   15    3.184704   0.586105   17.254972  20.906218
   5   16    3.056783   0.587002   38.153518  24.966281
   5   17    2.966493   0.567655   13.413606  10.856066
   5   18    2.829238   0.552306   39.159168  35.654796
   5   19    2.797617   0.587499   29.951651  21.339626
   5   20    2.609529   0.552684    9.993770   5.392797
   5   21    2.501488   0.512703   39.796752  23.625679
   5   22    2.403963   0.503225    1.700645  21.443504
   5   23    2.314530   0.568801   24.368413  29.733838
   5   24    2.233514   0.518409   11.389311  10.048971
   5   25    2.118170   0.571909   24.339618   4.087584
   5   26    2.023728   0.509453    8.598150  11.109796
   5   27    1.972374   0.516955   24.064247  33.412124
   5   28    1.879686   0.526630   36.466092  27.040443
   5   29    1.738605   0.560217   12.591461  38.349974
   5   30    1.665880   0.592042   19.560209   5.776974
   5   31    1.568296   0.502825   39.852234  22.337462
   5   32    1.435006   0.507077   26.495221  13.109313
   5   33    1.367942   0.515970   13.517307  21.605703
   5   34    1.270652   0.573200    3.019961  20.955474
   5   35    1.133895   0.548260   40.189909  24.739862
   5   36    1.026743   0.534730   10.034905  25.890493
   5   37    0.978728   0.520998   24.010616  11.050867
   5   38    0.861346   0.537908   11.043949  16.188134
   5   39    0.746713   0.548127   36.415813  34.084028
   5   40    0.674069   0.501826   14.832657  25.828710
   5   41    0.538541   0.514139   22.705280  29.909347
   5   42    0.464753   0.513686   11.704293  30.371740
   5   43    0.334831   0.505499   34.238477  39.408596
   5   44    0.236582   0.593370    5.393990  32.287397
   5   45    0.124270   0.518903    9.493171  39.594566
   5   46    0.068919   0.520458   17.820482  32.286084
   6    0    4.605441   0.663220   12.884111  21.068210
   6    1    4.584350   0.680590   30.123880   8.380737
   6    2    4.441429   0.630982   17.153517   7.039691
   6    3    4.330376   0.667467   20.977055   5.861795
   6    4    4.203237   0.640039   23.309222  23.909677
   6    5    4.189093   0.671805   11.947222  19.060089
   6    6    4.041854   0.636309   31.500339   4.227548
   6    7    3.917926   0.699202    9.723409  39.718185
   6    8    3.879502   0.604514   26.884434  29.913451
   6    9    3.711109   0.685142   26.314547  16.986074
   6   10    3.608137   0.655367    6.454203   6.951500
   6   11    3.555112   0.617270   40.861978  40.502373
   6   12    3.427732   0.644901   25.955740   2.331705
   6   13    3.331561   0.632563   40.499240  20.717543
   6   14    3.248159   0.634448   10.444544  29.838518
   6   15    3.198470   0.630196   22.731056  19.560920
   6   16    3.016677   0.618221    7.689454   3.354231
   6   17    2.954718   0.629660   18.092513  19.748692
   6   18    2.818097   0.629580   30.548802   4.665722
   6   19    2.763672   0.608072   39.388480  32.475237
   6   20    2.626634   0.686707   32.607095  17.333423
   6   21    2.579783   0.670661   22.602377  30.925580
   6   22    2.467233   0.653805   10.774627  19.001623
   6   23    2.386675   0.644034   14.602460  20.992016
   6   24    2.269881   0.674847    9.216474   1.599596
   6   25    2.116895   0.633111    4.062878  20.773278
   6   26    2.072956   0.683524   30.891395  22.203320
   6   27    1.981990   0.649507    4.555776  16.879922
   6   28    1.851081   0.605208   26.145210  16.897875
   6   29    1.796927   0.601665    2.559827  18.264925
   6   30    1.609299   0.644610   22.217301  35.800913
   6   31    1.535157   0.635170   18.169605  17.243814
   6   32    1.498534   0.696257    3.182948  19.477933
   6   33    1.399684   0.625470   32.579288  32.563921
   6   34    1.267372   0.623988   26.768256  35.300362
   6   35    1.141571   0.654604   33.953237  10.827728
   6   36    1.072138   0.630385   32.638511  26.867798
   6   37    0.900117   0.648564    2.085072  40.270515
   6   38    0.821052   0.677393   16.174858  40.436059
   6   39    0.778735   0.612566   12.285906   4.837886
   6   40    0.628903   0.625319   32.418248  19.362996
   6   41    0.507152   0.677765   30.231481  36.704041
   6   42    0.406296   0.629000   16.773681  40.904358
   6   43    0.374068   0.664850   32.037008  31.816967
   6   44    0.201891   0.667142   22.231819  29.262280
   6   45    0.144756   0.677485   17.617558  35.752049
   6   46    0.057424   0.683631   17.279120  34.609310
   7    0    4.605376   0.761676   10.430947   6.100907
   7    1    4.523438   0.788124   24.331679  39.881181
   7    2    4.499835   0.705946   12.989089  32.817574
   7    3    4.318740   0.797255   25.442069  25.451852
   7    4    4.246088   0.711581   35.062861  29.389457
   7    5    4.198515   0.797555   40.192493   6.374655
   7    6    4.036587   0.732223   10.294614  35.395806
   7    7    3.924850   0.776460   10.101647  37.693710
   7    8    3.842374   0.767743   26.971471  34.961772
   7    9    3.709089   0.798791    4.536751  40.400049
   7   10    3.651910   0.798590   20.001684  35.811401
   7   11    3.518028   0.702625   35.036255  13.927253
   7   12    3.484245   0.763704   23.675315  30.068261
   7   13    3.305342   0.750721   28.112820  10.651658
   7   14    3.221481   0.717611   28.579629  10.647690
   7   15    3.146006   0.701476   21.020192  33.682558
   7   16    3.007761   0.750443   21.078609   6.029964
   7   17    2.914608   0.756843   10.631692  21.298106
   7   18    2.861107   0.718428   30.055078   1.399029
   7   19    2.758528   0.703741   22.492087  19.702930
   7   20    2.640435   0.711747    3.152988  35.576690
   7   21    2.573896   0.790172   35.268663  40.353820
   7   22    2.402966   0.781711    3.546477  20.877544
   7   23    2.396041   0.767606   35.241404  28.920125
   7   24    2.276958   0.759842   38.301372   6.955179
   7   25    2.166834   0.787163    6.136219  40.015824
   7   26    2.061346   0.727702   40.683872  19.905524
   7   27    1.938876   0.758662    1.519255  35.160544
   7   28    1.847351   0.738230   11.310216  14.338537
   7   29    1.720929   0.768870   40.134349  20.997123
   7   30    1.637485   0.746835   36.820186  38.824705
   7   31    1.560285   0.708066    8.979786  40.613612
   7   32    1.414650   0.783686    9.796385  34.068185
   7   33    1.395964   0.772529   14.584556  22.887919
   7   34    1.288125   0.787351    9.940256  38.353696
   7   35    1.101678   0.794609    9.858375   3.093639
   7   36    1.014235   0.724375   34.054911   6.259580
   7   37    0.969428   0.701782    2.053811  32.575900
   7   38    0.857394   0.739395    1.173868  34.324808
   7   39    0.763445   0.721387   36.792899  36.126365
   7   40    0.621911   0.716026   29.213875  11.302953
   7   41    0.599808   0.728729   13.774696  32.756875
   7   42    0.446621   0.780022   40.819054  10.831522
   7   43    0.379695   0.782793   21.694315  28.891480
   7   44    0.212859   0.743138    8.602672  40.790321
   7   45    0.123617   0.706032    3.067986   2.566980
   7   46    0.071690   0.768580   33.781887  16.317848
   8    0    4.620290   0.842525   14.072814   3.052339
   8    1    4.548548   0.837155    7.239904  32.400016
   8    2    4.417026   0.872250   10.173927  12.367720
   8    3    4.332546   0.806916   28.339028  17.140837
   8    4    4.238524   0.868308    5.225779  13.504140
   8    5    4.103741   0.888567   14.347148   8.269982
   8    6    4.027932   0.858631   19.898452   4.715096
   8    7    3.994472   0.803862   22.129286  13.137480
   8    8    3.857812   0.894049   14.693823  10.071809
   8    9    3.720685   0.854893    3.794860   6.391094
   8   10    3.659355   0.830547   33.480591  23.544054
   8   11    3.555722   0.808452   29.280421   9.727259
   8   12    3.465745   0.805109   25.391134   7.188838
   8   13    3.352602   0.891496   31.386648  24.551748
   8   14    3.259992   0.821785   26.087322  23.599531
   8   15    3.151146   0.801326   22.577461  11.081582
   8   16    3.058874   0.867409    3.816390  38.588335
   8   17    2.933590   0.857185   17.888188   6.364963
   8   18    2.852815   0.844892   31.342109   2.145318
   8   19    2.716399   0.858769   14.578763   8.891374
   8   20    2.656572   0.846066   11.750491  24.037527
   8   21    2.587047   0.871556    6.707003  28.909262
   8   22    2.407548   0.885781    4.293388   4.982019
   8   23    2.312350   0.828840   31.586085  31.264056
   8   24    2.277350   0.884271   25.847355   5.146972
   8   25    2.159719   0.826030   15.129382  21.514569
   8   26    2.037901   0.815797    4.229243   8.805326
   8   27    1.984301   0.884050   24.374911   6.281167
   8   28    1.845971   0.838097   11.524035  17.285730
   8   29    1.743488   0.875527    8.020676  35.224370
   8   30    1.679414   0.879452    8.744515  11.935895
   8   31    1.505624   0.840034    9.591278   4.747889
   8   32    1.474735   0.887950    7.556394  34.633736
   8   33    1.322010   0.862748   12.895217  12.465404
   8   34    1.278761   0.841021   40.466617  35.452036
   8   35    1.130418   0.854675   25.721357  36.665704
   8   36    1.037276   0.872376   27.786606  35.402633
   8   37    0.954303   0.852005    5.262125  16.456113
   8   38    0.800392   0.898220   17.846278  26.756497
   8   39    0.754813   0.847129   17.540038  25.959458
   8   40    0.628254   0.814900   36.348719   4.256315
   8   41    0.582406   0.874558    3.153237   9.885121
   8   42    0.431354   0.896148   31.419484  27.608577
   8   43    0.361515   0.801207   12.944771  37.990061
   8   44    0.277280   0.839627   22.818529  18.962418
   8   45    0.125217   0.812409   19.739416   2.390973
   8   46    0.040168   0.899716   36.946859  18.652816
   9    0    4.697201   0.942573    6.080907   4.384086
   9    1    4.560445   0.996295   13.694035  18.306031
   9    2    4.495606   0.972503   12.941491  36.374403
   9    3    4.320600   0.907749    6.836741  22.475525
   9    4    4.207391   0.904196   10.664799  39.711509
   9    5    4.127815   0.940485   26.612692  18.296852
   9    6    4.052933   0.928307   20.942077  10.674365
   9    7    3.926207   0.916979   31.258191  17.220393
   9    8    3.828380   0.919523   37.410900  14.542849
   9    9    3.740233   0.939688   23.711747  33.701057
   9   10    3.678061   0.930688    2.504520  31.639086
   9   11    3.576505   0.969120   30.350201  22.794428
   9   12    3.410864   0.907823   39.469117  19.416945
   9   13    3.383816   0.900944   10.537878  11.929127
   9   14    3.232989   0.915077   31.005220  31.123385
   9   15    3.190618   0.939234   28.933343  11.695476
   9   16    3.024855   0.941145   39.778676   4.250634
   9   17    2.905481   0.940740   36.912411  16.310875
   9   18    2.842199   0.956851   21.085592  40.943521
   9   19    2.779278   0.948595   35.130106  26.492581
   9   20    2.670494   0.907363   24.244727   7.721571
   9   21    2.587870   0.942881   26.158345  25.788943
   9   22    2.407847   0.951890   16.829893   3.320799
   9   23    2.301017   0.910244   14.300174  15.990415
   9   24    2.294384   0.908741   34.643966   1.155444
   9   25    2.157036   0.975035    9.095445   8.061991
   9   26    2.045882   0.924268   40.375189   6.845202
   9   27    1.963430   0.940445   19.696898  32.109051
   9   28    1.886036   0.960481   25.165504  21.448830
   9   29    1.791244   0.959654   29.209656  13.208854
   9   30    1.605225   0.988025   29.859696   7.490292
   9   31    1.525360   0.994247   31.251213  39.510311
   9   32    1.404049   0.978712   16.493241  37.558954
   9   33    1.374247   0.919971   35.403077   4.824899
   9   34    1.207104   0.914977    5.615746  24.210629
   9   35    1.130855   0.908348   23.889236  40.001952
   9   36    1.056632   0.972356   11.335996   5.091584
   9   37    0.911404   0.946784    8.730757  35.701847
   9   38    0.816656   0.985513   13.513641   8.652959
   9   39    0.780775   0.959467   36.789814  23.750925
   9   40    0.636068   0.978344   25.311640  13.518321
   9   41    0.501980   0.956724   19.530555  25.082293
   9   42    0.433916   0.924336    4.362631  38.512426
   9   43    0.322896   0.971436   24.988261  29.336975
   9   44    0.281739   0.904626   37.091477  40.554545
   9   45    0.136017   0.937711    1.352312   4.520187
   9   46    0.066283   0.948104   18.275266  14.065049
  10    0    4.616370   1.029199    4.732537   4.677818
  10    1    4.521328   1.070422   31.711142  38.229237
  10    2    4.459105   1.002301   38.092600  29.378527
  10    3    4.319592   1.076909   12.901387   7.407718
  10    4    4.201403   1.082931   13.998116  10.857155
  10    5    4.114782   1.058176   40.954239   5.177962
  10    6    4.023434   1.094630   10.741276   2.995499
  10    7    3.919889   1.086570    4.437991  23.936963
  10    8    3.880022   1.050483   19.567799  40.886759
  10    9    3.700672   1.016671   14.714992  29.690238
  10   10    3.618478   1.021659   20.146112  30.550333
  10   11    3.553024   1.003673   40.321218  25.597741
  10   12    3.488761   1.051345   32.082715  15.433905
  10   13    3.319550   1.079737    7.246145  18.042548
  10   14    3.249663   1.004407   12.201733   9.660111
  10   15    3.184165   1.070325   12.506733  35.433493
  10   16    3.019161   1.030344   20.470764   7.545371
  10   17    2.963902   1.090032   12.198371  32.648257
  10   18    2.808400   1.069910    1.869127  14.738782
  10   19    2.794355   1.030565   10.244720  32.968717
  10   20    2.616915   1.054266   27.158755  38.399284
  10   21    2.579325   1.042325   30.357428  14.555661
  10   22    2.451816   1.029566   22.431969   2.149638
  10   23    2.346205   1.015389    1.255768  39.955319
  10   24    2.265532   1.089620   15.474482  36.116034
  10   25    2.116526   1.085756    3.985324  34.825438
  10   26    2.085565   1.014604   16.396016  13.182494
  10   27    1.965845   1.028347   40.213875   6.013971
  10   28    1.835374   1.094726   30.644991  39.659529
  10   29    1.708746   1.049504   21.671736  29.318740
  10   30    1.618057   1.064362   14.437808  21.886823
  10   31    1.503240   1.058660   13.442840  33.701753
  10   32    1.453936   1.084362   25.797289  19.860033
  10   33    1.324239   1.081337    7.601930  21.427184
  10   34    1.229489   1.088083   38.808946  24.792105
  10   35    1.107972   1.073805   18.732280  12.537301
  10   36    1.028201   1.050135   34.367748  19.589826
  10   37    0.918397   1.013478   39.147437   7.275982
  10   38    0.874015   1.045930   17.602185  19.546624
  10   39    0.732609   1.068534    9.179524  21.514734
  10   40    0.624969   1.044815   20.326443   5.122961
  10   41    0.585135   1.095260    6.685730   7.931470
  10   42    0.408426   1.019923    6.285584   9.505978
  10   43    0.350764   1.072271   19.963640  29.637595
  10   44    0.289983   1.063805   27.622690  30.710337
  10   45    0.182150   1.057007   19.555162   3.144277
  10   46    0.015699   1.070508   22.910985  21.302548
  11    0    4.651955   1.141839   26.957837  34.004068
  11    1    4.561734   1.181974   20.258018   8.401367
  11    2    4.479656   1.194594   12.051397  31.159396
  11    3    4.366768   1.199446   13.403049  12.427165
  11    4    4.250372   1.191480   16.086499  24.974704
  11    5    4.110793   1.129043   14.392839  25.143473
  11    6    4.057219   1.189159   13.371607  29.124388
  11    7    3.938886   1.164745   33.335116  35.854245
  11    8    3.819668   1.137105   12.333096  17.953928
  11    9    3.710540   1.111725   33.893050  39.190660
  11   10    3.648274   1.101394   35.412662  38.626995
  11   11    3.583926   1.118316   22.598121  38.741622
  11   12    3.440872   1.156748   27.305228   1.316558
  11   13    3.320131   1.115833   30.722840  37.852425
  11   14    3.206968   1.104885   22.329581  10.893383
  11   15    3.114994   1.162080   39.368841   2.236343
  11   16    3.025550   1.194156   14.263037  20.010594
  11   17    2.935589   1.146554    1.589925  28.614253
  11   18    2.846908   1.147949   35.760486  16.178291
  11   19    2.754700   1.143207   29.783693  19.417670
  11   20    2.651302   1.157485    9.517263  24.367534
  11   21    2.539849   1.190083   22.249482   5.660933
  11   22    2.476441   1.158421   19.624306  31.878317
  11   23    2.363450   1.134206   19.724360  38.408536
  11   24    2.221724   1.190039    9.103167   3.651449
  11   25    2.157643   1.104842   10.873024   3.833969
  11   26    2.030074   1.130844   18.397487  13.899603
  11   27    1.941131   1.168557   25.121478   7.686709
  11   28    1.837935   1.115027   19.636590  13.878081
  11   29    1.796063   1.175460    1.888462   2.054315
  11   30    1.670631   1.160520   12.775961   5.811162
  11   31    1.570526   1.127605   27.182638  10.626919
  11   32    1.443773   1.181268   12.258385  39.435220
  11   33    1.326678   1.187739    1.697616   8.241692
  11   34    1.211774   1.113861   26.628611  10.315103
  11   35    1.145839   1.199393    8.950963  26.305181
  11   36    1.081786   1.161808   38.573481  38.035583
  11   37    0.940051   1.107799   27.677406  27.761743
  11   38    0.885483   1.149515    9.148490  37.564992
  11   39    0.704675   1.155168   19.600486   3.596584
  11   40    0.672111   1.182410   17.490832   8.533478
  11   41    0.578523   1.173606   21.870999  27.432262
  11   42    0.454113   1.129699    6.108055  34.863622
  11   43    0.356842   1.114236    2.874614  25.597782
  11   44    0.201355   1.181850   31.870481  11.136480
  11   45    0.128127   1.132090   20.775133  17.119764
  11   46    0.041632   1.186205   24.124641  12.271411
  12    0    4.678337   1.292888   16.073891  31.405448
  12    1    4.583596   1.230992   23.884015  39.543377
  12    2    4.425478   1.280048   12.629894  20.957629
  12    3    4.333654   1.230529    1.842446   8.656709
  12    4    4.213863   1.258088   35.999335  12.281925
  12    5    4.130598   1.262584   27.994644  14.539639
  12    6    4.010512   1.292047    3.617176  40.217082
  12    7    3.970873   1.222573   31.937271  32.719237
  12    8    3.806246   1.231634   38.257594   9.239347
  12    9    3.743368   1.288732   10.463159  18.581651
  12   10    3.630925   1.243516   24.374088  39.862254
  12   11    3.535507   1.237375   27.850259   3.517933
  12   12    3.446118   1.215491    6.334164   9.073454
  12   13    3.312140   1.208003   34.286019  20.900972
  12   14    3.279176   1.262248   18.227547  40.820577
  12   15    3.105368   1.294327   39.156893   5.034431
  12   16    3.010204   1.234002   16.840924   5.878374
  12   17    2.986928   1.229111   38.471819  32.659856
  12   18    2.817913   1.266492    2.556322   9.999757
  12   19    2.725153   1.238319   29.477494  19.303445
  12   20    2.631595   1.213671   37.344239  25.073606
  12   21    2.555720   1.263140   10.562386   1.689302
  12   22    2.424676   1.272862   24.686756  10.082584
  12   23    2.319586   1.287278   20.835474  32.641284
  12   24    2.220352   1.246243    3.179876  36.974464
  12   25    2.142452   1.261258   21.304749   6.340865
  12   26    2.061741   1.282248    3.728440   1.130820
  12   27    1.947999   1.285542   38.369597  19.503780
  12   28    1.827806   1.205753   29.660994  16.937224
  12   29    1.711864   1.299871   40.380245  37.983490
  12   30    1.651969   1.276944   39.756077  16.029419
  12   31    1.574978   1.227536   19.306486  38.504842
  12   32    1.422917   1.215275   26.085440  19.110233
  12   33    1.343332   1.240174   22.097003  31.676614
  12   34    1.216509   1.287187   21.743780   1.802334
  12   35    1.106673   1.241186   20.099639   5.126918
  12   36    1.024036   1.284058   27.948621  20.822219
  12   37    0.910808   1.214051   39.952049  14.550794
  12   38    0.805219   1.210318   15.658069  28.831150
  12   39    0.717386   1.245542   25.641202  35.654592
  12   40    0.604453   1.260761   13.768183  24.639066
  12   41    0.580960   1.213279   18.969303  11.427093
  12   42    0.425669   1.290762    4.115810  20.007803
  12   43    0.366048   1.222049   34.452735  26.862586
  12   44    0.265066   1.273479   22.926769  35.120285
  12   45    0.116634   1.283981   24.719692  37.206496
  12   46    0.051578   1.294033   39.013340   1.852629
  13    0    4.677186   1.363926   23.761247  25.989393
  13    1    4.542554   1.352279   40.939078  17.306456
  13    2    4.447739   1.353292   37.929651  35.560591
  13    3    4.366547   1.332969   38.533032   9.628993
  13    4    4.236003   1.393104    8.366720  35.527819
  13    5    4.196389   1.354933    8.549504  33.968861
  13    6    4.046661   1.340190   33.584246  33.454769
  13    7    3.973956   1.329395   29.933565  28.485760
  13    8    3.822165   1.359185   17.207397  27.363656
  13    9    3.793065   1.341563    1.066584   8.652590
  13   10    3.620335   1.327431   33.431184  31.035194
  13   11    3.578861   1.319422    9.530115   2.658831
  13   12    3.481919   1.359851   21.529071  30.793762
  13   13    3.380901   1.368894   34.340513  11.544342
  13   14    3.206055   1.396561   10.791944  36.410794
  13   15    3.122782   1.335582    1.270756  34.763031
  13   16    3.013137   1.347207   18.564626   8.954776
  13   17    2.923763   1.399820    3.789977  15.196189
  13   18    2.833159   1.352946   16.586291  24.861522
  13   19    2.727214   1.324005   25.315290  27.205558
  13   20    2.612908   1.309490    4.630085   8.193733
  13   21    2.537086   1.348995   32.884554  37.136544
  13   22    2.487681   1.392775   25.476420  12.004132
  13   23    2.376737   1.379836   18.022777  27.752285
  13   24    2.212283   1.342604   21.543406  34.911817
  13   25    2.144536   1.310130   37.488929  36.399593
  13   26    2.092086   1.388987   11.036973  40.446730
  13   27    1.947578   1.309103   34.753997  31.278126
  13   28    1.897776   1.350932   30.272296   4.412522
  13   29    1.748681   1.335726    2.475171  21.004419
  13   30    1.687192   1.398086    8.857195   9.463341
  13   31    1.562480   1.350231   36.895114  39.732747
  13   32    1.494240   1.341885   15.717256  36.285439
  13   33    1.384034   1.364923   37.009339  33.415101
  13   34    1.278404   1.314783   16.481455   7.219748
  13   35    1.127756   1.313409   14.508772  32.352852
  13   36    1.058721   1.303628   16.536155  20.856954
  13   37    0.995819   1.320189    4.918639  11.013010
  13   38    0.883342   1.326424   29.094411  15.081847
  13   39    0.783356   1.321018    6.018889  28.152301
  13   40    0.609907   1.380453   23.916540  31.239081
  13   41    0.562819   1.318530   16.545412   8.612560
  13   42    0.493003   1.344166   39.857042  23.537776
  13   43    0.371838   1.357310   26.335391  32.721315
  13   44    0.292767   1.385234   23.201954   5.507693
  13   45    0.157673   1.367948   38.494175  40.051674
  13   46    0.033541   1.312829    3.799818   9.265060
  14    0    4.607085   1.460556    4.825132  31.366011
  14    1    4.553005   1.413433   22.278516  13.541396
  14    2    4.412981   1.444821    7.677991   5.888200
  14    3    4.390795   1.426415   14.179240  32.874028
  14    4    4.298630   1.415854    4.535265  40.619512
  14    5    4.170930   1.448099   40.627993  33.052298
  14    6    4.036564   1.472947    6.070393  24.233539
  14    7    3.934649   1.401206   30.204014   6.858748
  14    8    3.862446   1.431810    4.075295  40.155901
  14    9    3.779352   1.470321    2.953636   9.339926
  14   10    3.694255   1.449910   22.569134  11.754724
  14   11    3.555369   1.483428   25.037108  13.286730
  14   12    3.424074   1.409288   13.564081  17.138249
  14   13    3.365118   1.414582   11.285011  23.299531
  14   14    3.253569   1.491512   38.378004  11.876215
  14   15    3.198989   1.493415   32.979925  20.758652
  14   16    3.094929   1.435435   26.048022   5.031978
  14   17    2.928887   1.433470   39.468093   2.216042
  14   18    2.856614   1.489946   22.312949  17.212643
  14   19    2.763881   1.433226   24.744874  20.169355
  14   20    2.677656   1.461183   35.796693   8.914802
  14   21    2.552768   1.461201   23.946856  17.874913
  14   22    2.465607   1.406428   32.438777   3.263764
  14   23    2.395610   1.409686   29.722547   8.801356
  14   24    2.231389   1.445436    4.882164  39.314507
  14   25    2.100419   1.490401   14.742622  26.521117
  14   26    2.099347   1.443982   30.442666  20.402869
  14   27    1.992177   1.449779   14.149797  22.282129
  14   28    1.802784   1.474133   29.448267   6.605809
  14   29    1.749218   1.401607   20.537412  35.197530
  14   30    1.654010   1.471093   25.150743   1.189905
  14   31    1.506777   1.410366   34.084928  23.936409
  14   32    1.403667   1.487407    7.076049  37.997540
  14   33    1.329120   1.409937   31.767548   8.993965
  14   34    1.276623   1.491915   11.593977  30.040548
  14   35    1.110154   1.409169   32.096275  31.064765
  14   36    1.091170   1.473028   36.651672  29.141425
  14   37    0.917806   1.418382   35.633767   3.738092
  14   38    0.834577   1.483754   22.029646  32.282484
  14   39    0.749695   1.428984   16.570407  27.679690
  14   40    0.681212   1.409343   32.142999  12.393684
  14   41    0.516738   1.492172    6.934081  18.659517
  14   42    0.499538   1.447513   15.324609   9.630150
  14   43    0.317346   1.472069   12.546210  23.230462
  14   44    0.201181   1.465912    1.691125  13.760721
  14   45    0.107715   1.493675   28.625644  33.558237
  14   46    0.039116   1.441819   21.106653  39.109181
  15    0    4.613471   1.566658   22.981101  26.848028
  15    1    4.562676   1.595040   13.423097  40.560136
  15    2    4.464562   1.542269   26.021873  25.008757
  15    3    4.384649   1.596517    5.090155  22.461808
  15    4    4.268761   1.552565    9.355617  36.641149
  15    5    4.110178   1.572416   39.392078  11.828334
  15    6    4.069540   1.588658    8.531071   6.131089
  15    7    3.918467   1.526248   11.982306  23.064476
  15    8    3.861305   1.597819   30.522637  33.575075
  15    9    3.776495   1.570060   39.051203  13.505950
  15   10    3.659104   1.518074    2.842808  24.459901
  15   11    3.598989   1.589815   32.376158  37.388903
  15   12    3.440932   1.523292    8.707484  19.463979
  15   13    3.350848   1.569770   13.667370  30.432369
  15   14    3.298601   1.521813   31.468303  22.443063
  15   15    3.117013   1.566019   10.036729  18.037862
  15   16    3.047923   1.537269    1.565146  28.608421
  15   17    2.940460   1.550290   13.081228  37.180568
  15   18    2.860532   1.501575   20.541058  35.100830
  15   19    2.751567   1.541704   15.986435  15.386905
  15   20    2.688221   1.506909   29.200888  12.609071
  15   21    2.581505   1.506390    6.219608  19.763547
  15   22    2.455981   1.596046   10.784000   9.376925
  15   23    2.368667   1.532676   25.796080  34.863306
  15   24    2.202234   1.518564   35.060489  27.887963
  15   25    2.130267   1.583063   16.766641  30.243590
  15   26    2.043821   1.544178   15.549377  19.712769
  15   27    1.981355   1.583227   26.487664  16.893457
  15   28    1.839345   1.503892    9.596352   5.448507
  15   29    1.740390   1.533047   15.399819  26.275607
  15   30    1.617305   1.524632   39.837650  24.376095
  15   31    1.564358   1.514954   29.455261  36.549965
  15   32    1.425235   1.533728   35.615753  32.405528
  15   33    1.307053   1.530868   29.997248  17.615807
  15   34    1.242652   1.535814   24.201652  37.075222
  15   35    1.191757   1.520580   15.810209  29.929718
  15   36    1.084140   1.506665   24.217458   4.816574
  15   37    0.933948   1.501614   25.222339  11.626957
  15   38    0.899247   1.505984    7.442238  38.390207
  15   39    0.740987   1.523480   10.556868   4.294145
  15   40    0.653135   1.584293   40.222981   1.345738
  15   41    0.553915   1.547636   32.892200  19.811469
  15   42    0.446038   1.547871   12.001701   1.552154
  15   43    0.381563   1.548610   12.005200  19.002946
  15   44    0.200564   1.550055    6.008709  17.291259
  15   45    0.109088   1.581389   24.535955  37.403572
  15   46    0.013779   1.597254    5.961178  17.101912
  16    0    4.641872   1.675556   32.826401  34.272517
  16    1    4.535727   1.693669   22.645163  28.508132
  16    2    4.471418   1.697601   27.549267  38.051814
  16    3    4.397685   1.699965   25.548323  30.959419
  16    4    4.222388   1.669384   39.157867  14.790340
  16    5    4.171926   1.648072   37.249638   4.756994
  16    6    4.059431   1.642994   36.351297  35.623147
  16    7    3.900148   1.636760   32.061479  40.434938
  16    8    3.898685   1.610018   24.163713   5.216577
  16    9    3.779985   1.630837   35.458467  22.010532
  16   10    3.682080   1.666740   39.950354  35.159844
  16   11    3.548091   1.600524    7.116597   2.713442
  16   12    3.432592   1.665834   22.457116  24.604124
  16   13    3.344354   1.667020   27.925171  33.248650
  16   14    3.215545   1.659862   17.324485  25.020495
  16   15    3.184592   1.665241   40.123173  40.343393
  16   16    3.084860   1.682172    1.790721  36.768364
  16   17    2.908899   1.695380   29.750731  27.273667
  16   18    2.893851   1.616794    2.023265  12.236346
  16   19    2.709375   1.611210   11.895427  18.261157
  16   20    2.697691   1.680485   18.421364  23.637888
  16   21    2.574500   1.684939    1.752241  35.076778
  16   22    2.469155   1.677287    7.397015  33.114200
  16   23    2.317784   1.695938    8.304990  16.882326
  16   24    2.290498   1.688807   32.555359  38.617415
  16   25    2.185548   1.613830   12.476194  13.287037
  16   26    2.072564   1.631868   13.859725   1.117174
  16   27    1.962843   1.685170    7.881346  35.791178
  16   28    1.887246   1.649261   30.280611   6.994174
  16   29    1.717475   1.687372    9.862642   4.234107
  16   30    1.681346   1.699066   29.591907  24.054515
  16   31    1.540018   1.683513   37.266278  32.559531
  16   32    1.468744   1.673295   28.391781  10.418987
  16   33    1.352399   1.697354    1.466487  22.156035
  16   34    1.273385   1.607598    6.089648  32.611769
  16   35    1.169287   1.629106   38.428562  11.226242
  16   36    1.018238   1.640365   28.514779   2.493316
  16   37    0.905018   1.649454   12.142149   5.083288
  16   38    0.824750   1.641714   39.966096  12.252514
  16   39    0.724126   1.641782   21.545178   4.968604
  16   40    0.603664   1.660754   36.936818  32.493512
  16   41    0.535845   1.610761   38.097866  21.930317
  16   42    0.481232   1.632915   22.411648  20.522938
  16   43    0.332021   1.639183    7.455258   7.496882
  16   44    0.214932   1.648240   36.548286  24.263525
  16   45    0.163902   1.654345   26.225872  14.325884
  16   46    0.009708   1.606250   27.719071  21.790491
  17    0    4.646125   1.760284   33.593051  37.703248
  17    1    4.549588   1.773306    7.302683   7.307315
  17    2    4.465982   1.702840   37.614700   2.713416
  17    3    4.310191   1.714369   22.279816  21.447875
  17    4    4.262648   1.760760   27.306138  12.096361
  17    5    4.115217   1.792610   21.600879  27.112228
  17    6    4.024578   1.797975    4.149872  16.252620
  17    7    3.944429   1.717575    5.457775  31.613612
  17    8    3.833611   1.769681   40.465148  29.552835
  17    9    3.791953   1.775399   11.005928  11.734574
  17   10    3.661611   1.748026   17.109208  16.053620
  17   11    3.511910   1.793041   23.746730  10.360443
  17   12    3.499562   1.721950   29.271231   2.916858
  17   13    3.373440   1.772592   10.694713   1.678659
  17   14    3.270040   1.730126   16.659021  11.274871
  17   15    3.179127   1.781418   29.617741   6.502814
  17   16    3.041868   1.705978   13.167535  21.979205
  17   17    2.979624   1.799214   18.052644  40.100534
  17   18    2.830482   1.749394    1.157441  17.616082
  17   19    2.742979   1.704032    6.462726  31.974691
  17   20    2.629186   1.791008   16.760935   2.366893
  17   21    2.509715   1.725898   11.817681  30.367691
  17   22    2.474941   1.781838    5.171113  37.737413
  17   23    2.384141   1.708863   31.040486  33.828956
  17   24    2.207731   1.723578    8.660267  24.874730
  17   25    2.178695   1.700152    8.179920  38.005971
  17   26    2.034767   1.752979   25.111525  13.136194
  17   27    1.941293   1.728528   34.831415  27.889637
  17   28    1.859944   1.707548   21.137317  19.770012
  17   29    1.755721   1.743099   40.242996   4.064929
  17   30    1.684934   1.729150    1.397224  27.012410
  17   31    1.512040   1.758453   35.707156  26.088220
  17   32    1.431172   1.707161    4.516813  20.601614
  17   33    1.397783   1.792390   37.253549   6.932903
  17   34    1.271772   1.723429   16.048143   7.654206
  17   35    1.161402   1.788446   21.321450  39.515290
  17   36    1.098968   1.737587   20.201666  22.044720
  17   37    0.946987   1.786986   30.005016  19.633045
  17   38    0.886244   1.743156   34.618326  31.874663
  17   39    0.793719   1.745875   35.628418   9.218759
  17   40    0.634623   1.732394   26.239726   6.312456
  17   41    0.534803   1.714529   38.821979  39.631553
  17   42    0.419880   1.730981   11.373270  18.031094
  17   43    0.318843   1.733651   29.934544   6.779924
  17   44    0.281535   1.702419   39.338284  32.665660
  17   45    0.111658   1.766991   10.531332  38.189367
  17   46    0.015487   1.776406   26.618149   8.158104
  18    0    4.618468   1.871220    9.890598  16.698602
  18    1    4.550032   1.825466   27.232574  14.552052
  18    2    4.495221   1.875308   20.826520  26.288564
  18    3    4.399731   1.899768   15.083165   8.745679
  18    4    4.293459   1.871765   19.829740  22.618607
  18    5    4.103245   1.831314   15.314541  18.906045
  18    6    4.005742   1.818701    8.431089  24.164717
  18    7    3.959712   1.835618   14.272286   9.693537
  18    8    3.848037   1.813826   35.858081   9.424800
  18    9    3.783657   1.871455   21.428105  12.140453
  18   10    3.631804   1.829397   37.467802  11.476459
  18   11    3.500632   1.867452   31.681602  10.972999
  18   12    3.441696   1.890537    9.103922  23.242974
  18   13    3.304927   1.888048    2.737174  27.361341
  18   14    3.244850   1.838437   14.439575  25.143499
  18   15    3.196678   1.890734   39.793564  16.527634
  18   16    3.014676   1.844688   30.531947   1.373826
  18   17    2.908593   1.821517    8.572677  17.337272
  18   18    2.855843   1.833281   36.228475  21.884356
  18   19    2.722209   1.806189   17.753357   4.943921
  18   20    2.667894   1.822804   38.728591  14.192252
  18   21    2.560285   1.821260   23.164831  27.754198
  18   22    2.482414   1.822924   35.519043  12.485036
  18   23    2.325376   1.870291    8.633645  16.423180
  18   24    2.253162   1.806462   22.064868  11.043230
  18   25    2.135029   1.848913   32.166930  15.287242
  18   26    2.069866   1.831204   40.052168  24.829930
  18   27    1.981282   1.854920   11.193947  25.586021
  18   28    1.804557   1.804027   36.642876  12.165536
  18   29    1.716275   1.888636   16.876874   5.020632
  18   30    1.684388   1.864029   12.115797  22.726158
  18   31    1.536771   1.893129   15.040895  39.640567
  18   32    1.416817   1.811035   11.432250  18.674536
  18   33    1.308246   1.803854   30.062710  11.747020
  18   34    1.271835   1.821204    4.678693  37.552627
  18   35    1.133988   1.812985   18.095616  31.445692
  18   36    1.051604   1.872401    2.002804   2.635317
  18   37    0.936218   1.804926   37.298425  39.677454
  18   38    0.850442   1.848582   20.573520  19.765041
  18   39    0.774789   1.886422   35.274495   7.000535
  18   40    0.627502   1.804676    4.259620  29.257393
  18   41    0.584347   1.817180   17.716242   5.093243
  18   42    0.480824   1.851222   11.135497   7.288124
  18   43    0.363128   1.845075   37.289568  36.891522
  18   44    0.224611   1.861545    9.586819  13.242252
  18   45    0.195644   1.863779   28.081669  36.470957
  18   46    0.031629   1.813275   20.702854  17.826294
  19    0    4.637532   1.940039    8.474795  11.228171
  19    1    4.509595   1.950769   32.806279  21.314975
  19    2    4.433717   1.902863   24.097555  16.611839
  19    3    4.334189   1.995288   13.385372   2.124046
  19    4    4.280753   1.947506    2.544456   7.598906
  19    5    4.162035   1.935777   14.357546   2.971194
  19    6    4.080875   1.983420    2.843398   1.306843
  19    7    3.994547   1.904636    8.507228   5.207297
  19    8    3.868735   1.947236    5.189934  11.578149
  19    9    3.757963   1.980118   28.105183   1.470631
  19   10    3.622224   1.909345   40.256155  39.068580
  19   11    3.506209   1.959786    1.130409  12.636926
  19   12    3.495981   1.925818   22.421119  19.315921
  19   13    3.341419   1.917955   36.179813  27.108466
  19   14    3.240340   1.926140    7.558812   6.461405
  19   15    3.181977   1.994086   34.064943   8.805788
  19   16    3.089446   1.981668   23.558697   1.741226
  19   17    2.989907   1.958835    2.259096  24.795790
  19   18    2.820152   1.969697   40.542950   3.560891
  19   19    2.798230   1.969798   37.772199  24.310418
  19   20    2.698053   1.933714   17.783566  19.910442
  19   21    2.554589   1.959906   24.694914  17.980386
  19   22    2.438626   1.941631    5.611570  24.073960
  19   23    2.320010   1.998067   24.567497  39.428704
  19   24    2.219952   1.960739   33.149627  31.031989
  19   25    2.131099   1.923808   40.892975  40.939102
  19   26    2.088867   1.900608   16.488421  24.650902
  19   27    1.950273   1.985528   33.528293  20.734761
  19   28    1.804620   1.923311   16.966213  14.698512
  19   29    1.791824   1.905429   24.351131   1.473042
  19   30    1.663257   1.984128   25.500083   7.920533
  19   31    1.521658   1.953260   32.514169  17.882265
  19   32    1.441929   1.945274    6.456387  18.857841
  19   33    1.385502   1.935735    5.762617  26.036850
  19   34    1.295216   1.900205    3.337050  23.779761
  19   35    1.124145   1.998795   33.704904  17.587492
  19   36    1.025266   1.956734    8.597372  15.053960
  19   37    0.985023   1.995873   19.590498   9.333319
  19   38    0.834219   1.953405   31.200070   3.468784
  19   39    0.736948   1.996866    9.062847  21.843315
  19   40    0.650839   1.925519   38.049368  22.469254
  19   41    0.539267   1.999753    7.519547  20.404589
  19   42    0.403666   1.994699   39.237991  30.963188
  19   43    0.308019   1.959619    2.125865  27.395407
  19   44    0.290263   1.929029   12.078984  10.299271
  19   45    0.159849   1.968305   40.191820  27.251172
  19   46    0.066211   1.909572   15.183352  26.214191
  20    0    4.699500   2.001977    2.537107  33.511906
  20    1    4.548545   2.043472   11.383557  17.991258
  20    2    4.448630   2.003632   28.632168  12.010056
  20    3    4.396173   2.083856   37.091992  24.768278
  20    4    4.292509   2.082870   39.717830  15.077777
  20    5    4.194564   2.052405   25.722604  22.877708
  20    6    4.046855   2.096239   26.769942  38.723153
  20    7    3.933626   2.011723   14.092901   8.297483
  20    8    3.819592   2.018021    2.089546   8.045142
  20    9    3.726176   2.001544   33.262642  14.736187
  20   10    3.661775   2.023556   36.463145   5.727314
  20   11    3.569785   2.035306   29.054576  10.571564
  20   12    3.468225   2.085007   18.251732  24.270808
  20   13    3.307028   2.051809   32.541644  26.806675
  20   14    3.201605   2.022958   36.431264  24.697188
  20   15    3.188284   2.030397   27.074141  33.403322
  20   16    3.073707   2.066284    6.521360   2.772260
  20   17    2.987217   2.007537   15.959376   2.797673
  20   18    2.824696   2.047474    6.503055  18.372155
  20   19    2.761982   2.077667    3.695456  37.098319
  20   20    2.694813   2.000887    9.240489  14.433354
  20   21    2.594880   2.021827    3.699853  29.412340
  20   22    2.483764   2.037404    8.585510  18.998598
  20   23    2.379876   2.083875   16.762495  39.940233
  20   24    2.240565   2.040509   18.258176  27.190973
  20   25    2.160837   2.005967   26.992188  33.925888
  20   26    2.021037   2.066034   35.760273  19.518750
  20   27    1.953750   2.042505   35.814215  11.243114
  20   28    1.891477   2.030654    7.992956  28.733884
  20   29    1.713402   2.094905   39.616055  16.345506
  20   30    1.645189   2.042655   30.913744  39.537379
  20   31    1.529163   2.048300   12.927187  12.501785
  20   32    1.433639   2.062580   22.482130  33.745056
  20   33    1.355449   2.045699   26.558044  15.684043
  20   34    1.295913   2.081097    6.307122  38.097550
  20   35    1.100386   2.005125    8.912227  11.171627
  20   36    1.098991   2.066715   12.824131  32.718688
  20   37    0.910869   2.070915   28.725137  19.878725
  20   38    0.876991   2.066970    5.492642  35.296724
  20   39    0.703896   2.091633   18.771285   1.609025
  20   40    0.680157   2.043277   11.420196  29.383184
  20   41    0.502506   2.033923   12.621561  38.886126
  20   42    0.413726   2.081825   18.982257  14.774434
  20   43    0.340042   2.074179   30.320832  37.703695
  20   44    0.263189   2.050775   39.421611   3.761347
  20   45    0.198702   2.058033    3.895282  10.484672
  20   46    0.065589   2.067424   15.075003  29.102799
  21    0    4.647478   2.181427   19.888005  31.734159
  21    1    4.596587   2.198111   33.788771   7.899019
  21    2    4.440533   2.126448   33.660364  18.315902
  21    3    4.399952   2.138347   17.249315  20.111114
  21    4    4.229999   2.180116   38.985758  23.977623
  21    5    4.189947   2.110973   10.368299  11.293440
  21    6    4.036876   2.174953   16.501461  31.695761
  21    7    3.907745   2.176107    9.526524  36.175773
  21    8    3.810355   2.116434   35.873259  37.605483
  21    9    3.710606   2.168238    9.394499   3.052550
  21   10    3.689390   2.104331    9.066698  26.727152
  21   11    3.516925   2.163007   21.211804  18.506779
  21   12    3.460683   2.112448   25.907799   3.395742
  21   13    3.321637   2.129075   19.821354  27.816511
  21   14    3.284542   2.164427   28.155163  38.245015
  21   15    3.134585   2.138916   32.418809  18.462084
  21   16    3.034145   2.132046   34.594452   8.793563
  21   17    2.979554   2.196453    8.891358   2.472678
  21   18    2.864769   2.186832   17.205294  22.125171
  21   19    2.723595   2.189187   31.784245  37.921003
  21   20    2.697401   2.155851    7.239734  15.851216
  21   21    2.585083   2.187763   33.347400  10.695280
  21   22    2.465900   2.168136   40.090385  17.488186
  21   23    2.394603   2.196912    7.778644  14.747974
  21   24    2.238500   2.129549    9.115530   2.578671
  21   25    2.155372   2.108256   18.693982  22.341057
  21   26    2.082933   2.130696   31.127475  28.329509
  21   27    1.969279   2.117709   25.019568   5.377887
  21   28    1.899829   2.175093   10.039504  12.236092
  21   29    1.760982   2.147989    2.913980  34.732105
  21   30    1.601296   2.112886   40.205866  14.107124
  21   31    1.545651   2.160265   26.993512  26.554258
  21   32    1.460703   2.179225   37.278283   5.099463
  21   33    1.346028   2.148003   11.047247   2.857180
  21   34    1.205678   2.165763    1.941520  28.817970
  21   35    1.171390   2.180815   16.592749  28.251468
  21   36    1.069221   2.198788   10.679633  17.230617
  21   37    0.924827   2.106414   17.037261  15.522699
  21   38    0.853559   2.158130   27.763578  38.094393
  21   39    0.705912   2.124773   35.873360  39.812353
  21   40    0.697997   2.147262   23.939892  20.782910
  21   41    0.523417   2.120133   19.252101  24.484717
  21   42    0.475536   2.116909   29.839273  33.851851
  21   43    0.327150   2.173724   16.440710  21.332362
  21   44    0.273359   2.151983    5.912906  10.373786
  21   45    0.109299   2.182920   26.085988   3.593088
  21   46    0.039566   2.154826   15.743456  36.019147
  22    0    4.613858   2.280957   21.868616   2.321552
  22    1    4.502653   2.296508   25.866724  10.055485
  22    2    4.427762   2.285467   38.047640  24.979104
  22    3    4.391216   2.262312    2.779009  20.882436
  22    4    4.209298   2.203772   13.558454  19.675668
  22    5    4.199234   2.287564   36.594288  25.415153
  22    6    4.038158   2.288211    2.741692  29.317825
  22    7    3.957052   2.265615   30.854388  25.574241
  22    8    3.847192   2.265738    1.444459  16.987548
  22    9    3.779770   2.211044   19.284386  15.335588
  22   10    3.618480   2.262598    9.149441  37.196379
  22   11    3.573267   2.278047    2.824539   8.238746
  22   12    3.495766   2.207123   10.951463  37.230119
  22   13    3.383464   2.266500   24.059102   7.947886
  22   14    3.281604   2.221477   37.615143  38.619456
  22   15    3.176644   2.296332   11.201451  13.404606
  22   16    3.050775   2.206689   27.611333  10.842213
  22   17    2.937804   2.294589   10.084022  15.307231
  22   18    2.821551   2.284346   31.944142   7.683271
  22   19    2.769990   2.219010   20.140579   2.096528
  22   20    2.683352   2.283062   10.744338  11.248481
  22   21    2.570445   2.236913   39.157450  11.323076
  22   22    2.483136   2.248145   30.019053  19.449229
  22   23    2.349131   2.288842   21.609399  36.216866
  22   24    2.223539   2.208869   37.611719  19.844620
  22   25    2.141842   2.292731   26.684863   7.474972
  22   26    2.023356   2.259299   19.340271  16.048541
  22   27    1.953576   2.286173   34.644351  36.728498
  22   28    1.835374   2.295867    9.445692  12.479202
  22   29    1.748236   2.261967   23.944888  30.845290
  22   30    1.607882   2.207711   33.897037  19.049059
  22   31    1.577976   2.225208    6.602395  25.170207
  22   32    1.414376   2.234233   40.763149  29.463319
  22   33    1.319603   2.288988   15.553021  19.000090
  22   34    1.261009   2.288427   18.775329  35.115561
  22   35    1.156475   2.230155    5.313456   8.035842
  22   36    1.013304   2.294258   23.369294  21.139317
  22   37    0.912181   2.246599   26.029351  16.249380
  22   38    0.862427   2.201642   38.908813  31.994742
  22   39    0.707056   2.293181   21.040000  33.548497
  22   40    0.677027   2.223614   26.457475  31.039863
  22   41    0.570176   2.224698   19.376544  25.818023
  22   42    0.459172   2.286784   18.379114  11.856163
  22   43    0.398012   2.241140   27.149977  40.360954
  22   44    0.242394   2.298422    4.211458   8.668593
  22   45    0.106261   2.213068    5.574323   2.458539
  22   46    0.036114   2.211359    6.671656  19.020414
  23    0    4.673633   2.363027   38.409409   7.713653
  23    1    4.533937   2.311299   12.316387  33.933586
  23    2    4.425486   2.392731   17.896711  40.037047
  23    3    4.363347   2.360271   18.293309   9.105720
  23    4    4.251224   2.375106   35.800842   6.581429
  23    5    4.161279   2.304621   24.784691  25.264933
  23    6    4.092184   2.375337   34.958267  18.623609
  23    7    3.913834   2.396304   22.158111  36.624267
  23    8    3.876568   2.325672   36.773938   1.340265
  23    9    3.799110   2.382165   12.503179  13.447623
  23   10    3.614510   2.355037   11.395584  25.618208
  23   11    3.519666   2.387496   27.147304  28.059482
  23   12    3.499938   2.366391   39.834439  21.485315
  23   13    3.305571   2.357372   34.907580  33.201024
  23   14    3.296207   2.362281   31.090291  35.443634
  23   15    3.110303   2.322076   20.249937  17.455513
  23   16    3.009766   2.342183   22.377761  12.931457
  23   17    2.909938   2.321403   26.190768  14.536189
  23   18    2.880209   2.334017    6.839803  22.336502
  23   19    2.751149   2.356698    3.690283  11.550173
  23   20    2.636085   2.376587   20.673472   8.427599
  23   21    2.575430   2.339210    7.450938  25.922241
  23   22    2.483695   2.339722   40.382079  10.767671
  23   23    2.375818   2.368650   27.448323  21.482592
  23   24    2.210851   2.354574   10.906892  26.616017
  23   25    2.118023   2.306821   26.185962  31.293103
  23   26    2.099205   2.327728    6.680636  18.023309
  23   27    1.980462   2.307758    3.579549   8.106820
  23   28    1.847244   2.329756   40.184076  39.267956
  23   29    1.737126   2.328030   14.540196  12.925793
  23   30    1.611413   2.381298   16.376060  13.477845
  23   31    1.523503   2.368677   18.740333  17.942641
  23   32    1.475081   2.307940   26.406426  36.226755
  23   33    1.388972   2.393721    7.709975   2.221565
  23   34    1.254191   2.398904   20.310280  29.090074
  23   35    1.149149   2.329281   31.325108  36.794844
  23   36    1.044420   2.383985   15.921179  27.589739
  23   37    0.908585   2.371999   13.914045  10.421126
  23   38    0.807549   2.338153   30.029836   5.653653
  23   39    0.728033   2.325852    9.621620  18.072200
  23   40    0.684495   2.333919   17.854025  32.660131
  23   41    0.561189   2.342355   37.335197  21.285181
  23   42    0.409075   2.387821   38.174409   9.333240
  23   43    0.383351   2.360763   17.390497  32.837398
  23   44    0.280062   2.389257   24.030108  35.200229
  23   45    0.178910   2.332056    5.439330  17.771572
  23   46    0.029479   2.357456   12.656851  23.017527
  24    0    4.645847   2.463373    3.275376  18.619183
  24    1    4.502295   2.445485   33.389650  14.517117
  24    2    4.413640   2.437962    2.078213  24.740236
  24    3    4.336855   2.498977   28.540970   7.020424
  24    4    4.256012   2.449829   20.449862  14.017957
  24    5    4.106312   2.481657   29.804456  11.912124
  24    6    4.011903   2.441984   17.782188  39.717252
  24    7    3.949260   2.499756   11.523318  13.661631
  24    8    3.806847   2.452471   12.907536  16.136083
  24    9    3.782463   2.493062   32.201552   2.025322
  24   10    3.692614   2.453376   38.649065  13.749221
  24   11    3.550234   2.411608   16.925236  30.257857
  24   12    3.495565   2.414559   34.801294   7.864151
  24   13    3.323483   2.463907   25.900193  28.606284
  24   14    3.283555   2.436064   25.235449  14.379223
  24   15    3.116858   2.405156   18.101394  35.055929
  24   16    3.027573   2.471014   19.238239  32.054442
  24   17    2.944609   2.431977   34.068508  34.242360
  24   18    2.847457   2.404224   22.856775  32.775610
  24   19    2.784966   2.464027   28.171101  40.639058
  24   20    2.691107   2.460879   22.936402  39.612858
  24   21    2.568785   2.422224   38.206022  23.575728
  24   22    2.403528   2.494303   14.702269  27.044881
  24   23    2.351116   2.458318   28.978600  29.337483
  24   24    2.295872   2.442200    3.149524   8.540556
  24   25    2.164058   2.451230   26.558304   9.540464
  24   26    2.025297   2.446690   19.171110   3.759884
  24   27    1.985935   2.461798   31.188632  15.174771
  24   28    1.844054   2.405042   33.266150  40.956538
  24   29    1.795270   2.429511   19.369996   2.150875
  24   30    1.670626   2.455241   22.836030  29.734609
  24   31    1.508445   2.402297   39.423496  36.881011
  24   32    1.477049   2.403320   33.489297  35.132446
  24   33    1.327167   2.413600    9.882474  29.372361
  24   34    1.274754   2.467862   30.440602  36.076804
  24   35    1.145972   2.459728   26.347866  16.504144
  24   36    1.016286   2.451180   23.002932  19.570823
  24   37    0.991020   2.484874    9.982378  29.606040
  24   38    0.812237   2.446344    3.336478   6.549680
  24   39    0.779264   2.451204   29.607608  28.150699
  24   40    0.691494   2.454600   30.031523   6.158066
  24   41    0.501881   2.457074   39.407285  25.318391
  24   42    0.408628   2.418664   27.766810  32.273941
  24   43    0.347406   2.467697   15.528859  11.387162
  24   44    0.224768   2.473939    6.198902  29.423354
  24   45    0.188571   2.439467   27.414749  37.347176
  24   46    0.057774   2.481958   24.402118   4.801406
  25    0    4.662163   2.551694    3.483599  13.833251
  25    1    4.513806   2.538125   21.592692   8.934767
  25    2    4.473520   2.507610    5.820975   9.414872
  25    3    4.375579   2.539350   40.534846   9.591449
  25    4    4.256345   2.530309   34.827986  17.478326
  25    5    4.132663   2.556187   26.940558   1.863870
  25    6    4.014564   2.558665   22.315373  22.380873
  25    7    3.996093   2.578861   16.338858  11.921538
  25    8    3.865805   2.543287   20.319691  13.252199
  25    9    3.743393   2.596837   39.304518  22.750008
  25   10    3.695803   2.553220   12.957238   7.763720
  25   11    3.590789   2.527592    6.600133  37.263089
  25   12    3.419695   2.530377   29.920488  38.381588
  25   13    3.386928   2.531803   17.699571  17.495546
  25   14    3.229638   2.570567    2.760810  20.064594
  25   15    3.166891   2.539380    9.324895  18.153917
  25   16    3.088560   2.567510   38.890345  21.063461
  25   17    2.996560   2.563614   25.042895  28.623325
  25   18    2.807099   2.529390   13.274961  17.423324
  25   19    2.775602   2.599141    2.631432   9.598507
  25   20    2.614915   2.566233   34.079273   6.986531
  25   21    2.552389   2.583545    2.839861  38.827577
  25   22    2.408552   2.550823   26.063770  30.138178
  25   23    2.336101   2.552090    1.331866   5.027375
  25   24    2.225879   2.575874   34.323177  32.232143
  25   25    2.170079   2.530423   15.013105  29.849536
  25   26    2.061925   2.565820   40.994210   6.580658
  25   27    1.956161   2.591057   34.610103  34.846757
  25   28    1.802504   2.552862   28.849962  37.085801
  25   29    1.792308   2.545994   27.280931   3.709021
  25   30    1.610541   2.593796   38.237231  36.036578
  25   31    1.505258   2.560088   36.202235  39.609884
  25   32    1.455393   2.586676    7.602139  25.290599
  25   33    1.326244   2.547558   18.491267   3.323210
  25   34    1.227669   2.544498   22.888464  18.004652
  25   35    1.171015   2.557535    8.485624  19.841080
  25   36    1.031219   2.596872   27.382190   3.273788
  25   37    0.945429   2.563578   30.317447  19.543885
  25   38    0.889915   2.520044   21.114800  17.483858
  25   39    0.704858   2.546854   31.882936  14.543957
  25   40    0.649757   2.540630   27.726937   3.877739
  25   41    0.549414   2.502951   11.722051   1.644375
  25   42    0.496548   2.519100   26.733107  35.780814
  25   43    0.337723   2.508291   20.987360  30.424925
  25   44    0.246035   2.595291   40.417156  29.126558
  25   45    0.149511   2.553671    4.595067  38.287462
  25   46    0.096880   2.570136   27.127319  16.368435
  26    0    4.621699   2.689680   18.815271  13.863299
  26    1    4.567219   2.605323    6.528709  36.559582
  26    2    4.424031   2.631559   26.972623  26.005487
  26    3    4.362803   2.645718    7.410159  35.327096
  26    4    4.228435   2.639540   30.592581   7.659226
  26    5    4.148833   2.608183   24.931417  23.663035
  26    6    4.061343   2.624778   20.242522  32.223920
  26    7    3.918601   2.634794    1.735733  35.899576
  26    8    3.810204   2.630685    8.481043   4.590706
  26    9    3.769931   2.678506   26.141947  34.931065
  26   10    3.684138   2.604837   36.742858   9.859635
  26   11    3.515131   2.674916   30.669264  36.691015
  26   12    3.404456   2.607543    8.650727  19.810931
  26   13    3.361825   2.655105   35.436943   6.087433
  26   14    3.223246   2.699783   14.159942  10.525139
  26   15    3.110501   2.671364   13.520196  33.045141
  26   16    3.037733   2.615398   32.104957  34.117218
  26   17    2.919987   2.640204   39.132670   9.999097
  26   18    2.884364   2.650281   13.131792  13.370011
  26   19    2.794342   2.655114   34.544928  21.128020
  26   20    2.659804   2.694737   30.663926  30.122770
  26   21    2.543716   2.685382   37.937410  38.812936
  26   22    2.426059   2.694293    4.463443  16.590799
  26   23    2.367785   2.656612   31.925435  24.250574
  26   24    2.213876   2.648932    9.513259  33.362517
  26   25    2.103203   2.603662    1.282852  26.846871
  26   26    2.042404   2.651055   22.360326   8.640620
  26   27    1.966261   2.697301   28.430004  10.961115
  26   28    1.823743   2.618440    7.723765  40.364288
  26   29    1.708590   2.672216    6.540753  28.766631
  26   30    1.618606   2.600049   30.085953   6.169720
  26   31    1.587212   2.625854   32.662362   4.439153
  26   32    1.453730   2.619728   28.148630   5.716576
  26   33    1.330626   2.615118   17.031089  37.579414
  26   34    1.202982   2.675692   14.450183  35.728242
  26   35    1.159858   2.651075   29.805426  12.721724
  26   36    1.072299   2.632139   38.104304  30.164116
  26   37    0.997547   2.680621    2.727965  16.975689
  26   38    0.813652   2.623417   35.534291  26.262447
  26   39    0.769088   2.648408   10.765934  19.293480
  26   40    0.625162   2.640878   12.241326  21.762564
  26   41    0.567777   2.652396   37.569529  12.550399
  26   42    0.473296   2.687877    8.059113  29.435646
  26   43    0.320616   2.642015   38.626201   3.571811
  26   44    0.298773   2.669350   39.011344  32.123495
  26   45    0.153059   2.659186   17.278141  16.434798
  26   46    0.040343   2.628957   40.802500  34.805088
  27    0    4.609500   2.789377    1.309262  10.818224
  27    1    4.530057   2.759025    2.136573  39.780992
  27    2    4.441635   2.772340   11.597042  29.870198
  27    3    4.379948   2.786304   10.472346  16.886053
  27    4    4.229127   2.720371   29.363638  21.007252
  27    5    4.193224   2.780059   38.487946   2.711058
  27    6    4.046069   2.705666   34.849781  18.254843
  27    7    3.993123   2.738075   16.441425  21.134405
  27    8    3.832786   2.707764    7.773979  16.184121
  27    9    3.769548   2.780849   23.778209  12.035117
  27   10    3.675345   2.757067   28.728646  23.195193
  27   11    3.597362   2.724612   12.750300  25.878849
  27   12    3.434931   2.771098   20.703842  15.842451
  27   13    3.380945   2.709745   27.476199  28.938847
  27   14    3.205821   2.756403   21.218341  26.092838
  27   15    3.127148   2.732743    3.784545   7.234148
  27   16    3.014238   2.740904   18.076843  19.853212
  27   17    2.943234   2.767117    8.348576  16.837590
  27   18    2.800673   2.709047   35.561180   7.798325
  27   19    2.797678   2.761406   40.032534   4.026546
  27   20    2.655583   2.735201    2.902443   8.476211
  27   21    2.569920   2.770972   32.035234  10.819596
  27   22    2.402426   2.749570   13.170024  18.863108
  27   23    2.350174   2.714312   20.330050  29.762647
  27   24    2.243033   2.725237    8.252606  38.985341
  27   25    2.132376   2.744329   22.064663  36.398355
  27   26    2.098182   2.745021   24.395228   4.920910
  27   27    1.972141   2.790343   36.997954   8.672999
  27   28    1.890960   2.792422   22.795590   8.438852
  27   29    1.757267   2.757567   25.715496  39.605251
  27   30    1.632160   2.712252   11.051837  21.729720
  27   31    1.560930   2.767385   10.279175   2.861644
  27   32    1.475409   2.703402   33.793119  22.125895
  27   33    1.317087   2.783925   26.130500  40.453805
  27   34    1.215151   2.738737   34.613292   4.405689
  27   35    1.173965   2.700308    8.481266   7.592864
  27   36    1.002794   2.755245    6.467179  37.220580
  27   37    0.944665   2.751376   22.089259  11.806748
  27   38    0.855500   2.721347   13.977884  25.380167
  27   39    0.783986   2.778785   20.230776   1.746389
  27   40    0.628067   2.767659   28.642698  21.174804
  27   41    0.577495   2.799078   26.845796  35.677176
  27   42    0.411228   2.762519   26.714217  25.611137
  27   43    0.332687   2.715663   35.245686  30.472314
  27   44    0.209446   2.724237   19.572347  34.381107
  27   45    0.112761   2.771589    7.437393  18.995037
  27   46    0.037894   2.788297   17.691920  13.580295
  28    0    4.651088   2.861588   20.032164  27.076969
  28    1    4.561815   2.889641   11.849732  16.636782
  28    2    4.428900   2.809070   35.870839  20.870201
  28    3    4.381816   2.877664    9.003865  16.607019
  28    4    4.290007   2.866575   24.911889  11.171001
  28    5    4.145916   2.854713   25.317203  26.940520
  28    6    4.004573   2.816658   13.592385  13.383359
  28    7    3.943259   2.817652   35.086144  39.010489
  28    8    3.878997   2.834246   28.786183  30.110904
  28    9    3.705434   2.886436    1.874549  16.152818
  28   10    3.640910   2.821236   20.647630  27.936010
  28   11    3.509189   2.823663   36.942038  11.651197
  28   12    3.407102   2.839420   18.043218  20.765269
  28   13    3.339080   2.884727   40.094817  22.051401
  28   14    3.267863   2.848778   30.937603   9.190771
  28   15    3.130220   2.889454   39.376253   7.383104
  28   16    3.093793   2.804775    6.014538  18.636978
  28   17    2.969794   2.872991   18.553519   6.312926
  28   18    2.890564   2.880493   24.977283  28.633279
  28   19    2.791349   2.856257   25.145651   6.947688
  28   20    2.693438   2.857268   29.387140  31.372617
  28   21    2.548166   2.874399   26.777455   2.952193
  28   22    2.406504   2.870957   21.562815  39.786918
  28   23    2.301087   2.815457    9.932738  29.841144
  28   24    2.251679   2.810034    7.977381  23.690333
  28   25    2.102193   2.850850   32.719425  17.750136
  28   26    2.099437   2.836444   39.753663   7.111632
  28   27    1.998615   2.884316   32.048157  14.685968
  28   28    1.807057   2.840448    4.272947  30.757411
  28   29    1.720468   2.806558   25.665065   8.201823
  28   30    1.690828   2.846658   12.575957  10.618065
  28   31    1.553551   2.819167   20.768433   3.638196
  28   32    1.406261   2.860072   29.149135  27.048801
  28   33    1.330934   2.883221    3.478067   3.515738
  28   34    1.204733   2.878064    3.853280  18.228290
  28   35    1.107947   2.855548   37.215222  35.361529
  28   36    1.076351   2.897181   30.165712  27.717850
  28   37    0.912284   2.898729   23.090018  34.195569
  28   38    0.876959   2.812025    9.571149  27.914366
  28   39    0.785132   2.889721   31.682316   1.099611
  28   40    0.672315   2.837562   28.850577  29.510497
  28   41    0.550139   2.806362   23.141128  30.735777
  28   42    0.414358   2.885955   35.181433  11.645975
  28   43    0.364999   2.841035   31.316647   8.377689
  28   44    0.293323   2.894308   23.376499   8.254173
  28   45    0.125100   2.876429   17.678085  20.962178
  28   46    0.085130   2.830677   30.252965  23.178394
  29    0    4.600352   2.959582    2.059554   6.864935
  29    1    4.536036   2.902301    3.037168  39.952654
  29    2    4.494790   2.927305   29.815283   5.548797
  29    3    4.395978   2.952195   31.874598   1.712053
  29    4    4.223918   2.968599   38.754541  40.928645
  29    5    4.128327   2.958079   30.928812  22.518128
  29    6    4.006997   2.957812   24.265683  21.242239
  29    7    3.986985   2.941093   38.216948  13.454913
  29    8    3.870642   2.956072   27.327805  23.411594
  29    9    3.761776   2.950805    1.243632   5.171712
  29   10    3.656015   2.957907   27.647559  31.324835
  29   11    3.550067   2.917746   23.659078   3.118941
  29   12    3.414862   2.954994   12.947748  15.163780
  29   13    3.316298   2.955030    7.581302  22.543682
  29   14    3.269307   2.999623   35.473357  12.847799
  29   15    3.151864   2.946564   36.886380  17.381906
  29   16    3.096987   2.976727   38.069766   4.859819
  29   17    2.945263   2.980963   28.684787  20.504655
  29   18    2.886596   2.935220   34.726950  20.165665
  29   19    2.716932   2.977457   13.365889  32.345758
  29   20    2.689269   2.986927   24.272518  33.633222
  29   21    2.564463   2.902937    8.006725  30.758983
  29   22    2.468485   2.954493   40.935513  14.303232
  29   23    2.302078   2.997732   23.605297   7.022847
  29   24    2.225304   2.938481    1.791971  39.058834
  29   25    2.163301   2.911788   13.512626   1.231599
  29   26    2.046724   2.978202   18.642277  17.686292
  29   27    1.967727   2.902632    8.601904  34.881217
  29   28    1.892845   2.900908   40.659432   3.014649
  29   29    1.731536   2.961845   14.127142  19.279575
  29   30    1.603233   2.989558    4.186413   3.767361
  29   31    1.527154   2.917699   23.887760  35.480232
  29   32    1.464554   2.950682    7.349843  37.954284
  29   33    1.369966   2.908230   19.229644  34.759631
  29   34    1.239980   2.930745   39.696297  21.077696
  29   35    1.129450   2.931188   23.577249  38.227786
  29   36    1.016296   2.911927   40.846576  16.121343
  29   37    0.928399   2.955178   17.605378  39.982860
  29   38    0.876845   2.916402   17.202401  21.236822
  29   39    0.707085   2.919720   25.823367  40.290348
  29   40    0.657587   2.961934   12.028986  36.236919
  29   41    0.589271   2.961077    2.258422  33.587897
  29   42    0.489550   2.941040   21.776066  30.450829
  29   43    0.393923   2.975380   31.088940  30.687082
  29   44    0.273795   2.940960   40.288964  32.191503
  29   45    0.190269   2.970927   17.492725  25.363811
  29   46    0.074795   2.982337   12.600398  34.030690
  30    0    4.694546   3.067471   34.639029  22.599304
  30    1    4.554726   3.030762   31.282742  38.272525
  30    2    4.454327   3.071931   14.667453  29.053938
  30    3    4.304681   3.027264   10.879552  33.461853
  30    4    4.260758   3.097112    4.660783  25.926522
  30    5    4.159175   3.091303    9.724212  35.458797
  30    6    4.070344   3.092912   33.032900  40.171934
  30    7    3.907555   3.073003   13.492634  25.556343
  30    8    3.806107   3.027899   27.416979  22.120302
  30    9    3.740079   3.070114   31.125985  33.313102
  30   10    3.642986   3.093262   32.053226   5.861277
  30   11    3.587366   3.079597   21.298494  23.218642
  30   12    3.464309   3.000822   30.839507  13.327224
  30   13    3.329862   3.023730   26.394463  12.004168
  30   14    3.204940   3.012130   31.622246   3.829482
  30   15    3.168651   3.076300   20.997635   7.356583
  30   16    3.072419   3.066644   27.969044  27.872164
  30   17    2.960591   3.015685   23.185168  38.989301
  30   18    2.859963   3.073542   26.578552  17.388264
  30   19    2.729263   3.048567    9.457514  29.468518
  30   20    2.634605   3.093947   31.647167  14.113160
  30   21    2.568548   3.080489   37.924560   4.888895
  30   22    2.400105   3.068173   31.926189  23.630918
  30   23    2.357944   3.057648   39.407459  14.438002
  30   24    2.297398   3.036045    1.867162   4.699109
  30   25    2.107828   3.068072   22.404628  33.084104
  30   26    2.015447   3.057452   25.167150   1.778153
  30   27    1.948854   3.069727   35.409478  23.067251
  30   28    1.842267   3.064967   37.189776  23.261551
  30   29    1.772583   3.008115   18.856469  27.568896
  30   30    1.689726   3.070728    2.151943  38.723628
  30   31    1.520163   3.096574   19.011183  23.880609
  30   32    1.476381   3.005720   31.630151  15.571776
  30   33    1.302494   3.058754    7.409131  33.587755
  30   34    1.250200   3.091175   12.854469  38.810450
  30   35    1.118829   3.074651   31.987108  33.729302
  30   36    1.077416   3.029023   28.422209  17.194522
  30   37    0.921118   3.029079   19.839954  15.590283
  30   38    0.815113   3.051158   13.477467  34.869881
  30   39    0.748650   3.034628   16.574640  16.728691
  30   40    0.623273   3.085727   32.066723  19.669500
  30   41    0.531683   3.089905   23.522670  27.033939
  30   42    0.457128   3.082758   21.294776  27.553494
  30   43    0.333716   3.038268    1.610844  21.059315
  30   44    0.212555   3.091117   10.069334   7.252002
  30   45    0.169971   3.012259    9.479501  36.566175
  30   46    0.076070   3.094152   28.636666   9.990046
