   0    0    4.798456   0.052392   29.782745  13.849696
   0    1    4.606141   0.077206   36.898793  28.476151
   0    2    4.540750   0.050297   18.804354  28.870083
   0    3    4.417985   0.009833   34.025868  19.593321
   0    4    4.315085   0.000493    9.957911  38.186451
   0    5    4.262384   0.080759   23.853110   3.519380
   0    6    4.100493   0.038735   13.106631  18.927884
   0    7    4.034313   0.072816   16.421527  33.056420
   0    8    3.987158   0.044374   39.460469   6.633418
   0    9    3.889718   0.036258    9.751631  24.035909
   0   10    3.742537   0.096949   21.585888  26.526010
   0   11    3.616208   0.029268   38.708063  34.657797
   0   12    3.560748   0.003772   17.680820  28.879720
   0   13    3.430546   0.069840   15.424919  31.240328
   0   14    3.300788   0.076461   18.778113  31.913935
   0   15    3.298284   0.045193   30.755904  29.693308
   0   16    3.147969   0.099694   26.954892  36.468795
   0   17    3.085641   0.010526   36.252467  25.972893
   0   18    2.908613   0.066423   33.289262  13.786274
   0   19    2.865372   0.010174   27.462179   8.971256
   0   20    2.770619   0.050355   16.219884  21.041695
   0   21    2.606826   0.071152    1.878622  25.739818
   0   22    2.531963   0.048736   24.128002  28.840774
   0   23    2.485799   0.051547   28.663177  21.640041
   0   24    2.315476   0.056272   40.375564  30.717581
   0   25    2.252015   0.074409   22.298126   6.961085
   0   26    2.151445   0.024533   14.697138   6.739140
   0   27    2.091200   0.041534   18.619546   6.738948
   0   28    1.919631   0.020191   21.757397  11.642688
   0   29    1.814698   0.000930   29.217553  31.957025
   0   30    1.799242   0.020234   15.849992  12.501938
   0   31    1.602464   0.036782   18.980510   8.003326
   0   32    1.579197   0.072565   10.127727  31.738984
   0   33    1.415000   0.061384   11.598858  10.204914
   0   34    1.331707   0.006377   39.417963  18.368830
   0   35    1.276432   0.014747   19.133329   6.455421
   0   36    1.149759   0.098291    7.591290  33.683794
   0   37    1.014415   0.019527   14.291313  33.396845
   0   38    0.993510   0.087421   33.615538  37.155397
   0   39    0.822939   0.096399   37.844269  15.312095
   0   40    0.781928   0.085389   34.841274  34.151628
   0   41    0.691319   0.018169   38.658075  33.830116
   0   42    0.504183   0.045743   21.728986  39.137789
   0   43    0.416832   0.069686   20.097327  11.740695
   0   44    0.310353   0.041349    5.142217  16.349469
   0   45    0.289386   0.084996   34.103623   5.661389
   0   46    0.172946   0.048001   15.494999   4.496457
   0   47    0.004556   0.053214    3.036950   9.994315
   1    0    4.789556   0.147833   22.455952  12.876766
   1    1    4.625998   0.120222   19.408336  38.555864
   1    2    4.522638   0.147100    4.575524  33.350219
   1    3    4.479923   0.164593   34.921023  30.457699
   1    4    4.344947   0.149437   10.116883   5.941380
   1    5    4.222779   0.192998   22.776439  23.262729
   1    6    4.178649   0.137940   13.535033   5.411907
   1    7    4.078677   0.182913   20.990347   9.135045
   1    8    3.982371   0.197235   26.462817   1.962745
   1    9    3.895341   0.198558   19.503585  18.648127
   1   10    3.753686   0.150161   27.726486  11.296848
   1   11    3.616460   0.119788   40.160882  22.110948
   1   12    3.574562   0.192773   33.827622   7.593481
   1   13    3.414368   0.153035   16.170313  39.716891
   1   14    3.334244   0.186079   39.492238  27.515422
   1   15    3.269784   0.138433    6.444983   9.515741
   1   16    3.117850   0.103252   17.301942   4.190716
   1   17    3.025141   0.127903   40.267635  36.154297
   1   18    2.949640   0.137030   36.086132  37.180958
   1   19    2.874634   0.185220   39.007901  33.526478
   1   20    2.727484   0.143577   39.668232  27.768360
   1   21    2.687608   0.151017    4.161004  40.919096
   1   22    2.579470   0.136309   40.723042   8.464209
   1   23    2.492294   0.123170   34.765778  34.934813
   1   24    2.314935   0.145993   28.916366  31.461598
   1   25    2.274124   0.126169   22.298908  38.419053
   1   26    2.130343   0.131921    8.162096  32.825660
   1   27    2.067014   0.181834   27.431405  22.813025
   1   28    1.965531   0.162998   24.746048  17.534823
   1   29    1.836948   0.148154   10.572342  31.800263
   1   30    1.787758   0.187336   26.229851  15.056916
   1   31    1.675126   0.163014    6.913975   1.809434
   1   32    1.509791   0.174242   20.462305  15.964292
   1   33    1.432628   0.115261    6.731416  38.881483
   1   34    1.323983   0.143461    4.689653  37.162422
   1   35    1.240220   0.166777    2.979099  31.604462
   1   36    1.156808   0.193121   26.670280  16.626730
   1   37    1.065373   0.166175   20.765334  36.264741
   1   38    0.917789   0.100023    2.863438   8.112772
   1   39    0.863987   0.127218    7.075315  23.058593
   1   40    0.733050   0.193754   33.175606  12.125143
   1   41    0.686515   0.193214   34.152003   1.153452
   1   42    0.516901   0.199570   37.412233  21.500838
   1   43    0.497335   0.172423   36.233365   5.583472
   1   44    0.344935   0.104058   35.496587  38.283087
   1   45    0.262189   0.108879   16.883529  10.409314
   1   46    0.149037   0.122302   21.681585  13.131995
   1   47    0.051401   0.148085   12.944460  10.267403
   2    0    4.758534   0.235626   22.394450  29.338651
   2    1    4.696319   0.267651    1.173828   6.379220
   2    2    4.562370   0.224913   18.018194  40.579661
   2    3    4.423046   0.269230   24.923812   3.286487
   2    4    4.364772   0.246102   30.827910  34.869382
   2    5    4.271035   0.270006   20.754630   9.023438
   2    6    4.151300   0.281674   34.463978  36.737439
   2    7    4.084468   0.289496   18.665664  34.132659
   2    8    3.973474   0.254756   24.738306  35.479437
   2    9    3.841625   0.200579   14.666101   3.876314
   2   10    3.798370   0.210937    7.233835  19.399073
   2   11    3.661521   0.202431   30.696073  13.189867
   2   12    3.554624   0.256977    4.071550   4.280173
   2   13    3.498130   0.277450    4.448352  25.370740
   2   14    3.338210   0.295281   20.383347  28.897496
   2   15    3.200360   0.214254   30.429701  23.189645
   2   16    3.120198   0.208368   40.443142  31.195455
   2   17    3.080692   0.214501   23.640071   5.057646
   2   18    2.924342   0.228487   24.072669  35.834211
   2   19    2.897024   0.252538   18.536856  39.077331
   2   20    2.714923   0.274156   25.852502  17.122923
   2   21    2.610762   0.223784    8.490537   4.251759
   2   22    2.554730   0.247560    2.832863  30.930245
   2   23    2.439551   0.200263   34.727039  20.820185
   2   24    2.359320   0.264624   10.852872  14.982455
   2   25    2.275294   0.209870   28.791262  20.634881
   2   26    2.186923   0.232992   35.240931  39.029946
   2   27    2.087258   0.269692   18.855242  33.688641
   2   28    1.963407   0.202256   18.583030  24.683096
   2   29    1.876000   0.233125    7.733512   8.347939
   2   30    1.748639   0.285469   16.409775   9.288853
   2   31    1.686776   0.255534   39.257258  20.541959
   2   32    1.504397   0.291311   31.067069  19.039693
   2   33    1.430814   0.243860    9.697958   1.103055
   2   34    1.324677   0.212236   24.699358  23.576904
   2   35    1.299452   0.231827   12.220232  20.649528
   2   36    1.136774   0.285518   14.188500  27.670484
   2   37    1.089648   0.214323   24.882703  37.846879
   2   38    0.975991   0.281300    4.055306  35.128225
   2   39    0.889738   0.282019    6.494730  39.579051
   2   40    0.778085   0.274605   17.744914  35.906898
   2   41    0.601558   0.220469   29.675942  40.506450
   2   42    0.521796   0.226707    3.381196  39.468745
   2   43    0.499169   0.276672   36.754550  24.682882
   2   44    0.388825   0.235359   36.989462  25.746805
   2   45    0.245432   0.250478   31.679496   3.348821
   2   46    0.190571   0.213062   24.350794  29.652905
   2   47    0.005532   0.238271   19.910542  10.713760
   3    0    4.739766   0.317917   12.065405  15.882482
   3    1    4.611307   0.341953   18.289479  23.485706
   3    2    4.520798   0.392522   19.066473  17.840685
   3    3    4.441859   0.357570   18.184686  30.101178
   3    4    4.335088   0.363005   31.739975   7.834533
   3    5    4.294420   0.374783   17.740344  32.054396
   3    6    4.167327   0.312447   28.970086  15.246226
   3    7    4.024817   0.350935   22.850666  32.419657
   3    8    3.934673   0.370810   17.843809  35.223007
   3    9    3.839111   0.371582   11.518555  15.606194
   3   10    3.744197   0.356927   26.412516  32.489274
   3   11    3.617145   0.373141   22.547201  27.580157
   3   12    3.593930   0.367203   16.822191   3.206990
   3   13    3.444679   0.382702    7.052137   7.233620
   3   14    3.309790   0.330372   30.288180  12.380712
   3   15    3.223713   0.325068   30.070386  37.275888
   3   16    3.114488   0.338004   34.804369  15.123891
   3   17    3.020306   0.357730   29.582362  16.967636
   3   18    2.975171   0.316384   37.140717  17.173420
   3   19    2.895838   0.320757   31.551273   9.213761
   3   20    2.774150   0.327007    2.597183  13.359686
   3   21    2.651160   0.330466    2.123805  40.976137
   3   22    2.591475   0.370101   39.146118   2.309724
   3   23    2.493443   0.303279   31.924971  18.662737
   3   24    2.379429   0.318449   27.009260  11.481377
   3   25    2.212774   0.369290   12.419034  19.094969
   3   26    2.147201   0.327226   10.379551  38.696666
   3   27    2.029692   0.323856   20.597493  11.850315
   3   28    1.959060   0.349647   14.912028   4.662900
   3   29    1.845828   0.369909   35.794182  20.222711
   3   30    1.781271   0.337941   32.772126  15.540366
   3   31    1.697695   0.323710   11.216601  35.738424
   3   32    1.591823   0.324485    6.443792  15.435744
   3   33    1.478430   0.392415   32.821636  25.110472
   3   34    1.392708   0.358899   23.163847  25.770712
   3   35    1.253891   0.383076   39.452919  28.709953
   3   36    1.137047   0.323474    3.763132  21.795524
   3   37    1.058015   0.369619   30.696120   6.077973
   3   38    0.902810   0.361522   12.859011   6.087632
   3   39    0.807733   0.326836   12.697536  16.697171
   3   40    0.711159   0.331072   11.757864   4.695768
   3   41    0.629955   0.338597    7.230396  13.187129
   3   42    0.500658   0.339775   21.090298  13.660196
   3   43    0.442269   0.301229   35.582372   9.283306
   3   44    0.328621   0.325980   17.115817   1.960149
   3   45    0.275016   0.372430    6.376847  26.404416
   3   46    0.177829   0.325651   13.797800  11.509806
   3   47    0.065234   0.361094    5.229544  20.308501
   4    0    4.700633   0.405105    2.163675  25.644438
   4    1    4.692745   0.414059    4.181194  23.283249
   4    2    4.533170   0.445546    9.129238   4.608712
   4    3    4.465267   0.432087   40.135985   7.511430
   4    4    4.359947   0.436904   19.880143  29.879402
   4    5    4.292914   0.439233   14.074580   1.697634
   4    6    4.103502   0.475744    1.067633  18.725114
   4    7    4.022857   0.437342   36.599572  15.737798
   4    8    3.955164   0.464804    6.489670   6.225917
   4    9    3.832117   0.400489   10.410299  27.158337
   4   10    3.751092   0.480200   22.592652  24.046093
   4   11    3.600624   0.403010   16.593002  18.246990
   4   12    3.532860   0.406408   18.042995  13.573534
   4   13    3.407644   0.429119   19.151386  24.242822
   4   14    3.313774   0.438840   39.781909  35.609625
   4   15    3.212557   0.482148   20.991675  40.648115
   4   16    3.100911   0.419181   27.390754  39.613755
   4   17    3.095728   0.497090   14.615354   1.670213
   4   18    2.998570   0.499568   18.258447  32.576931
   4   19    2.846801   0.461395   32.061828   1.996690
   4   20    2.741370   0.428334   27.956410  40.919261
   4   21    2.696284   0.465848   31.182293  10.552517
   4   22    2.574665   0.412189   33.390672  28.376399
   4   23    2.491622   0.439902   19.115181  37.583226
   4   24    2.316261   0.437587   40.714742  38.660352
   4   25    2.221243   0.473974   28.872612  25.353379
   4   26    2.196603   0.427453   25.650969  33.750354
   4   27    2.089140   0.494957   11.236325  37.944953
   4   28    1.984644   0.468542   30.782157  36.989845
   4   29    1.838591   0.440649   21.700650  27.085592
   4   30    1.763565   0.469418   12.539262  24.735890
   4   31    1.616453   0.473763   30.989124  28.631940
   4   32    1.524309   0.499339   30.025064  21.127672
   4   33    1.459231   0.486864   27.710423  18.278640
   4   34    1.395574   0.414337   18.477771  37.611052
   4   35    1.268757   0.475831   13.008364  25.258858
   4   36    1.126474   0.498323   12.092568  22.176441
   4   37    1.028762   0.401346    9.599743  29.247502
   4   38    0.982512   0.434278   34.083200   2.837592
   4   39    0.894069   0.415423    1.382911   8.373648
   4   40    0.706817   0.473417   36.279723   5.699204
   4   41    0.661298   0.403142   24.838972  25.193975
   4   42    0.536774   0.488667    6.222629  20.031553
   4   43    0.404169   0.478514    9.736621  32.674316
   4   44    0.351236   0.482890   26.627616  31.090677
   4   45    0.227433   0.477815   14.190651  33.671776
   4   46    0.155456   0.471971   30.259335  25.992946
   4   47    0.061359   0.413715   17.913250  15.105139
   5    0    4.789663   0.578251    2.666498  18.773176
   5    1    4.683451   0.589214   27.536260  21.946650
   5    2    4.572904   0.550716    5.894812  17.825747
   5    3    4.415661   0.521623   29.171628  36.363505
   5    4    4.366324   0.574947   28.208249  32.248497
   5    5    4.203912   0.593761   15.916359  23.782762
   5    6    4.159505   0.548047   28.013233   3.179485
   5    7    4.042057   0.532034    1.797323  40.348651
   5    8    3.949771   0.571579   34.594398  32.037018
   5    9    3.854698   0.509210    8.690348  25.186594
   5   10    3.797567   0.559026   33.934598  19.643660
   5   11    3.602377   0.583489   39.037073  26.083549
   5   12    3.501075   0.563340    4.805966  28.535245
   5   13    3.418650   0.514836   24.722122   8.639623
   5   14    3.340156   0.504885   38.482826  15.326237
   5   15    3.231455   0.544594   31.262208  36.641179
   5   16    3.193523   0.520379   14.841370  10.823075
   5   17    3.060887   0.585005   36.497837   5.351013
   5   18    2.933740   0.559424   18.275041  32.647482
   5   19    2.822151   0.541575   34.267343  19.606454
   5   20    2.752176   0.526782   38.768650  38.452006
   5   21    2.695938   0.583073   36.082072  15.061578
   5   22    2.560510   0.505757   36.638297  27.380373
   5   23    2.458855   0.581513   37.610555   3.605032
   5   24    2.356663   0.500891   33.858253  13.245568
   5   25    2.293771   0.567576   21.818606  22.930263
   5   26    2.131230   0.506623   10.559991  24.968844
   5   27    2.024078   0.585725   26.901330   5.430283
   5   28    1.925553   0.542654   32.202646  18.143194
   5   29    1.836849   0.587655   14.682083  33.034398
   5   30    1.734475   0.596454   11.078227   6.155112
   5   31    1.677748   0.572725   13.942507  12.299639
   5   32    1.575677   0.578705   15.228981  40.118811
   5   33    1.415312   0.569680   23.186801   8.014966
   5   34    1.323122   0.528396   38.518358   3.947338
   5   35    1.283808   0.555240   38.632475  33.771596
   5   36    1.124750   0.500893   37.511092  24.205385
   5   37    1.022402   0.522011    5.758881  14.398149
   5   38    0.993948   0.534510   23.981986  23.958865
   5   39    0.833734   0.540717   36.533878  27.854607
   5   40    0.780663   0.518938   36.287042  15.656668
   5   41    0.687223   0.509867    9.478067   3.124383
   5   42    0.591198   0.582328   18.494634  10.150295
   5   43    0.491581   0.549781   36.015069  35.839124
   5   44    0.335788   0.572949   13.088500  37.277411
   5   45    0.256974   0.577239   34.095403  24.816189
   5   46    0.139982   0.535991   21.218378   8.005641
   5   47    0.060168   0.592099   38.870573  30.384026
   6    0    4.759681   0.676477    3.888178  38.953273
   6    1    4.615734   0.617814   20.233038   9.316026
   6    2    4.590355   0.655151   28.135656   7.173814
   6    3    4.442999   0.664100   28.326800  31.388704
   6    4    4.358510   0.685825   24.171585  26.411696
   6    5    4.201934   0.621856   10.672412   9.025407
   6    6    4.127945   0.689863   12.610529  35.606695
   6    7    4.051552   0.658001   38.339264  14.182027
   6    8    3.944595   0.616312   25.339346   6.244985
   6    9    3.861604   0.650994   23.637072  15.576537
   6   10    3.781994   0.654649   39.233627   7.225032
   6   11    3.682524   0.696603   28.087555  24.559463
   6   12    3.534408   0.651193   28.846344  34.226842
   6   13    3.449522   0.617880   26.976358  29.367723
   6   14    3.336652   0.689946    2.357035  35.143427
   6   15    3.264651   0.633296   35.574314   5.199587
   6   16    3.168388   0.613940   14.483918  23.953609
   6   17    3.065361   0.672664   12.156236  31.493799
   6   18    2.926406   0.644150   10.725381  12.485650
   6   19    2.849718   0.681737   14.234466   7.991243
   6   20    2.720940   0.699589   29.211388  22.841468
   6   21    2.686952   0.623237   16.963487  37.602827
   6   22    2.571490   0.634438    9.609351  32.821535
   6   23    2.497349   0.664650    6.460949  36.802588
   6   24    2.343970   0.685850   32.943138  32.510851
   6   25    2.237773   0.641196   35.829544  23.210309
   6   26    2.184133   0.669592    1.847905  32.256712
   6   27    2.078215   0.696204   37.953208  15.223290
   6   28    1.962323   0.669689    7.697522  20.589299
   6   29    1.800759   0.630496    6.680201  40.002177
   6   30    1.751522   0.643018   39.205432   5.206416
   6   31    1.695237   0.637410    6.794683  23.811120
   6   32    1.514469   0.600083   26.513829  20.964038
   6   33    1.465566   0.660719   33.217445  12.657796
   6   34    1.376314   0.629164    5.450099  35.884629
   6   35    1.297424   0.689011   11.165553   1.374182
   6   36    1.106820   0.602653   28.543573  29.515502
   6   37    1.071374   0.691936   11.539676  35.724241
   6   38    0.930580   0.641536   22.559633  37.539811
   6   39    0.835935   0.611302    9.596991  34.820043
   6   40    0.725005   0.616873   16.722344  12.363075
   6   41    0.682360   0.643100   40.006554  40.073091
   6   42    0.554023   0.635531    1.460802  21.468452
   6   43    0.486974   0.685336   37.673162  12.103008
   6   44    0.320503   0.691562    4.428473  33.654276
   6   45    0.207934   0.680933    1.254718  28.470992
   6   46    0.102340   0.664267   28.708841   7.837713
   6   47    0.041152   0.654977   15.087234  22.800788
   7    0    4.765948   0.709367    7.534774  39.928663
   7    1    4.654854   0.731250   35.270643   9.795244
   7    2    4.526584   0.720634   10.513055  20.348398
   7    3    4.433884   0.714236   26.957639  20.851808
   7    4    4.347506   0.735923   28.259588   8.087687
   7    5    4.273332   0.739686   32.426872  11.425651
   7    6    4.139380   0.723755    5.514878  16.769510
   7    7    4.066476   0.729371   13.310834  33.984418
   7    8    3.937659   0.714421   27.223404  14.001758
   7    9    3.834235   0.733762    5.387876  39.343896
   7   10    3.798870   0.733067    7.724616  17.375631
   7   11    3.642473   0.710170   10.636828  14.369243
   7   12    3.566760   0.751253   10.117295  28.785760
   7   13    3.449493   0.763262    8.791791  25.471683
   7   14    3.316224   0.798227   31.023135  23.318392
   7   15    3.218902   0.769899   19.423695  35.025931
   7   16    3.186723   0.763473    5.389415  19.774285
   7   17    3.022825   0.720865    5.614294  11.778897
   7   18    2.967594   0.778036   36.634735   6.963277
   7   19    2.847007   0.738357   21.577360  26.515538
   7   20    2.795209   0.783743   39.355818  23.227812
   7   21    2.692889   0.769975    9.120842  30.693039
   7   22    2.566370   0.786595   14.977471  26.222997
   7   23    2.452091   0.717478    1.632876  18.449820
   7   24    2.363654   0.743496   25.141840  25.801102
   7   25    2.205967   0.731724   39.313555  31.341174
   7   26    2.126577   0.749892   23.297165   4.918710
   7   27    2.077072   0.793965   35.663457  20.348657
   7   28    1.987519   0.780001   11.860302  21.805044
   7   29    1.830293   0.708086    2.778968  11.155653
   7   30    1.723304   0.781022   30.491353  11.200312
   7   31    1.689364   0.748373    1.793520   6.376878
   7   32    1.552097   0.738033   10.432772  23.293212
   7   33    1.499138   0.743054   14.842916   2.374852
   7   34    1.330999   0.707244   30.529432  36.057069
   7   35    1.225689   0.725122   36.221975  38.491734
   7   36    1.182264   0.761871   22.460148  10.004377
   7   37    1.044755   0.748843   12.938798  12.970183
   7   38    0.995498   0.707080   15.875245   3.949825
   7   39    0.824435   0.752876   28.662022  12.532255
   7   40    0.719506   0.798299   28.548813  16.192226
   7   41    0.660298   0.749066   40.095471  31.530622
   7   42    0.570647   0.740652   12.318354  37.596041
   7   43    0.470161   0.729754   21.103705   1.781760
   7   44    0.344600   0.756333   22.498591   1.373539
   7   45    0.201822   0.715835   27.451014  15.636007
   7   46    0.125386   0.781476   26.620259   8.938924
   7   47    0.049871   0.712811   23.805458  22.534762
   8    0    4.739306   0.894374   27.758786   2.026075
   8    1    4.617477   0.802744   34.698638  33.250359
   8    2    4.502129   0.882893    8.381806  18.331878
   8    3    4.495652   0.876260   12.420923  16.199510
   8    4    4.355419   0.830477    2.558527  31.267407
   8    5    4.265995   0.800685   37.370955  16.666467
   8    6    4.182335   0.837364   17.538038  13.969548
   8    7    4.063294   0.827870   40.167255  12.467433
   8    8    3.934549   0.896464   30.117686   3.545975
   8    9    3.861596   0.868449   39.868894  38.532995
   8   10    3.790089   0.811811   38.886738  13.596681
   8   11    3.671503   0.898009    8.941190   8.080725
   8   12    3.596993   0.881557   40.344601  11.375588
   8   13    3.457408   0.815068   23.141483  29.495362
   8   14    3.339593   0.867228   15.056908  40.526087
   8   15    3.201308   0.840772   13.289115  25.729327
   8   16    3.193042   0.836250   39.426885  11.144638
   8   17    3.054517   0.835848    5.922765  26.981634
   8   18    2.907394   0.895741   39.323446  15.996917
   8   19    2.830281   0.811660   21.137395  27.608548
   8   20    2.785101   0.832125   33.721529  25.031265
   8   21    2.698754   0.829052   28.432094  14.664693
   8   22    2.585225   0.833348   19.674261  19.904533
   8   23    2.451172   0.811251   25.189193   8.168588
   8   24    2.303967   0.898303    4.350589  16.055736
   8   25    2.202332   0.845175   37.444056  22.131922
   8   26    2.144315   0.831514   15.536083  21.933203
   8   27    2.099567   0.809324    8.894059  40.587199
   8   28    1.997636   0.880242   18.908681   3.301277
   8   29    1.802437   0.845777   21.634276   4.293659
   8   30    1.717027   0.895845   18.565206  35.122881
   8   31    1.690196   0.888881   40.896514  21.496747
   8   32    1.565985   0.891587   16.688542  34.334612
   8   33    1.443886   0.873817   36.107343  30.061670
   8   34    1.376685   0.825036   38.909433  13.901323
   8   35    1.236469   0.874539   21.869884  28.496912
   8   36    1.149702   0.854765   13.830913   1.857463
   8   37    1.047963   0.862451    5.013126  39.828897
   8   38    0.971437   0.808296    8.347456  28.612776
   8   39    0.802881   0.834716   17.641653  14.984286
   8   40    0.716818   0.851038    4.804982  21.620247
   8   41    0.604534   0.834232    1.157706   1.281717
   8   42    0.543045   0.864451   21.711927  18.574510
   8   43    0.414876   0.872087    2.516550  16.830114
   8   44    0.365193   0.825715    6.625646  18.629246
   8   45    0.299565   0.867684   31.515204  23.075980
   8   46    0.136416   0.830937    8.002473  35.692418
   8   47    0.025786   0.841764    6.703657  15.437435
   9    0    4.734327   0.919217   22.213842  18.678468
   9    1    4.665132   0.933190    7.546718  35.908054
   9    2    4.580776   0.935875   12.594906  20.666967
   9    3    4.415450   0.961627   31.753761  11.708858
   9    4    4.394853   0.919719   29.306192  12.237475
   9    5    4.214059   0.925145   29.232653  20.512157
   9    6    4.198322   0.911440    1.952862   3.820709
   9    7    4.070133   0.904294   27.913216  35.456239
   9    8    3.959061   0.958045   31.320213  27.726414
   9    9    3.896261   0.942346    1.724676  12.115191
   9   10    3.771211   0.931718   32.248145  32.578646
   9   11    3.668340   0.985161   37.300551  24.783502
   9   12    3.530829   0.990541   16.581343  21.209507
   9   13    3.488937   0.993545   13.523551  40.880354
   9   14    3.372766   0.983266   33.296008  17.632656
   9   15    3.272146   0.985964   16.812092  39.973855
   9   16    3.188302   0.940617    2.318040  39.538247
   9   17    3.007688   0.930142   35.089097  17.870775
   9   18    2.943732   0.901570   29.211618  19.821269
   9   19    2.898645   0.978334   24.662827   6.412645
   9   20    2.767698   0.994671   29.831191   3.975550
   9   21    2.600697   0.932955   26.788531  26.064410
   9   22    2.569456   0.931601   27.193975  29.756017
   9   23    2.421126   0.936777   24.468786  31.077116
   9   24    2.391585   0.973088   27.244085  31.332117
   9   25    2.263061   0.905032   35.089443   5.951463
   9   26    2.188856   0.995682   15.843513  22.225610
   9   27    2.024599   0.955551   10.777168  27.124306
   9   28    1.959990   0.922017   26.239214  19.646250
   9   29    1.883400   0.947447   25.903637  35.245576
   9   30    1.741017   0.976864    4.419645  37.409207
   9   31    1.615255   0.908873    9.950471  31.108335
   9   32    1.597711   0.996647   29.188127  35.438374
   9   33    1.409836   0.920041   13.988116  12.240037
   9   34    1.330301   0.951011    4.444503  10.930011
   9   35    1.258498   0.918932   40.310879   7.358353
   9   36    1.126180   0.931654   33.080607   9.571525
   9   37    1.097468   0.914061   17.309435   2.340259
   9   38    0.965803   0.925800   25.059113   4.780446
   9   39    0.895139   0.921140    5.451156  24.048360
   9   40    0.703236   0.919558    6.659418  18.749030
   9   41    0.674440   0.988646   15.277690  37.303776
   9   42    0.506037   0.969847    3.538264  21.150168
   9   43    0.460361   0.941088   24.618283  15.490192
   9   44    0.349180   0.942661   27.166858  39.680658
   9   45    0.238715   0.948111   19.756379   6.719014
   9   46    0.114691   0.940144    2.370324  31.188158
   9   47    0.005086   0.922657   34.076115  35.180883
  10    0    4.752452   1.029289   33.109389  32.948472
  10    1    4.672670   1.061993   17.754399  11.254075
  10    2    4.508325   1.041026   14.308239  20.730147
  10    3    4.494319   1.071729   23.353275  34.135690
  10    4    4.323308   1.030037   19.446579  23.603634
  10    5    4.237610   1.054803   34.706417  37.206792
  10    6    4.151860   1.072869    6.797975  25.022622
  10    7    4.032115   1.004968   40.282564   9.037995
  10    8    3.938845   1.034713   31.610607  15.525427
  10    9    3.885324   1.017434   17.247871  21.887309
  10   10    3.732731   1.053710    7.190658  14.474665
  10   11    3.637747   1.018101   28.738119  14.737363
  10   12    3.597738   1.075693    4.762590  26.573724
  10   13    3.498777   1.017195    4.390855  29.364427
  10   14    3.319550   1.022011   40.144648  23.468874
  10   15    3.272703   1.013178   12.976577  25.626993
  10   16    3.178044   1.088388   24.691975  21.566172
  10   17    3.049065   1.008398   26.007120  26.106962
  10   18    2.986139   1.053751   18.623806   4.262615
  10   19    2.893121   1.049245   32.488494  40.431806
  10   20    2.766442   1.024519   36.765244  10.111327
  10   21    2.630726   1.070478   17.524469  36.051389
  10   22    2.556812   1.052068   19.898208  18.010857
  10   23    2.477260   1.005884    1.266265  34.938439
  10   24    2.302252   1.038916   39.330191  26.328999
  10   25    2.212525   1.025584    9.742773  24.626987
  10   26    2.103733   1.092632   27.953540  24.941838
  10   27    2.052622   1.074092   35.394799  17.198373
  10   28    1.954612   1.095533    7.982010  37.489055
  10   29    1.815824   1.012590   22.675866  31.269771
  10   30    1.702240   1.032981   33.715445  25.716818
  10   31    1.622347   1.013926    2.871200   9.735463
  10   32    1.526158   1.063384    7.097453  38.599926
  10   33    1.407639   1.019493   22.325567  39.956428
  10   34    1.324975   1.018987   34.495054  36.005153
  10   35    1.265461   1.043384   19.559697  33.289109
  10   36    1.151567   1.098109   35.043302  39.978075
  10   37    1.070496   1.001148   29.294091   7.289537
  10   38    0.930685   1.046694    4.061965  26.305964
  10   39    0.860622   1.047974   25.188085  16.624322
  10   40    0.734338   1.029872   39.465411  24.829664
  10   41    0.686209   1.034276   38.141077  37.665293
  10   42    0.578559   1.062697   34.750903   9.047629
  10   43    0.457945   1.025416   23.291915   6.939934
  10   44    0.340144   1.003281   29.064560   3.875691
  10   45    0.245660   1.086724   16.391497  25.055016
  10   46    0.173953   1.011289   23.008334  24.996359
  10   47    0.098525   1.004939   19.012684  25.406205
  11    0    4.740140   1.140055   18.265377  24.051822
  11    1    4.671717   1.102913   22.100705  10.931667
  11    2    4.526360   1.161566   39.785262  31.005110
  11    3    4.456279   1.105617   18.656293   2.363071
  11    4    4.372572   1.120122   31.184579  38.314188
  11    5    4.217396   1.132433    8.882848  37.872644
  11    6    4.175495   1.172699   17.182471  21.134073
  11    7    4.051691   1.123212   24.917990  36.710291
  11    8    3.966049   1.101866    1.304775  33.582380
  11    9    3.876355   1.153731   17.308919   8.370086
  11   10    3.716351   1.180575   32.754452   3.173995
  11   11    3.662099   1.159952   11.680083  34.020733
  11   12    3.542838   1.127210   13.260089  23.850915
  11   13    3.417859   1.169862   21.580684  28.379959
  11   14    3.329072   1.114005    2.878287  22.603586
  11   15    3.228104   1.136732   32.288650  27.908057
  11   16    3.195543   1.182254   23.139848   5.500393
  11   17    3.033301   1.178233   30.386736   5.141152
  11   18    2.994523   1.173713    6.593702  36.012257
  11   19    2.830739   1.152153   25.215499  19.180048
  11   20    2.705526   1.109162    3.716587  21.839625
  11   21    2.656408   1.141317   10.846933  38.795847
  11   22    2.551407   1.132300   31.320582   6.019436
  11   23    2.488982   1.177884   11.011641  17.308831
  11   24    2.346426   1.190003   31.004617  13.909959
  11   25    2.294224   1.110268   14.451459  37.342407
  11   26    2.125776   1.138388   21.860167  39.721723
  11   27    2.002238   1.104781   24.458512  18.749245
  11   28    1.991146   1.148253   38.555415  24.583065
  11   29    1.880989   1.178407   13.900770  34.452033
  11   30    1.738826   1.133146    4.086187   2.699121
  11   31    1.637396   1.179221   15.823195  26.636599
  11   32    1.515652   1.138647   15.896077  12.983430
  11   33    1.442027   1.166524    9.752664  19.680447
  11   34    1.373798   1.112412   24.732199  10.611600
  11   35    1.235071   1.194113    5.123904  26.395084
  11   36    1.167954   1.121111   37.517090  26.266809
  11   37    1.029738   1.166948   15.782731  20.605829
  11   38    0.957878   1.192594   18.681353  10.417247
  11   39    0.884628   1.124018   23.311966   1.788067
  11   40    0.745629   1.139446   38.815663   5.785877
  11   41    0.668822   1.198348   21.964436  26.424295
  11   42    0.589931   1.163571    5.164861  33.243244
  11   43    0.492624   1.118860   24.276562   5.941541
  11   44    0.300240   1.150491   25.400887  34.674350
  11   45    0.222825   1.148201    3.975073  32.534123
  11   46    0.119943   1.136792   24.275397  30.940931
  11   47    0.044252   1.195652    1.578463  31.871962
  12    0    4.762010   1.274453   12.166947   3.880799
  12    1    4.669137   1.204900   18.133856  15.640018
  12    2    4.561021   1.221766   35.201697  18.356194
  12    3    4.432403   1.292711   33.819030  37.049733
  12    4    4.353118   1.262122   38.540664   3.683435
  12    5    4.244530   1.206436   30.678384  18.908629
  12    6    4.189819   1.289168    7.590594  13.346449
  12    7    4.003968   1.275808   32.550715   6.529588
  12    8    3.932966   1.299653   16.309595  37.717089
  12    9    3.898365   1.257627   20.285736  16.706599
  12   10    3.766245   1.203737    7.442748  36.575441
  12   11    3.647969   1.210703   16.635308  29.179106
  12   12    3.593789   1.296642   16.436949  26.543656
  12   13    3.465558   1.292824   22.744446  38.452376
  12   14    3.378302   1.235193    8.948318   3.117139
  12   15    3.225149   1.241522   26.956201  11.536638
  12   16    3.199948   1.228180   11.269574  37.797246
  12   17    3.046439   1.286072   36.683605   1.113051
  12   18    2.992936   1.280363   13.668821  27.899956
  12   19    2.813613   1.239427    5.390897  23.829864
  12   20    2.739292   1.226600   18.545261   9.935287
  12   21    2.655581   1.235657   39.265346  29.877456
  12   22    2.568740   1.254718   28.471436  37.022550
  12   23    2.420139   1.211038   11.950023   2.686249
  12   24    2.329923   1.243615    3.605607   6.626839
  12   25    2.276746   1.275008   10.746950  16.536791
  12   26    2.161378   1.236539   23.622003  26.972464
  12   27    2.081769   1.281050    3.989103  25.066648
  12   28    1.900740   1.228548   26.220700   8.809367
  12   29    1.836019   1.286897   36.818839  15.104015
  12   30    1.727583   1.271892    2.442952   3.778841
  12   31    1.657279   1.288508   11.399327  17.953302
  12   32    1.539111   1.293362    8.431874  21.445217
  12   33    1.480274   1.222899    7.624694   4.203257
  12   34    1.308597   1.273636    3.942435   4.130473
  12   35    1.283155   1.261181   31.683582  18.323475
  12   36    1.174040   1.260197   29.818770   2.009047
  12   37    1.023055   1.255052    2.369954  35.760499
  12   38    0.948906   1.272657   29.820895  10.490434
  12   39    0.843665   1.257509   18.823979  27.939990
  12   40    0.738187   1.212098   26.596973   7.737474
  12   41    0.694996   1.211691   18.424940  39.526777
  12   42    0.581129   1.204532   17.261324  22.238543
  12   43    0.479651   1.290547   29.847141  37.489911
  12   44    0.327094   1.292665   20.952461   8.672169
  12   45    0.210885   1.274382   33.828863   2.965149
  12   46    0.182924   1.239827   28.909467  34.872912
  12   47    0.035644   1.273393    2.993488   4.602615
  13    0    4.748985   1.325304   17.019120  23.527664
  13    1    4.640482   1.337934    2.100954  16.032689
  13    2    4.586772   1.391230    1.450212   9.301820
  13    3    4.419911   1.350514   11.396784  20.278509
  13    4    4.333492   1.347795   29.905579   5.415111
  13    5    4.245199   1.360429   28.264985  40.388743
  13    6    4.198488   1.355732    4.186430   3.257173
  13    7    4.027045   1.304465    6.180180  28.259648
  13    8    3.942675   1.382876    4.177608  34.453258
  13    9    3.817753   1.355224   24.993402  32.560710
  13   10    3.755332   1.375041    9.026495   6.860801
  13   11    3.647709   1.352421   32.875016  31.873488
  13   12    3.502682   1.390550   28.202330  24.297869
  13   13    3.436901   1.301882   37.777352  20.598591
  13   14    3.329569   1.322454   23.286756  34.374825
  13   15    3.265140   1.371989   35.068624  12.881039
  13   16    3.149426   1.372811   20.760509  39.620862
  13   17    3.024364   1.377981   38.028833  23.749555
  13   18    2.958341   1.349363    6.715190  34.167368
  13   19    2.813023   1.320757    9.187386  36.860664
  13   20    2.756625   1.326497   36.333142  11.570399
  13   21    2.666058   1.338762   33.021220  34.683779
  13   22    2.555718   1.349633    4.142510  28.924841
  13   23    2.444345   1.339021    4.321300  29.658767
  13   24    2.389562   1.364973   25.468630   8.243180
  13   25    2.234724   1.396553   31.574423  13.802804
  13   26    2.137766   1.325019   15.166950  28.142062
  13   27    2.035845   1.350154   30.996290  39.438633
  13   28    1.902942   1.354351   16.636753  27.200203
  13   29    1.826089   1.376942   14.390926  15.161664
  13   30    1.766521   1.359854   12.279002  24.921458
  13   31    1.627651   1.398068   32.800531   8.858653
  13   32    1.576186   1.334934   15.975720   7.057222
  13   33    1.495648   1.353642   27.948953  13.536027
  13   34    1.393702   1.338190    8.832337  39.112602
  13   35    1.272736   1.386213    4.771018  11.911204
  13   36    1.154534   1.323615   11.338535   5.181167
  13   37    1.058187   1.388993   10.859007  12.165616
  13   38    0.960035   1.361611    8.267174  18.823326
  13   39    0.845789   1.307583   32.446648  39.953412
  13   40    0.739308   1.317900   37.044924  18.523771
  13   41    0.687149   1.332072   11.590050  20.705145
  13   42    0.581049   1.350913   35.992334  22.333670
  13   43    0.436107   1.380161   35.494051  31.461075
  13   44    0.345699   1.347290   25.745080  14.623651
  13   45    0.225969   1.351353   26.471552  22.914017
  13   46    0.125199   1.339850   25.332242  32.443911
  13   47    0.024135   1.327280    9.812423  10.036963
  14    0    4.721440   1.442705   23.801484  29.808097
  14    1    4.698456   1.403869   16.877673  23.616056
  14    2    4.565172   1.494166   18.945114   5.287927
  14    3    4.416239   1.467330   12.023616   5.204773
  14    4    4.394717   1.419660   36.595024   1.625823
  14    5    4.280370   1.467834   34.499823  34.460498
  14    6    4.158245   1.414090   37.118592   5.643142
  14    7    4.087344   1.402280   20.253734  40.519981
  14    8    3.994686   1.495894   20.161701  12.541915
  14    9    3.869271   1.490679   33.613849  28.015502
  14   10    3.786546   1.403526   14.349063  10.768297
  14   11    3.656033   1.419466   15.112478   3.528829
  14   12    3.562940   1.489160   25.566132  31.926250
  14   13    3.464767   1.429447   39.248108  19.725438
  14   14    3.363082   1.414119   15.610923  14.800314
  14   15    3.291719   1.446086   34.776496  22.106712
  14   16    3.149313   1.465874   32.418136  13.366603
  14   17    3.046264   1.485513   30.158658   7.263186
  14   18    2.984389   1.497409   33.722037  35.741485
  14   19    2.828501   1.420874    8.082991  21.707211
  14   20    2.760346   1.436325   17.938624  14.337734
  14   21    2.610333   1.460565   25.517837  26.808708
  14   22    2.585669   1.423276   39.211634  37.068240
  14   23    2.435315   1.472386   19.539829  28.053018
  14   24    2.303807   1.417154   17.981065  15.257661
  14   25    2.204794   1.485818   34.222469  35.785143
  14   26    2.129271   1.447883    4.096892  25.992757
  14   27    2.066985   1.418376   30.158401  29.800007
  14   28    1.947594   1.406806   26.414759   4.962404
  14   29    1.871635   1.401402   15.727943  21.583664
  14   30    1.732370   1.439303   30.974472  40.408646
  14   31    1.695782   1.425681    8.015488  25.705696
  14   32    1.586410   1.444650   29.276186  29.630427
  14   33    1.485872   1.487878   11.314431  25.808361
  14   34    1.314716   1.494064    8.833240  26.551965
  14   35    1.298114   1.495110   32.450387  10.833358
  14   36    1.184548   1.449478   40.094663  32.188046
  14   37    1.052458   1.476836   14.691473  23.572391
  14   38    0.922296   1.402778   26.994424  19.408825
  14   39    0.845933   1.460747   25.803530  26.323026
  14   40    0.738150   1.458082   12.798573  39.227036
  14   41    0.698353   1.492539   40.847203   7.376647
  14   42    0.557785   1.448090   28.585474   7.900819
  14   43    0.427494   1.418156   16.602866   7.260636
  14   44    0.375304   1.409616   38.608408  22.465698
  14   45    0.271865   1.401542   22.048445  35.102197
  14   46    0.123630   1.443127   34.953855  36.879538
  14   47    0.097053   1.420919    8.104243  13.176578
  15    0    4.787342   1.546438    3.322879  11.784637
  15    1    4.636366   1.572269    9.897944  11.647746
  15    2    4.558641   1.543667    2.427034  27.961417
  15    3    4.428132   1.509977   16.092041  35.704877
  15    4    4.359681   1.527151   11.404344   6.868487
  15    5    4.220498   1.571470   12.354969  23.743358
  15    6    4.123935   1.592215   22.824908  11.234164
  15    7    4.019943   1.565207    9.846318  27.934276
  15    8    3.945588   1.572522   13.269797   4.484855
  15    9    3.861976   1.549540    4.625550  17.471712
  15   10    3.769103   1.577202   29.130924  29.866018
  15   11    3.681597   1.593708   20.182698   9.982464
  15   12    3.501211   1.590009    2.193679  28.431713
  15   13    3.457102   1.591637   22.828597  18.028112
  15   14    3.384451   1.515509   17.728139  29.649096
  15   15    3.293693   1.594239    8.471273  35.324695
  15   16    3.175250   1.547578   37.228757  19.184501
  15   17    3.003083   1.536544   19.344138  21.250529
  15   18    2.920181   1.591506    8.606477  15.508066
  15   19    2.821911   1.562258   20.540754  12.408057
  15   20    2.721610   1.592523   38.551308  10.274189
  15   21    2.695293   1.590259    8.749944  16.450903
  15   22    2.528369   1.510829   14.947416   7.005400
  15   23    2.432197   1.525032   39.374126  26.082626
  15   24    2.378415   1.535994   31.636888  28.427539
  15   25    2.216552   1.586227    3.252782  10.078974
  15   26    2.158596   1.552082   23.492378  14.874468
  15   27    2.032178   1.521246   40.502059  13.380776
  15   28    1.931727   1.548925    6.672895   4.500831
  15   29    1.830558   1.569202    6.520543   9.749874
  15   30    1.713097   1.524671   37.101056  30.611706
  15   31    1.638391   1.564592    4.000321  18.175875
  15   32    1.557338   1.540081    9.614219  32.238295
  15   33    1.466578   1.504665   24.821503  18.166743
  15   34    1.342285   1.565985   40.905928  31.159119
  15   35    1.243947   1.555764    6.997444  19.251631
  15   36    1.108988   1.511914   11.288198   1.886494
  15   37    1.057485   1.540769   24.376959  16.469613
  15   38    0.936505   1.536105    3.469222  10.708366
  15   39    0.836240   1.532339   10.598898  16.313327
  15   40    0.796376   1.514935   30.955137   5.695922
  15   41    0.668290   1.574757   13.833500   6.541815
  15   42    0.544890   1.593266   34.348562  21.657676
  15   43    0.489307   1.570969    5.134017  28.472206
  15   44    0.371314   1.546308   40.730656   2.341057
  15   45    0.227233   1.500805   40.761150  31.805147
  15   46    0.127158   1.558260   29.477563  16.752849
  15   47    0.030448   1.581365   27.631923  29.734247
  16    0    4.715398   1.663370   27.276090  37.290115
  16    1    4.646584   1.641249   21.083643  26.035073
  16    2    4.519233   1.600990   25.767615  14.443585
  16    3    4.455719   1.656503   15.432715  16.024587
  16    4    4.397531   1.607769   37.163216   6.155768
  16    5    4.295232   1.688140   10.347079  29.727184
  16    6    4.168529   1.607378   16.337108  39.486395
  16    7    4.043906   1.668519   29.840154   8.278839
  16    8    3.944689   1.660938    2.319541  38.058068
  16    9    3.860191   1.607091   15.733203   3.546176
  16   10    3.769771   1.609829   27.774346  20.825353
  16   11    3.693582   1.624740   33.722102   6.132549
  16   12    3.544260   1.676603   31.960411  26.030825
  16   13    3.409121   1.680357   17.723572  38.388608
  16   14    3.307203   1.689453   30.840409  38.781914
  16   15    3.282874   1.623311   16.964971  36.740055
  16   16    3.171334   1.661018   27.414177   1.502694
  16   17    3.040982   1.691115   40.320840  11.590671
  16   18    2.984042   1.683247   26.018197   3.585080
  16   19    2.826528   1.672861   33.688417  13.253982
  16   20    2.709294   1.696649    6.246692  19.884217
  16   21    2.686920   1.675885   38.733434  28.812227
  16   22    2.595056   1.654446   15.313929  17.273136
  16   23    2.479900   1.665663    5.126548   7.496644
  16   24    2.307079   1.629990   12.091360  34.292080
  16   25    2.298507   1.697048   23.429844   1.128371
  16   26    2.173088   1.609244   21.717316  40.998227
  16   27    2.014465   1.618759   32.081874  31.354576
  16   28    1.991458   1.669235   16.591011   4.441812
  16   29    1.835433   1.612423    9.468807  36.859761
  16   30    1.715430   1.668076    7.726692  19.765010
  16   31    1.664470   1.622469   10.858275  31.427470
  16   32    1.527694   1.662484   29.857835  17.740208
  16   33    1.439765   1.643843   30.011613  17.672967
  16   34    1.370868   1.624692   34.345324  26.634645
  16   35    1.219334   1.660772   36.579210  11.462752
  16   36    1.196952   1.652218    5.857644   9.608694
  16   37    1.058886   1.671692   22.922785  18.482090
  16   38    0.943282   1.651190   11.955170  38.425360
  16   39    0.811394   1.692991    7.797436   7.107056
  16   40    0.733801   1.626709   19.124684  40.068912
  16   41    0.654211   1.607352    9.365397  40.682900
  16   42    0.542652   1.632245    4.474329   4.940853
  16   43    0.423624   1.611241   16.302483   7.505842
  16   44    0.342182   1.614102   39.213278  13.621752
  16   45    0.207805   1.620515   33.297268  18.250746
  16   46    0.189324   1.636713   18.204427   3.757778
  16   47    0.016926   1.613091   36.032127   8.282403
  17    0    4.783197   1.789855   39.292529  19.451095
  17    1    4.613999   1.723315   20.774281  26.233481
  17    2    4.552404   1.759827   16.774200   2.603558
  17    3    4.451600   1.753900   34.994122  30.427524
  17    4    4.303073   1.793232   25.290338  38.983515
  17    5    4.218123   1.738225    7.967083  31.170661
  17    6    4.178141   1.794178   33.585513   1.355781
  17    7    4.052615   1.768274    4.104435  29.631035
  17    8    3.944666   1.773581   21.992991  17.835187
  17    9    3.839456   1.701684   36.797420  12.970259
  17   10    3.739142   1.712696   23.168078  15.694432
  17   11    3.643276   1.775092    6.848228  30.586501
  17   12    3.560866   1.712066   22.506566  29.177246
  17   13    3.490519   1.780399   27.100338  17.774155
  17   14    3.310303   1.771824   22.849105  14.438205
  17   15    3.246902   1.705573    3.669859  30.800316
  17   16    3.123258   1.789578   37.486394  25.550863
  17   17    3.079793   1.702273   24.218528  31.343639
  17   18    2.952290   1.768090    6.144149  12.596142
  17   19    2.831127   1.718812   14.998118  28.436433
  17   20    2.794399   1.796527   30.540854   6.163272
  17   21    2.660001   1.728924   30.935036  12.496186
  17   22    2.558451   1.706286   19.275399  12.165862
  17   23    2.444434   1.794259   36.812986  18.727999
  17   24    2.307073   1.705204   16.215718  36.696003
  17   25    2.259046   1.721734    2.650613  36.124753
  17   26    2.196006   1.762449    2.223656  12.709617
  17   27    2.069521   1.715583   12.660128  13.487120
  17   28    1.968878   1.750434    6.965322   8.656577
  17   29    1.805713   1.778390   34.711937  25.330841
  17   30    1.747374   1.749853   25.720255   3.739434
  17   31    1.693126   1.785375   16.019412  28.244036
  17   32    1.585515   1.789207   25.516803  35.304905
  17   33    1.437259   1.741866   20.796964   2.202580
  17   34    1.332506   1.721213    5.585173  20.942582
  17   35    1.266900   1.735152    6.933659  31.546931
  17   36    1.171123   1.735007    9.033648  31.185641
  17   37    1.050982   1.708807   31.263666  36.769081
  17   38    0.968070   1.765307    5.817587  38.278629
  17   39    0.808954   1.720101   16.803918  20.953636
  17   40    0.789035   1.787520    1.484812  32.297749
  17   41    0.636894   1.789249   30.368386   3.662312
  17   42    0.594361   1.781207   11.845116  37.979327
  17   43    0.470685   1.713025   25.257477  40.246488
  17   44    0.341303   1.703453   40.625650  23.932522
  17   45    0.203598   1.794657    1.260080  26.017735
  17   46    0.175785   1.738345   25.338008  10.482579
  17   47    0.068479   1.736948    2.994893   2.401568
  18    0    4.700359   1.879135   35.996924  13.211309
  18    1    4.684480   1.856204   37.656687  16.144975
  18    2    4.555783   1.855590   21.994517   6.331737
  18    3    4.454922   1.800819    4.522263  32.843598
  18    4    4.351162   1.840631   24.348113  13.354200
  18    5    4.286330   1.800269   11.109875  12.499744
  18    6    4.122048   1.857567    3.703721  12.071487
  18    7    4.079107   1.827781    4.675008  17.517720
  18    8    3.987202   1.862056   38.891301  16.710917
  18    9    3.817494   1.833087   32.764416  22.488298
  18   10    3.712899   1.891393   26.492036  32.171562
  18   11    3.660659   1.890450   22.839409  10.309431
  18   12    3.578714   1.857794   38.791873   3.585162
  18   13    3.407673   1.811523   18.518447  10.635654
  18   14    3.370676   1.812058   15.659662   9.009535
  18   15    3.277085   1.892663    8.778141   4.343905
  18   16    3.106460   1.819332   35.302285   3.883673
  18   17    3.006476   1.801906   36.490847   1.648833
  18   18    2.923001   1.869635   29.513232  22.943950
  18   19    2.839057   1.862143   13.966070  21.695958
  18   20    2.729440   1.892406   40.945143  38.621239
  18   21    2.622833   1.853885    5.702006  37.906364
  18   22    2.547779   1.856535    3.100891  24.509028
  18   23    2.403234   1.843537   22.342548   6.041918
  18   24    2.329895   1.815163   38.151855  18.312914
  18   25    2.242382   1.841266    4.874215  20.905322
  18   26    2.152789   1.898007   13.356078  40.762213
  18   27    2.047240   1.806279   24.386461  12.784626
  18   28    1.953954   1.863043   13.763095   5.284697
  18   29    1.834940   1.846765   20.257936  36.197116
  18   30    1.775733   1.894078   37.056238   7.815795
  18   31    1.606405   1.806731    8.420289   1.182842
  18   32    1.541295   1.871088   35.797335  16.933918
  18   33    1.439165   1.892649   11.390205  11.343318
  18   34    1.385591   1.846149   23.002734  31.583863
  18   35    1.246871   1.869059   33.049406  23.016292
  18   36    1.112164   1.829369   38.893692  36.970573
  18   37    1.086509   1.844208   23.691407   6.422741
  18   38    0.941153   1.826439   29.828193   8.775844
  18   39    0.824684   1.874289   34.642901  12.317606
  18   40    0.755128   1.872252   34.835345  31.670875
  18   41    0.601598   1.838013    6.806687   6.621054
  18   42    0.537575   1.873491   30.837556  30.167876
  18   43    0.455471   1.872005   33.762136  30.702407
  18   44    0.333911   1.807188   34.559764  18.174260
  18   45    0.291117   1.811913    7.598235  16.434153
  18   46    0.146838   1.821929   37.289050  38.183257
  18   47    0.094320   1.854135   14.443323  32.828790
  19    0    4.706673   1.953747   18.062009   1.855096
  19    1    4.608328   1.938725   16.694701  25.016561
  19    2    4.532939   1.999683    1.521371  20.813228
  19    3    4.400467   1.955284   40.240340  26.517445
  19    4    4.326097   1.988580   18.597343   9.800352
  19    5    4.255330   1.990573   37.503993  22.206092
  19    6    4.197708   1.950879   11.333296  33.909343
  19    7    4.036397   1.969063   20.934068  32.063681
  19    8    3.963638   1.917034   37.589410  17.424476
  19    9    3.860160   1.985820   36.595695  14.756037
  19   10    3.788085   1.967595   17.021991  33.878663
  19   11    3.625977   1.994865   33.814463  15.272586
  19   12    3.576295   1.917107   36.650236  15.252726
  19   13    3.440855   1.995555    4.359376   2.306120
  19   14    3.370724   1.938688   22.486260  32.813039
  19   15    3.271228   1.954552   33.441649  18.748585
  19   16    3.109265   1.926446   23.118291  32.904208
  19   17    3.043580   1.911587    4.845012   2.623469
  19   18    2.954787   1.948900    1.800983  18.083722
  19   19    2.802330   1.943494   33.792253   5.970646
  19   20    2.702841   1.968107   15.520864  27.305879
  19   21    2.616930   1.902895   23.691807  25.644864
  19   22    2.518786   1.986439   12.668999   8.432559
  19   23    2.410498   1.905417   16.697250  22.684375
  19   24    2.346912   1.935760    5.367015  32.168745
  19   25    2.259517   1.912488   33.051623  25.851498
  19   26    2.172328   1.942236   28.156682  28.591016
  19   27    2.088312   1.945515   30.477562  10.142259
  19   28    1.901418   1.984057    1.677334  15.757523
  19   29    1.852951   1.971634   22.413303  32.507511
  19   30    1.758626   1.909100   18.119447  34.458293
  19   31    1.677128   1.921279   32.683654  14.723304
  19   32    1.576130   1.994857   14.656769  23.985013
  19   33    1.467327   1.933400   34.234116  27.293542
  19   34    1.378637   1.913940   21.723464  30.869755
  19   35    1.296163   1.975497   40.845394  28.463312
  19   36    1.138113   1.915019    4.916774  35.862416
  19   37    1.001324   1.952471   13.284584  28.866552
  19   38    0.992679   1.941300    2.469800  33.986962
  19   39    0.802884   1.900869    5.138411  25.027061
  19   40    0.790214   1.986455   34.653018   8.336874
  19   41    0.694024   1.963186    8.612934  13.877163
  19   42    0.530398   1.931367    7.127260  20.340519
  19   43    0.409291   1.950709   26.873205   5.653623
  19   44    0.338969   1.914162   27.184913  37.547453
  19   45    0.220564   1.932752   37.035434  33.975773
  19   46    0.114935   1.960687   39.980166  14.557014
  19   47    0.053714   1.935160   36.713268  39.606076
  20    0    4.745245   2.042920   31.263210  13.530841
  20    1    4.658735   2.091595    7.058856  18.338684
  20    2    4.582152   2.038781   33.797327  37.801286
  20    3    4.402731   2.067409   16.528449  13.656871
  20    4    4.326017   2.038367   16.551907  35.408002
  20    5    4.288620   2.067782   32.141314   1.245504
  20    6    4.150785   2.078857   28.928453   8.965277
  20    7    4.032818   2.049322   18.789837  15.140076
  20    8    3.950613   2.093158   36.690730  24.083036
  20    9    3.862400   2.077492   32.197738   4.239065
  20   10    3.774377   2.025832    1.934259  20.634709
  20   11    3.616335   2.010972    7.412380   3.101783
  20   12    3.549792   2.003902    6.344423  19.485494
  20   13    3.456432   2.048468   12.256221  12.399112
  20   14    3.380845   2.049867   35.156512  21.864856
  20   15    3.211462   2.043511   33.951525  32.079894
  20   16    3.131027   2.089584   28.645109  19.387407
  20   17    3.092695   2.078414   17.171499  14.261014
  20   18    2.980558   2.038604    8.634263  29.796636
  20   19    2.830696   2.089834   33.060099  23.044562
  20   20    2.768331   2.047180   19.433968  26.826261
  20   21    2.691734   2.055290   11.301803   4.910741
  20   22    2.598762   2.046327    5.772532   2.144289
  20   23    2.437514   2.082486   11.111703   6.030523
  20   24    2.310008   2.065163   24.708477  23.165190
  20   25    2.294198   2.091453   22.055353  21.787362
  20   26    2.163236   2.083239   34.169671  32.585891
  20   27    2.095809   2.043278   11.896852   8.992571
  20   28    1.922664   2.040598   37.681469  33.821621
  20   29    1.863081   2.048599   16.212715  12.724312
  20   30    1.753013   2.053062   33.009680  21.087943
  20   31    1.671722   2.084048   13.298130  17.415427
  20   32    1.564865   2.070544   11.858264  23.695622
  20   33    1.453786   2.055468   27.931300  25.760679
  20   34    1.389048   2.072154   28.425708  21.195297
  20   35    1.262461   2.073035   38.850583  39.209260
  20   36    1.158776   2.013448   16.538103   9.329219
  20   37    1.014110   2.045244   27.338235  20.253762
  20   38    0.922678   2.028365   28.240996  36.317664
  20   39    0.801728   2.056311   18.093631  39.422092
  20   40    0.703158   2.041253   11.146163  24.827903
  20   41    0.651266   2.064629   28.617863   8.824145
  20   42    0.552741   2.062816   17.493512   7.043950
  20   43    0.466363   2.048723   19.620727  39.300354
  20   44    0.346070   2.027907    4.802377  28.575612
  20   45    0.278045   2.031524   26.500125   9.664543
  20   46    0.177206   2.082814   26.150532  21.515680
  20   47    0.083807   2.033806   10.733017   4.228836
  21    0    4.710645   2.144982   17.533328   7.774408
  21    1    4.625241   2.143282   40.056069  18.743668
  21    2    4.560182   2.139108   10.419400  30.890747
  21    3    4.415007   2.137111   27.603263  35.081279
  21    4    4.342296   2.160112   29.533457  27.840111
  21    5    4.282427   2.162476   32.706739  21.436362
  21    6    4.170161   2.125679   19.060748   1.928751
  21    7    4.062351   2.162405    9.856259  27.512865
  21    8    3.920710   2.158942   34.881835  23.685152
  21    9    3.804212   2.132148    7.351690  33.111253
  21   10    3.720348   2.185275    6.110386   8.729161
  21   11    3.627269   2.105204    3.472011  13.725848
  21   12    3.554983   2.136303    6.120752  19.919866
  21   13    3.494080   2.197480   25.523386   8.207178
  21   14    3.316954   2.128898   21.416153  15.653568
  21   15    3.217082   2.183075    5.917913  11.239581
  21   16    3.155279   2.127303   26.102380  37.003504
  21   17    3.052912   2.135848   29.473726  27.329624
  21   18    2.996294   2.102435   40.395947  33.463264
  21   19    2.875734   2.147173   17.416183  13.196190
  21   20    2.749338   2.174052   13.509739  30.376201
  21   21    2.654318   2.122204   36.098944  21.898443
  21   22    2.506558   2.158640   24.423200  20.703405
  21   23    2.487996   2.164466   32.252795   4.733136
  21   24    2.387222   2.148710   38.458241  19.603146
  21   25    2.283873   2.181755    1.609145  25.878086
  21   26    2.165115   2.117680   13.246044  32.365005
  21   27    2.081765   2.185093   34.034178  19.953931
  21   28    1.952642   2.178568   34.584045  14.562210
  21   29    1.854376   2.106867   25.848716  34.121600
  21   30    1.797206   2.124435   20.846422   7.856016
  21   31    1.628054   2.134318   28.797902  24.028240
  21   32    1.574232   2.143873    4.025479  35.706288
  21   33    1.484234   2.140176   15.173867  36.859654
  21   34    1.336887   2.135756   36.145385  40.312734
  21   35    1.213301   2.193523   39.883635  14.952630
  21   36    1.105125   2.144077   21.703780  15.431587
  21   37    1.001086   2.150835   12.793548   9.865825
  21   38    0.946080   2.195896   39.960834  19.282792
  21   39    0.833589   2.159704   38.470588  29.503217
  21   40    0.714195   2.153243   35.309396  17.583131
  21   41    0.607775   2.155862   15.480000   9.829414
  21   42    0.582595   2.183307   39.623948  28.810979
  21   43    0.435392   2.197911   33.687728  27.911455
  21   44    0.307325   2.110284   27.400113  22.128717
  21   45    0.222776   2.163546   25.555183  14.467021
  21   46    0.122977   2.137005   12.660566  12.959152
  21   47    0.002464   2.126098   36.202985   1.794314
  22    0    4.772046   2.214758   36.017237  12.032581
  22    1    4.682191   2.240845   17.059329  36.904147
  22    2    4.521042   2.295714   20.943744  30.791468
  22    3    4.463466   2.296824   19.197718  19.870117
  22    4    4.313935   2.223911   20.226103  29.360017
  22    5    4.265416   2.231760   25.007878  13.858061
  22    6    4.157961   2.207988    6.723765  32.856204
  22    7    4.069955   2.265268   10.632683  15.991255
  22    8    3.928099   2.271673    6.987145  37.644209
  22    9    3.881599   2.278602   16.643046  17.153194
  22   10    3.714745   2.296505   31.941836  21.195410
  22   11    3.669334   2.258008   20.711752  14.025056
  22   12    3.524131   2.255315    5.763781  37.546516
  22   13    3.428987   2.223140   13.586263  28.100287
  22   14    3.373003   2.284760   12.233728  24.913637
  22   15    3.272373   2.282006   38.449645  14.114047
  22   16    3.197874   2.260464   27.273369  12.841465
  22   17    3.014279   2.289552   23.797747   4.270579
  22   18    2.924817   2.219335    7.029607  13.337012
  22   19    2.889925   2.238278   21.249906  14.846863
  22   20    2.718382   2.220182   32.787478  13.757701
  22   21    2.694092   2.276160   32.249453  18.196248
  22   22    2.547604   2.245959   17.156304  38.793875
  22   23    2.488416   2.229674   11.399388  15.871041
  22   24    2.373399   2.228813   10.387720  14.706144
  22   25    2.275648   2.207876   29.217656  17.528378
  22   26    2.174826   2.222563   11.348279  31.048265
  22   27    2.088759   2.277235    3.385492  15.478971
  22   28    1.991754   2.256300   24.583407  33.426601
  22   29    1.888797   2.226338   25.101407   6.183697
  22   30    1.768396   2.277540   33.073528  35.417477
  22   31    1.608258   2.284587   35.942406  27.698234
  22   32    1.536001   2.233671   15.697269   8.584093
  22   33    1.416473   2.219666   10.673122  16.011333
  22   34    1.373650   2.246388    9.080677  16.604960
  22   35    1.220152   2.214806   32.732602  33.417583
  22   36    1.133686   2.205410   15.425490  22.846126
  22   37    1.045710   2.218804   31.667544   8.510837
  22   38    0.912738   2.244970   11.073520  40.279787
  22   39    0.880373   2.269225    5.569838  30.079826
  22   40    0.790582   2.269397   14.978309  28.472180
  22   41    0.676311   2.212405   36.615347  16.132729
  22   42    0.547303   2.262574   11.919249  14.433968
  22   43    0.446157   2.282623    4.089908  34.472850
  22   44    0.304262   2.250138   12.207441   2.446652
  22   45    0.299290   2.257191    6.827601   2.692812
  22   46    0.116290   2.282982   27.796624  22.548835
  22   47    0.086094   2.274263    5.775400  23.150032
  23    0    4.771374   2.375976   14.126559  28.186502
  23    1    4.632191   2.385773    7.437379  12.431507
  23    2    4.529761   2.366752   27.690334  10.601765
  23    3    4.456240   2.319217   30.240709   5.011309
  23    4    4.356958   2.355997   21.231097  10.854863
  23    5    4.273395   2.338853    8.404742  27.249453
  23    6    4.174570   2.352916    1.637802  39.944486
  23    7    4.091900   2.329442   11.683552  30.576131
  23    8    3.969187   2.377318   30.023616  23.311851
  23    9    3.812525   2.373782   14.391345   1.650634
  23   10    3.762753   2.363294   29.134678   8.084208
  23   11    3.639684   2.359055   13.409234  32.479562
  23   12    3.557877   2.368479   20.150992   9.733837
  23   13    3.409060   2.326417   12.410927  34.924270
  23   14    3.328499   2.317636   39.105277  29.398844
  23   15    3.229449   2.373260   18.333926   1.722779
  23   16    3.130130   2.399629   22.559663  23.932425
  23   17    3.026258   2.328235   16.161935  10.096726
  23   18    2.954556   2.392777    2.844203  37.817557
  23   19    2.860739   2.345388   19.373187  14.209207
  23   20    2.751471   2.315213   15.075196  29.404384
  23   21    2.682514   2.305656   15.948515  39.184699
  23   22    2.583933   2.384030   31.335423  23.497896
  23   23    2.453332   2.371490   23.621999  32.097560
  23   24    2.375831   2.319866    1.812423  18.143793
  23   25    2.257245   2.313522   13.096143  24.280913
  23   26    2.147761   2.352009   18.355023   5.530754
  23   27    2.086495   2.316945   34.232547  14.503018
  23   28    1.922745   2.363211    2.822387  15.247634
  23   29    1.863426   2.379697    7.768130  14.003594
  23   30    1.715168   2.363079   40.763911  12.704419
  23   31    1.626573   2.334535    3.896015   2.077799
  23   32    1.595123   2.394269   10.382363  26.346105
  23   33    1.473872   2.362734   19.089253   4.840958
  23   34    1.346028   2.356649   17.396713  34.358948
  23   35    1.217498   2.318439    3.834618  10.002381
  23   36    1.105942   2.381185   18.335185  34.888875
  23   37    1.063391   2.349554   26.482772   6.921972
  23   38    0.902444   2.397508   17.953101  33.362128
  23   39    0.883856   2.383599   22.210160  13.918613
  23   40    0.757235   2.316967   40.884151   6.318558
  23   41    0.603903   2.345112   11.127070   3.744632
  23   42    0.549826   2.396395   23.297825   3.238268
  23   43    0.471092   2.384913   15.855326   3.335973
  23   44    0.389720   2.356948    7.249733  26.162639
  23   45    0.224646   2.330983    6.438176   5.393009
  23   46    0.153422   2.307024   28.575680  21.481073
  23   47    0.022488   2.315700    9.233988   7.042221
  24    0    4.796449   2.458667   28.594362  29.075106
  24    1    4.624568   2.494824   36.484413   4.774324
  24    2    4.551158   2.432754   30.547659  21.081850
  24    3    4.467503   2.449908    4.536768   5.049694
  24    4    4.368807   2.419886   23.621524  25.859043
  24    5    4.299023   2.457680   31.239427  16.407280
  24    6    4.158653   2.401114   10.554561  12.304294
  24    7    4.071099   2.417495   36.818092  11.608499
  24    8    3.918253   2.435421   19.255428  25.501425
  24    9    3.817878   2.451064   17.579847  27.292919
  24   10    3.737265   2.489386   34.514276  16.737113
  24   11    3.668655   2.427460   38.081013  23.817847
  24   12    3.592140   2.418518   12.807484  19.251375
  24   13    3.467135   2.420790   14.933818  19.399255
  24   14    3.331024   2.409440    1.359023  25.655722
  24   15    3.286076   2.477950   24.216027  20.366787
  24   16    3.176976   2.457463   12.035849   3.773126
  24   17    3.041183   2.459486   34.486671  33.290911
  24   18    2.953321   2.485036   21.318769  24.724284
  24   19    2.819717   2.417927    8.700148   4.935574
  24   20    2.757497   2.403123   39.504298  30.404934
  24   21    2.647795   2.494760   30.849963  12.435044
  24   22    2.579197   2.479796   15.457101  17.069323
  24   23    2.425723   2.449822   16.962487  18.788946
  24   24    2.374901   2.408139   17.646645  37.555214
  24   25    2.262958   2.484963   25.100153  17.714775
  24   26    2.174109   2.459032   17.865778  26.756172
  24   27    2.043390   2.487643   25.322579  17.092532
  24   28    1.902602   2.463454   20.942996  33.267114
  24   29    1.847675   2.499505   28.093156  11.681393
  24   30    1.765022   2.493658   31.924233  34.699505
  24   31    1.652171   2.409985   18.407727  33.483665
  24   32    1.532872   2.402900   31.614061   4.982809
  24   33    1.413823   2.485674    2.961020  22.076584
  24   34    1.334684   2.439369   22.030261   9.039195
  24   35    1.236922   2.472400    8.955580  27.427830
  24   36    1.142720   2.471526   25.239779  23.538746
  24   37    1.001192   2.448915   35.696988  24.155922
  24   38    0.994949   2.449299   32.208150   2.012765
  24   39    0.811007   2.468570   33.908237  18.892016
  24   40    0.782379   2.478384   22.708522  18.423099
  24   41    0.602804   2.498520   12.735188  11.344883
  24   42    0.570013   2.403366   33.000507  15.355656
  24   43    0.421864   2.454755   30.704087   4.866206
  24   44    0.304741   2.479479   34.903100  31.326681
  24   45    0.250634   2.435681   34.431200  13.758626
  24   46    0.195406   2.462491   28.050018  26.260592
  24   47    0.038648   2.476942   27.673666   2.264264
  25    0    4.729129   2.561569   36.529841   5.018560
  25    1    4.648823   2.585867    3.349754  34.116800
  25    2    4.513612   2.580911    1.777408  15.927266
  25    3    4.496555   2.565174   12.445755  11.735464
  25    4    4.307735   2.522532   35.496992  14.577634
  25    5    4.216517   2.502458   36.265803  40.584614
  25    6    4.122176   2.534780   19.561833  12.733613
  25    7    4.047443   2.584500   12.269996  26.917918
  25    8    3.938103   2.569007   34.248671  18.011416
  25    9    3.877420   2.593620   38.785231   6.071425
  25   10    3.705153   2.550267    1.829974  12.059919
  25   11    3.641346   2.556995   10.162250  23.665148
  25   12    3.540007   2.576996    9.460652  13.293268
  25   13    3.408179   2.549343   31.491434  33.518105
  25   14    3.353755   2.539342   23.460062   4.796999
  25   15    3.238512   2.594313   10.778966  33.777045
  25   16    3.190093   2.586140    6.504209  18.849353
  25   17    3.032717   2.570620   26.524033  16.704420
  25   18    2.957068   2.576474   39.907101  36.569723
  25   19    2.826552   2.505221   19.926801  17.766482
  25   20    2.782627   2.523380   15.084271  24.526532
  25   21    2.624606   2.527698   23.495966  16.107675
  25   22    2.518687   2.574418   31.455534  29.707110
  25   23    2.492322   2.567570   31.613744  21.192819
  25   24    2.359731   2.576686   22.458155  30.072481
  25   25    2.254610   2.599376   23.655210  19.343893
  25   26    2.130130   2.542319    7.005591  29.990268
  25   27    2.073147   2.579147    6.547997  29.093546
  25   28    1.929444   2.564573   10.641108  18.159251
  25   29    1.895492   2.570285   11.197376   5.722746
  25   30    1.706895   2.534321   38.799587  30.209400
  25   31    1.686991   2.526876   35.990853  23.045333
  25   32    1.564991   2.572108   34.004915  38.981547
  25   33    1.471199   2.588117   20.635439   4.447518
  25   34    1.368017   2.521885   29.494413  12.561156
  25   35    1.216185   2.538808   14.869838  35.385710
  25   36    1.153591   2.549096    3.675827  33.460960
  25   37    1.012539   2.507741   19.132848   5.991333
  25   38    0.914985   2.548030    2.986456  21.917562
  25   39    0.894329   2.508360   38.058345   5.126654
  25   40    0.738190   2.591164   15.138055  32.087400
  25   41    0.656450   2.574179   22.706257  36.180901
  25   42    0.540872   2.546682   40.395228  11.997777
  25   43    0.420961   2.505257   23.728033  10.091313
  25   44    0.370465   2.549439   25.449076  16.428997
  25   45    0.200983   2.521374   35.204143  32.519038
  25   46    0.175547   2.535354   32.611919  16.473936
  25   47    0.003620   2.512621   37.680223  19.805129
  26    0    4.768458   2.639526   16.473009  20.341699
  26    1    4.603092   2.688718    8.967547  12.277201
  26    2    4.547828   2.614349   30.819155   7.042329
  26    3    4.401903   2.654675    2.562549   3.672601
  26    4    4.347203   2.645479   30.538311  17.909836
  26    5    4.281359   2.682290   36.079201  31.889294
  26    6    4.120424   2.630683   26.388187  10.491152
  26    7    4.023126   2.604499    5.877115  38.970944
  26    8    3.965705   2.639487   34.926030  35.148882
  26    9    3.860749   2.632748   29.107276   7.177997
  26   10    3.728538   2.689947    1.559783  26.796099
  26   11    3.694201   2.686305   30.686407  33.191899
  26   12    3.508630   2.662964   21.594885  12.501680
  26   13    3.471504   2.626847   40.250012  33.944859
  26   14    3.327982   2.624303   22.315048  20.275034
  26   15    3.209337   2.611673   22.923201   5.262926
  26   16    3.196063   2.639743   38.549400  35.159374
  26   17    3.089307   2.614513   17.787480  18.455413
  26   18    2.933674   2.649812   34.842446  25.832988
  26   19    2.828171   2.614213   19.210736  40.179052
  26   20    2.789700   2.617092   19.257370  38.238293
  26   21    2.678786   2.618442    8.746718  37.350561
  26   22    2.504355   2.671307   37.007259  22.328750
  26   23    2.473947   2.672090   29.099381   1.576606
  26   24    2.338822   2.655245    6.522880  23.844051
  26   25    2.277513   2.698180   26.686501  16.515479
  26   26    2.104418   2.618005   26.229736  35.094282
  26   27    2.056345   2.632883   15.626067  16.780101
  26   28    1.984422   2.611151   17.221145  37.054093
  26   29    1.832570   2.645616   13.507983   8.437289
  26   30    1.748673   2.618071   15.178189  19.638214
  26   31    1.618569   2.680219    8.102706  38.853518
  26   32    1.514839   2.687146    4.301419  37.849956
  26   33    1.476812   2.613869   14.197475  37.582755
  26   34    1.310937   2.645325   16.683272   8.564680
  26   35    1.283310   2.606636   31.039885  40.187217
  26   36    1.141260   2.640251   22.464218  16.030486
  26   37    1.006928   2.606497   13.407597  13.327242
  26   38    0.952284   2.696311   29.279712  13.738731
  26   39    0.847185   2.682136   23.112045   2.151763
  26   40    0.736442   2.672806   33.919107  26.137259
  26   41    0.600414   2.679002   12.783063  19.966200
  26   42    0.599837   2.680909   24.781718  25.729573
  26   43    0.448269   2.632873   10.070427  35.349880
  26   44    0.355029   2.650125   40.629311  29.423458
  26   45    0.283567   2.629566   17.937342  23.340418
  26   46    0.181946   2.634722   29.298348  22.562903
  26   47    0.006325   2.669434    5.510013  14.997811
  27    0    4.728809   2.715895   39.449382  39.897468
  27    1    4.637599   2.780986   13.986445   3.606291
  27    2    4.500610   2.786408   39.095050  29.813562
  27    3    4.410340   2.729159    3.396729   5.967315
  27    4    4.305272   2.701012   26.562190   1.472409
  27    5    4.205003   2.780751   18.546101  13.682364
  27    6    4.197020   2.738191    2.707657   4.069779
  27    7    4.002985   2.721966   36.261144   2.019561
  27    8    3.972841   2.746557    7.621481  33.252897
  27    9    3.833252   2.771222   31.098549  32.903391
  27   10    3.741057   2.742736   30.715071   1.800241
  27   11    3.686593   2.794119    2.964929  33.762169
  27   12    3.591116   2.786619   20.006243   9.990243
  27   13    3.467968   2.706855   27.635221  15.413164
  27   14    3.350632   2.784591    4.576882  25.655251
  27   15    3.250281   2.749408   19.946314  29.860642
  27   16    3.119511   2.761665   23.593150  14.737375
  27   17    3.082642   2.720443   39.481543  22.827367
  27   18    2.921700   2.799410    5.942186  30.233214
  27   19    2.892815   2.792175   19.850810  26.035445
  27   20    2.712622   2.758159    6.453312  10.734705
  27   21    2.607046   2.765302    5.210124  20.697688
  27   22    2.524830   2.789150   37.835839  19.343708
  27   23    2.490830   2.781660   11.453417   6.375977
  27   24    2.325703   2.795142   21.879597   9.558211
  27   25    2.291420   2.785379   14.548567   8.308463
  27   26    2.199178   2.716451   39.128410  16.798380
  27   27    2.037016   2.712103   24.778605  31.502686
  27   28    1.948607   2.703465    3.150771  22.560970
  27   29    1.818551   2.790219   13.188165   1.337082
  27   30    1.749722   2.786400    3.696063  22.760936
  27   31    1.647874   2.758067   15.324284  38.108585
  27   32    1.561531   2.768377   12.438697  12.639404
  27   33    1.450867   2.736751    7.399721  36.909416
  27   34    1.328627   2.748878   25.676643  37.687451
  27   35    1.215664   2.749426   11.296040  24.411402
  27   36    1.180963   2.731191   30.264859  33.355479
  27   37    1.074631   2.744846   17.362750  20.581516
  27   38    0.956593   2.779705   22.228197   5.888269
  27   39    0.854133   2.765475   37.757863  26.047637
  27   40    0.739146   2.770700    1.912446  32.446110
  27   41    0.678367   2.798594   38.114305   4.778827
  27   42    0.515042   2.723770   15.196186  20.742730
  27   43    0.462658   2.762624    1.605639  16.939752
  27   44    0.315455   2.710079   27.200256   6.751029
  27   45    0.277613   2.710268   37.023690  18.224176
  27   46    0.115017   2.708366   23.095639  23.597985
  27   47    0.008392   2.775107   11.269639  39.667766
  28    0    4.713026   2.819947   30.024667   5.590352
  28    1    4.673116   2.848905   26.699297  15.885778
  28    2    4.523630   2.859914   24.814504  38.383136
  28    3    4.401034   2.853184   15.052267  39.876482
  28    4    4.348999   2.813314   14.075918   9.623110
  28    5    4.204580   2.860483   22.233818   8.976509
  28    6    4.103945   2.882303   26.444430  33.969964
  28    7    4.009827   2.828274   12.007308   9.249621
  28    8    3.901748   2.853102   21.134967   2.217983
  28    9    3.837068   2.831623   21.694097   4.535703
  28   10    3.799136   2.880024   32.645249  36.311482
  28   11    3.647402   2.819471   19.266932  11.582097
  28   12    3.533431   2.817952   38.357154  40.367493
  28   13    3.492182   2.873790   38.761848  34.124716
  28   14    3.366781   2.834320   13.949398   2.389580
  28   15    3.220061   2.820911   29.722702  36.481677
  28   16    3.181250   2.897014   30.948939  22.176901
  28   17    3.011112   2.829932   26.431511   1.167507
  28   18    2.944167   2.865543   11.412527  18.002994
  28   19    2.819126   2.834425    3.966833  35.231300
  28   20    2.785756   2.809427    6.643954  17.959066
  28   21    2.611681   2.830514   20.671485   6.467496
  28   22    2.500441   2.839937   10.016554  31.426859
  28   23    2.402954   2.836944   30.399962  23.343284
  28   24    2.399573   2.869192   28.384618   1.966508
  28   25    2.276485   2.850901    2.954986  21.431934
  28   26    2.106491   2.804022   22.231412  24.975095
  28   27    2.094229   2.897098   37.411660  24.336673
  28   28    1.994888   2.841137   21.615575  31.791926
  28   29    1.884234   2.847050   30.566789  28.535044
  28   30    1.728395   2.854817   33.141730  16.496874
  28   31    1.692135   2.880480   11.539963  39.268985
  28   32    1.563086   2.858683   32.595189  12.468428
  28   33    1.471421   2.871443   33.592096  38.551187
  28   34    1.325320   2.879075   28.544716  12.838422
  28   35    1.274038   2.808004    5.516141  36.553604
  28   36    1.174864   2.899109    4.131366  32.300714
  28   37    1.086403   2.896243    7.493784   4.089289
  28   38    0.907700   2.819754   17.425473   7.301398
  28   39    0.836256   2.856831   30.100986   6.594062
  28   40    0.744203   2.837023   25.147936  27.458466
  28   41    0.673031   2.895603   20.184281  18.959797
  28   42    0.586587   2.852914   10.216008   3.129108
  28   43    0.498561   2.818305   13.618841  15.766472
  28   44    0.314550   2.821739   20.487850  22.363201
  28   45    0.295909   2.864091   22.498322   2.905393
  28   46    0.120006   2.883251    4.244188  15.051803
  28   47    0.071991   2.852359   23.095643   4.281349
  29    0    4.760572   2.949266   17.359452   2.899821
  29    1    4.694420   2.973183   20.972833   1.226742
  29    2    4.537194   2.991465   37.778878  10.922303
  29    3    4.464602   2.902830   30.907213   2.456080
  29    4    4.373832   2.924611   14.832056   9.484131
  29    5    4.227610   2.992778   21.840193  38.834493
  29    6    4.196560   2.991671   24.077531   5.473211
  29    7    4.074763   2.963159   40.844052   9.929286
  29    8    3.975762   2.935097   12.787095   7.017552
  29    9    3.847038   2.929685    5.141128  38.258816
  29   10    3.708256   2.982054    6.842459   8.226951
  29   11    3.696602   2.906908   37.498894  32.348332
  29   12    3.576282   2.980400    6.731093  18.760305
  29   13    3.409723   2.960036   37.863483   1.147695
  29   14    3.327182   2.996967    8.492053  17.589896
  29   15    3.237211   2.922559   32.883258  20.061227
  29   16    3.171424   2.930014    4.876688  21.154288
  29   17    3.018263   2.957585    5.013118  22.785250
  29   18    2.997321   2.993681   12.653190  23.161817
  29   19    2.820225   2.917044   14.179257  23.344171
  29   20    2.748325   2.903841   13.897987  26.626921
  29   21    2.650273   2.944832    7.523191  39.161320
  29   22    2.503233   2.931989   32.281086  28.291930
  29   23    2.425384   2.977459    6.532909   8.695997
  29   24    2.340944   2.996600   29.766477  31.407192
  29   25    2.214221   2.918940    5.908064  16.123576
  29   26    2.159582   2.929864   24.812835  34.912759
  29   27    2.088673   2.905415   34.795205  30.730755
  29   28    1.954870   2.991789   40.073758  35.385161
  29   29    1.843784   2.929388   18.568088  20.143395
  29   30    1.744563   2.903374   25.760894  22.683091
  29   31    1.662677   2.963487   18.117178  24.199695
  29   32    1.554570   2.935860   14.247338  31.046173
  29   33    1.417840   2.909316   33.651522  20.226754
  29   34    1.358064   2.924066    2.152755   4.471257
  29   35    1.211732   2.998195    1.305226  10.673890
  29   36    1.181444   2.968351   28.065749  28.511026
  29   37    1.068192   2.987523    3.379826  40.501401
  29   38    0.960450   2.952006   17.223061  10.210003
  29   39    0.891497   2.928994   16.842939   4.418756
  29   40    0.746039   2.928646   38.879228  33.713349
  29   41    0.612139   2.933050   19.742584  13.011534
  29   42    0.522806   2.927697   27.764417  21.154184
  29   43    0.437558   2.917708    1.485686  31.991714
  29   44    0.312797   2.985093   37.942209  26.745431
  29   45    0.222008   2.909329   20.468304  10.251263
  29   46    0.194514   2.931061    5.543134   6.572545
  29   47    0.062661   2.957869    1.334191  10.094253
  30    0    4.770673   3.057156   36.263892  37.403763
  30    1    4.618749   3.039833   24.177356  26.968078
  30    2    4.569016   3.040699    4.186171  24.904836
  30    3    4.437198   3.048413   29.293382  36.209627
  30    4    4.358001   3.026331   30.383119  24.965535
  30    5    4.251703   3.012174   23.623275  10.767598
  30    6    4.103622   3.051628    2.945517   1.415500
  30    7    4.002538   3.041185   28.822728  16.557457
  30    8    3.984965   3.056510   24.473820  39.227340
  30    9    3.801667   3.072631   35.928704  11.050831
  30   10    3.724224   3.034701    8.746260   4.375205
  30   11    3.641839   3.076711    7.884339   5.896471
  30   12    3.572024   3.069500   35.187277  29.837335
  30   13    3.419334   3.088026   18.722209   5.815207
  30   14    3.320777   3.045906   27.924609  11.801450
  30   15    3.207913   3.047676   16.995067   3.706641
  30   16    3.197657   3.046409   15.637449  40.952107
  30   17    3.086254   3.076927   11.082231  15.850635
  30   18    2.914405   3.018761    9.062092  10.789505
  30   19    2.882796   3.054586   15.288859   1.281965
  30   20    2.723797   3.050594    4.935623  18.249500
  30   21    2.660399   3.037117   28.194405   5.861820
  30   22    2.551988   3.097985   28.322206   1.464933
  30   23    2.418594   3.043037   38.495620   4.265140
  30   24    2.342289   3.092868   19.680620  25.328649
  30   25    2.243454   3.021291    8.628521   2.048105
  30   26    2.159096   3.097680   38.695755   7.588946
  30   27    2.084237   3.037070   12.742820   5.155385
  30   28    1.960761   3.084692   13.810824  36.528462
  30   29    1.881935   3.037925    3.141352  25.672087
  30   30    1.757125   3.092194   34.561132   5.847839
  30   31    1.617750   3.008053    8.086118  10.320653
  30   32    1.521241   3.050025    3.224281   3.195825
  30   33    1.489257   3.079281    3.911621  12.148243
  30   34    1.325494   3.072896   12.965787  15.857762
  30   35    1.258634   3.043538   15.675225  36.045494
  30   36    1.119899   3.091560   21.573101  20.434750
  30   37    1.050841   3.003490   23.113339  15.182829
  30   38    0.964765   3.029043    3.035141   2.916064
  30   39    0.809986   3.005562   22.461285  38.145804
  30   40    0.771258   3.032036   23.638445  31.367734
  30   41    0.649392   3.022674   39.733778   5.496307
  30   42    0.591541   3.035960    4.915191  15.530484
  30   43    0.454956   3.092830    7.352000  29.681727
  30   44    0.335251   3.076329   22.692310  35.940580
  30   45    0.222439   3.074056    3.542318  23.659525
  30   46    0.171011   3.058727    9.655054  29.757407
  30   47    0.027149   3.046239   12.720762  11.299946
  31    0    4.700459   3.165040   38.252393  21.301921
  31    1    4.639256   3.176017   15.116427  16.574934
  31    2    4.567987   3.104578    1.435705  22.380466
  31    3    4.409592   3.162202   15.176043  28.736620
  31    4    4.391918   3.115253   40.636269  40.788697
  31    5    4.259273   3.196041   10.831015  17.134060
  31    6    4.172305   3.182218   13.551155   4.960720
  31    7    4.011867   3.103210    9.497281   2.012218
  31    8    3.946828   3.169207    8.721130  38.548846
  31    9    3.809078   3.182516   11.717425  16.582505
  31   10    3.729445   3.151250   39.548319  40.789662
  31   11    3.650015   3.120106    9.643525  20.849492
  31   12    3.576543   3.196543   27.315346  26.832453
  31   13    3.490137   3.137334    5.098291   9.123717
  31   14    3.382223   3.169936   10.931830  36.776314
  31   15    3.228833   3.125498   40.741087  10.845853
  31   16    3.108192   3.120863   40.548089  32.982595
  31   17    3.004315   3.131246   17.904538  18.292770
  31   18    2.904426   3.174469   22.840040  32.299649
  31   19    2.801167   3.182795    5.956436   4.931379
  31   20    2.774286   3.166283    7.683279   3.157155
  31   21    2.659340   3.188926   30.580752   4.631425
  31   22    2.582247   3.147988   39.098463  37.057602
  31   23    2.453806   3.100291    2.160614  24.643733
  31   24    2.393685   3.144691   17.764088  19.812840
  31   25    2.291284   3.195693   30.485180   4.195708
  31   26    2.174361   3.162509   38.056913  39.943904
  31   27    2.044594   3.144763   28.291385  25.751212
  31   28    1.962272   3.129419    9.494266  39.982648
  31   29    1.816204   3.102858   33.690613  17.427249
  31   30    1.756535   3.101999   10.616577  20.984006
  31   31    1.690364   3.114043   40.319408  12.755198
  31   32    1.546693   3.186015   32.762532  11.378056
  31   33    1.498026   3.133622   34.092395  17.919654
  31   34    1.331600   3.199787   31.853288   8.361329
  31   35    1.280306   3.133000   36.724648  36.803251
  31   36    1.149534   3.155834   38.216285  33.347152
  31   37    1.094799   3.116511    8.729808  20.611135
  31   38    0.960663   3.148508   37.643227  32.565102
  31   39    0.864379   3.162400   28.389302   1.544098
  31   40    0.789281   3.113153   31.290872  39.719982
  31   41    0.620413   3.198273   38.227095  38.934666
  31   42    0.546410   3.165804   27.697334  39.691026
  31   43    0.441373   3.135091   36.813469  11.455766
  31   44    0.313433   3.141491   37.100683  10.572353
  31   45    0.233909   3.113211   11.260351  10.456906
  31   46    0.174360   3.123952   26.410642  35.926024
  31   47    0.046233   3.158960   34.559836   7.178107
  32    0    4.738115   3.299863   12.598306   9.939335
  32    1    4.643474   3.210889   31.956550  20.537143
  32    2    4.592940   3.276665   22.932814  25.248322
  32    3    4.411255   3.251132   31.833607   2.380970
  32    4    4.382567   3.274659   12.408001  36.509737
  32    5    4.287236   3.269173   19.130948   3.537505
  32    6    4.188220   3.241222    1.866117  32.374111
  32    7    4.050763   3.292848    3.103938   6.699270
  32    8    3.941854   3.237849    4.739738   4.332771
  32    9    3.827973   3.244565   36.269118  31.115694
  32   10    3.784187   3.219176   25.997092  32.982045
  32   11    3.693870   3.219479   37.673134   9.266197
  32   12    3.516162   3.257222   23.790056  20.568184
  32   13    3.473835   3.236764   21.159858  27.131488
  32   14    3.374404   3.263801   22.468158  23.246813
  32   15    3.264946   3.285136   28.099838   7.375820
  32   16    3.190039   3.229362   35.035981  17.311098
  32   17    3.012204   3.269434   34.085235  38.698259
  32   18    2.965929   3.227518   13.795412  30.713052
  32   19    2.886390   3.266323   20.382486  34.806338
  32   20    2.729945   3.231059   19.828269   4.522799
  32   21    2.618783   3.214102   33.474003   2.910769
  32   22    2.591325   3.247476   25.138872  38.540836
  32   23    2.453318   3.294080   39.809252  34.335225
  32   24    2.343458   3.209866   35.690211  21.098741
  32   25    2.279036   3.209171   37.924651  38.780476
  32   26    2.119659   3.252504   29.231407   5.153999
  32   27    2.004780   3.229093   16.380762  28.977519
  32   28    1.918510   3.259501   18.728249  31.105003
  32   29    1.834088   3.250975   23.504332  23.909617
  32   30    1.772315   3.299635   20.372612  11.322543
  32   31    1.691119   3.219187    3.711798  16.478504
  32   32    1.536001   3.250792   24.560673  22.214454
  32   33    1.438183   3.258838   35.229917  25.435303
  32   34    1.324496   3.273406   38.893871  16.710371
  32   35    1.212063   3.203691   15.318269  21.592037
  32   36    1.124158   3.213877   14.170619  13.373874
  32   37    1.089826   3.241098    1.637431   4.774894
  32   38    0.948280   3.206133   17.500866  37.919608
  32   39    0.875184   3.254109   12.195674  30.675774
  32   40    0.797993   3.292362   21.089640   8.733283
  32   41    0.673707   3.214040   31.346118  25.703883
  32   42    0.528073   3.202369   10.899774  10.062754
  32   43    0.499320   3.265550   25.595327  23.134535
  32   44    0.302225   3.215125   26.318097  24.868728
  32   45    0.225516   3.250689   20.523384   5.297556
  32   46    0.154336   3.275744   20.113404   3.893913
  32   47    0.062563   3.238375    8.904581   4.243065
