   0    0    4.351904   0.026237   17.966363   8.681789
   0    1    4.243974   0.026745    5.537499  28.003587
   0    2    4.118788   0.040813    3.651495  23.933805
   0    3    4.080308   0.065489   26.183647  35.594705
   0    4    3.909339   0.009589   35.589907  27.771020
   0    5    3.844123   0.026894   27.890949  10.168725
   0    6    3.757425   0.041071   28.357035  33.491035
   0    7    3.655045   0.049906    1.980014  37.751922
   0    8    3.592812   0.047249   34.837940  13.553358
   0    9    3.440522   0.027733   33.620098  27.683148
   0   10    3.325249   0.085346    6.549589  22.415869
   0   11    3.211985   0.096009   36.006224   8.515442
   0   12    3.186821   0.095556    8.228303  13.464505
   0   13    3.042807   0.057335    6.097013  40.328339
   0   14    2.938144   0.012738    5.345713  33.469986
   0   15    2.843404   0.088341   31.377334  32.763640
   0   16    2.772761   0.095322   12.630617  38.825733
   0   17    2.643587   0.061108    7.148943   2.042699
   0   18    2.529813   0.045682   32.338181  34.891458
   0   19    2.403900   0.011972   25.141353  20.418590
   0   20    2.347568   0.092773   22.922020  33.087175
   0   21    2.286138   0.007729   26.774235  27.961837
   0   22    2.159899   0.070066    1.928724   9.952742
   0   23    2.018679   0.091681   18.191698  29.273711
   0   24    1.954021   0.049636   21.348474  38.208326
   0   25    1.894429   0.040185   39.227890  26.666380
   0   26    1.771067   0.086711   39.319464   1.921498
   0   27    1.638364   0.024088    4.752396  26.544557
   0   28    1.541071   0.088073    8.997883   6.207000
   0   29    1.477619   0.048854   14.382982  37.168552
   0   30    1.300913   0.042428   13.569290  26.455499
   0   31    1.239943   0.042185   35.342299  33.673997
   0   32    1.147548   0.041156   35.791285  32.907999
   0   33    1.096110   0.068606    3.274221  40.168775
   0   34    0.929562   0.073850    1.121418  13.462865
   0   35    0.848462   0.076733   37.124548   8.923046
   0   36    0.777616   0.004604   35.398355  40.922729
   0   37    0.651283   0.026852   26.729883  23.113536
   0   38    0.518816   0.022236   31.208399  30.458883
   0   39    0.429073   0.003956    5.547536  32.278586
   0   40    0.311322   0.010460   21.483475  28.891034
   0   41    0.236010   0.094507   25.998378   8.585777
   0   42    0.173702   0.002462   34.540820   9.450660
   0   43    0.074048   0.094011   31.183639   7.209234
   1    0    4.368613   0.168444   11.688622  14.016477
   1    1    4.258068   0.116819   24.275692   5.559055
   1    2    4.132289   0.134391    6.685941   9.380855
   1    3    4.084368   0.199663   35.671935  23.800602
   1    4    3.920167   0.145645   15.759321   4.926339
   1    5    3.823556   0.126012   18.039954  13.046714
   1    6    3.764627   0.169836    7.542523  16.161742
   1    7    3.620488   0.149640   20.671185  17.801206
   1    8    3.513407   0.180298   34.219918  31.887565
   1    9    3.442421   0.162704    7.099395  15.677338
   1   10    3.336676   0.173308   28.318105  12.330860
   1   11    3.271907   0.136098    3.729322  10.110261
   1   12    3.157056   0.150311   24.004412  31.409919
   1   13    3.093209   0.158050   22.259922  40.727714
   1   14    2.970073   0.139759    7.414964  18.359494
   1   15    2.870128   0.110672   24.975682  21.238632
   1   16    2.782580   0.142270   37.449110  32.267604
   1   17    2.659147   0.153553   19.518577  36.144567
   1   18    2.503602   0.157523    6.631020  17.645230
   1   19    2.444638   0.128550   18.542251   5.274173
   1   20    2.375903   0.191621   31.053349  19.970579
   1   21    2.222666   0.160515   39.689127  19.086322
   1   22    2.137227   0.149655    9.081935   7.219856
   1   23    2.096502   0.105031   32.620157  37.882707
   1   24    1.947727   0.189715   10.414527  26.716838
   1   25    1.880478   0.186066    2.366028  34.516121
   1   26    1.714552   0.151875   10.250646  26.203830
   1   27    1.639195   0.174017   12.057673   2.875907
   1   28    1.585836   0.178447   27.743706   3.856896
   1   29    1.416307   0.177734   33.133021  33.377375
   1   30    1.374553   0.110313    3.570600  24.038595
   1   31    1.231268   0.162893    7.405967  31.877322
   1   32    1.107729   0.178167   38.368035   3.901729
   1   33    1.043393   0.163495   32.922607  29.883072
   1   34    0.978457   0.107269   31.948920  40.527961
   1   35    0.800464   0.123246    4.318862   1.617790
   1   36    0.706956   0.119582   32.626229   9.105427
   1   37    0.603874   0.189278    8.432649  27.450116
   1   38    0.592615   0.148181    6.635767  19.719833
   1   39    0.433892   0.181882   17.212848   3.391504
   1   40    0.361499   0.175346   29.563375  33.653795
   1   41    0.287157   0.180858   12.506355  12.809928
   1   42    0.183244   0.168012    4.846145  29.659510
   1   43    0.083870   0.101590   21.093592  29.203968
   2    0    4.347578   0.212040    8.831295  16.490172
   2    1    4.204384   0.282098   33.381886   7.826568
   2    2    4.153875   0.240251    7.540397  30.045824
   2    3    4.014045   0.266101   25.455213   9.143095
   2    4    3.977219   0.208247   27.200737  31.809697
   2    5    3.831105   0.246495   21.717851  18.553628
   2    6    3.731388   0.296736    8.769636  19.821352
   2    7    3.685401   0.228708    4.158554  24.504710
   2    8    3.552963   0.209429   16.091617  34.253288
   2    9    3.405273   0.283984   14.300921  11.061146
   2   10    3.381480   0.291510   37.992379   6.727973
   2   11    3.256757   0.288987    5.194703  11.203683
   2   12    3.108061   0.215299    6.527594   5.832578
   2   13    3.042654   0.289940    3.341829  13.563785
   2   14    2.909432   0.266889    6.768610  10.858996
   2   15    2.849377   0.287083   14.240034  38.001969
   2   16    2.775524   0.220405   17.921196  21.617053
   2   17    2.606783   0.208357   10.265997  14.381534
   2   18    2.577032   0.204979   21.237544   4.239121
   2   19    2.400289   0.230000   35.908982  14.084784
   2   20    2.304386   0.253612   17.095778   1.214654
   2   21    2.245555   0.206125   32.905037  15.264181
   2   22    2.141508   0.272810   11.785328  18.463491
   2   23    2.003934   0.289371   26.610839  10.516182
   2   24    1.916528   0.287203    3.950530   3.077077
   2   25    1.881576   0.260388   24.995392   9.610800
   2   26    1.797345   0.294322   21.308934  22.427062
   2   27    1.616745   0.235133    2.916790  30.105273
   2   28    1.572441   0.211291   10.174815   8.661044
   2   29    1.418373   0.285915   36.890346  25.115512
   2   30    1.376827   0.207382   23.482491  22.175571
   2   31    1.274264   0.294582   19.343465  30.214333
   2   32    1.189272   0.294245    7.418066  33.476765
   2   33    1.099582   0.254445   16.391663  20.370765
   2   34    0.940181   0.289043   32.432318   4.909321
   2   35    0.845421   0.251254   39.459236  13.040067
   2   36    0.729523   0.274840   11.321501  12.054868
   2   37    0.633207   0.282968   18.607115  34.959380
   2   38    0.561164   0.257262   35.226881  39.171059
   2   39    0.423569   0.223079   14.219525   7.899255
   2   40    0.353750   0.256827   37.817906  33.863030
   2   41    0.268086   0.292869   23.740126   2.566622
   2   42    0.188975   0.282249    8.587962  13.249181
   2   43    0.028887   0.284275   11.437357  20.050055
   3    0    4.305640   0.301633   18.105733  37.203574
   3    1    4.284640   0.366925   11.717802   6.643537
   3    2    4.142324   0.365687   11.229251  23.827519
   3    3    4.071769   0.320418   10.295424  30.580190
   3    4    3.972802   0.339886   28.703764  38.123258
   3    5    3.837048   0.356074   32.563593   8.152807
   3    6    3.766544   0.370998   33.228644  36.912959
   3    7    3.601798   0.331154   24.805904  21.893283
   3    8    3.541654   0.347473    2.992592  21.366536
   3    9    3.458928   0.312927   21.420823   4.928382
   3   10    3.359588   0.312866   13.840471  13.072149
   3   11    3.241925   0.320004   30.124277  13.324593
   3   12    3.139748   0.356840   20.649168  30.403517
   3   13    3.019656   0.353980   37.133361  32.180119
   3   14    2.947776   0.339230    9.153924  19.008526
   3   15    2.882447   0.335713   15.623401  21.417382
   3   16    2.733903   0.399221    1.380668   3.563885
   3   17    2.693418   0.377459   13.289664  23.674704
   3   18    2.567153   0.363937   21.003920  17.510939
   3   19    2.484413   0.354588   18.634088  29.391190
   3   20    2.327504   0.398515   39.363917  33.308024
   3   21    2.278112   0.388775   40.636448   3.124084
   3   22    2.181311   0.333264    8.540659  37.805089
   3   23    2.017047   0.318300    2.758439  20.333249
   3   24    1.975316   0.362508   24.796644  15.666600
   3   25    1.876206   0.310524    9.768244   5.312675
   3   26    1.741547   0.334514   13.864126  38.339068
   3   27    1.628820   0.366578   14.662174  18.644286
   3   28    1.509189   0.342139    8.966786  26.879854
   3   29    1.424658   0.378998   12.999077  16.494580
   3   30    1.370198   0.379883   23.129774  24.034213
   3   31    1.226753   0.329266   23.252227  14.269983
   3   32    1.143001   0.354523   19.246126  14.267846
   3   33    1.036022   0.354146   34.322525  33.592093
   3   34    0.923034   0.323808   34.531662  30.032556
   3   35    0.813585   0.367188   15.145835  14.249318
   3   36    0.700205   0.390423   40.414480  38.362907
   3   37    0.687828   0.394957   26.366413  31.726702
   3   38    0.561544   0.396993   14.569274  33.972096
   3   39    0.407408   0.376277   10.337389  36.111063
   3   40    0.382332   0.351882    8.720720  33.335558
   3   41    0.272361   0.377198    3.248374  39.613880
   3   42    0.141000   0.365324   34.004286  28.821160
   3   43    0.043365   0.394414   31.969281  27.649665
   4    0    4.371817   0.490715   35.086841  22.745117
   4    1    4.293945   0.455475   28.238551  12.352883
   4    2    4.195139   0.446862    4.913518  18.303095
   4    3    4.032040   0.475450   34.113013  27.611782
   4    4    3.937506   0.443568    3.861365  17.646285
   4    5    3.875835   0.496562   25.135672   1.142824
   4    6    3.773327   0.445139   10.244336  26.942532
   4    7    3.624139   0.419834    1.466803  11.824704
   4    8    3.586198   0.484236   23.528299  34.082918
   4    9    3.413840   0.435956   32.262752   9.456264
   4   10    3.361075   0.481934   27.278734  26.764502
   4   11    3.206073   0.476325    4.875951  39.297926
   4   12    3.178592   0.438960   15.777912  37.000273
   4   13    3.088767   0.434610    7.988680  15.201572
   4   14    2.989748   0.437757   16.412370  12.677613
   4   15    2.826051   0.454237    6.582202   2.829114
   4   16    2.702979   0.435390   19.345582  27.606953
   4   17    2.624816   0.437791   26.681928   8.405310
   4   18    2.516343   0.433225   36.654784  28.572571
   4   19    2.425292   0.410653   19.108368  18.645708
   4   20    2.375067   0.480931   35.024955  21.217807
   4   21    2.256020   0.463026   34.002645  23.945877
   4   22    2.129186   0.409543   19.257060  36.167284
   4   23    2.023977   0.402086   31.684455  19.613435
   4   24    1.907267   0.491158    8.261671  32.609043
   4   25    1.837843   0.469082   20.439377  38.869683
   4   26    1.710413   0.491293   40.873185   8.629789
   4   27    1.686526   0.415022    8.121539   6.542949
   4   28    1.565827   0.414027   35.733909  35.916794
   4   29    1.416057   0.482940    1.996666  13.821088
   4   30    1.361085   0.439731   27.661336   1.010271
   4   31    1.265839   0.414802   30.039647  22.125877
   4   32    1.109154   0.420560   12.325999  36.110393
   4   33    1.039983   0.486702    6.939775   8.117359
   4   34    0.969807   0.429793   31.731375  39.513405
   4   35    0.801079   0.477308   29.355899   2.031508
   4   36    0.775692   0.457726   24.901342  39.071604
   4   37    0.682237   0.491404   37.502801  27.999899
   4   38    0.580711   0.409019   31.344773   1.642289
   4   39    0.418641   0.492880    3.939141  27.695372
   4   40    0.364714   0.484209    9.280912  37.311060
   4   41    0.202056   0.449675   25.466405  37.592996
   4   42    0.191645   0.421599   16.273232  29.245202
   4   43    0.060883   0.456953   20.337343  35.330966
   5    0    4.328388   0.534773   36.833555  18.353159
   5    1    4.264346   0.584189   10.511432  12.101340
   5    2    4.188453   0.505731    9.722243  26.496448
   5    3    4.042251   0.586830   37.483998   5.695881
   5    4    3.968476   0.583929    7.084372  12.820664
   5    5    3.801535   0.533891   20.254650   2.777557
   5    6    3.796183   0.597516    8.225840   4.842529
   5    7    3.607398   0.529074   35.289772  29.143557
   5    8    3.506020   0.504593   12.747410   9.250267
   5    9    3.480359   0.544910   20.872875  33.191020
   5   10    3.303097   0.599567   30.918796   6.944901
   5   11    3.240906   0.546950   22.025660  10.491955
   5   12    3.167389   0.542462   13.588914  12.670351
   5   13    3.010679   0.558149   37.221723  16.329173
   5   14    2.988335   0.597562   39.592506  31.650567
   5   15    2.853232   0.502393   24.403895  28.240349
   5   16    2.705024   0.551784   25.527412  13.972214
   5   17    2.608442   0.570482   31.355240  12.062627
   5   18    2.559092   0.532924   20.940814  32.021743
   5   19    2.442461   0.571925   14.262864  12.665537
   5   20    2.346266   0.563248    1.376847   7.106004
   5   21    2.299899   0.571521   18.352660  34.505271
   5   22    2.178176   0.564835   12.402031  28.455863
   5   23    2.006511   0.561007   15.762274  17.328675
   5   24    1.938604   0.579685   29.639041   1.132600
   5   25    1.829183   0.582904   28.358545  28.800664
   5   26    1.737793   0.579800   23.003396  28.927164
   5   27    1.655366   0.506253    6.994823   8.524022
   5   28    1.534716   0.520282    7.751713  24.162710
   5   29    1.406360   0.552052   13.742551   6.865933
   5   30    1.310431   0.531946   10.614224  18.381101
   5   31    1.247971   0.579975   39.920627  27.200818
   5   32    1.135658   0.559026   36.198326   6.214424
   5   33    1.008061   0.577366   10.285075  21.624449
   5   34    0.982694   0.522272    7.014001   9.312848
   5   35    0.853381   0.536503   12.530647  27.889562
   5   36    0.785558   0.528055   29.885989  38.020470
   5   37    0.617812   0.566784   31.295029  29.258522
   5   38    0.552950   0.550047   12.181669  35.561127
   5   39    0.410789   0.564740   17.145375  29.163936
   5   40    0.386182   0.581654   13.197682  32.816429
   5   41    0.268149   0.556693   23.565994  19.013360
   5   42    0.148647   0.594558    9.212347  21.348623
   5   43    0.038024   0.536397   38.755017  20.169621
   6    0    4.374720   0.641565   15.125045  28.141162
   6    1    4.221662   0.643110   24.077003  40.083552
   6    2    4.194165   0.610422   21.267749  27.600226
   6    3    4.013150   0.664373   27.307439  37.751253
   6    4    3.983164   0.669337   10.887984  14.680684
   6    5    3.803045   0.602110   26.344206   5.113322
   6    6    3.735055   0.644647   21.966544  27.570362
   6    7    3.628754   0.610720   17.850108  38.708785
   6    8    3.572625   0.636412    6.447347  29.186755
   6    9    3.469279   0.601452   35.329652  39.841799
   6   10    3.399531   0.608666   40.620904  13.810648
   6   11    3.293547   0.608654   22.432293   1.714482
   6   12    3.110959   0.687646   12.316904  18.501422
   6   13    3.080051   0.630337   39.813468  38.424559
   6   14    2.953065   0.663522   13.725495   8.509135
   6   15    2.830885   0.688064   27.673765  23.421817
   6   16    2.737056   0.618973   23.080913  31.718770
   6   17    2.605527   0.699277    1.135652  13.962681
   6   18    2.576956   0.601437   24.105157  39.232380
   6   19    2.498812   0.618972    1.906257  23.297511
   6   20    2.330148   0.614915    9.023483  27.515131
   6   21    2.283572   0.687011    7.213750   3.770583
   6   22    2.176727   0.631942   19.127533  32.101605
   6   23    2.031243   0.612393   25.793924   1.707964
   6   24    1.977509   0.616644   16.276018  33.678997
   6   25    1.813543   0.636427   30.742667  18.913867
   6   26    1.701207   0.605788   29.386878  24.434178
   6   27    1.674888   0.643058   30.339053   5.791334
   6   28    1.508884   0.616283    1.888967   5.871892
   6   29    1.448756   0.626442   20.482846  17.548441
   6   30    1.328158   0.634825   39.265318  28.881685
   6   31    1.271543   0.683440   36.179288   7.646512
   6   32    1.141031   0.698176   40.234148  22.651452
   6   33    1.024739   0.671791   24.543087  11.592154
   6   34    0.947312   0.691076   30.777799  11.095832
   6   35    0.810330   0.663547   38.082597  29.370233
   6   36    0.750719   0.672806   27.143885  23.787961
   6   37    0.635372   0.627688   14.564236  26.260209
   6   38    0.546670   0.693185   12.106975  12.953430
   6   39    0.449519   0.695930    8.546252  19.473595
   6   40    0.369543   0.674076   18.193209  28.905595
   6   41    0.244046   0.601295    9.710011   1.995583
   6   42    0.182932   0.613453   12.234288  23.371704
   6   43    0.082540   0.630363   24.406053  35.209208
   7    0    4.368923   0.715655   27.531380  23.479616
   7    1    4.291915   0.796967   29.371198  18.325733
   7    2    4.191898   0.763668   33.073491   8.745196
   7    3    4.097771   0.727636   10.362071  15.340250
   7    4    3.978641   0.727090    3.668975  29.220789
   7    5    3.840389   0.747223   13.489484  29.176805
   7    6    3.769731   0.742926   40.512861   5.035492
   7    7    3.656745   0.766938    3.327129  37.882660
   7    8    3.557273   0.715389   28.626787   5.878237
   7    9    3.459948   0.706389   19.407166  29.176627
   7   10    3.330905   0.755651    5.772353  23.545033
   7   11    3.290357   0.726255   11.504293   7.351726
   7   12    3.107887   0.722772   36.852799   1.492017
   7   13    3.052397   0.708872   14.148985  20.477707
   7   14    2.923725   0.733009   18.481950  12.406262
   7   15    2.887697   0.700257   32.099625   6.044322
   7   16    2.707343   0.776305   40.313465  18.126647
   7   17    2.668680   0.719022   31.042345  39.631515
   7   18    2.559269   0.715931   22.887446   5.817342
   7   19    2.427113   0.745118    1.576423  33.888036
   7   20    2.392587   0.750114   16.165567  30.116840
   7   21    2.259345   0.724524   29.582160  34.045275
   7   22    2.184608   0.782938   18.589926   3.055722
   7   23    2.074114   0.764727   22.357235  31.388443
   7   24    1.922266   0.785870   23.414878   1.856701
   7   25    1.869780   0.750285    7.446574  27.552527
   7   26    1.706165   0.730980   17.225189   9.300770
   7   27    1.645716   0.777731   19.879855  10.205770
   7   28    1.507046   0.742274    4.967901   2.163617
   7   29    1.467335   0.794758    3.569815  24.628716
   7   30    1.344078   0.742477   16.489359  40.296748
   7   31    1.215857   0.729882   33.913594   5.892215
   7   32    1.176985   0.769222   21.482920   2.248122
   7   33    1.062419   0.715668    1.178429  32.783041
   7   34    0.973419   0.796788   22.916935  22.887363
   7   35    0.811471   0.741131   38.042040  17.321146
   7   36    0.729313   0.727366   33.426617  34.320957
   7   37    0.660708   0.717080   29.697142  32.657828
   7   38    0.583132   0.709291    4.817540  13.453155
   7   39    0.423840   0.701911   31.218577  27.339458
   7   40    0.374991   0.798765   37.742504  37.868590
   7   41    0.258550   0.714778   14.430595  15.366676
   7   42    0.158551   0.706283   26.777606   6.282965
   7   43    0.034838   0.758088   35.300913   9.174318
   8    0    4.377405   0.859339   15.537426  10.628444
   8    1    4.268692   0.881889   12.927217  16.602616
   8    2    4.168354   0.868910   27.133250  13.910730
   8    3    4.032667   0.849011    2.470848  33.125553
   8    4    3.951541   0.808824   37.192381  11.295081
   8    5    3.838428   0.801720    6.931469   7.047542
   8    6    3.711810   0.804320   29.820594  31.448871
   8    7    3.666696   0.888122    6.445566  38.074936
   8    8    3.567024   0.878927    1.303895  10.988592
   8    9    3.497284   0.879763   28.830725  28.614164
   8   10    3.357189   0.827255   32.009774  26.949501
   8   11    3.266019   0.800580   21.386658   2.343618
   8   12    3.173360   0.865392   13.862229  40.516449
   8   13    3.046351   0.891798   11.503025  16.051727
   8   14    2.977180   0.860262   18.928894  29.824725
   8   15    2.821333   0.857351    2.413172  18.428948
   8   16    2.740750   0.854679   24.072645  10.460059
   8   17    2.676364   0.870083   40.471957  33.446752
   8   18    2.562191   0.885759    7.284168  39.357264
   8   19    2.404757   0.870221   31.624895  26.151946
   8   20    2.384833   0.840949   23.225981  31.117273
   8   21    2.276650   0.854548   17.274925  25.150046
   8   22    2.167378   0.808127   28.682504   5.332670
   8   23    2.077180   0.837172   23.542158   8.746661
   8   24    1.918721   0.854073    3.024811  29.332112
   8   25    1.872047   0.860976   32.951037  30.661228
   8   26    1.724269   0.809054   14.462781  22.824361
   8   27    1.607776   0.852592   13.868382  26.422683
   8   28    1.550676   0.844359   39.771402  29.242938
   8   29    1.499903   0.843102   40.554880  23.002033
   8   30    1.322839   0.804320   33.342066  13.162752
   8   31    1.205270   0.821761   25.481631  31.932043
   8   32    1.120801   0.894698   40.823748  33.980341
   8   33    1.014269   0.850595   25.602416  20.109624
   8   34    0.944904   0.835239   23.283021  13.119703
   8   35    0.835581   0.844069   35.561426  22.671761
   8   36    0.745092   0.855845   19.725921  15.345976
   8   37    0.679389   0.809874    3.355262   8.781186
   8   38    0.504677   0.852942    8.988755   4.339564
   8   39    0.475441   0.854414   17.757049  13.853284
   8   40    0.310224   0.825520   16.418981   8.503615
   8   41    0.289603   0.879714   21.849601  30.701028
   8   42    0.127363   0.878730    6.431368  25.048043
   8   43    0.026607   0.837248    3.303617   7.270077
   9    0    4.337414   0.917048   28.938712  38.713650
   9    1    4.227770   0.958580   39.575964  30.081461
   9    2    4.171639   0.948675   25.820427  36.070155
   9    3    4.090266   0.952704   34.992146  20.194599
   9    4    3.908735   0.988229   13.006414  17.142304
   9    5    3.849315   0.945667   36.716148  32.448699
   9    6    3.776887   0.975686   34.417648  23.188509
   9    7    3.676261   0.939270   17.899878   8.935929
   9    8    3.524231   0.926154   15.919022  32.776799
   9    9    3.454019   0.982578    8.843512  34.105016
   9   10    3.391035   0.987245   30.604007  27.873172
   9   11    3.296719   0.982468   40.787107  11.589287
   9   12    3.133200   0.908656    1.144784  37.477736
   9   13    3.082653   0.927603   21.992896  31.798441
   9   14    2.909869   0.922007   30.605548   8.414370
   9   15    2.868717   0.963972   32.066761   4.508695
   9   16    2.757996   0.988109   10.030755  11.199920
   9   17    2.650570   0.939549   38.006427  32.131205
   9   18    2.533663   0.993471   19.284134   3.489265
   9   19    2.425579   0.930634   24.252989  17.034037
   9   20    2.303716   0.968275   37.028366  24.412910
   9   21    2.205366   0.973077   29.061450  10.238220
   9   22    2.122015   0.953925    6.399383  40.194069
   9   23    2.011423   0.947872   30.794998  19.003764
   9   24    1.922125   0.969904    4.843297  24.752507
   9   25    1.870709   0.912494   30.286835  37.266821
   9   26    1.702707   0.916876   19.748053  38.572737
   9   27    1.608561   0.926858   29.202399  25.584486
   9   28    1.573191   0.905782   35.915929  24.934463
   9   29    1.413463   0.995961   29.373922   6.189032
   9   30    1.365490   0.921153   36.587112  14.673494
   9   31    1.222362   0.939979   34.368301  33.948719
   9   32    1.102570   0.910944   26.638599  18.961640
   9   33    1.046197   0.907062    2.088331  35.477594
   9   34    0.946625   0.944895   24.746756  14.164443
   9   35    0.823192   0.964004   15.996414  16.332021
   9   36    0.728421   0.998746   20.715938   3.655879
   9   37    0.652203   0.935691   12.588915  40.177023
   9   38    0.585048   0.902631   34.839611  18.539505
   9   39    0.420035   0.915431   24.038405   4.000770
   9   40    0.305889   0.938495    8.074507  12.545823
   9   41    0.295129   0.935213   27.460085   9.900929
   9   42    0.106025   0.983646   14.972380  35.945942
   9   43    0.015411   0.967444   16.047756  26.661843
  10    0    4.312641   1.075351   25.728014  39.141952
  10    1    4.250324   1.027841   22.363761  23.286860
  10    2    4.163144   1.014841   29.366185  38.664710
  10    3    4.066186   1.062959   10.356376   1.845433
  10    4    3.973787   1.038200    7.004341  16.630071
  10    5    3.870028   1.035200   10.217209  38.439908
  10    6    3.744516   1.056289   12.291842  19.274897
  10    7    3.649909   1.063187   38.980217  38.792266
  10    8    3.519568   1.006198   35.540636  31.014502
  10    9    3.469495   1.036016   29.803004  28.896347
  10   10    3.324033   1.062695   38.726337   7.533488
  10   11    3.211254   1.096186   24.160150  31.376460
  10   12    3.144153   1.029689   30.452726  34.742246
  10   13    3.096169   1.077885   23.717367   4.638527
  10   14    2.913552   1.068955   23.136736  20.001722
  10   15    2.838203   1.094842   32.444332  24.595279
  10   16    2.708923   1.026205   19.085094  17.839335
  10   17    2.619019   1.095087   24.563140  27.692297
  10   18    2.546857   1.083017    7.797789   4.449267
  10   19    2.492565   1.038746   10.218341   9.157027
  10   20    2.308576   1.097251    3.747671   3.590652
  10   21    2.250143   1.009380   38.293632  21.838193
  10   22    2.101259   1.094262   12.049477  11.067490
  10   23    2.094442   1.039402   34.589302   8.698350
  10   24    1.993442   1.036569   38.845699   5.794456
  10   25    1.885756   1.015745   23.613601  25.967648
  10   26    1.737705   1.030585   23.900746  32.523048
  10   27    1.635257   1.033237    3.530281  14.162161
  10   28    1.516343   1.025597   24.808903  14.622863
  10   29    1.428653   1.080019   16.343604  30.615469
  10   30    1.315236   1.022401    5.385688   4.883074
  10   31    1.268949   1.071858   19.191169   9.867484
  10   32    1.147368   1.036815   15.226236   8.119533
  10   33    1.029288   1.000383   17.653992  27.199835
  10   34    0.910671   1.056763   33.078412  31.443181
  10   35    0.805941   1.024000    8.282328  25.802421
  10   36    0.774926   1.090691    3.592439  36.365818
  10   37    0.657541   1.009652   35.074767  29.501066
  10   38    0.549361   1.029805   25.172850  21.489557
  10   39    0.409500   1.028642   13.437239  40.671528
  10   40    0.386426   1.036920    6.072666  35.346611
  10   41    0.292316   1.020314   35.187579  36.910408
  10   42    0.127888   1.030708   36.533763  26.026389
  10   43    0.069089   1.063721   39.460406  10.228831
  11    0    4.396953   1.155668   26.691425  37.547158
  11    1    4.291055   1.139280   16.906100  38.980091
  11    2    4.184558   1.115394   33.125186   2.499873
  11    3    4.000329   1.119904   28.366757  25.427732
  11    4    3.969290   1.199516   21.352087  16.312072
  11    5    3.876292   1.104304   24.251023  10.805902
  11    6    3.748548   1.153154   27.222561  30.550046
  11    7    3.696168   1.193876   27.118810  14.919065
  11    8    3.543659   1.121821   27.093211  10.997810
  11    9    3.451349   1.119001    7.525942  18.773535
  11   10    3.373568   1.154402   24.814813  10.821715
  11   11    3.228880   1.140600   21.967830  16.428548
  11   12    3.170524   1.162172   32.987934  29.949850
  11   13    3.032284   1.188448   11.800364   6.199953
  11   14    2.936904   1.112776    6.602621   8.865701
  11   15    2.877497   1.148985    3.305252  11.544873
  11   16    2.714827   1.184676   19.092681  38.335830
  11   17    2.658212   1.182297   21.606098  38.401024
  11   18    2.559688   1.119773   13.999126  16.161681
  11   19    2.430280   1.130431   34.930600   8.449694
  11   20    2.375015   1.189750   39.851436  27.865893
  11   21    2.217079   1.177364   40.753266  36.716673
  11   22    2.179265   1.135129   21.539331  30.293850
  11   23    2.086848   1.134707   31.642161  27.120764
  11   24    1.935210   1.145137   38.361835  15.431486
  11   25    1.899040   1.156645   36.172207   1.024807
  11   26    1.779511   1.121147    7.104446   6.310675
  11   27    1.659558   1.132592   39.056669  11.539456
  11   28    1.543889   1.106844    7.909322  27.693875
  11   29    1.464513   1.166716   24.687494  10.275261
  11   30    1.359966   1.174170    1.367419   1.299970
  11   31    1.248772   1.129762   19.564232  23.433941
  11   32    1.187436   1.125711    7.175619  18.653601
  11   33    1.089038   1.160457   31.630346  20.575006
  11   34    0.999635   1.111413   27.865911   4.210561
  11   35    0.841588   1.101354   38.324773   2.089248
  11   36    0.701908   1.160298   25.527773  37.232162
  11   37    0.622046   1.177071   20.195655  10.355882
  11   38    0.546325   1.196350   15.108967  32.951785
  11   39    0.458670   1.161674   33.212222  24.755479
  11   40    0.341402   1.141817   24.794004  11.897137
  11   41    0.271651   1.136342   20.449898  32.156104
  11   42    0.137366   1.110852   12.123618  10.802058
  11   43    0.048776   1.108484    2.612707  12.185414
  12    0    4.396354   1.261793   13.932633   9.362023
  12    1    4.202563   1.249079   16.896182  20.546777
  12    2    4.132588   1.207298    8.847685  24.157796
  12    3    4.005589   1.206350   14.983004  33.832759
  12    4    3.930151   1.278164   23.000317  34.392032
  12    5    3.809243   1.270710    3.502659  15.734693
  12    6    3.715402   1.298845   32.775017  13.653893
  12    7    3.656474   1.298474   14.075493  17.242292
  12    8    3.577399   1.260525   12.825856   7.747090
  12    9    3.401409   1.249978   25.100575  32.372637
  12   10    3.392853   1.271066    3.259423  40.687057
  12   11    3.247756   1.261484    3.735861  36.163149
  12   12    3.122227   1.220214    6.795818   9.293293
  12   13    3.013993   1.249685   34.058200  13.108469
  12   14    2.900501   1.223167   34.883550   1.373203
  12   15    2.826134   1.242619    6.179812   1.916512
  12   16    2.749955   1.295950   21.158219   3.314076
  12   17    2.628667   1.241440    1.136882  36.404223
  12   18    2.592984   1.271966   11.298941  29.970198
  12   19    2.490848   1.243786   37.655036  32.548933
  12   20    2.340525   1.290718   20.250535  33.052331
  12   21    2.269043   1.201367    9.435481  38.156474
  12   22    2.176135   1.276862   20.943549   3.797180
  12   23    2.066190   1.241907   35.394672  24.302559
  12   24    1.947013   1.280614   13.058271   1.514737
  12   25    1.806661   1.258729   30.329437  36.649230
  12   26    1.711501   1.268977   16.042928  11.681704
  12   27    1.618992   1.260046   39.768534  39.933497
  12   28    1.577618   1.241338   17.510343   5.569546
  12   29    1.489868   1.274405   10.310708  20.370589
  12   30    1.399128   1.292686   26.301375  17.965980
  12   31    1.220680   1.228744   25.538334  18.409577
  12   32    1.174462   1.263058   28.917540  40.369079
  12   33    1.082699   1.251198   27.634847  28.224413
  12   34    0.919469   1.292734   28.689264   4.103436
  12   35    0.828509   1.202020   26.123166  40.518758
  12   36    0.757570   1.249335   18.960289  21.128170
  12   37    0.675881   1.202905    7.681447   1.668281
  12   38    0.590278   1.205139   24.732812  39.876865
  12   39    0.435601   1.217508    4.781486  34.919426
  12   40    0.377395   1.220805    1.631992  39.289829
  12   41    0.207045   1.234112   15.934228  38.308950
  12   42    0.169351   1.235096    6.712546  26.269407
  12   43    0.014376   1.215148   16.615853  19.163845
  13    0    4.394233   1.369348   12.544180  20.109352
  13    1    4.202282   1.307670   37.486988   6.486596
  13    2    4.108961   1.330067   24.176707  22.019607
  13    3    4.052997   1.353929   15.306666  20.225990
  13    4    3.977901   1.333415   17.999730  38.688143
  13    5    3.826133   1.301796    1.981693  10.379065
  13    6    3.742865   1.381284   12.175847  35.891812
  13    7    3.659439   1.391095   28.481168  29.065035
  13    8    3.596031   1.390242   20.240405   1.488495
  13    9    3.402132   1.383761   22.884948   5.157403
  13   10    3.361725   1.311844   12.624866  16.693141
  13   11    3.282783   1.313298   35.623936  33.755731
  13   12    3.134338   1.385634   35.274951  10.360571
  13   13    3.041010   1.352114   30.009085  31.723896
  13   14    2.907814   1.334613   30.198741  23.068298
  13   15    2.876352   1.334129   12.435142  25.716929
  13   16    2.767226   1.347040   29.694021  16.112849
  13   17    2.688665   1.324391   24.184143  30.563888
  13   18    2.594862   1.388139   14.168195   5.103459
  13   19    2.402298   1.397501   15.542806   3.569497
  13   20    2.372089   1.350606   32.878155  18.657268
  13   21    2.281013   1.372274   32.986966   4.242613
  13   22    2.133902   1.383782   27.581564  39.770493
  13   23    2.052247   1.351317   31.475309   9.154885
  13   24    1.955667   1.337926   11.005082  40.760340
  13   25    1.867830   1.331141   16.433690  28.078298
  13   26    1.720971   1.322249   35.199093  32.242766
  13   27    1.633605   1.380889    3.800408  40.245579
  13   28    1.535810   1.303173   19.262593  32.431458
  13   29    1.442683   1.335965   21.541850  18.522789
  13   30    1.317537   1.362760   31.585937  25.113778
  13   31    1.246151   1.316558   22.337005  14.478704
  13   32    1.197028   1.396335   38.673217  32.979668
  13   33    1.091078   1.360515   14.668374  18.780937
  13   34    0.929497   1.353021   40.770093  27.549879
  13   35    0.848510   1.354966   28.345919   9.044019
  13   36    0.713155   1.313246   33.936979   7.770148
  13   37    0.643914   1.361816   30.529696  11.200018
  13   38    0.565617   1.353239    8.871531   6.408317
  13   39    0.489124   1.358437   39.605917  10.657557
  13   40    0.305525   1.368115   18.698462  26.711638
  13   41    0.298372   1.356812    6.810257  35.960407
  13   42    0.131265   1.312346   21.108758  11.351874
  13   43    0.051327   1.321913   29.281238  20.352162
  14    0    4.379985   1.469262    4.644441  21.506087
  14    1    4.243331   1.483192    3.265635   5.598785
  14    2    4.188301   1.479670    4.589083  15.991327
  14    3    4.037136   1.421910    2.486884   7.616167
  14    4    3.961123   1.443767   40.838337   8.691749
  14    5    3.801436   1.421333   34.226542  14.895105
  14    6    3.786987   1.460232    8.288818  27.086993
  14    7    3.689369   1.486934   24.457905  18.411467
  14    8    3.517069   1.481714   39.697728  35.510985
  14    9    3.474910   1.479307   33.409965  35.654584
  14   10    3.350762   1.446878    1.629669  23.840608
  14   11    3.226684   1.453820    4.228942  31.602242
  14   12    3.143221   1.495769   16.021182  35.634033
  14   13    3.057239   1.467912   39.943679  15.915964
  14   14    2.969763   1.487458   23.057570  19.308788
  14   15    2.841181   1.499440    7.730276   8.325564
  14   16    2.748263   1.416757   15.470661  31.769971
  14   17    2.647825   1.417673   24.510383  13.117288
  14   18    2.533927   1.470247   40.030214  25.969317
  14   19    2.483135   1.462238    4.206626  28.835159
  14   20    2.360828   1.470970   18.915731  12.196145
  14   21    2.281716   1.414777   24.517731  40.750452
  14   22    2.111560   1.435804   11.819514  37.471524
  14   23    2.032504   1.493047   39.864952  21.349556
  14   24    1.950172   1.409897   39.045846  18.237306
  14   25    1.861536   1.457877   27.200472  38.035768
  14   26    1.754202   1.448495   16.535266  28.601990
  14   27    1.631806   1.499629    2.657517  37.435889
  14   28    1.529215   1.488070   35.656946  29.725696
  14   29    1.453712   1.462741    9.560985  22.147810
  14   30    1.383679   1.485856   33.776249  25.496831
  14   31    1.229969   1.474413   32.106445  38.460581
  14   32    1.183304   1.409757    6.018621   5.473349
  14   33    1.086106   1.466681   34.054435  12.523762
  14   34    0.992176   1.429020   24.315012  28.131823
  14   35    0.861782   1.419854   38.076041   7.638185
  14   36    0.743064   1.490171   16.728094   5.787845
  14   37    0.659176   1.409719   28.924810   6.785552
  14   38    0.561205   1.462398   38.222614  17.121601
  14   39    0.462534   1.410901    2.399107  12.209614
  14   40    0.394699   1.401921   33.457265  14.062769
  14   41    0.257755   1.494456   12.098087  17.806993
  14   42    0.180319   1.415824   12.839542   6.859194
  14   43    0.092467   1.458994   27.263520  10.281011
  15    0    4.396088   1.502409   14.999080   4.474134
  15    1    4.225579   1.551571    7.538773  31.457205
  15    2    4.121440   1.507369   11.999082  37.027141
  15    3    4.020648   1.567067   24.265304   6.854527
  15    4    3.942052   1.562853   28.019454  12.814004
  15    5    3.839650   1.562939   32.976085  34.551542
  15    6    3.799652   1.570016   27.909372   4.511439
  15    7    3.692863   1.590002   28.034467  13.582224
  15    8    3.597142   1.544670   28.921026  17.492578
  15    9    3.496569   1.519278   27.905997  32.541304
  15   10    3.326323   1.570413   37.100402   7.749572
  15   11    3.283153   1.539978    8.339835  36.774394
  15   12    3.189310   1.593898    9.224964   7.739979
  15   13    3.097923   1.514323   40.775421  26.473460
  15   14    2.935414   1.552897   11.842207   5.543877
  15   15    2.803591   1.501189   24.579139   8.193505
  15   16    2.732821   1.549373   10.877100  26.039002
  15   17    2.696859   1.502442    4.254772   8.751640
  15   18    2.538835   1.566996   38.440492   2.371482
  15   19    2.421920   1.543359   16.560612  23.165050
  15   20    2.323764   1.585359    7.884624  21.820067
  15   21    2.242933   1.571671   37.505151   7.229647
  15   22    2.141704   1.561616   23.815961  22.222086
  15   23    2.011647   1.548532   15.482333  20.536541
  15   24    1.926533   1.534338   20.689597   3.449630
  15   25    1.837356   1.509115   24.346419  17.168747
  15   26    1.723381   1.554105    1.773579  22.994820
  15   27    1.634220   1.590566    9.015580   9.015893
  15   28    1.544616   1.560656   39.685528  25.543302
  15   29    1.485751   1.560660   26.232388  30.589962
  15   30    1.365111   1.507411   20.368026  33.485430
  15   31    1.227882   1.531811   24.398435  34.420457
  15   32    1.144070   1.580734   24.283271  38.634921
  15   33    1.010512   1.511961   18.939399  22.552652
  15   34    0.980168   1.573525    1.771596   4.995055
  15   35    0.852825   1.526391    3.445892  12.367944
  15   36    0.773036   1.550554   13.932483  38.232839
  15   37    0.659893   1.542652   11.874531   3.890597
  15   38    0.577329   1.586422   16.050785  39.591830
  15   39    0.417232   1.544579   13.382720  40.940498
  15   40    0.395649   1.566099   37.504909  40.294657
  15   41    0.225924   1.530736   18.909677  19.936867
  15   42    0.163559   1.512695   20.257820  27.056570
  15   43    0.083850   1.557688   27.405331  17.853155
  16    0    4.333705   1.647481   37.445719  20.151673
  16    1    4.258273   1.609097   39.647761  24.768695
  16    2    4.166756   1.693089    4.243383  12.543793
  16    3    4.031666   1.647952   38.878900  36.657960
  16    4    3.984448   1.602440   35.099170   1.914283
  16    5    3.836155   1.601107   20.027329  10.503633
  16    6    3.734414   1.633140   14.596769  26.989316
  16    7    3.622326   1.632837    3.075989   6.514962
  16    8    3.557832   1.689916   13.614839  15.389595
  16    9    3.435401   1.687258   11.171768  21.178219
  16   10    3.339074   1.626120   18.119745   2.295688
  16   11    3.295883   1.618237   30.362924  30.061371
  16   12    3.151619   1.629417    4.840658   7.542493
  16   13    3.002799   1.679792   35.389407  10.740415
  16   14    2.996412   1.616485   16.240341   3.326707
  16   15    2.895505   1.620025   24.740182   3.910094
  16   16    2.757671   1.626858   36.609030   5.531412
  16   17    2.624809   1.607269   18.230742  34.687070
  16   18    2.576821   1.637044   31.772841  18.742267
  16   19    2.495732   1.618379   11.643024  36.308924
  16   20    2.367795   1.612598    6.822253  38.350069
  16   21    2.252775   1.636030   35.509049  34.877645
  16   22    2.166365   1.678039   39.430209   2.704780
  16   23    2.083905   1.634368    8.908635   6.491627
  16   24    1.922508   1.612368   40.743513  14.106403
  16   25    1.821719   1.680517   14.190611   7.055461
  16   26    1.707939   1.671341    1.495206  29.488445
  16   27    1.619372   1.643238   24.816018  40.252159
  16   28    1.521068   1.696792   17.899694  39.969968
  16   29    1.474859   1.679382   36.060842  30.607718
  16   30    1.328512   1.697970   20.056460  33.022585
  16   31    1.270082   1.663846   17.104895   6.273295
  16   32    1.186141   1.680202    5.002252   1.819037
  16   33    1.080932   1.639360    3.072523  10.095530
  16   34    0.933309   1.652143   27.215706  13.400324
  16   35    0.801169   1.688703   16.879856  27.740891
  16   36    0.751463   1.664467   21.292408  30.618660
  16   37    0.606446   1.673852   33.282429  28.085233
  16   38    0.522790   1.620044    4.672493   2.383842
  16   39    0.465146   1.644080   31.306013  13.775044
  16   40    0.315843   1.648508   12.716907  12.560932
  16   41    0.279968   1.688161    6.282582  18.812210
  16   42    0.163277   1.656527   14.092557   9.937467
  16   43    0.018317   1.694621   29.002417  25.209397
  17    0    4.381891   1.749239    1.340590  29.998716
  17    1    4.260552   1.788350    7.032377   2.208489
  17    2    4.117107   1.767954    9.666157  23.819840
  17    3    4.063003   1.731929    2.039463  19.249838
  17    4    3.972804   1.704606   26.402038  30.204073
  17    5    3.897428   1.715662   26.997842   7.825354
  17    6    3.713152   1.734369   14.262589  24.266424
  17    7    3.690208   1.711563   28.446564   7.543843
  17    8    3.595588   1.754444   23.418529  28.982648
  17    9    3.443045   1.733466   11.504280  28.182232
  17   10    3.313580   1.729217   10.587146  25.793585
  17   11    3.272332   1.727917   29.136318  32.191716
  17   12    3.194066   1.719851   37.746562   6.175268
  17   13    3.056595   1.718676   32.208533  31.073098
  17   14    2.907700   1.719793   28.746769   8.155509
  17   15    2.830523   1.741415    3.151437  14.230969
  17   16    2.710036   1.726783   19.004196  20.077991
  17   17    2.610112   1.734589   13.597129  30.361644
  17   18    2.538771   1.756658    1.630641   8.485203
  17   19    2.476304   1.797490   15.140672  19.125101
  17   20    2.345935   1.744569   12.761459  37.811867
  17   21    2.284268   1.787118   12.416556  24.796480
  17   22    2.144615   1.785185    9.511966  16.650823
  17   23    2.002064   1.701796   18.970003  13.788018
  17   24    1.997371   1.735053   15.905068  28.673649
  17   25    1.815963   1.791340   18.941916  24.377589
  17   26    1.767904   1.737469   25.277201   5.858590
  17   27    1.670028   1.741099   11.375318  39.675353
  17   28    1.598881   1.733069   12.083724  37.498722
  17   29    1.434833   1.700352   18.990212  33.805315
  17   30    1.366978   1.787791    1.688967  40.533532
  17   31    1.224321   1.764309   19.562858  16.473920
  17   32    1.101275   1.703945   33.640211   5.067476
  17   33    1.000768   1.773343   25.584501  32.543109
  17   34    0.933059   1.779840   32.088910  13.509313
  17   35    0.825729   1.763109   36.663664  40.920578
  17   36    0.773923   1.748742   26.436574  32.586400
  17   37    0.629566   1.784877   39.175194   1.025308
  17   38    0.594700   1.758896    5.946747  14.558390
  17   39    0.483770   1.716615   28.948272  15.281723
  17   40    0.300351   1.752933   23.978606  37.275119
  17   41    0.268823   1.702316   25.324718  12.541166
  17   42    0.165362   1.767179   30.661762  22.293757
  17   43    0.035674   1.789545   28.707918  10.024685
  18    0    4.310495   1.899226   27.245903  36.090647
  18    1    4.261170   1.883335    8.761821  20.326426
  18    2    4.164945   1.885572   21.022984  21.473515
  18    3    4.096908   1.898334   16.708491  15.212271
  18    4    3.967984   1.890229   36.633736  24.620100
  18    5    3.806963   1.870500   32.711743  19.393638
  18    6    3.721152   1.829902   27.734313  17.739530
  18    7    3.682815   1.884653   28.123499  25.151691
  18    8    3.505801   1.851662   12.412987  28.173101
  18    9    3.413548   1.884846   22.408525  32.632517
  18   10    3.331545   1.835014    6.410831  31.821415
  18   11    3.276021   1.860783    5.852281  10.829142
  18   12    3.178687   1.811826   30.114409  32.105160
  18   13    3.093194   1.845409    1.695697  20.711560
  18   14    2.942136   1.884804   18.452565   5.237108
  18   15    2.889178   1.816302   15.129723  24.661278
  18   16    2.775648   1.878018   27.243439  28.403251
  18   17    2.646811   1.866677    1.621587  25.312180
  18   18    2.573395   1.871449   25.201928  39.521264
  18   19    2.447687   1.800532    3.333734  12.094826
  18   20    2.310924   1.855612   27.731843  25.564845
  18   21    2.245570   1.810904    9.935516  25.226621
  18   22    2.199520   1.892008    6.791114   1.012743
  18   23    2.091984   1.820204   18.896718  34.585600
  18   24    1.986771   1.880495   20.532414  38.801656
  18   25    1.897517   1.897236   40.391121  34.850880
  18   26    1.761830   1.815622   27.085674  13.232425
  18   27    1.674014   1.816793   13.227310  18.488156
  18   28    1.596432   1.860567   38.762994   7.599340
  18   29    1.461304   1.894611   10.763054  24.603908
  18   30    1.372141   1.879492   36.130541   8.882606
  18   31    1.297500   1.812970   39.548602  34.387341
  18   32    1.110637   1.847011   35.806063  37.664403
  18   33    1.044146   1.850389    8.483315  12.804324
  18   34    0.936992   1.896864   11.504742   3.499228
  18   35    0.826609   1.842637   32.559139   1.402990
  18   36    0.766011   1.881032    4.770136  14.289563
  18   37    0.696105   1.831647   12.803453   8.535900
  18   38    0.508566   1.885195    9.991053   2.788191
  18   39    0.462632   1.803985    2.822905  40.999018
  18   40    0.348733   1.886766   37.719240   4.168823
  18   41    0.287814   1.881116   32.388913  15.033071
  18   42    0.143177   1.847734   30.966848  25.676994
  18   43    0.063286   1.800038    9.794571  34.828147
  19    0    4.341812   1.906068   31.076692  32.693499
  19    1    4.233758   1.914692   27.251746  33.117709
  19    2    4.123183   1.966697    2.922380  15.112964
  19    3    4.054244   1.956124    7.386245  31.143542
  19    4    3.979344   1.995879   33.609457  33.760452
  19    5    3.898211   1.912487   33.927956  14.218412
  19    6    3.773168   1.991246   14.512768  18.639310
  19    7    3.657507   1.928747   25.981973  34.308580
  19    8    3.526099   1.933876    3.399312  19.123787
  19    9    3.495939   1.980374    2.805725   2.503578
  19   10    3.376280   1.928485    1.549911  30.780265
  19   11    3.236220   1.945284    4.806249   1.936021
  19   12    3.175809   1.903107   30.207087   4.321245
  19   13    3.074786   1.983965   26.510763  35.659481
  19   14    2.971553   1.970662   31.340606  19.266557
  19   15    2.830555   1.938991   38.552776   4.187817
  19   16    2.736503   1.951313    9.636208  38.206564
  19   17    2.642252   1.981996    8.255046  23.844626
  19   18    2.588102   1.916789   15.777093  27.132459
  19   19    2.434251   1.968747   12.179730  29.766820
  19   20    2.346265   1.945643    5.501821  13.119038
  19   21    2.273156   1.911047   29.055170  36.351625
  19   22    2.147026   1.971878   14.586310  12.715681
  19   23    2.036443   1.938003    7.777780  13.131635
  19   24    1.937756   1.968469   26.811726  22.721544
  19   25    1.810518   1.998580    2.726597  35.507837
  19   26    1.736895   1.932001   20.144070  19.591331
  19   27    1.628365   1.952380   37.417109  27.465864
  19   28    1.544875   1.924988   35.765373   4.538262
  19   29    1.446752   1.906220   17.560018  27.346028
  19   30    1.343672   1.988376    5.260443  38.471222
  19   31    1.249559   1.980379   25.879694  37.932997
  19   32    1.119910   1.958339   13.177184  14.223364
  19   33    1.047285   1.930247   13.586105   8.576307
  19   34    0.990933   1.908672   25.342574  13.099744
  19   35    0.823184   1.906648   17.183087  19.748197
  19   36    0.704538   1.992908   37.730434   8.591903
  19   37    0.653707   1.911255   14.334885  19.390575
  19   38    0.521241   1.978759   16.341196  12.177588
  19   39    0.405042   1.992263   28.801944  15.598231
  19   40    0.373041   1.951559   25.467949  24.444165
  19   41    0.278576   1.929917   21.995998  21.630742
  19   42    0.124535   1.913081   19.887074  39.344534
  19   43    0.045925   1.981471   27.493573  36.940790
  20    0    4.341086   2.017459   25.925876  10.214720
  20    1    4.278965   2.090826   14.886077  11.851973
  20    2    4.194398   2.066869   17.023659   3.252583
  20    3    4.041897   2.019360   30.633716   3.714462
  20    4    3.908439   2.036229   21.316765  17.477437
  20    5    3.870877   2.021348   16.129517  28.812194
  20    6    3.768055   2.008394    1.942162  19.760663
  20    7    3.622121   2.069895   26.968854   6.990593
  20    8    3.578965   2.079103   25.168213  29.337703
  20    9    3.421635   2.037456   12.458862   4.919122
  20   10    3.380966   2.034469   17.125338  28.282175
  20   11    3.298836   2.048779   20.691254  29.098294
  20   12    3.176279   2.012811    6.823336  32.743101
  20   13    3.032348   2.053490   32.041078  21.166062
  20   14    2.941871   2.037387    1.306198  34.316616
  20   15    2.879093   2.010599   32.743022  25.753845
  20   16    2.748401   2.046888   18.209297  31.743790
  20   17    2.697576   2.037792   20.235954  15.087730
  20   18    2.509147   2.056520   31.647921  20.196531
  20   19    2.412867   2.054698   23.255414   4.725741
  20   20    2.329780   2.054101   29.280156  28.733849
  20   21    2.204283   2.041181    2.192880   1.267334
  20   22    2.124342   2.072761   31.551203  16.081057
  20   23    2.027143   2.039233   29.029646  25.566632
  20   24    1.904046   2.084717   28.540281  10.704825
  20   25    1.807216   2.050208   31.192255  33.926187
  20   26    1.733731   2.029027   25.495299  33.227286
  20   27    1.670601   2.017870   19.965460  14.943409
  20   28    1.585844   2.020291   35.054586  27.542733
  20   29    1.492788   2.042158   31.637772  31.127079
  20   30    1.303769   2.085022   32.319003  11.570724
  20   31    1.268488   2.038573   28.343695  22.096689
  20   32    1.115116   2.037695   38.351820  19.399775
  20   33    1.018603   2.043736   15.605836  30.122679
  20   34    0.911289   2.039459   18.347828  23.646070
  20   35    0.862308   2.068938   34.869111  28.960930
  20   36    0.732184   2.079092   12.627188  20.172001
  20   37    0.690708   2.020407    1.858358  13.380195
  20   38    0.564318   2.077950   21.773616  26.879584
  20   39    0.483926   2.037517   25.379715  39.476461
  20   40    0.377003   2.048541    1.650527  14.114192
  20   41    0.215699   2.048328   16.225177  14.813562
  20   42    0.184347   2.029761    9.692852  26.284284
  20   43    0.088698   2.005601    2.128843  22.624639
  21    0    4.330931   2.180954   40.786303  12.623186
  21    1    4.239780   2.145836    2.262364  25.754399
  21    2    4.155946   2.141641   39.209903  39.589229
  21    3    4.047240   2.108899   23.546248  13.717408
  21    4    3.994385   2.154098   12.531677   8.220924
  21    5    3.861894   2.166439    1.092652  30.192978
  21    6    3.724551   2.101927   24.011467  26.834125
  21    7    3.670440   2.133583   36.384435   8.472507
  21    8    3.568735   2.139349   21.978881  32.768444
  21    9    3.483022   2.180272    9.334245  28.820474
  21   10    3.398305   2.173125   17.818452  36.460528
  21   11    3.217329   2.116135   34.156510  14.405562
  21   12    3.185806   2.111902    8.608165  36.942083
  21   13    3.028771   2.195948   14.024262   1.403725
  21   14    2.984808   2.116168   16.121543  29.930861
  21   15    2.810414   2.181457    5.771772  34.070328
  21   16    2.703336   2.166137   40.817561  38.003141
  21   17    2.657357   2.199796   33.443049   7.023765
  21   18    2.568623   2.114567    7.606726  16.906529
  21   19    2.458083   2.158701   28.275316   4.678330
  21   20    2.359752   2.106844   29.595709  32.892248
  21   21    2.240090   2.114396    2.745629  31.709377
  21   22    2.110419   2.131642   16.676985  23.016357
  21   23    2.058700   2.139270   27.597888   8.629142
  21   24    1.956633   2.112016    7.744003  23.679691
  21   25    1.876472   2.103399   33.306526   2.996916
  21   26    1.723583   2.159044    8.476455  22.246610
  21   27    1.635984   2.166432   21.222246  39.482559
  21   28    1.512204   2.187903   11.054304  32.402941
  21   29    1.481019   2.174562   24.684224  40.947651
  21   30    1.359191   2.139776   17.823257  15.983850
  21   31    1.230298   2.171020   26.672270  17.903923
  21   32    1.104231   2.162041    7.848466  32.322646
  21   33    1.053911   2.157967   18.111493  25.153873
  21   34    0.905173   2.173901   33.457278  10.741873
  21   35    0.845446   2.192653   29.731079   2.113833
  21   36    0.795677   2.184954   13.285930  12.628327
  21   37    0.622591   2.161363   10.417859   7.265029
  21   38    0.580539   2.140158   19.009144  16.603975
  21   39    0.425586   2.150944   16.294404  27.373508
  21   40    0.311470   2.136226   14.845637   3.625031
  21   41    0.216402   2.129597   37.290441   8.565121
  21   42    0.180534   2.191680   22.096632  38.411803
  21   43    0.011887   2.156138    1.765459  19.037037
  22    0    4.309749   2.255662   25.388504  19.432188
  22    1    4.211398   2.260079   24.779422  32.132624
  22    2    4.103564   2.209010   12.954774   1.732039
  22    3    4.003507   2.273643    1.897574  33.701781
  22    4    3.965946   2.245224   30.206716   5.225932
  22    5    3.857415   2.251237   37.954399   9.114181
  22    6    3.765777   2.218637   24.005902   5.632163
  22    7    3.622538   2.281898   18.990823  12.988160
  22    8    3.563063   2.212452    4.466088   6.056126
  22    9    3.474521   2.285913    5.617860   8.643303
  22   10    3.384124   2.210237   11.775885  24.296548
  22   11    3.257496   2.288035    7.348913   4.480099
  22   12    3.156506   2.251084   27.447740  24.269338
  22   13    3.080962   2.276658    9.982045  10.935356
  22   14    2.983799   2.210828   32.562807  29.514145
  22   15    2.834986   2.290793   31.902574  14.357352
  22   16    2.756826   2.279551    9.995342   2.569034
  22   17    2.689694   2.224872   40.215423  33.090052
  22   18    2.560883   2.299055   13.264339  36.068983
  22   19    2.444140   2.205129    3.905700  26.250982
  22   20    2.348740   2.283086    1.574168  19.744223
  22   21    2.285628   2.270751   38.765066   7.132721
  22   22    2.106074   2.267777    8.770045  22.064772
  22   23    2.013445   2.287979   27.610502  10.853231
  22   24    1.939783   2.230115   13.348228  36.097805
  22   25    1.870696   2.235983   39.361140  19.825597
  22   26    1.770350   2.268201    7.324893   6.214821
  22   27    1.614567   2.229635    1.827907  40.813037
  22   28    1.506947   2.258658   23.681707  15.605887
  22   29    1.438830   2.286157    5.609773  13.780372
  22   30    1.328431   2.293723   35.270188  14.128548
  22   31    1.242773   2.200174   10.279463  35.448441
  22   32    1.184679   2.253431    2.470971  21.839295
  22   33    1.017989   2.264831   29.080563  19.403275
  22   34    0.970896   2.286716    2.568216  35.625816
  22   35    0.898580   2.265401    4.647002  29.807144
  22   36    0.712586   2.259361   40.713396  14.678546
  22   37    0.691321   2.276216   35.794956  37.203915
  22   38    0.530816   2.276441   20.516818   5.110357
  22   39    0.470213   2.211762   14.226299  32.606456
  22   40    0.336207   2.202201    1.719256   4.853535
  22   41    0.284582   2.218427   40.021754  19.999150
  22   42    0.125762   2.281305   13.060157   7.033521
  22   43    0.091514   2.244672    6.090995  27.583887
  23    0    4.329221   2.311967   40.372933  33.339166
  23    1    4.281920   2.394255   34.286003  14.543215
  23    2    4.171043   2.333649   13.101928  38.479615
  23    3    4.024874   2.349717    9.673013   2.789639
  23    4    3.980437   2.369894   26.849689  12.638199
  23    5    3.807128   2.351410   14.497513  12.115383
  23    6    3.795046   2.310285   25.227260  30.904064
  23    7    3.693835   2.331184    9.665738  22.352234
  23    8    3.563939   2.324602    1.194257  36.982552
  23    9    3.482482   2.329197    9.105253  27.596385
  23   10    3.362519   2.376982   26.239557   3.055668
  23   11    3.264942   2.367362    1.156193   5.248546
  23   12    3.185732   2.348192   35.167498  18.484308
  23   13    3.052265   2.313566   31.183874  16.564854
  23   14    2.986676   2.380096    4.918534  27.114175
  23   15    2.853471   2.347085   10.892474   5.609470
  23   16    2.775259   2.327971    7.767376  36.267686
  23   17    2.633099   2.327500    2.358615   9.945036
  23   18    2.585965   2.343555   32.405689  20.074448
  23   19    2.402634   2.376949   18.592685  39.092487
  23   20    2.365145   2.314499   10.830494  35.613203
  23   21    2.228180   2.308684   27.474834  15.737025
  23   22    2.116372   2.354403    4.623472  22.408458
  23   23    2.060876   2.373678    2.201632  29.852378
  23   24    1.977522   2.371669   31.120451   4.145316
  23   25    1.817537   2.351422    8.918424   7.360765
  23   26    1.785114   2.345098   28.134390  36.036365
  23   27    1.656874   2.381072   21.001517  22.641327
  23   28    1.510306   2.399534    5.309267   2.094750
  23   29    1.411415   2.314738   39.493346   8.145067
  23   30    1.326583   2.305774   30.846312  23.637920
  23   31    1.246832   2.376002   20.482883  14.569672
  23   32    1.191769   2.325556   34.258120  33.666795
  23   33    1.028904   2.323623   22.762556  11.492905
  23   34    0.996395   2.384669   28.970204   1.335464
  23   35    0.883713   2.352907   12.882074  11.058548
  23   36    0.746787   2.385009   33.003650  36.546806
  23   37    0.638905   2.315393   19.758549   6.254222
  23   38    0.514415   2.359924   11.636564   6.779745
  23   39    0.432980   2.301233   17.291433  40.515678
  23   40    0.393099   2.336222   22.856084  36.574163
  23   41    0.275561   2.308081   30.969788  26.837514
  23   42    0.162602   2.390948   14.576794  14.669824
  23   43    0.034482   2.315283   33.248521  32.265553
  24    0    4.360957   2.481371    2.015420   4.615933
  24    1    4.215250   2.492848   12.509258  37.591427
  24    2    4.118545   2.482560    4.275769   1.738317
  24    3    4.085090   2.400917   11.710574  32.265263
  24    4    3.904514   2.488524   21.111934   2.671492
  24    5    3.877256   2.477347   15.371405  30.987624
  24    6    3.780548   2.420108    4.001837  13.233207
  24    7    3.691674   2.468570   37.320477   1.137220
  24    8    3.548317   2.435635   20.077252  16.239358
  24    9    3.485221   2.431997   26.683698   9.136180
  24   10    3.315114   2.458777   23.120523  12.927500
  24   11    3.219064   2.427027   25.870483   9.050021
  24   12    3.187252   2.422203   32.752233  39.977470
  24   13    3.001498   2.416125   21.859070   8.164732
  24   14    2.932703   2.475263    1.098163  28.687958
  24   15    2.832566   2.417414   10.869939  11.978715
  24   16    2.733321   2.419286   15.637926  33.688188
  24   17    2.621501   2.485923   26.555494  14.992661
  24   18    2.572607   2.415056   27.601739  35.634161
  24   19    2.409674   2.451859   23.123268   3.875703
  24   20    2.377592   2.453581    7.195841  15.659239
  24   21    2.290171   2.411179   37.348929  36.031542
  24   22    2.152814   2.493495   30.101149  28.919158
  24   23    2.070571   2.446279   17.224453  29.283543
  24   24    1.910684   2.446267   14.103783  10.391873
  24   25    1.877664   2.452725   20.025903  27.343102
  24   26    1.715715   2.433827   10.380171  28.162944
  24   27    1.652031   2.461739   28.874273  30.920895
  24   28    1.520160   2.452329   30.873504  17.747483
  24   29    1.426370   2.477570   14.401972   5.785965
  24   30    1.375513   2.450460    1.362365   5.570022
  24   31    1.224332   2.493837   36.926545  36.772859
  24   32    1.158168   2.471039    9.236426  20.543919
  24   33    1.056378   2.413659   24.572305  30.682402
  24   34    0.948190   2.410612    5.658175  19.762297
  24   35    0.825793   2.474576   14.069621   1.216957
  24   36    0.747707   2.423325    3.703675  17.632769
  24   37    0.691481   2.471217   23.500650  35.536359
  24   38    0.519906   2.432569   27.239460   7.358550
  24   39    0.464539   2.476168   20.049386  24.716019
  24   40    0.370861   2.416719    9.706681  39.488847
  24   41    0.242856   2.482627   10.852933  19.334001
  24   42    0.184669   2.403746   37.647730  14.331747
  24   43    0.012106   2.431228    1.340013   6.609198
  25    0    4.357376   2.543578   20.724600  33.343130
  25    1    4.262494   2.537796   32.981730  36.958025
  25    2    4.157150   2.526754    8.142310  19.175428
  25    3    4.088492   2.508803   11.168721  35.532393
  25    4    3.966930   2.583303   40.804796  34.890411
  25    5    3.853531   2.516972    3.967867  38.246997
  25    6    3.741499   2.526683   29.194706  29.910428
  25    7    3.613275   2.510706   13.800783  31.999310
  25    8    3.533454   2.504236   38.882644  13.602905
  25    9    3.499546   2.547950   16.625408  15.230950
  25   10    3.312013   2.577801   28.735408  26.963179
  25   11    3.272387   2.577586    6.991044   7.674418
  25   12    3.114870   2.585959    1.306899  28.681061
  25   13    3.049970   2.539624    2.376263   7.074513
  25   14    2.936534   2.532868   10.559382  13.946851
  25   15    2.825177   2.519205    6.508189  35.869051
  25   16    2.766605   2.507677    8.976877  22.672830
  25   17    2.673700   2.568848    8.900675   2.258800
  25   18    2.548414   2.563273   24.296508   8.376562
  25   19    2.451348   2.508367    6.638016  37.791904
  25   20    2.332228   2.573406   35.497706  29.792650
  25   21    2.268021   2.522551   14.469844  27.533322
  25   22    2.147924   2.543198    8.353209  14.349933
  25   23    2.012403   2.502955   40.571966  19.085174
  25   24    1.919591   2.569663   12.759896  25.971371
  25   25    1.884965   2.522054    7.866922   3.169168
  25   26    1.788955   2.536005   17.231516  29.224220
  25   27    1.677185   2.585524   34.587147   1.177594
  25   28    1.505814   2.576359   40.349469  17.668403
  25   29    1.412195   2.581559   32.802637  34.044708
  25   30    1.381882   2.566056   34.631833  26.321273
  25   31    1.236136   2.534912   39.924125  21.985612
  25   32    1.189478   2.576592   25.194912  16.477312
  25   33    1.020539   2.577738   25.731803  16.095063
  25   34    0.918432   2.584173   23.745634  25.691587
  25   35    0.803886   2.569313   36.268711  30.493967
  25   36    0.783399   2.536067    7.857189  36.556126
  25   37    0.665280   2.532405    5.976953   7.656594
  25   38    0.599442   2.559922   36.144361  14.968675
  25   39    0.484762   2.525270   30.744001  29.746906
  25   40    0.316320   2.547811    1.869077  21.913598
  25   41    0.203298   2.535200   27.065350  25.237661
  25   42    0.121333   2.558953   10.670752  12.345032
  25   43    0.050853   2.562042   26.318926  32.781297
  26    0    4.386896   2.662920   22.530064  20.582674
  26    1    4.263197   2.658247   28.185632  13.246904
  26    2    4.152196   2.688567   23.738876  13.700925
  26    3    4.057218   2.605798    3.539551   6.032889
  26    4    3.988334   2.653016   31.563064  12.712419
  26    5    3.880507   2.639742   14.670330  27.210290
  26    6    3.703316   2.619745    2.449091  15.917265
  26    7    3.693860   2.673082   29.489377  24.746960
  26    8    3.597025   2.675135   14.039200   9.609656
  26    9    3.485078   2.638418    6.410522  40.008185
  26   10    3.377019   2.618818    1.924208  38.403815
  26   11    3.249071   2.638017   17.884904  34.924617
  26   12    3.193559   2.634731   13.976898  10.761548
  26   13    3.002776   2.685848    3.108859  30.663684
  26   14    2.946681   2.646987   38.273093  34.873980
  26   15    2.833754   2.632694   34.212688  26.335987
  26   16    2.759458   2.667521    5.021560  15.870404
  26   17    2.608590   2.688529   25.277221  25.213477
  26   18    2.599776   2.610910   38.587951  37.397422
  26   19    2.491338   2.695191    9.814160  31.131550
  26   20    2.367994   2.685856    2.612036  18.931928
  26   21    2.243249   2.656707   19.885259   9.192469
  26   22    2.149812   2.672536   39.381568   4.761764
  26   23    2.092887   2.604696   18.824445  12.582874
  26   24    1.962458   2.660326   34.040176   1.388185
  26   25    1.880486   2.661899   29.566057   1.263431
  26   26    1.798014   2.651409   14.870728  17.174626
  26   27    1.692028   2.668157    1.871437  38.483986
  26   28    1.590226   2.632307   32.809694  31.386515
  26   29    1.407019   2.650053   34.285177  27.522912
  26   30    1.300619   2.677634    6.512084  29.337240
  26   31    1.289283   2.647950   30.441374  23.744641
  26   32    1.135996   2.678153   13.700598  26.175662
  26   33    1.052395   2.662317    4.379332  26.014678
  26   34    0.972639   2.678715   35.196711   3.920895
  26   35    0.830435   2.644978   15.817173  16.706738
  26   36    0.772540   2.670722   14.945434  24.670358
  26   37    0.680785   2.640345   33.870939  40.981913
  26   38    0.533952   2.608455    7.509609  17.477472
  26   39    0.438537   2.676684   16.495762  13.715130
  26   40    0.322350   2.608963   23.923603  27.215609
  26   41    0.231843   2.618128   32.964801  36.389448
  26   42    0.178579   2.651145   37.460388  20.815302
  26   43    0.054149   2.614422   27.990671  16.474072
  27    0    4.398513   2.711248   32.779988  29.581945
  27    1    4.272745   2.727263   28.633165  28.247251
  27    2    4.123007   2.759218   15.091405  25.871613
  27    3    4.033454   2.769631   28.926128  16.720572
  27    4    3.968197   2.793154   20.374149   8.222872
  27    5    3.898510   2.767649   12.195414   5.266441
  27    6    3.764424   2.707592   23.369581  21.112806
  27    7    3.628813   2.743277   27.328902   2.745882
  27    8    3.557092   2.775414   26.966339  23.825785
  27    9    3.492716   2.720540    2.798631  37.379074
  27   10    3.354711   2.772893   14.768170   7.493809
  27   11    3.251417   2.778010   21.024155  12.296385
  27   12    3.188178   2.792714   18.046578  20.187583
  27   13    3.035721   2.705914    5.705299  21.652943
  27   14    2.971062   2.770764    8.944713  37.007774
  27   15    2.890607   2.777487   36.041549  26.385126
  27   16    2.723161   2.799070    3.713052  25.446247
  27   17    2.622493   2.711120   34.294376   5.132650
  27   18    2.539095   2.709473    2.921432  25.857343
  27   19    2.439492   2.782325   16.937854  28.545238
  27   20    2.349961   2.790456   10.006074  32.699621
  27   21    2.227171   2.742741   14.681999  34.138198
  27   22    2.139291   2.742999   35.174324   4.278758
  27   23    2.051473   2.717118   32.942310   4.056508
  27   24    1.934585   2.790414   28.603857   7.042651
  27   25    1.826444   2.778643    1.868068   9.552353
  27   26    1.702652   2.731831   15.037187  35.050042
  27   27    1.627268   2.747995   33.830995  23.676350
  27   28    1.530773   2.769329    1.286367  36.054330
  27   29    1.468886   2.722140   26.314959  37.628025
  27   30    1.376413   2.744657   18.826842   2.714521
  27   31    1.207070   2.715152   39.436445   6.406406
  27   32    1.115743   2.793089   25.573474  10.765602
  27   33    1.052332   2.785260   19.864613  15.846916
  27   34    0.915675   2.759156    4.095798   5.550922
  27   35    0.817426   2.729817   16.698779   5.826055
  27   36    0.795430   2.721813   17.943687  34.139475
  27   37    0.646417   2.753034   39.900262   3.360690
  27   38    0.531825   2.745098   23.418600  12.321309
  27   39    0.497462   2.750112   28.164576  34.524057
  27   40    0.397546   2.704369    1.039694   4.094581
  27   41    0.272383   2.705776   20.659019  15.545916
  27   42    0.103585   2.737957   29.118132  15.828093
  27   43    0.004051   2.775246    5.839760  11.159600
  28    0    4.345844   2.839380   31.266972  28.103460
  28    1    4.227268   2.801318   10.601615  12.204021
  28    2    4.131579   2.836227   10.338099   5.311381
  28    3    4.070545   2.822511   34.302733  24.683986
  28    4    3.983935   2.898409   33.191713  16.396781
  28    5    3.814578   2.844119   24.745501  18.937525
  28    6    3.792238   2.880662   13.867956   9.717906
  28    7    3.668671   2.876516   36.984020  40.254210
  28    8    3.592016   2.832047   17.144319  10.804789
  28    9    3.418559   2.893245   10.867586  11.233782
  28   10    3.321939   2.898626   10.126531  33.872783
  28   11    3.298206   2.825132    9.518657  21.369691
  28   12    3.114872   2.804585    6.434708  16.267194
  28   13    3.034180   2.886136   38.482851  40.787501
  28   14    2.937217   2.821777   15.710580  39.585355
  28   15    2.804036   2.821580   34.077594  12.763388
  28   16    2.794512   2.827997   10.585692  32.042779
  28   17    2.639923   2.880135   29.505090  13.593286
  28   18    2.571913   2.810259   13.914544  13.720369
  28   19    2.495216   2.837134   38.584344  18.578570
  28   20    2.375800   2.890908   30.990669  29.649953
  28   21    2.275506   2.838725   39.496041  19.339435
  28   22    2.187118   2.841637   24.627744  15.265728
  28   23    2.015626   2.893880   34.723142  40.362474
  28   24    1.928427   2.803283   15.401878  34.569522
  28   25    1.861639   2.814421   28.409125   1.634271
  28   26    1.784777   2.847754    5.015262  23.428083
  28   27    1.690855   2.891988   18.644849   9.408109
  28   28    1.503607   2.802511    7.655478  38.740913
  28   29    1.473921   2.805287   29.734090   8.596239
  28   30    1.330803   2.807728   32.388770  18.787504
  28   31    1.250897   2.870950    8.276873  37.975454
  28   32    1.118831   2.891608   29.039687  40.883101
  28   33    1.057997   2.887010   36.948759  33.339015
  28   34    0.968574   2.830275   30.673548  19.542481
  28   35    0.803282   2.869239   21.143331  23.923306
  28   36    0.739058   2.805227   37.712241   1.671498
  28   37    0.648072   2.847507   16.184175  23.882897
  28   38    0.578654   2.883589   31.877945   4.876509
  28   39    0.406259   2.871839    6.601721  13.283013
  28   40    0.397696   2.824187    2.573414  30.802049
  28   41    0.225899   2.875988   24.009365  12.023705
  28   42    0.115612   2.855951   13.971526  27.477505
  28   43    0.066620   2.860100   36.402352  15.305359
  29    0    4.375721   2.984228   18.000865  12.973781
  29    1    4.232355   2.983468   19.241987  40.690457
  29    2    4.127799   2.955293    6.578169  27.241310
  29    3    4.061793   2.903371   27.476766  14.511843
  29    4    3.932316   2.949679   35.852538   9.821064
  29    5    3.818694   2.956640    7.691108  19.323058
  29    6    3.740929   2.980905    5.890346  28.190513
  29    7    3.660799   2.956869   40.861429  14.281596
  29    8    3.555371   2.947759    1.143891  24.826825
  29    9    3.499618   2.972090    8.738351   6.801271
  29   10    3.361334   2.925504   10.210848  10.639872
  29   11    3.293697   2.955225   10.662910  36.505201
  29   12    3.175205   2.984207   27.805680   8.247971
  29   13    3.045245   2.922802   22.663684  31.456189
  29   14    2.929754   2.990847   17.528203  40.639550
  29   15    2.894113   2.916177    6.970829  11.836652
  29   16    2.759884   2.985938   20.928572  29.084270
  29   17    2.624100   2.933894   27.622078   7.695496
  29   18    2.531516   2.925114   36.532033   8.727451
  29   19    2.414468   2.993848   26.624798  25.074712
  29   20    2.385477   2.941448    1.900810  31.121937
  29   21    2.284237   2.969550    5.177301  38.773731
  29   22    2.143953   2.915248   12.474603  20.021874
  29   23    2.088521   2.946067   35.741621  30.204909
  29   24    1.949614   2.934640    2.845205  40.083175
  29   25    1.834597   2.958100    3.299083   5.238833
  29   26    1.776952   2.992458   19.284815   7.685753
  29   27    1.690820   2.905194   37.908996  39.633432
  29   28    1.571717   2.992807    6.761695  18.912930
  29   29    1.463711   2.987199   15.729920  28.586202
  29   30    1.337450   2.934097   39.340884  31.793733
  29   31    1.217685   2.966891   31.951973   2.144170
  29   32    1.198247   2.994454   19.781710  18.234098
  29   33    1.007868   2.946051   26.627745   9.651524
  29   34    0.923769   2.970105   22.307968  15.633325
  29   35    0.889333   2.936296   13.178412  34.110147
  29   36    0.706335   2.907666   11.940615  39.002437
  29   37    0.655837   2.916648   19.390739  11.273627
  29   38    0.530639   2.927231    4.446978   1.471391
  29   39    0.447735   2.996052   22.009700  38.490596
  29   40    0.374155   2.954729   32.874460  34.392441
  29   41    0.252278   2.940962   38.570515  24.758594
  29   42    0.120761   2.969230   39.800839  17.817214
  29   43    0.099844   2.985655   13.902968  36.144936
  30    0    4.361400   3.023710   18.847306   7.945421
  30    1    4.236923   3.016045    3.779930  29.676405
  30    2    4.193783   3.016244   24.664434  20.213401
  30    3    4.030773   3.006554   14.471065  23.994884
  30    4    3.918216   3.072684   17.515360  15.011036
  30    5    3.831669   3.094002   24.501782  26.521346
  30    6    3.758534   3.051564   26.744496  17.585863
  30    7    3.686560   3.092472   33.706530  24.565972
  30    8    3.515961   3.097335    6.834176   4.513540
  30    9    3.462654   3.088775   14.704626  11.767431
  30   10    3.389391   3.048978   20.415684  26.184131
  30   11    3.201107   3.009397   23.215827   1.439700
  30   12    3.168134   3.057607   14.515179   8.073980
  30   13    3.079468   3.016701   16.171981  34.850106
  30   14    2.922622   3.078916   19.479111  23.143258
  30   15    2.816917   3.074694   10.370076   5.147585
  30   16    2.784855   3.084132   14.437751  33.519604
  30   17    2.608568   3.022790    9.451154   6.605461
  30   18    2.523581   3.076584    8.829556   1.698542
  30   19    2.424230   3.009791   33.278540   4.038361
  30   20    2.379232   3.010124    6.423131  29.811726
  30   21    2.253033   3.069686    1.327955  18.698217
  30   22    2.130597   3.080287    6.437615  40.084338
  30   23    2.018169   3.065898   30.491121  24.649564
  30   24    1.918995   3.099447   15.776387  20.423293
  30   25    1.825764   3.091252   27.733528  23.569733
  30   26    1.756432   3.073170   37.053050  26.148208
  30   27    1.648517   3.087201    9.336101  36.114768
  30   28    1.591738   3.066556   39.002702  32.197420
  30   29    1.478226   3.037745   40.989569  14.437280
  30   30    1.303157   3.086543    9.035579   9.711637
  30   31    1.211708   3.000999   26.799393  23.137714
  30   32    1.127144   3.009023   12.104222  16.718117
  30   33    1.061852   3.064517   20.298176  14.875838
  30   34    0.921313   3.048024   15.719349   4.708597
  30   35    0.809672   3.049220    6.851548  22.064583
  30   36    0.794547   3.098342    7.863730  11.224489
  30   37    0.634225   3.041218   14.382568  37.513655
  30   38    0.519205   3.082684   32.717364  33.133186
  30   39    0.475122   3.000786   28.128756  24.585664
  30   40    0.369177   3.099719   38.521378  36.099629
  30   41    0.297124   3.083435   35.184937  21.372836
  30   42    0.103205   3.000410   32.572089  12.827595
  30   43    0.037900   3.009268    5.874113  23.597666
  31    0    4.335477   3.116553   10.250740  35.965479
  31    1    4.228572   3.133722   11.527687   7.386196
  31    2    4.104905   3.127679   28.158510  21.141666
  31    3    4.081991   3.105289   22.045382   5.757924
  31    4    3.970818   3.180305   25.840425  21.414889
  31    5    3.845972   3.143991   21.644288  21.621629
  31    6    3.725997   3.166952    6.245875  36.495277
  31    7    3.617816   3.138124    7.495516  25.261752
  31    8    3.528000   3.131470    1.987518  18.412141
  31    9    3.412454   3.136193   33.486018  25.745254
  31   10    3.306724   3.191887    2.624381  29.874807
  31   11    3.269409   3.105966   10.132177  23.374190
  31   12    3.109874   3.162337   17.609075   2.393175
  31   13    3.073535   3.143262   31.710835  24.254575
  31   14    2.998775   3.111585   20.203052   8.294939
  31   15    2.851089   3.139281   12.962516  28.247389
  31   16    2.704466   3.117256   19.577945   4.096772
  31   17    2.686211   3.157266   20.260618  28.012914
  31   18    2.598468   3.162051   21.485056  22.257039
  31   19    2.483244   3.126735   35.929453  19.554901
  31   20    2.323942   3.171109    2.289146  24.157949
  31   21    2.277577   3.136712   39.433049  23.616361
  31   22    2.171096   3.108096   36.826719  39.235369
  31   23    2.071819   3.198130   25.445710  32.474110
  31   24    1.965800   3.131690   27.463075   3.494802
  31   25    1.845093   3.149980   26.354368  28.124495
  31   26    1.772286   3.163869   39.886471  35.222388
  31   27    1.651137   3.103810    5.531854   5.548049
  31   28    1.589608   3.136688   20.591763  26.520068
  31   29    1.485608   3.156808   37.759253  38.686123
  31   30    1.347234   3.165230   11.669997  26.364374
  31   31    1.264650   3.154977   14.464583   6.957875
  31   32    1.177697   3.140993   10.434467  24.208630
  31   33    1.015239   3.154811    3.984089  16.591290
  31   34    0.963671   3.152153   24.577814  12.718635
  31   35    0.833230   3.114390   40.841528   3.737229
  31   36    0.723125   3.115015    7.968813  14.052245
  31   37    0.617232   3.142967   33.079855  15.280810
  31   38    0.509427   3.144388   27.861551  16.163554
  31   39    0.435617   3.151882   22.968802  28.459745
  31   40    0.363294   3.199722   11.203764   3.932713
  31   41    0.229895   3.179032   13.950900  11.844562
  31   42    0.160442   3.118553   25.895165   4.492709
  31   43    0.000626   3.104158   25.477552   7.930952
  32    0    4.352580   3.289102   32.260651  16.944766
  32    1    4.261731   3.232833   37.425838  11.539809
  32    2    4.100096   3.219890   30.667350  23.724330
  32    3    4.085725   3.203327   37.075771   8.415818
  32    4    3.942322   3.235750   13.128521  24.199905
  32    5    3.895865   3.262400    4.166830   4.860786
  32    6    3.745707   3.266866   19.901389  30.657339
  32    7    3.691593   3.263615    3.341605  21.933197
  32    8    3.511543   3.200289   26.500054  22.642450
  32    9    3.420886   3.264878   38.323493   6.690809
  32   10    3.313058   3.231828   22.208692   7.705217
  32   11    3.237267   3.240717   38.464425  28.148408
  32   12    3.166754   3.290316    8.094291  24.909044
  32   13    3.000202   3.279179   15.837682  17.068148
  32   14    2.924817   3.205926   20.682281  32.038957
  32   15    2.895492   3.203244    9.839892  36.395222
  32   16    2.704201   3.259591   36.872430  18.262863
  32   17    2.667029   3.242333    6.305410  33.096926
  32   18    2.543710   3.281487   16.336466  21.070349
  32   19    2.462872   3.280705   19.425283  22.358479
  32   20    2.302925   3.263160   29.552946  39.633788
  32   21    2.207121   3.226478   37.302139  11.534283
  32   22    2.186295   3.210064    2.798956   6.306846
  32   23    2.014446   3.277499   35.761319   3.948616
  32   24    1.991974   3.289120    5.832267   3.795780
  32   25    1.866334   3.208451   40.077708  11.585065
  32   26    1.748213   3.219349   13.661672  37.609258
  32   27    1.667287   3.267344   20.566743  30.899324
  32   28    1.510148   3.212733   10.717268  11.712708
  32   29    1.495163   3.248932    5.527131  37.435275
  32   30    1.346760   3.297154   13.896492  29.883540
  32   31    1.252740   3.207622   23.811913  32.619610
  32   32    1.151619   3.243584   30.375841  36.083897
  32   33    1.017334   3.283091   29.343529  30.055547
  32   34    0.961652   3.275677   16.742191  34.237896
  32   35    0.871902   3.238071   11.177633  38.831499
  32   36    0.765802   3.261488    7.911769  11.120620
  32   37    0.684578   3.249697   15.259442  27.805895
  32   38    0.529829   3.274232   17.468824  25.636477
  32   39    0.483959   3.253292   37.805502  17.524631
  32   40    0.354817   3.261862   35.470173   3.584800
  32   41    0.254684   3.210634   15.282767   5.372970
  32   42    0.125176   3.283674   25.425798  29.080909
  32   43    0.051994   3.263516   32.246008  24.759003
  33    0    4.386919   3.356242    9.079777  32.121176
  33    1    4.204952   3.337784   35.833574  30.571100
  33    2    4.129000   3.300696    5.779885  16.350898
  33    3    4.045855   3.383093   24.510633  10.847108
  33    4    3.919244   3.398667    2.638233  31.914167
  33    5    3.868146   3.369229   28.688058  28.538336
  33    6    3.772134   3.345220   32.349430  15.335170
  33    7    3.676722   3.311141   22.134203  37.446711
  33    8    3.598239   3.333626   27.446766  31.700702
  33    9    3.453063   3.361716   35.635857  12.858777
  33   10    3.304530   3.319079    2.940998   3.983995
  33   11    3.212953   3.393825   28.153750  30.095531
  33   12    3.181125   3.386271   13.700390  20.170243
  33   13    3.086820   3.391361   25.757016  13.142413
  33   14    2.923187   3.389188   38.594708  10.914543
  33   15    2.801843   3.382708   24.910125  40.719055
  33   16    2.796764   3.340602   20.339932  28.783285
  33   17    2.690976   3.379512   14.224811  18.593733
  33   18    2.564290   3.303411   18.144521  14.700316
  33   19    2.496889   3.328628   37.578615   4.642757
  33   20    2.339277   3.376323    9.672126   8.039543
  33   21    2.278599   3.345756   21.540720  27.100359
  33   22    2.140406   3.372338   29.499701   3.875919
  33   23    2.065173   3.375568    1.334810  26.639955
  33   24    1.962787   3.360072   13.164027   4.227111
  33   25    1.834371   3.315003    2.107757  19.372944
  33   26    1.778603   3.375148    9.053738   9.688412
  33   27    1.624484   3.343942    6.061983  40.546565
  33   28    1.520630   3.311739    4.817985  33.683820
  33   29    1.414867   3.330605    1.048448   7.667591
  33   30    1.390353   3.372793   10.626944  13.626486
  33   31    1.234772   3.317790   22.506215  16.974001
  33   32    1.167409   3.391552    8.533439  21.602054
  33   33    1.081098   3.350473    8.173677  38.622046
  33   34    0.979070   3.336682   35.349003   1.758737
  33   35    0.843552   3.375296   23.785527  23.651465
  33   36    0.717238   3.378667   15.861778  22.408277
  33   37    0.650427   3.328123   28.008666  39.736901
  33   38    0.566153   3.326083    3.887705   7.912254
  33   39    0.459871   3.327110   26.159270  12.928886
  33   40    0.326542   3.336929   20.560518  28.748512
  33   41    0.229981   3.305631   14.782329   9.033079
  33   42    0.191383   3.372433   22.430129  37.722802
  33   43    0.006439   3.351919   22.964009  20.971752
  34    0    4.344771   3.488538    6.353042   6.111031
  34    1    4.268659   3.470430   11.286262  17.416827
  34    2    4.118542   3.453778   23.822506  15.587833
  34    3    4.074534   3.443708   35.622175  33.179086
  34    4    3.951389   3.441301   14.300162  40.117497
  34    5    3.839843   3.452909   40.509605  23.283485
  34    6    3.752112   3.467518   35.275035  26.553573
  34    7    3.681302   3.410187   35.629707  20.355816
  34    8    3.572491   3.440187   26.189742  13.513821
  34    9    3.441927   3.466769   28.956035  28.891272
  34   10    3.345904   3.434694   14.037884  15.167455
  34   11    3.204046   3.486816   21.428954  20.170791
  34   12    3.145419   3.438884   10.350641  39.891969
  34   13    3.078772   3.419087   10.549143  38.036346
  34   14    2.959491   3.493992    2.454635  33.327120
  34   15    2.841120   3.455893   24.073084  28.431694
  34   16    2.774719   3.412057    6.297225  11.173978
  34   17    2.657200   3.442040   30.032429   4.560375
  34   18    2.593292   3.468678    3.799418  19.157256
  34   19    2.424045   3.485155   25.588244  34.708091
  34   20    2.397820   3.454013   14.610683  25.889431
  34   21    2.213621   3.423248   14.770188  11.221886
  34   22    2.108175   3.414675   30.303985  18.945520
  34   23    2.080437   3.425344   23.939720  26.833883
  34   24    1.953775   3.434480   28.463429  35.277634
  34   25    1.856926   3.436675   13.855518   8.462627
  34   26    1.710431   3.482968   24.780986  14.168791
  34   27    1.622381   3.431195    8.508355  38.820400
  34   28    1.523435   3.407201   33.192800  14.245758
  34   29    1.489737   3.401064   13.431707  12.600205
  34   30    1.357988   3.454555    7.249669   5.641005
  34   31    1.209841   3.495290   19.983476   6.711390
  34   32    1.184411   3.492037   10.330336  14.214182
  34   33    1.045129   3.417831   27.133249  32.978240
  34   34    0.918710   3.431139    7.970290  16.813820
  34   35    0.813717   3.409248   38.578562   6.911147
  34   36    0.799184   3.476298   32.492868  24.880293
  34   37    0.650935   3.465402   10.552744   7.605284
  34   38    0.586656   3.489766   38.293449   8.261366
  34   39    0.478180   3.491681   14.475927  21.517042
  34   40    0.329726   3.405993   25.541675  21.931996
  34   41    0.208744   3.451915   38.639919  36.813770
  34   42    0.137151   3.434617   40.730624  25.380327
  34   43    0.056855   3.447390    4.406654  25.187697
  35    0    4.346978   3.562709   24.415959  27.742179
  35    1    4.249695   3.553267   34.939035  14.470221
  35    2    4.176522   3.504146    9.652150  31.336600
  35    3    4.072509   3.547246   28.272029  38.078045
  35    4    3.978567   3.546814   39.046882  22.075388
  35    5    3.804187   3.588440   31.570919   6.267983
  35    6    3.717373   3.516781    4.018883   7.289796
  35    7    3.624805   3.543205   29.712734  39.372544
  35    8    3.513101   3.512701   16.758422  29.837951
  35    9    3.497602   3.509069   28.865872  14.633729
  35   10    3.385245   3.563376   23.553810  31.926811
  35   11    3.245772   3.557912   14.532045   5.947784
  35   12    3.154410   3.526759   37.561300   2.902822
  35   13    3.059159   3.505203   13.553716  19.778975
  35   14    2.937528   3.579634    9.759843  22.335739
  35   15    2.877580   3.513361   10.879272  30.695734
  35   16    2.794093   3.543787    8.746211   3.040371
  35   17    2.606012   3.554214   24.417209  36.427878
  35   18    2.550485   3.556690    3.190067  28.251361
  35   19    2.422221   3.588037   25.099721   5.038887
  35   20    2.345729   3.522552   15.182636   2.986382
  35   21    2.239682   3.564798    4.315093  15.752541
  35   22    2.105234   3.573061   18.376667  21.703469
  35   23    2.087737   3.517019   17.157395  40.168550
  35   24    1.959107   3.526186   11.729463  32.678516
  35   25    1.866962   3.593035   27.481025  32.047093
  35   26    1.778573   3.556172    7.824805  14.099270
  35   27    1.630564   3.574481    9.536707  11.537525
  35   28    1.507847   3.578134   34.163669   7.692475
  35   29    1.432374   3.532450   21.004629   3.671793
  35   30    1.319480   3.506656   16.477681  22.771126
  35   31    1.268640   3.503056   13.529443  21.138443
  35   32    1.118754   3.569359   35.033333  26.909120
  35   33    1.024308   3.505035   29.400937   7.798394
  35   34    0.967163   3.543626   38.059044  19.020869
  35   35    0.814852   3.579502   26.813232  22.098976
  35   36    0.786278   3.537487   20.841200  16.443804
  35   37    0.691952   3.505181    1.174444  18.488033
  35   38    0.541524   3.554136   14.699386  39.691955
  35   39    0.455464   3.531135    6.227767  20.125214
  35   40    0.390433   3.563629   16.965072   6.869155
  35   41    0.285099   3.573473    6.284060  27.632890
  35   42    0.111870   3.555022   31.252084  14.300695
  35   43    0.073101   3.542480    9.655029  36.324423
  36    0    4.311540   3.657542   36.721260  20.762574
  36    1    4.203977   3.602307    3.415177  38.292866
  36    2    4.124773   3.600327    5.705730  29.757825
  36    3    4.088934   3.616587   30.909772  25.938448
  36    4    3.910143   3.626874   40.977355  37.609676
  36    5    3.821181   3.600271    5.965120  29.958528
  36    6    3.746891   3.692525   27.098899   4.711646
  36    7    3.673643   3.680470   21.546505  37.519018
  36    8    3.515468   3.651162    4.720565  33.094958
  36    9    3.412829   3.667257   25.648228   5.271576
  36   10    3.353649   3.680729   22.343621  35.544011
  36   11    3.251793   3.649128    3.489226  27.076189
  36   12    3.140781   3.606303   16.987865  19.810904
  36   13    3.011049   3.657246   22.626812  37.734081
  36   14    2.969613   3.654102    3.363776   6.050379
  36   15    2.899217   3.687581   26.390169  31.731185
  36   16    2.718999   3.610204   30.564220  26.416811
  36   17    2.664913   3.630723   21.074242   9.937739
  36   18    2.541432   3.663662   35.954698  22.835216
  36   19    2.408014   3.635405   13.623797  17.404879
  36   20    2.326925   3.685302    7.855119   2.278565
  36   21    2.271914   3.623679   39.076414  21.844397
  36   22    2.199201   3.630700    1.770209   8.453963
  36   23    2.068791   3.683186   30.822303   5.073177
  36   24    1.941450   3.658663   19.339677   4.620628
  36   25    1.817108   3.685141   11.777846  18.649098
  36   26    1.737100   3.624988   34.843349  34.332849
  36   27    1.694732   3.615371   40.858863  10.120536
  36   28    1.546101   3.645368   21.010552  35.221479
  36   29    1.432021   3.660204   16.678649  37.756892
  36   30    1.319178   3.621013    4.047045  25.497776
  36   31    1.287121   3.658959   19.184890  19.322884
  36   32    1.181274   3.685883    7.206933  23.683762
  36   33    1.060442   3.620493   39.988634   4.404675
  36   34    0.991138   3.665409   22.900976  39.143545
  36   35    0.816925   3.602481   33.427552  39.991185
  36   36    0.706531   3.633115    5.246842  24.310396
  36   37    0.693193   3.669030   12.944792  15.459290
  36   38    0.553978   3.613818   18.130872   9.074657
  36   39    0.472042   3.674737   21.153781  25.806889
  36   40    0.318303   3.609863   28.264996  23.617885
  36   41    0.209007   3.671444   16.998405  20.923148
  36   42    0.130349   3.620351   38.386513  18.048948
  36   43    0.094823   3.697722    9.707047  13.880541
