   0    0    4.258800   0.073926   34.333600  38.345973
   0    1    4.119641   0.025824   22.814911  27.058459
   0    2    4.074864   0.021846   13.345778  14.061250
   0    3    3.904954   0.076801   10.499205  27.597472
   0    4    3.897845   0.027782    6.853901   6.940158
   0    5    3.707600   0.019164   35.966626  23.467416
   0    6    3.671288   0.045743   18.857842  22.617338
   0    7    3.596509   0.004086   13.096987   7.142925
   0    8    3.404121   0.052999   25.592882  27.393236
   0    9    3.342131   0.010683    1.357031  34.977625
   0   10    3.290674   0.062139   16.476991  14.195585
   0   11    3.103540   0.029493   30.602546  36.230731
   0   12    3.038969   0.079124   29.323270  22.634075
   0   13    2.967328   0.032324   27.441202  18.504360
   0   14    2.812856   0.085292   18.480914  36.582086
   0   15    2.733643   0.074638   32.620195  38.904304
   0   16    2.622345   0.086579   23.982066   3.539609
   0   17    2.559481   0.062271   28.941893  34.182311
   0   18    2.472211   0.004202   30.436018  37.101828
   0   19    2.380954   0.015568   20.499702   3.313258
   0   20    2.201467   0.077608   36.326293  17.178136
   0   21    2.144761   0.080884   36.565463  32.405876
   0   22    2.015772   0.012727   37.530167  12.176679
   0   23    1.984438   0.071950   37.248740   4.541050
   0   24    1.831113   0.036364   23.294293  13.189815
   0   25    1.779256   0.071736   33.087417  26.076970
   0   26    1.610312   0.011067    8.564116  32.286215
   0   27    1.532693   0.089194   17.018095  26.155774
   0   28    1.483951   0.023838   23.478856  35.335624
   0   29    1.303460   0.044701   24.713839   7.591607
   0   30    1.204254   0.086816    9.007886  14.362622
   0   31    1.114901   0.052991   28.065878   5.015338
   0   32    1.084251   0.078340    7.118401  35.246029
   0   33    0.958331   0.083051   26.624946  20.096497
   0   34    0.825271   0.008797    4.528326   3.650934
   0   35    0.792522   0.000704   33.106985  13.858295
   0   36    0.633330   0.017230   11.012487  15.400601
   0   37    0.525019   0.041503   11.607022   2.546917
   0   38    0.469430   0.091866   26.394121  17.065854
   0   39    0.341341   0.019070   20.954070  26.211568
   0   40    0.270111   0.060603   34.767876  18.369846
   0   41    0.125390   0.047185   40.678986  38.097099
   0   42    0.012741   0.015900   20.164490  30.076402
   1    0    4.288481   0.142660   13.356265  38.146311
   1    1    4.185133   0.122632   24.781431   9.350493
   1    2    4.095432   0.180464    4.619828   5.354387
   1    3    3.950975   0.107171   29.067825  19.149650
   1    4    3.843992   0.192563   20.941905  11.413177
   1    5    3.781387   0.141270    2.366059  29.025486
   1    6    3.618673   0.137591   15.303190   2.028416
   1    7    3.548605   0.115308   13.476521  21.784787
   1    8    3.401619   0.119735   32.171511  32.488219
   1    9    3.350328   0.142019    2.425988   3.779934
   1   10    3.281707   0.102118   15.745307  40.506557
   1   11    3.152731   0.144043   17.884249  26.168767
   1   12    3.058367   0.142468    9.207272  12.060692
   1   13    2.906425   0.156461   19.087600  10.304267
   1   14    2.888946   0.177035   27.772595   4.886886
   1   15    2.702847   0.118954    6.791919  32.484787
   1   16    2.677466   0.192439   34.605283  19.494001
   1   17    2.598616   0.141265    4.692086   1.615849
   1   18    2.448704   0.154591   26.215105  28.999921
   1   19    2.342317   0.100410   20.908584  37.904848
   1   20    2.294346   0.108783    2.736786  36.791038
   1   21    2.192009   0.168360   18.556165  11.530306
   1   22    2.017717   0.125738   38.532110  24.950371
   1   23    1.912400   0.174906   35.073539  27.297652
   1   24    1.840237   0.144653   19.844669   6.595165
   1   25    1.788215   0.181992   31.907116  24.613794
   1   26    1.666218   0.156166   38.776074  21.710170
   1   27    1.584716   0.183007   29.305854  21.683072
   1   28    1.432998   0.175712    6.641462  18.758094
   1   29    1.327639   0.143356   25.398387  28.647493
   1   30    1.200673   0.180863   14.801248  23.294018
   1   31    1.162975   0.167097   34.387609   6.464463
   1   32    1.059778   0.125010    7.355091  10.005914
   1   33    0.992125   0.108506   25.612007  16.635543
   1   34    0.856283   0.194176   37.623138  26.048691
   1   35    0.759854   0.147133    3.387058  11.470052
   1   36    0.651142   0.143708   39.128637   1.234501
   1   37    0.501285   0.110262   16.954077  35.387696
   1   38    0.446366   0.137311   11.835116   4.587383
   1   39    0.329880   0.157620   10.527996  24.834656
   1   40    0.221235   0.112092    5.680346  26.965589
   1   41    0.170882   0.139796   35.349563  27.707925
   1   42    0.030725   0.110224   35.988397   5.900302
   2    0    4.214156   0.203991    8.811560  32.752988
   2    1    4.123635   0.250333    9.130145   1.494718
   2    2    4.076635   0.248612   40.142674  25.220230
   2    3    3.940120   0.259866   31.841652  21.172800
   2    4    3.827823   0.221612   27.796726   7.135794
   2    5    3.747465   0.253457    3.898910  16.262343
   2    6    3.641789   0.216625   10.609036  18.862915
   2    7    3.568936   0.221729   31.386496  34.842256
   2    8    3.496090   0.245606   22.945739  33.200066
   2    9    3.353402   0.289952   26.586741  12.979326
   2   10    3.241820   0.257034    3.485952   4.082563
   2   11    3.123181   0.216648   40.555108  20.424999
   2   12    3.019699   0.224704   37.940749  19.024598
   2   13    2.924180   0.228501    5.736486  27.038076
   2   14    2.894637   0.253694   37.926961  27.758970
   2   15    2.785893   0.229808    8.516229  22.644479
   2   16    2.625697   0.237320   31.377874  39.102110
   2   17    2.579194   0.282255    5.388775   5.740588
   2   18    2.479626   0.251703    4.286977  33.892286
   2   19    2.337100   0.223913    1.465788  35.391975
   2   20    2.234355   0.293061    9.244961  13.919219
   2   21    2.177824   0.285139    6.334801  15.874618
   2   22    2.003912   0.246881    3.144234  35.083616
   2   23    1.940405   0.263474    9.818407  35.051064
   2   24    1.848105   0.227867   34.589289  37.595479
   2   25    1.711082   0.239607   18.973113  25.169258
   2   26    1.609188   0.244873   10.965307  26.840321
   2   27    1.583345   0.252162   27.706035  18.717108
   2   28    1.443352   0.225993   15.781464  35.612763
   2   29    1.356187   0.200323   11.676656  12.161156
   2   30    1.287478   0.285561   18.819442  31.737286
   2   31    1.133595   0.210176   13.689964  26.843019
   2   32    1.021021   0.227025   24.781748   4.666221
   2   33    0.943690   0.283221   28.576316   9.002628
   2   34    0.849177   0.253487   40.548454  30.465386
   2   35    0.748156   0.243596   31.592466  19.842533
   2   36    0.646696   0.201147   26.815090  16.668071
   2   37    0.561747   0.214377   40.667225  11.742919
   2   38    0.461754   0.220007   36.798444  26.798411
   2   39    0.347621   0.282654   40.354321   8.182260
   2   40    0.286216   0.200846   32.861093  18.935472
   2   41    0.197156   0.258170    4.144060  22.613847
   2   42    0.052456   0.287859   11.319581  23.509706
   3    0    4.242628   0.390887   11.824461   5.493754
   3    1    4.117571   0.322275   16.365169  32.593736
   3    2    4.087758   0.389171    9.871605  18.851110
   3    3    3.943372   0.333863   25.940200  16.269754
   3    4    3.874625   0.372130   25.388000  24.236851
   3    5    3.774990   0.334462   25.577142   1.226106
   3    6    3.635830   0.397215   17.896810  12.582468
   3    7    3.562237   0.370446   10.621464   2.555979
   3    8    3.408029   0.327282   38.338894  23.445522
   3    9    3.356038   0.359580   12.923540  31.801386
   3   10    3.207058   0.340118   40.908611  16.314085
   3   11    3.147312   0.371702   14.998852  12.605999
   3   12    3.085920   0.337826   40.903477   8.087505
   3   13    2.997621   0.312473   32.819827  19.910636
   3   14    2.814710   0.383471   10.551746  18.546258
   3   15    2.739711   0.334687   37.816695  19.445587
   3   16    2.636354   0.378033   34.821125   9.568946
   3   17    2.501732   0.332646   29.328826  21.344208
   3   18    2.463624   0.391999   10.500830   4.049789
   3   19    2.331534   0.371654   20.662053  35.022591
   3   20    2.291414   0.382811    4.388302   6.915320
   3   21    2.166804   0.366915    5.071588  22.040364
   3   22    2.003604   0.361894   10.200934  23.334257
   3   23    1.913165   0.353926    2.404135  29.478058
   3   24    1.856115   0.323159   18.872234  18.159865
   3   25    1.755539   0.385937   12.796946   8.436720
   3   26    1.616853   0.308619    3.180915   5.839432
   3   27    1.538088   0.353119   40.745551  40.585820
   3   28    1.439259   0.366169   15.200457   1.470783
   3   29    1.305060   0.342796   21.016017  10.255781
   3   30    1.239034   0.349599   23.845752  21.381081
   3   31    1.198590   0.350410   37.291621  10.391781
   3   32    1.033362   0.321532   19.832506  15.548470
   3   33    0.960253   0.306880   35.107888  37.755799
   3   34    0.888582   0.346284    6.654137  24.382425
   3   35    0.780704   0.309557   12.544011  16.084164
   3   36    0.605747   0.301506   18.719966  18.824005
   3   37    0.586151   0.331221   25.302749   5.478219
   3   38    0.453871   0.395008   21.587564   5.422481
   3   39    0.341758   0.334370   27.224921  12.125967
   3   40    0.237938   0.346293   14.261169  16.990168
   3   41    0.190228   0.336526   22.948719  24.522955
   3   42    0.062841   0.381119   29.817182   4.632560
   4    0    4.228876   0.456351   36.338103  10.680872
   4    1    4.125429   0.491778   18.156758  38.396219
   4    2    4.060459   0.420089   36.468605  15.382749
   4    3    3.934706   0.435823   33.474641  11.472148
   4    4    3.831805   0.423175   12.372938  37.363864
   4    5    3.724974   0.481594   19.072382  26.837705
   4    6    3.600000   0.422788    8.412862   3.367859
   4    7    3.588338   0.460198   23.433201  25.415441
   4    8    3.438422   0.483755    4.057830   9.347805
   4    9    3.311476   0.450448   14.014777  31.272526
   4   10    3.214361   0.412373    5.014986  28.652334
   4   11    3.156951   0.405829   19.005338   2.079769
   4   12    3.036276   0.490563    7.069167  12.857217
   4   13    2.981609   0.430674    2.327466   1.994534
   4   14    2.881908   0.466253   39.655605  12.973116
   4   15    2.733683   0.426517   23.463109  19.327168
   4   16    2.678533   0.464919   13.102103  27.080521
   4   17    2.516269   0.458971   11.212346  32.795886
   4   18    2.413586   0.461971   21.641511  15.013227
   4   19    2.347685   0.440523    9.287517   7.870339
   4   20    2.207673   0.495961   13.709398  31.531983
   4   21    2.188958   0.485255   31.683396  18.649433
   4   22    2.082688   0.408582   11.705875  36.500290
   4   23    1.945342   0.467784   17.053133  40.914265
   4   24    1.805307   0.468984   25.314580   3.894617
   4   25    1.782231   0.410611   33.858775  28.442363
   4   26    1.680555   0.477140   15.635915  31.051624
   4   27    1.526217   0.431574   21.854220  27.364710
   4   28    1.411472   0.443865   11.805672   5.375294
   4   29    1.349296   0.406270   40.497535  22.292376
   4   30    1.229057   0.413479   37.434249  17.797182
   4   31    1.158331   0.439045   31.178611  23.134867
   4   32    1.031760   0.429265   31.115737  40.603312
   4   33    0.932883   0.490582    7.687225  32.977620
   4   34    0.855706   0.441513    3.420190  11.811561
   4   35    0.772402   0.480112    8.135593  25.081403
   4   36    0.625639   0.423319   22.196487  29.103669
   4   37    0.528495   0.465925   31.588618  21.011652
   4   38    0.412281   0.490242   18.677231  13.386352
   4   39    0.309634   0.409133   23.944041   2.101145
   4   40    0.244334   0.416511   18.791207  35.376291
   4   41    0.154143   0.442518   10.143817  22.894664
   4   42    0.092803   0.402679   27.252976  28.174068
   5    0    4.272679   0.598837   13.587060   7.919662
   5    1    4.161618   0.577452   26.413251  34.612476
   5    2    4.063683   0.501076   18.653992  22.072232
   5    3    3.981728   0.509890   37.517758  20.234899
   5    4    3.804370   0.580947   38.539379  30.102992
   5    5    3.715877   0.567236    8.936350  21.079786
   5    6    3.615854   0.571271   28.132996  22.132835
   5    7    3.538229   0.578358    4.088203  30.017565
   5    8    3.493848   0.512966   10.473747  39.823763
   5    9    3.356809   0.553110    1.202989  36.206649
   5   10    3.286141   0.527946    5.343103  11.775389
   5   11    3.197400   0.563873   27.721978  19.305481
   5   12    3.084679   0.535559   39.852589  36.912955
   5   13    2.965113   0.517134   14.057094  23.397919
   5   14    2.883552   0.532039    3.419139   1.078057
   5   15    2.744268   0.530144   24.589988  15.159519
   5   16    2.634581   0.510005   23.311157  14.728567
   5   17    2.588532   0.580553    8.207296  26.612644
   5   18    2.409439   0.568165   21.987227  38.599570
   5   19    2.391456   0.515353   26.332261  14.888594
   5   20    2.251357   0.550151   13.738443  19.372415
   5   21    2.112600   0.589572   23.327005  19.735288
   5   22    2.070460   0.555818   25.684420   8.844328
   5   23    1.966364   0.554830    2.303774   4.079337
   5   24    1.804665   0.588345    6.962090   7.786332
   5   25    1.759471   0.533241   38.797547  23.771660
   5   26    1.632795   0.536136   39.985460  19.622512
   5   27    1.588719   0.593072   25.416470   9.716097
   5   28    1.488210   0.539776   28.943565  19.259017
   5   29    1.383164   0.589159   32.500625  18.900805
   5   30    1.279725   0.561189   13.242918  38.836467
   5   31    1.194368   0.543306   12.983720  40.422522
   5   32    1.081984   0.554692   17.389822  24.874764
   5   33    0.904606   0.517689   34.066343   8.414094
   5   34    0.809682   0.537738   23.846957  10.224610
   5   35    0.736158   0.577787    3.973475  15.855984
   5   36    0.639158   0.572949    1.687736  29.435355
   5   37    0.504822   0.550396   18.983046   1.572783
   5   38    0.486885   0.502426   21.410982   7.594103
   5   39    0.367771   0.557046   24.076352  37.286070
   5   40    0.297233   0.520323   15.067525  10.386327
   5   41    0.169628   0.543407   19.975226  12.415261
   5   42    0.031660   0.530344   20.889412  37.073541
   6    0    4.291370   0.631292   39.994925   1.388416
   6    1    4.188064   0.611070   22.901439   8.278902
   6    2    4.054194   0.691399    2.055746  21.545275
   6    3    3.912569   0.603934   38.533837  26.916924
   6    4    3.824920   0.672161   34.360447   9.285121
   6    5    3.796363   0.646164    1.043942  13.298799
   6    6    3.610836   0.622913   17.658628  17.932350
   6    7    3.577444   0.694178   28.593798  34.390129
   6    8    3.420034   0.618019    2.683264  32.862990
   6    9    3.391294   0.621669   28.119658  22.393193
   6   10    3.298387   0.622704    8.258662   7.755664
   6   11    3.135438   0.631021    9.668451  29.271170
   6   12    3.036216   0.641035    3.743178  30.400862
   6   13    2.930765   0.686710   25.665311  11.527077
   6   14    2.866522   0.651826   28.884077   7.322643
   6   15    2.777211   0.664996   19.615355  23.495465
   6   16    2.652350   0.669205    4.825995  33.537268
   6   17    2.513026   0.615481   30.031928  17.600254
   6   18    2.483377   0.661153    1.928528   7.093497
   6   19    2.395350   0.646988   27.922643   6.477377
   6   20    2.271298   0.621544   33.212512  17.609673
   6   21    2.125189   0.682758    9.953539  14.556237
   6   22    2.049842   0.619042   36.668654  23.842975
   6   23    1.942135   0.678096   24.450821  35.639277
   6   24    1.848471   0.639653   35.326204  17.396550
   6   25    1.713275   0.657353   13.688635  38.214286
   6   26    1.618867   0.698849   40.893448   7.990572
   6   27    1.536767   0.606555   33.450445   1.679370
   6   28    1.450218   0.623846   14.945844  40.293533
   6   29    1.373392   0.652980   39.640626  24.355839
   6   30    1.213163   0.696979    1.051696  23.130446
   6   31    1.109159   0.673653   11.761925  38.109549
   6   32    1.022913   0.607061   31.889322  18.954904
   6   33    0.938667   0.600974   34.363559  34.596594
   6   34    0.809630   0.677200   37.323731   4.792283
   6   35    0.742400   0.635614   40.103714  34.594509
   6   36    0.628584   0.624748   12.574896  15.431664
   6   37    0.511526   0.634316   31.859336  34.575481
   6   38    0.433903   0.661905   30.023753  15.464386
   6   39    0.351007   0.613387   26.355118   3.623389
   6   40    0.277947   0.663931   13.866145  18.837434
   6   41    0.165941   0.697434   18.072682  38.991774
   6   42    0.083342   0.616032   23.738968   2.910200
   7    0    4.207073   0.747305   29.739993  20.045180
   7    1    4.166706   0.799662   31.606856   8.573437
   7    2    4.019256   0.721199   34.490126   8.021609
   7    3    3.971854   0.794346   25.611791  38.809566
   7    4    3.801417   0.758556    4.817561  22.999150
   7    5    3.795982   0.752058   15.252103   5.143812
   7    6    3.648185   0.727615    4.749229   9.645137
   7    7    3.564890   0.747786   24.171364  24.755912
   7    8    3.401841   0.744427   14.186620  19.771543
   7    9    3.332716   0.722128   40.001772  40.592517
   7   10    3.298616   0.753607   18.164316  12.415575
   7   11    3.147982   0.709571   25.120648  22.640664
   7   12    3.045622   0.759276    8.809363   1.109797
   7   13    2.940929   0.789595   37.842773  30.593050
   7   14    2.813806   0.708406   14.074969   3.201398
   7   15    2.747175   0.706790   30.485318  16.456112
   7   16    2.678324   0.758173    4.861094   7.525526
   7   17    2.589671   0.780917   18.906195  20.222269
   7   18    2.480597   0.703945   20.923514  14.432937
   7   19    2.394722   0.768150   17.530739   2.547974
   7   20    2.226059   0.705177   16.012063  36.117528
   7   21    2.118547   0.740700    4.545653   5.449527
   7   22    2.068241   0.722749   33.967768  15.384603
   7   23    1.908391   0.723611   23.853250  35.348935
   7   24    1.863293   0.773193   30.047683   7.446063
   7   25    1.716648   0.764720   23.543072  22.372405
   7   26    1.609470   0.712752   25.535289  32.024023
   7   27    1.527750   0.716596   15.052013  25.624371
   7   28    1.413314   0.787372    8.733373  21.989643
   7   29    1.345779   0.777753   12.848172   6.230263
   7   30    1.248392   0.723508   31.725381  29.959311
   7   31    1.125791   0.774484   21.387686  18.261549
   7   32    1.093472   0.788989   19.830286  25.715598
   7   33    0.913815   0.764405   34.257885  12.226885
   7   34    0.854845   0.723238   29.465097  25.015734
   7   35    0.789243   0.708087   39.834155   6.633523
   7   36    0.692295   0.721773   20.168158  14.295661
   7   37    0.579067   0.786162   28.441966  40.193446
   7   38    0.479804   0.761175    7.825505  15.973028
   7   39    0.335942   0.735819    7.929586  30.568991
   7   40    0.240592   0.767631   18.681544  35.497820
   7   41    0.141496   0.742856   17.721049  35.123068
   7   42    0.001460   0.764651    7.504451  23.994601
   8    0    4.212619   0.853256    5.833042  34.959356
   8    1    4.113654   0.883718   38.315676  19.285692
   8    2    4.051655   0.861739   39.003389   5.608204
   8    3    3.986573   0.885394   32.382077  13.279888
   8    4    3.891454   0.893788   12.992920  16.034251
   8    5    3.776666   0.817810   25.708203  35.156663
   8    6    3.643207   0.822394   18.286550  12.212110
   8    7    3.566711   0.834466   27.055348  37.471092
   8    8    3.458768   0.851072   35.833449  32.336763
   8    9    3.360427   0.803936   27.553061  26.250053
   8   10    3.269874   0.850656    8.130281  27.805636
   8   11    3.103988   0.870321    4.257825   6.345581
   8   12    3.064205   0.858986   32.865506  27.429618
   8   13    2.929505   0.865211    2.552722  39.756547
   8   14    2.802692   0.839771   19.506839   1.900618
   8   15    2.795907   0.829409   16.070945  37.325167
   8   16    2.673763   0.849787   33.628003  21.363571
   8   17    2.579918   0.875839    7.865066  23.160142
   8   18    2.418414   0.881981    9.434991  31.011083
   8   19    2.343912   0.813808   32.833061   6.333540
   8   20    2.245042   0.836175   17.866084  37.939260
   8   21    2.178467   0.859221   28.951139  25.843873
   8   22    2.084932   0.818743   35.803976  27.073550
   8   23    1.985272   0.875307    3.652476   2.533089
   8   24    1.818055   0.887972   11.352391  24.793752
   8   25    1.730817   0.824140   11.730039  15.590551
   8   26    1.624575   0.842789   40.793639   5.957654
   8   27    1.562892   0.860419   22.430736   1.472371
   8   28    1.489971   0.899105   24.757648  33.343067
   8   29    1.340442   0.865958   25.947178   9.509770
   8   30    1.211140   0.810223   14.297022   8.098360
   8   31    1.182670   0.805763   13.302430   1.175475
   8   32    1.017152   0.865622   31.976809  15.611886
   8   33    0.995547   0.884798   18.662171  28.922440
   8   34    0.831512   0.845858   18.751636  33.281002
   8   35    0.783005   0.898267   39.397736  35.704530
   8   36    0.662829   0.820409   34.317025   4.981736
   8   37    0.596066   0.897637   26.762612  37.734084
   8   38    0.417747   0.850010    6.785680  21.610407
   8   39    0.316068   0.839661   28.833977  10.726607
   8   40    0.283790   0.895346   26.953673  17.888872
   8   41    0.107853   0.846296    7.409972  33.828154
   8   42    0.030454   0.839931   13.085451   2.695351
   9    0    4.215440   0.979686    1.842430  35.616263
   9    1    4.124439   0.906581   14.060708  23.503113
   9    2    4.006175   0.928253   15.323876  33.010624
   9    3    3.949362   0.984100   31.890189  25.079598
   9    4    3.899737   0.907502   12.936637  16.624986
   9    5    3.761574   0.983632   29.021572  18.418895
   9    6    3.645616   0.902243   25.811014  15.037093
   9    7    3.501911   0.912569   21.520627   7.950768
   9    8    3.436815   0.915728   32.028471   5.648780
   9    9    3.318256   0.988029    6.126932  13.389774
   9   10    3.268493   0.945603   32.444925  31.253661
   9   11    3.135730   0.911569    7.347466  27.158292
   9   12    3.068183   0.976567   38.398207   9.125142
   9   13    2.940120   0.992186   40.165473  29.137636
   9   14    2.838912   0.965303   18.302914   3.382829
   9   15    2.715872   0.935575   24.606054  37.571692
   9   16    2.668222   0.994490   11.424845  11.590690
   9   17    2.502491   0.914211   20.314010   8.267869
   9   18    2.464550   0.989629    9.666348  32.985662
   9   19    2.302657   0.995039   12.463499   3.810449
   9   20    2.287815   0.924902   31.982935  18.430684
   9   21    2.191666   0.929361   34.733174  40.321735
   9   22    2.043296   0.992459   31.090574  11.131478
   9   23    1.940976   0.902994   20.744480  21.376704
   9   24    1.807016   0.973268   38.412165  12.351685
   9   25    1.778717   0.903841   32.274904  26.997207
   9   26    1.646838   0.927094   30.750728   7.806297
   9   27    1.566935   0.988721   20.721990  20.222033
   9   28    1.496344   0.914140   30.965940   8.108616
   9   29    1.379178   0.921650   37.708014   4.569505
   9   30    1.228326   0.971595   14.969662  10.591319
   9   31    1.112675   0.911701   21.379282  12.779561
   9   32    1.061331   0.994537    8.645226  40.017466
   9   33    0.966970   0.900180   26.868065  30.542596
   9   34    0.816201   0.912579   40.834255  32.142669
   9   35    0.765246   0.934036    2.549246  18.492658
   9   36    0.619920   0.911144   12.323891   6.784886
   9   37    0.585937   0.915268   18.137822  31.562895
   9   38    0.431320   0.919418    5.806352  16.003660
   9   39    0.310381   0.934556   26.337483   6.871463
   9   40    0.237333   0.975763   18.071802  28.185929
   9   41    0.177326   0.981404   26.664507  19.626429
   9   42    0.039460   0.985817   23.234584  20.280822
  10    0    4.267043   1.072810   18.235322  11.108493
  10    1    4.118004   1.008486   34.581928  18.121194
  10    2    4.016608   1.057805   17.720129  13.610701
  10    3    3.926346   1.040695   22.673310   8.714960
  10    4    3.893592   1.036143   39.329021  14.284583
  10    5    3.729206   1.023039    8.607693  28.584596
  10    6    3.627961   1.076045    5.611136  13.162520
  10    7    3.557269   1.055349   23.914949  28.678474
  10    8    3.421431   1.028059    1.011417  20.196408
  10    9    3.305967   1.093743   32.316836   9.073052
  10   10    3.219800   1.009961   14.543617  21.973030
  10   11    3.158448   1.098831   23.641930   5.630199
  10   12    3.047010   1.081086   23.602263  10.836840
  10   13    2.961879   1.018555   36.468024  35.969294
  10   14    2.859704   1.033519   27.850336   7.471198
  10   15    2.732208   1.018511    3.604526  33.559018
  10   16    2.688015   1.002334   10.283510  22.559379
  10   17    2.505434   1.017633    3.316469  36.429088
  10   18    2.482099   1.037361   21.985826  13.967013
  10   19    2.393107   1.047764   19.230818  10.947492
  10   20    2.284636   1.084946   17.755776  22.957926
  10   21    2.136472   1.031890   23.154797   1.304090
  10   22    2.097063   1.099724   31.695796  16.275639
  10   23    1.987112   1.067746   17.575038   1.786762
  10   24    1.801745   1.043663   15.022259  40.493133
  10   25    1.772357   1.010973    8.395424  11.631603
  10   26    1.643599   1.032440    2.767111  30.853770
  10   27    1.530934   1.075197    3.510533  31.173965
  10   28    1.462859   1.057687   31.706343   8.896582
  10   29    1.328497   1.005137    9.100685  13.222471
  10   30    1.205749   1.047718   38.764586  11.479456
  10   31    1.183631   1.033248   23.073623  35.023427
  10   32    1.021742   1.029057   27.309140  38.384054
  10   33    0.952816   1.000460    3.866965   3.878378
  10   34    0.884905   1.016414   18.160844  26.506619
  10   35    0.737596   1.007153    2.864570  13.422869
  10   36    0.652513   1.089733   22.813230  35.709122
  10   37    0.588776   1.061849    9.969085  27.769777
  10   38    0.496669   1.013483    8.265494  24.725538
  10   39    0.391024   1.011933   14.411943   7.165888
  10   40    0.214103   1.015602    6.038840   5.088330
  10   41    0.116571   1.073293    6.671196  21.505730
  10   42    0.035631   1.071329   32.359872  26.860540
  11    0    4.238984   1.123858   22.406597   6.991952
  11    1    4.119939   1.130594   12.158708  12.029207
  11    2    4.097101   1.189823   15.610417   6.426879
  11    3    3.926418   1.186752   36.443602  29.736137
  11    4    3.895193   1.132735   25.711544  35.065169
  11    5    3.718700   1.109127   30.777900   2.092354
  11    6    3.618328   1.140614   12.159487  11.652819
  11    7    3.554375   1.152182   31.999220  40.142889
  11    8    3.431608   1.136954   30.053941   8.223075
  11    9    3.367016   1.110071   40.984812  36.618874
  11   10    3.218629   1.147706   31.674666   2.415115
  11   11    3.144243   1.106928    1.181117  25.434205
  11   12    3.097945   1.108235   21.305468   2.526688
  11   13    2.949956   1.100445    5.779609  37.454374
  11   14    2.836757   1.149775    4.535143  18.207207
  11   15    2.730181   1.129123   40.835047  17.885363
  11   16    2.658229   1.178042   38.257325  28.643086
  11   17    2.580180   1.152042   27.286367  22.700809
  11   18    2.413011   1.145427   23.880192  15.282469
  11   19    2.335502   1.114076   31.754452  19.845982
  11   20    2.256492   1.122613   13.796115  37.591751
  11   21    2.181604   1.119184   34.155143  25.527396
  11   22    2.041235   1.195444   39.950336  38.031659
  11   23    1.955483   1.109740    9.579852   6.717206
  11   24    1.898724   1.148549   23.386854   6.385935
  11   25    1.738433   1.130826   22.560251  18.071872
  11   26    1.646249   1.148465   24.938768  33.771005
  11   27    1.511598   1.104990   23.747554  14.784836
  11   28    1.413183   1.105934   29.769356   3.100295
  11   29    1.365441   1.155184    2.200963  12.463328
  11   30    1.236322   1.179526   22.259269  35.472204
  11   31    1.120542   1.191416   40.893926  30.939680
  11   32    1.026186   1.180923   22.774252  20.896044
  11   33    0.930329   1.120123    8.710915  40.997875
  11   34    0.855298   1.155936   24.136885   6.965545
  11   35    0.796405   1.144343   19.121485  11.316349
  11   36    0.665471   1.144757   23.164889  20.534881
  11   37    0.534054   1.197479   33.882449   7.498390
  11   38    0.433981   1.169923   31.427607  15.147443
  11   39    0.379352   1.193766    9.533059   5.881772
  11   40    0.278262   1.161161   29.411348  30.912927
  11   41    0.129949   1.184535   15.112147  11.889603
  11   42    0.015395   1.102517   19.573302   3.723604
  12    0    4.259172   1.280914   31.440254  16.004655
  12    1    4.126120   1.279075   36.302855   7.145943
  12    2    4.037537   1.240853   35.473804  40.019756
  12    3    3.903520   1.208115   24.598150  13.019100
  12    4    3.837048   1.221150   37.652497  22.037159
  12    5    3.793720   1.262663   24.304811  35.737060
  12    6    3.681857   1.263657   15.825096  40.760096
  12    7    3.560122   1.234188   13.052838  20.386570
  12    8    3.443919   1.218890   16.252893  27.940028
  12    9    3.323635   1.235580   28.566700   6.358279
  12   10    3.264193   1.209980   30.354187  22.413457
  12   11    3.149278   1.215573    9.812752  25.743834
  12   12    3.008783   1.205270    5.267145  19.982423
  12   13    2.964253   1.241409    6.487137  39.776996
  12   14    2.845045   1.298763   26.972530  10.463166
  12   15    2.704210   1.207815    7.636427  16.772136
  12   16    2.645307   1.294248    6.631792  26.547721
  12   17    2.592935   1.247263   32.742281  11.458792
  12   18    2.495216   1.251136   23.960108  38.693534
  12   19    2.366041   1.249000   32.390500  18.306292
  12   20    2.200099   1.277842   35.868020  36.076510
  12   21    2.151516   1.242472   40.683888  40.377740
  12   22    2.045858   1.252050   24.269364  35.713180
  12   23    1.919071   1.264547   27.847416  40.447981
  12   24    1.881003   1.206222   33.867275  20.178051
  12   25    1.706262   1.209332   19.013233  22.565490
  12   26    1.643359   1.241492   18.894076  38.912436
  12   27    1.522195   1.254395   33.962137  29.933420
  12   28    1.458780   1.223342   17.194960  38.941444
  12   29    1.319399   1.267853   22.637174  18.930364
  12   30    1.289904   1.268472   20.709421  17.886082
  12   31    1.111064   1.227052   22.534111  19.286703
  12   32    1.010524   1.253831   13.318433  15.477743
  12   33    0.994314   1.221467    6.612577  36.877728
  12   34    0.825592   1.265985   40.189483  39.352668
  12   35    0.720606   1.269953    4.160734  38.290015
  12   36    0.648187   1.261834   17.165579  16.724292
  12   37    0.531536   1.255649   22.085392  35.262877
  12   38    0.482952   1.230155    4.408449  35.601666
  12   39    0.352502   1.270577   30.388578   2.302001
  12   40    0.250562   1.227507   15.420200   7.542508
  12   41    0.107624   1.266399    3.130583  32.207699
  12   42    0.019733   1.211767   30.731752   8.499698
  13    0    4.287247   1.327788    4.968613   1.955532
  13    1    4.192081   1.311881   14.960466  15.140375
  13    2    4.064042   1.320546   23.399212   5.312346
  13    3    3.910810   1.353379   36.603395  31.087107
  13    4    3.815386   1.317836   28.121691  28.766104
  13    5    3.736802   1.305781   21.846688  10.850893
  13    6    3.668165   1.374818   31.478880   3.793184
  13    7    3.555078   1.330231   36.835730  18.796101
  13    8    3.437548   1.304486    7.720526  21.182144
  13    9    3.340927   1.383522    7.264650  26.297733
  13   10    3.283491   1.305641    3.873812  22.078261
  13   11    3.128190   1.378145    9.807915  12.321732
  13   12    3.057879   1.307723    1.294434   5.608454
  13   13    2.982219   1.307061   26.830765  30.979356
  13   14    2.861197   1.326608   24.510817  34.391540
  13   15    2.786998   1.316618   23.979326   4.176961
  13   16    2.670488   1.370483    2.763073  36.934048
  13   17    2.509684   1.351339   29.665295  28.302832
  13   18    2.440126   1.395589    9.677368  39.857158
  13   19    2.306554   1.300321    6.124147  30.963047
  13   20    2.213511   1.387863   17.805442  13.095639
  13   21    2.181858   1.346483   23.639885  37.098617
  13   22    2.017336   1.338412    7.298077  17.654949
  13   23    1.905537   1.357197   22.693410  23.386525
  13   24    1.840413   1.388276    1.770378   8.208017
  13   25    1.737080   1.357597   33.205663  35.647536
  13   26    1.626300   1.341088    9.455785  21.758489
  13   27    1.590952   1.396364   35.710726  36.054012
  13   28    1.433117   1.380980    4.034809  18.792573
  13   29    1.314100   1.347837   16.208166  35.251233
  13   30    1.234877   1.387523   27.063537  14.786910
  13   31    1.127984   1.394031   24.607950   9.076098
  13   32    1.056598   1.309461   32.716014  27.635214
  13   33    0.916372   1.395460   36.095315  20.377313
  13   34    0.850161   1.344677   25.593687  10.501736
  13   35    0.715834   1.390620   15.407051  23.511567
  13   36    0.629516   1.375099    3.644131  19.804928
  13   37    0.588417   1.360577   35.924724  22.410448
  13   38    0.492327   1.322108   10.770377  24.479982
  13   39    0.325432   1.357312    8.654407  22.683198
  13   40    0.260538   1.320592   27.501176  35.364241
  13   41    0.147585   1.322288   10.576565   4.040698
  13   42    0.074559   1.357878    3.131652  22.494784
  14    0    4.229854   1.415201    7.513805  21.396406
  14    1    4.174917   1.487574   19.032807  33.302816
  14    2    4.089603   1.431910   23.578251   1.320271
  14    3    3.901196   1.407751   10.367444  26.134782
  14    4    3.833325   1.415281   37.424376  35.091954
  14    5    3.730973   1.487883   22.239103  31.225452
  14    6    3.661243   1.453013    4.947189  20.420010
  14    7    3.571194   1.439652   36.339699  25.193540
  14    8    3.479657   1.412445   18.729722  10.964005
  14    9    3.301062   1.452948   15.450587  35.325720
  14   10    3.268496   1.483950   36.457845  36.116820
  14   11    3.149005   1.460332   15.690864  36.360223
  14   12    3.095982   1.491723    3.684483  13.074755
  14   13    2.966651   1.450721   10.195756   5.176505
  14   14    2.863581   1.483591   40.739378   9.043314
  14   15    2.740001   1.426195   12.947024  17.742801
  14   16    2.602646   1.429946   19.244602   3.496894
  14   17    2.552107   1.484634   27.766371  27.868677
  14   18    2.429181   1.445970   40.610090   8.730907
  14   19    2.382537   1.415236   35.021900  38.755016
  14   20    2.295112   1.401042    7.047522  11.515155
  14   21    2.196818   1.414018   27.386738   6.029173
  14   22    2.053238   1.494535    5.054943  19.477629
  14   23    1.943765   1.462053   16.027987  34.898374
  14   24    1.878742   1.458174    1.988582  12.918186
  14   25    1.740232   1.460434   29.893258  14.249708
  14   26    1.662680   1.491717   28.252387  16.071878
  14   27    1.581320   1.482877   23.301066   6.970406
  14   28    1.412311   1.450912   20.799850  11.412018
  14   29    1.369454   1.489390   10.830468   8.457396
  14   30    1.259439   1.484518   38.056768  26.403397
  14   31    1.107969   1.442571   23.544347  14.230444
  14   32    1.091117   1.460657   22.037651  24.186349
  14   33    0.953986   1.481873   26.869845  22.758500
  14   34    0.877120   1.431810   40.342534  27.992698
  14   35    0.771346   1.440566   37.998488   1.054173
  14   36    0.675542   1.462505   28.885031   3.664923
  14   37    0.567232   1.435161    9.457608  38.286591
  14   38    0.451664   1.484067   35.616521  15.470193
  14   39    0.335880   1.417667    5.543748  26.608195
  14   40    0.245923   1.446760   36.175419  17.471233
  14   41    0.169371   1.457374   29.597777  38.586339
  14   42    0.074396   1.411217   34.304553  26.036291
  15    0    4.229020   1.510700    2.640514  37.075872
  15    1    4.139602   1.558304   13.043726  18.640811
  15    2    4.001217   1.545198    7.676734  16.064208
  15    3    3.970788   1.599326    7.118603  39.933689
  15    4    3.888870   1.506937   39.014459   9.965677
  15    5    3.700997   1.537022    2.611135  28.111346
  15    6    3.613657   1.559256   12.235542  24.037289
  15    7    3.523310   1.561811   16.910776   2.963129
  15    8    3.425349   1.575273   17.992578  30.033328
  15    9    3.350572   1.567485   10.109836   1.521887
  15   10    3.232301   1.536568   21.596261  18.911534
  15   11    3.131726   1.535895   28.420355  28.073863
  15   12    3.081969   1.576082   20.396355  26.348927
  15   13    2.953552   1.571092   20.853952  22.352377
  15   14    2.831929   1.504555   32.248524   7.020627
  15   15    2.779195   1.559997   22.320169   3.060067
  15   16    2.660363   1.576728   40.898307  30.040381
  15   17    2.544250   1.598884   19.462898  33.434771
  15   18    2.470366   1.586036    7.902614  20.656755
  15   19    2.347540   1.552760    9.968516   1.394469
  15   20    2.244651   1.524672   35.748157  22.244335
  15   21    2.136858   1.508222   11.743448   8.866977
  15   22    2.006374   1.509683   13.115299  17.824522
  15   23    1.900030   1.539430   35.272917  23.230432
  15   24    1.837768   1.555129   30.774886  11.795879
  15   25    1.728572   1.531539   20.636723  38.360896
  15   26    1.601188   1.565375    5.394659  10.249257
  15   27    1.525052   1.596284   20.071924   3.603743
  15   28    1.496858   1.535232    8.570917  32.188269
  15   29    1.375899   1.570359   37.636391   6.055776
  15   30    1.278296   1.568908    9.690186  14.170968
  15   31    1.109027   1.508799   39.441251  34.865361
  15   32    1.029838   1.571658   23.764670  37.333924
  15   33    0.900014   1.572809    1.084290  35.828161
  15   34    0.891072   1.525517    9.174368  28.455187
  15   35    0.781921   1.564291   23.330471  40.376371
  15   36    0.690255   1.533656    5.287756   5.657938
  15   37    0.552020   1.577796    2.749758   5.129666
  15   38    0.422874   1.506662   16.222044  14.551964
  15   39    0.353720   1.524695   10.936528  26.496392
  15   40    0.282534   1.568451   34.543041  12.055364
  15   41    0.143977   1.534077   14.098891  39.383832
  15   42    0.019221   1.579526   37.493749  22.834255
  16    0    4.235222   1.650219   14.220314   9.896698
  16    1    4.164726   1.610954   18.379847  37.243515
  16    2    4.026555   1.627415   33.660002  28.973321
  16    3    3.926645   1.653685   17.029323  19.846949
  16    4    3.811518   1.669554   36.972564   7.229294
  16    5    3.710871   1.614753    5.782524  14.040539
  16    6    3.669166   1.674022    6.891519  20.848686
  16    7    3.587843   1.634400   11.258017  20.997796
  16    8    3.411496   1.617354    5.835321   4.183194
  16    9    3.370091   1.656321    7.178655  20.101505
  16   10    3.273446   1.663501   39.958570  26.789976
  16   11    3.117726   1.696985   19.831359  23.221479
  16   12    3.091760   1.684684   19.685210  30.959164
  16   13    2.934502   1.689403   25.273144  16.643271
  16   14    2.825938   1.659478   38.824516  40.352420
  16   15    2.759985   1.621701   26.185019   2.148074
  16   16    2.628293   1.653143   13.784784   1.194165
  16   17    2.503076   1.651536   16.314421  22.689362
  16   18    2.470836   1.691138   35.063669  24.527450
  16   19    2.398771   1.653636   11.735928   8.307162
  16   20    2.284246   1.608363   25.108186  21.366758
  16   21    2.103549   1.649649   30.699041  24.366116
  16   22    2.058649   1.693864   29.801460   2.150297
  16   23    1.975112   1.677015   37.620906   6.898836
  16   24    1.897196   1.653585   15.247372   7.714715
  16   25    1.709497   1.676697   31.820898   8.781362
  16   26    1.601653   1.682179   37.188287  31.085425
  16   27    1.532662   1.618401   17.883040  35.662841
  16   28    1.404250   1.669020   17.305158  17.696083
  16   29    1.364665   1.636292   22.071329   2.016851
  16   30    1.241976   1.663199   18.813313  16.221046
  16   31    1.192409   1.618238   18.012062  25.377124
  16   32    1.098329   1.687696   23.181331  33.024963
  16   33    0.901696   1.677268   34.896339  40.765720
  16   34    0.813182   1.623799   10.464455  40.303966
  16   35    0.730932   1.635182    2.744991  37.517019
  16   36    0.684023   1.683491   37.658070  21.313234
  16   37    0.517329   1.665152    1.817210  17.146220
  16   38    0.451226   1.649689   32.640809  25.646013
  16   39    0.311828   1.672690    7.033269   3.606329
  16   40    0.276348   1.692060   15.690946  33.349500
  16   41    0.141203   1.642471   33.320734  26.222960
  16   42    0.085610   1.659619   26.223772  28.733300
  17    0    4.294923   1.742298   34.082660  20.791549
  17    1    4.160781   1.710357    9.311724  23.046480
  17    2    4.010373   1.754872   22.525331  15.766929
  17    3    3.916633   1.762893   24.713100  39.769563
  17    4    3.822860   1.703060   34.372141  28.170495
  17    5    3.707925   1.745451   20.549244   7.088109
  17    6    3.636629   1.744992   10.529292  27.785531
  17    7    3.559566   1.773419   24.434165   9.184841
  17    8    3.459685   1.741592    9.558060  18.406560
  17    9    3.311169   1.708353   26.774608  31.307602
  17   10    3.228752   1.741039    2.347401  11.353892
  17   11    3.111632   1.738475   24.122646  33.140727
  17   12    3.031046   1.782176   15.169788  29.159881
  17   13    2.990700   1.773536   14.876945  20.827720
  17   14    2.806801   1.792029   12.342184  36.278683
  17   15    2.772639   1.765418   35.292913  40.063464
  17   16    2.690596   1.741371    6.003133   8.866639
  17   17    2.582219   1.749867   30.675979  40.994487
  17   18    2.420541   1.726644    8.056045  27.125720
  17   19    2.325126   1.754519   34.796358  10.236107
  17   20    2.212227   1.766603   38.117749  21.397763
  17   21    2.103737   1.733655   19.977675  26.135629
  17   22    2.059129   1.737654   31.350521  27.142577
  17   23    1.954887   1.771138   40.975910  10.481033
  17   24    1.882731   1.723161   31.344805  24.128267
  17   25    1.768789   1.739503    7.679191   3.174955
  17   26    1.614165   1.718861   25.758923  11.607470
  17   27    1.567728   1.715439   24.822994  15.964022
  17   28    1.444516   1.719074   26.211157  23.948494
  17   29    1.389448   1.729684   11.329411   7.133958
  17   30    1.233205   1.706515   28.958600  40.135663
  17   31    1.133320   1.772847   17.543185  21.151174
  17   32    1.012955   1.782306   39.186276  25.748495
  17   33    0.987480   1.787733   15.551276  15.551858
  17   34    0.875870   1.702159   39.269087  27.474638
  17   35    0.761998   1.753455   25.936796  31.949910
  17   36    0.668017   1.729740   30.158172  37.906808
  17   37    0.507010   1.706966   23.732196  38.855370
  17   38    0.459636   1.778855   35.082380  22.319293
  17   39    0.395380   1.753575   17.000668  21.065301
  17   40    0.294753   1.792382   26.044579   9.314880
  17   41    0.197051   1.789621   13.388773  33.709410
  17   42    0.057426   1.797741   36.131592  13.678400
  18    0    4.266653   1.897651    3.157387  18.602980
  18    1    4.122271   1.886259   14.445645  22.468379
  18    2    4.007264   1.877331   31.612088  36.380028
  18    3    3.984117   1.886874   25.504229  14.323592
  18    4    3.861392   1.843715   29.518209  39.949891
  18    5    3.785799   1.843449   31.244370  37.156662
  18    6    3.615304   1.858629   36.999810   3.140778
  18    7    3.584060   1.859314    1.306360  20.852111
  18    8    3.484771   1.860614   34.585912   2.964111
  18    9    3.311441   1.842705   36.061051   9.281625
  18   10    3.279102   1.824189   24.481367  14.753813
  18   11    3.106733   1.872401   36.883900  19.894580
  18   12    3.016014   1.810193    5.803846  36.505012
  18   13    2.998252   1.804123   19.467983  19.337203
  18   14    2.882464   1.865501   19.442433  32.056921
  18   15    2.732629   1.855178   38.507288  19.999045
  18   16    2.605974   1.892645   21.357428  32.335000
  18   17    2.547223   1.837308   35.870657  15.080767
  18   18    2.417327   1.837698   17.554988  39.687783
  18   19    2.386495   1.855909   19.425776  18.722535
  18   20    2.248657   1.838228   19.634320  22.424093
  18   21    2.161794   1.857485   25.961724  22.927660
  18   22    2.021037   1.832218   36.719186  24.976675
  18   23    1.950024   1.886656   39.197614  24.461392
  18   24    1.832597   1.853555   27.749554  13.688568
  18   25    1.719505   1.809023   22.653948  12.600134
  18   26    1.662014   1.830018   17.523291   9.038886
  18   27    1.561115   1.866852    7.202350  22.551618
  18   28    1.452899   1.855659   30.541845   2.194956
  18   29    1.389394   1.860806   24.398424   9.561923
  18   30    1.242156   1.831042   38.627939  37.098092
  18   31    1.161810   1.892842   39.241522  25.170500
  18   32    1.039842   1.852034   31.447354  18.860605
  18   33    0.944746   1.862924   29.794299  19.769721
  18   34    0.859343   1.880637    3.480950   5.071928
  18   35    0.732012   1.885329   26.133966  34.570740
  18   36    0.634880   1.849857   26.657125  28.682086
  18   37    0.595813   1.879114   17.396237  21.272794
  18   38    0.448407   1.838632    4.768973   9.451030
  18   39    0.321101   1.891683    3.212010  39.178371
  18   40    0.219913   1.802598   23.964486  35.522673
  18   41    0.142100   1.834431   24.625902   7.191995
  18   42    0.093918   1.861775   23.012183  37.502777
  19    0    4.264552   1.945078   39.624800  12.085679
  19    1    4.180681   1.927212    7.708621  34.490160
  19    2    4.018842   1.942578    9.693684  34.609418
  19    3    3.983148   1.995235   25.708307  24.830989
  19    4    3.847667   1.907384   16.354996  11.470404
  19    5    3.760142   1.950122    1.220595  23.936256
  19    6    3.687269   1.902361   30.436937   3.899952
  19    7    3.542578   1.993871   23.432205  37.322834
  19    8    3.453526   1.947799   31.855104  12.472453
  19    9    3.332692   1.965199   28.178068  19.108819
  19   10    3.293273   1.977725    3.980961  23.035969
  19   11    3.176301   1.918965    9.297277  24.514197
  19   12    3.007276   1.934145   24.209683  30.059390
  19   13    2.905091   1.911936   24.274950  19.488162
  19   14    2.894091   1.900809    1.128998  21.396421
  19   15    2.799682   1.981142   38.184930   1.404743
  19   16    2.603855   1.938803    8.729684  22.411937
  19   17    2.524952   1.907023   40.612245  11.838698
  19   18    2.427604   1.962488   39.387477   7.611573
  19   19    2.336636   1.925150   32.148367   5.753952
  19   20    2.281273   1.986227   19.885167  34.360754
  19   21    2.152646   1.987519   10.216342  21.007168
  19   22    2.073866   1.979854   28.532763  15.974627
  19   23    1.923885   1.977229   28.396935  27.889352
  19   24    1.876542   1.993992   16.482642  10.405731
  19   25    1.727493   1.948840   39.090991  30.498696
  19   26    1.633479   1.955074   12.625662  35.951500
  19   27    1.540541   1.900761   36.267293  40.058208
  19   28    1.476390   1.984341   18.993301  36.849053
  19   29    1.334091   1.985749   33.209225   4.861929
  19   30    1.222409   1.965101   22.379925  29.319990
  19   31    1.156397   1.930907   39.587653  22.353927
  19   32    1.049841   1.968163   37.938361  22.573282
  19   33    0.949648   1.969559    2.851472  15.914506
  19   34    0.857865   1.946667   21.791011  29.469589
  19   35    0.767265   1.983924   10.841326  12.248411
  19   36    0.624792   1.928373    2.237806  37.995715
  19   37    0.528166   1.919752   35.696106   4.840118
  19   38    0.484845   1.966039    2.931356   7.393187
  19   39    0.360727   1.961889   13.535840  14.761618
  19   40    0.245679   1.954642   26.428739  21.730252
  19   41    0.152356   1.953219   20.068698   2.188387
  19   42    0.067959   1.987958   12.818385  38.901929
  20    0    4.230662   2.098501   39.183877  20.299589
  20    1    4.124357   2.006426    5.659631  14.488039
  20    2    4.059114   2.019315    9.756193  37.808837
  20    3    3.948137   2.083242   26.261541  37.594455
  20    4    3.833908   2.016696   35.302271  27.192168
  20    5    3.771296   2.006250   17.366680   9.748134
  20    6    3.619450   2.053947   11.792294  22.750192
  20    7    3.538833   2.039498   28.594558   8.111796
  20    8    3.457406   2.093753   30.835326  15.961691
  20    9    3.369193   2.090203   18.538565  40.729434
  20   10    3.228705   2.010882   28.620281  15.156259
  20   11    3.111340   2.064384    2.199244  24.209153
  20   12    3.039210   2.054612   35.408699  32.353876
  20   13    2.926132   2.067590   17.475823  13.195128
  20   14    2.837925   2.053491   36.039515  12.189641
  20   15    2.793809   2.095890   40.727015  26.175830
  20   16    2.661693   2.039089   38.820101  26.162172
  20   17    2.520381   2.066706   28.951101   3.620917
  20   18    2.432253   2.015128   28.341899  20.014533
  20   19    2.383603   2.059088   24.924435  22.134561
  20   20    2.210337   2.013715    7.173060  22.876813
  20   21    2.123941   2.068667   11.676539  32.258254
  20   22    2.037192   2.061337   32.044513   3.869849
  20   23    1.947575   2.033795   23.969006   7.751470
  20   24    1.866436   2.023877   22.060009  15.189833
  20   25    1.766965   2.056274   36.984540  10.623853
  20   26    1.608609   2.012112   39.624704  10.263932
  20   27    1.559895   2.022609   36.221466   8.887943
  20   28    1.477106   2.006983   39.200929  11.387283
  20   29    1.380141   2.029837   27.628155  12.946722
  20   30    1.237321   2.007392   24.663857   3.322099
  20   31    1.102028   2.033778   13.300839  21.725630
  20   32    1.020930   2.012347   32.943818   7.659908
  20   33    0.927165   2.066941   15.607360  31.103954
  20   34    0.874146   2.024006    9.806117   7.318257
  20   35    0.724470   2.018335    1.388489  34.895851
  20   36    0.662614   2.098487   23.033222  21.363533
  20   37    0.514398   2.028079   37.927452  22.576554
  20   38    0.456259   2.077263    8.938297  37.421869
  20   39    0.344858   2.025977    3.667431   8.144639
  20   40    0.265014   2.003566   10.053083  12.260402
  20   41    0.139831   2.035125   39.195826  30.956520
  20   42    0.090722   2.065404   34.997224  30.691482
  21    0    4.232063   2.169120   17.803137  12.064683
  21    1    4.101884   2.109649   15.950154   8.772723
  21    2    4.018450   2.174597   39.963390   8.536452
  21    3    3.926043   2.140098   14.810785  39.346106
  21    4    3.800862   2.109599   32.372108  23.425414
  21    5    3.789712   2.146495   36.044229   6.279678
  21    6    3.696130   2.102648   39.716846  20.512932
  21    7    3.517630   2.111208   22.378909  38.345659
  21    8    3.416824   2.107449   16.144440  40.632487
  21    9    3.332002   2.105591   38.931442  14.489131
  21   10    3.239154   2.153759   13.428106  40.334915
  21   11    3.167990   2.119013   12.000741  29.311754
  21   12    3.085991   2.196246   24.126652  33.847900
  21   13    2.944357   2.160117   40.686879  40.915298
  21   14    2.861465   2.180076   10.567089  35.728401
  21   15    2.797536   2.132093    2.654257  12.820066
  21   16    2.678986   2.174427   34.271008  14.302020
  21   17    2.503733   2.111555    9.772761   7.493622
  21   18    2.426777   2.173345   15.484141  14.928612
  21   19    2.376871   2.154094   35.034572  11.095526
  21   20    2.214140   2.127073   18.757602  37.328744
  21   21    2.140204   2.108648    9.058437   7.364107
  21   22    2.037631   2.146398   38.068342  32.650956
  21   23    1.926391   2.147548   32.657189  13.141607
  21   24    1.899264   2.117593    3.755445   3.655055
  21   25    1.764625   2.109400   31.358450  38.854357
  21   26    1.698522   2.176145   33.587931   5.331996
  21   27    1.564079   2.107982   28.432437   4.334931
  21   28    1.406660   2.113762    1.568800  13.476231
  21   29    1.300521   2.181831   34.894915   3.693573
  21   30    1.215205   2.135025   20.619122  35.171695
  21   31    1.157343   2.146497   28.117356  12.516466
  21   32    1.030992   2.137572   29.075030  37.847935
  21   33    0.963593   2.164185   15.090465   6.488758
  21   34    0.867278   2.162867   15.969541  32.508179
  21   35    0.709767   2.164030   32.051266  32.610550
  21   36    0.654617   2.153341   36.360192   1.926465
  21   37    0.507171   2.130297   39.098016   2.494375
  21   38    0.466169   2.156119   15.502541  36.056272
  21   39    0.388617   2.125501   26.581284  21.803002
  21   40    0.219993   2.133546   19.458639  24.588383
  21   41    0.126995   2.130818   19.473588  10.706720
  21   42    0.085615   2.176387   19.768653  40.541046
  22    0    4.273982   2.267044    6.584029   7.309560
  22    1    4.183773   2.266817    1.102875   8.960800
  22    2    4.093674   2.206011   13.398461  39.314241
  22    3    3.926768   2.205253   33.350411  31.257646
  22    4    3.885391   2.294532   20.489766  38.765905
  22    5    3.702183   2.297558   13.389916  28.393554
  22    6    3.656182   2.290798    3.856876  40.535074
  22    7    3.555009   2.297315   16.826803  15.088628
  22    8    3.416778   2.256594   39.215250   7.270512
  22    9    3.372313   2.211643   26.270399   2.404523
  22   10    3.234755   2.257798    9.175571  21.873032
  22   11    3.120605   2.208397   20.263610   7.510073
  22   12    3.085650   2.200328   20.411501   3.111590
  22   13    2.928909   2.207639   15.766702   7.129348
  22   14    2.896542   2.269021   17.331371  10.823300
  22   15    2.750301   2.200899   17.135865  25.117718
  22   16    2.677315   2.242913   29.432778  14.209351
  22   17    2.571297   2.218013   15.826312  14.806784
  22   18    2.482376   2.231943   11.433098  20.059088
  22   19    2.371966   2.253227    7.588694  23.204353
  22   20    2.240030   2.217326    8.432991  17.304855
  22   21    2.170024   2.269771    7.716703  26.830960
  22   22    2.028021   2.280670    2.784052  10.130491
  22   23    1.909393   2.225253    9.942788   7.919743
  22   24    1.861940   2.275366   34.995804   3.926699
  22   25    1.777852   2.298987   30.867962  14.901776
  22   26    1.698253   2.227868   37.931302  16.706808
  22   27    1.559380   2.256775    9.350753   2.544318
  22   28    1.435640   2.256178    1.704683  13.166775
  22   29    1.344691   2.258671   29.069420  14.804693
  22   30    1.227136   2.258190   36.108045  19.393564
  22   31    1.138174   2.200910   22.510584  37.407881
  22   32    1.091257   2.253503   18.059128  13.296373
  22   33    0.911097   2.284437   35.926542   7.351173
  22   34    0.832855   2.258890    3.475285  19.155491
  22   35    0.759418   2.219393    7.342528  22.984585
  22   36    0.653872   2.239832    6.143357   4.253855
  22   37    0.529930   2.207408   33.484316  31.011010
  22   38    0.450463   2.208327   20.569072   1.376722
  22   39    0.380685   2.291711   36.535563  15.695431
  22   40    0.256177   2.230685   11.453674   3.035166
  22   41    0.140801   2.228831   27.923394  20.767805
  22   42    0.000894   2.268062    9.359565  31.589426
  23    0    4.230723   2.315055    3.869769  35.949540
  23    1    4.112196   2.397208   40.290776  24.018430
  23    2    4.096891   2.395842   16.235246  37.728840
  23    3    3.989619   2.349257   16.328157  20.902170
  23    4    3.804516   2.397013   22.220818   7.955433
  23    5    3.732954   2.360295    5.123262  16.253869
  23    6    3.618779   2.342836    7.782554   4.020591
  23    7    3.503287   2.349077   37.968915  28.159225
  23    8    3.488271   2.367983    2.152848  40.833592
  23    9    3.339936   2.324439    9.328572   9.750316
  23   10    3.224864   2.387900   34.651127  27.501140
  23   11    3.147720   2.377788   25.120588  15.862079
  23   12    3.051437   2.365234   30.005964  40.561535
  23   13    2.907206   2.334516   12.717624  12.789548
  23   14    2.863014   2.398756   14.699552  10.820725
  23   15    2.745618   2.322269   32.535435  26.884415
  23   16    2.617872   2.365600   14.384619  12.282660
  23   17    2.538037   2.363696    9.249391  12.299711
  23   18    2.443026   2.367673   21.212864   9.361697
  23   19    2.387331   2.316638   10.091112  39.011791
  23   20    2.203264   2.368719   39.953122  22.510113
  23   21    2.156920   2.365699   18.341670  39.319069
  23   22    2.044527   2.359794    3.066460  12.589103
  23   23    1.903069   2.315679   22.051885   4.337275
  23   24    1.880906   2.357814   37.444530  40.756920
  23   25    1.772806   2.349589    1.184288  31.581342
  23   26    1.649918   2.324342    9.306523  33.343185
  23   27    1.599892   2.391799   10.785397  30.544292
  23   28    1.412960   2.389935   28.789159  10.123643
  23   29    1.344440   2.360305   23.461008  35.253871
  23   30    1.226967   2.383143   22.053193  39.605005
  23   31    1.181850   2.301200   31.341267  31.107923
  23   32    1.059286   2.392631   16.268986  26.374800
  23   33    0.953649   2.373149   35.886366  17.859868
  23   34    0.860663   2.335936   31.632753  33.266475
  23   35    0.746637   2.389971   13.297736  21.445918
  23   36    0.650971   2.369003   34.604169  35.035314
  23   37    0.567441   2.335418   13.963709  14.415997
  23   38    0.408945   2.346908   37.845055  30.436029
  23   39    0.327101   2.335810   36.282652   8.050655
  23   40    0.290661   2.338090   14.877956  26.038220
  23   41    0.144780   2.313386    8.370668  18.816534
  23   42    0.031908   2.301915   31.272463  27.811188
  24    0    4.220990   2.446077   35.574999  27.633319
  24    1    4.116794   2.462543   39.206213  35.454903
  24    2    4.018887   2.427850   27.378327   2.495364
  24    3    3.919100   2.450848   18.536540   9.649271
  24    4    3.827283   2.457871   24.193261  23.311529
  24    5    3.743857   2.440533   15.057839  33.839093
  24    6    3.660930   2.486424    2.710326  12.397061
  24    7    3.514513   2.474580    5.408745  19.867501
  24    8    3.482453   2.410857    7.876841  14.871675
  24    9    3.365778   2.463860    8.132305  30.715893
  24   10    3.205974   2.445809   20.248165  30.288292
  24   11    3.113895   2.440961   21.681380  13.803757
  24   12    3.065058   2.488514   19.366799  30.137211
  24   13    2.984542   2.469200    2.700573  14.747063
  24   14    2.897024   2.462215    6.988944   5.440809
  24   15    2.783963   2.439314    1.705046  14.169210
  24   16    2.611969   2.448541   28.392158  34.474157
  24   17    2.501167   2.434454   28.315647  39.103838
  24   18    2.478054   2.413160   35.661794   2.717276
  24   19    2.328156   2.407878   24.498844  25.724124
  24   20    2.264647   2.488098   13.768026  25.465055
  24   21    2.181132   2.497151    1.798996  11.578501
  24   22    2.041852   2.498835   18.409250  18.091168
  24   23    1.998520   2.493652   27.339592  13.208029
  24   24    1.838778   2.414597   14.011786  29.782637
  24   25    1.781370   2.496854    3.409116  38.965987
  24   26    1.613552   2.456250   10.939819  23.632014
  24   27    1.528337   2.409102   36.736286  17.055554
  24   28    1.485673   2.417749   22.883597  29.294444
  24   29    1.300936   2.468521   36.098459  25.246751
  24   30    1.225723   2.444350   38.557982  13.987212
  24   31    1.135113   2.475173   10.696066  11.429150
  24   32    1.088751   2.463559    6.257466  13.429657
  24   33    0.992466   2.438785    6.765001  33.102152
  24   34    0.815852   2.483321    5.477896  36.391682
  24   35    0.718524   2.465066   36.187945  39.099953
  24   36    0.613494   2.455979    6.729136   4.839379
  24   37    0.546522   2.402094   38.404684   8.293621
  24   38    0.452102   2.456269   18.827032  36.236599
  24   39    0.352950   2.488228   35.710526   7.708050
  24   40    0.204215   2.436931   32.367040  35.381634
  24   41    0.135947   2.478665   32.070988  36.436826
  24   42    0.068187   2.406498   28.746003  40.228459
  25    0    4.249172   2.579019   26.869993  21.933382
  25    1    4.196012   2.520378   36.012568  19.462314
  25    2    4.082330   2.581217    7.547881  31.702130
  25    3    3.963234   2.588568   15.990841   9.169723
  25    4    3.834880   2.579491   28.874584  16.108547
  25    5    3.785254   2.581176   21.535910   1.763333
  25    6    3.681695   2.542422    1.642398   6.972550
  25    7    3.597494   2.556355    8.443955  22.392301
  25    8    3.478575   2.530748   39.851835  21.804743
  25    9    3.376972   2.544387    3.453699  26.389247
  25   10    3.201516   2.580033   33.003103   4.990500
  25   11    3.189746   2.596299   17.940039  25.875111
  25   12    3.056479   2.512337   38.894823  14.922109
  25   13    2.902503   2.545773   36.314742   4.463570
  25   14    2.836187   2.501647   12.370671  20.024540
  25   15    2.797270   2.539059   38.813170  26.076970
  25   16    2.637076   2.594115   16.743657  16.815707
  25   17    2.575748   2.559154   20.260046   7.206055
  25   18    2.483025   2.576044    7.166861   9.587403
  25   19    2.334240   2.507767   19.571341  21.516075
  25   20    2.232871   2.590056    9.008480  13.988404
  25   21    2.131419   2.511361   39.163425  21.522180
  25   22    2.075945   2.523070   39.328106  25.736545
  25   23    1.959399   2.586089    9.104692  14.127306
  25   24    1.844002   2.528438   35.840224  30.881894
  25   25    1.763604   2.530457   37.758916  15.136086
  25   26    1.688903   2.599005    5.289987  25.488451
  25   27    1.538870   2.514297    8.833682  12.428616
  25   28    1.493288   2.577884   21.955363  20.297115
  25   29    1.358042   2.597955   14.161269   8.298230
  25   30    1.296211   2.579371   37.028842   9.877976
  25   31    1.164974   2.546545   32.203451  28.527753
  25   32    1.027345   2.593685   20.920930   5.975311
  25   33    0.986446   2.500715   34.185739  19.098991
  25   34    0.851847   2.566144   33.066740  31.193944
  25   35    0.786899   2.527572    2.930621   1.000566
  25   36    0.633362   2.573874   37.606027   1.870990
  25   37    0.506237   2.503242   23.873465  39.419481
  25   38    0.424860   2.571307   18.346099  17.922271
  25   39    0.384096   2.572015   13.408789  25.672136
  25   40    0.296163   2.539505   32.706097   2.648027
  25   41    0.184060   2.586072   26.628645   8.550817
  25   42    0.002980   2.553711    1.880172  16.927861
  26    0    4.288243   2.654548   34.678971   6.331997
  26    1    4.195148   2.678581   23.246197  29.930154
  26    2    4.036423   2.620959   21.373791   1.513099
  26    3    3.951547   2.611182   11.085664  22.406513
  26    4    3.834659   2.644041   19.371221   7.414685
  26    5    3.715732   2.618089    2.969522  28.837108
  26    6    3.655831   2.678564    8.129295  19.105343
  26    7    3.589867   2.654852   31.703736  11.138106
  26    8    3.499000   2.639954   29.023703  40.676867
  26    9    3.324890   2.613593   16.517442  19.337661
  26   10    3.265780   2.689344   37.423563  16.717622
  26   11    3.122094   2.617633   32.215624  13.572300
  26   12    3.050123   2.694151   27.185454  27.902310
  26   13    2.935418   2.670848   11.307280  36.950800
  26   14    2.822944   2.603355   29.939962  18.936667
  26   15    2.734767   2.673818   21.659150  20.278003
  26   16    2.624961   2.626362   29.709081  11.665921
  26   17    2.558512   2.638870   21.014103   7.326303
  26   18    2.459951   2.619663    2.806842  16.976170
  26   19    2.348097   2.671748   19.752354  13.287866
  26   20    2.206269   2.666469   33.639657  16.188129
  26   21    2.119290   2.638931    4.562766  29.235955
  26   22    2.037074   2.681063    8.936861  35.963046
  26   23    1.983112   2.606493   28.230508  21.869037
  26   24    1.859111   2.681841   36.106056  10.310842
  26   25    1.784847   2.618928   34.536458  30.506665
  26   26    1.646220   2.654826   25.821890   9.110906
  26   27    1.581784   2.684518   22.302756  32.251448
  26   28    1.456935   2.672909   24.620977  34.626240
  26   29    1.329469   2.647569   18.908001  11.426720
  26   30    1.285561   2.645154   40.189727  25.811981
  26   31    1.192228   2.657260   31.134639  30.844853
  26   32    1.003104   2.645188   30.195913   4.789649
  26   33    0.936604   2.687845   30.000155  20.156437
  26   34    0.898177   2.608069   24.928875  10.678755
  26   35    0.706098   2.625607   26.262741  30.475906
  26   36    0.628741   2.690946   24.677307  33.047747
  26   37    0.512207   2.614236    4.581176  14.674463
  26   38    0.443064   2.664420   34.687646  20.566558
  26   39    0.310283   2.642186   26.847721  19.176494
  26   40    0.222736   2.638733   13.710156  40.013352
  26   41    0.159064   2.663090   29.001880  15.790962
  26   42    0.041867   2.631722   16.553823  36.608361
  27    0    4.290013   2.763458   40.671968  21.054593
  27    1    4.124798   2.753957    6.735301  38.718039
  27    2    4.036703   2.730654   33.280454   5.758956
  27    3    3.919702   2.720532   22.221140  18.293034
  27    4    3.895479   2.728540   29.788140  28.778899
  27    5    3.787387   2.798728   35.426658   2.973847
  27    6    3.606511   2.758187    8.041282  37.015050
  27    7    3.533423   2.766051   38.048829  36.618304
  27    8    3.459091   2.766723   19.724829  17.208471
  27    9    3.387400   2.784153    1.974646   2.075311
  27   10    3.236651   2.768618   28.214016  25.580810
  27   11    3.155685   2.790675   19.420487  33.349676
  27   12    3.025467   2.760640    1.155605  17.698648
  27   13    2.943464   2.773311   28.622049  13.873073
  27   14    2.816402   2.744207   17.399150  33.656031
  27   15    2.758186   2.718180    5.808504   3.416558
  27   16    2.631270   2.717024    2.937688   2.614484
  27   17    2.569699   2.718080   29.858576  38.250340
  27   18    2.404526   2.759647   36.806360  15.935151
  27   19    2.312418   2.785256    2.950310   7.476846
  27   20    2.247006   2.722026    5.426504  19.582954
  27   21    2.171812   2.738048   38.680360  23.033406
  27   22    2.011268   2.710081   12.671832  14.178061
  27   23    1.901307   2.721089    8.542689  31.681211
  27   24    1.867884   2.783036   12.972363  25.015176
  27   25    1.766368   2.774697   28.320643   4.367515
  27   26    1.688604   2.798467   26.060855  34.566556
  27   27    1.510098   2.790693    7.860405   1.668345
  27   28    1.415852   2.783959   14.505521  36.429907
  27   29    1.379123   2.779056   20.857915  33.589310
  27   30    1.278347   2.771753   18.961912  12.377682
  27   31    1.139833   2.722695   15.705403  27.822419
  27   32    1.089921   2.705909   11.115866  33.109557
  27   33    0.953245   2.716044    4.107730  32.627105
  27   34    0.842710   2.720322   20.578531  38.505232
  27   35    0.761796   2.767283   11.092817   8.823993
  27   36    0.676880   2.790257   19.533492   4.619970
  27   37    0.573320   2.793696   28.204475   9.960244
  27   38    0.476955   2.780146    7.725132  32.360627
  27   39    0.306277   2.755006   21.080051  10.525629
  27   40    0.209516   2.746008   10.416388  36.725228
  27   41    0.185964   2.750472   23.279322  39.168791
  27   42    0.078709   2.702113    3.233136  15.684452
  28    0    4.254015   2.852146   20.145174   7.183473
  28    1    4.134445   2.828443   30.351520  14.228721
  28    2    4.072932   2.858858    9.640629  12.104803
  28    3    3.923592   2.877973   26.273569  31.799876
  28    4    3.873677   2.833353    1.520880  22.076032
  28    5    3.726672   2.840985    6.475533  10.271743
  28    6    3.607566   2.828463   21.863024  28.716436
  28    7    3.571727   2.837364   38.502429   4.839229
  28    8    3.423741   2.817249   26.890267  34.541417
  28    9    3.362972   2.837241   22.621336   1.620849
  28   10    3.200446   2.816809   38.191438  15.556127
  28   11    3.104779   2.855360   39.935054   3.474961
  28   12    3.012132   2.835708   30.850682  30.464284
  28   13    2.941224   2.825180   25.896810  39.475236
  28   14    2.815102   2.881023   16.666324  15.004116
  28   15    2.768104   2.835013   38.455735  23.686255
  28   16    2.681975   2.832507    6.551880  23.243742
  28   17    2.507785   2.800384   12.601908  15.325396
  28   18    2.409652   2.828631   29.376325  37.238546
  28   19    2.367633   2.854310   26.868849  15.092527
  28   20    2.266828   2.812067    8.914751   2.273463
  28   21    2.130031   2.860349   32.390365  11.394284
  28   22    2.035215   2.850656   16.244618  16.983391
  28   23    1.946090   2.892041   31.397735   5.385079
  28   24    1.833748   2.883961   21.836866  15.965243
  28   25    1.726166   2.876759   39.582305  35.192255
  28   26    1.696967   2.845230    9.755221  27.065480
  28   27    1.538171   2.871987   25.537573  27.388136
  28   28    1.407550   2.873923   25.791085   6.347285
  28   29    1.339406   2.827719   30.533966  27.717028
  28   30    1.258702   2.864912   12.025470  30.811832
  28   31    1.179264   2.889917   33.168524   3.280539
  28   32    1.044624   2.897036   12.223484  22.268424
  28   33    0.918654   2.816873   35.970807   4.829909
  28   34    0.846742   2.845926   35.630956  25.318593
  28   35    0.717355   2.812829   34.835370  30.509323
  28   36    0.699668   2.813813   21.156846   8.239567
  28   37    0.542776   2.831375   27.190244   1.339543
  28   38    0.484074   2.802516   29.589135  37.622795
  28   39    0.352697   2.864883   21.099904   3.926446
  28   40    0.203684   2.814878    8.405973  15.943590
  28   41    0.100574   2.815659    5.040266  17.324429
  28   42    0.060559   2.894621   21.907900   5.808194
  29    0    4.204869   2.939498   26.872336  38.679905
  29    1    4.146620   2.904939   38.811059  15.444938
  29    2    4.013585   2.962970   30.580177  16.225457
  29    3    3.920084   2.902077   20.105324  27.076449
  29    4    3.881841   2.902052   30.627935   8.390510
  29    5    3.732994   2.981766   31.895385  13.130185
  29    6    3.663800   2.951596    6.329719  34.239716
  29    7    3.520506   2.963545   21.106859  24.814880
  29    8    3.400627   2.972643   12.415194   3.145535
  29    9    3.353873   2.930873   16.353573  33.410803
  29   10    3.263420   2.977767   27.012825  30.546819
  29   11    3.197254   2.963370   11.926221  16.692050
  29   12    3.084164   2.903355   34.561734   1.840528
  29   13    2.993562   2.981605   19.776665  11.219380
  29   14    2.878755   2.962165    8.702247  37.898998
  29   15    2.736445   2.974577   12.536214  15.812445
  29   16    2.634016   2.989504   18.984217  23.400510
  29   17    2.564365   2.995339   10.020262  12.330557
  29   18    2.495378   2.932006   35.271317  23.106220
  29   19    2.338375   2.991200   22.335753   6.961466
  29   20    2.253504   2.979292   25.008521  31.411814
  29   21    2.137774   2.981496   34.621982   8.537909
  29   22    2.086644   2.905636   31.059087  36.947570
  29   23    1.927251   2.908152   21.619317   9.972025
  29   24    1.870883   2.971338    1.606401  36.695828
  29   25    1.715443   2.962070   34.674482   4.718045
  29   26    1.622672   2.931606   18.655091   3.040159
  29   27    1.538000   2.931843   29.455106  12.243953
  29   28    1.487171   2.914534   37.954922  12.355875
  29   29    1.358319   2.930381   19.560304   4.813157
  29   30    1.231923   2.959173   30.709996  25.196792
  29   31    1.186050   2.929737   29.378130   2.447503
  29   32    1.048241   2.949676   26.224887   5.828493
  29   33    0.967271   2.974746   18.954776  33.763279
  29   34    0.802457   2.942181   34.678374  22.803666
  29   35    0.700912   2.952066   24.304493  27.442180
  29   36    0.615777   2.957335   20.504517   2.470353
  29   37    0.583593   2.962775   38.503236   2.419501
  29   38    0.484999   2.903276   39.399859  33.749329
  29   39    0.379433   2.983890   12.073120   4.442153
  29   40    0.286721   2.901403   25.764640  25.212076
  29   41    0.152732   2.907007   15.578827  12.469396
  29   42    0.034907   2.910404    2.424924  14.436168
  30    0    4.289588   3.010722    3.021171  30.459504
  30    1    4.185800   3.082785   40.771634   4.810196
  30    2    4.069595   3.057565   21.527094  28.405894
  30    3    3.905168   3.042551    6.991550  16.405651
  30    4    3.830655   3.005899   10.999402  21.056547
  30    5    3.730755   3.042674   28.854369   5.228514
  30    6    3.698812   3.092553    6.803665  13.570874
  30    7    3.577514   3.046678   27.559011  29.108610
  30    8    3.430639   3.072928   39.233710  40.438496
  30    9    3.344882   3.079881   20.431406  38.680098
  30   10    3.238297   3.001894   35.411236  37.304705
  30   11    3.193785   3.012798   12.805048  28.351772
  30   12    3.036817   3.000991   12.439130  14.917700
  30   13    2.966488   3.071651    1.204701  34.861175
  30   14    2.869469   3.085306    5.042125  30.232996
  30   15    2.724628   3.019153   24.992660  19.951824
  30   16    2.630235   3.016818   16.592509  11.780718
  30   17    2.579870   3.012436    9.926062  18.908174
  30   18    2.412509   3.010123   19.332645  34.721807
  30   19    2.387668   3.024443   24.612792  38.128244
  30   20    2.270043   3.041132   17.770139  35.589474
  30   21    2.167438   3.010072   39.642606   2.609157
  30   22    2.079983   3.099668   28.635544   7.532560
  30   23    1.902229   3.009060   19.209131  28.166147
  30   24    1.848517   3.082872    1.456563  23.947745
  30   25    1.757577   3.003807   26.327480  23.400898
  30   26    1.697222   3.047870    5.716756   1.707913
  30   27    1.542741   3.092282   25.291297  32.880406
  30   28    1.412623   3.029390    3.730840  14.764228
  30   29    1.317871   3.093646   18.802071  15.682852
  30   30    1.232793   3.080844   12.782724   4.719841
  30   31    1.127931   3.077377   22.242657  32.412291
  30   32    1.082993   3.015830   35.736484  27.043443
  30   33    0.918287   3.095456   33.855986   8.979279
  30   34    0.857436   3.011123    6.244537  39.911168
  30   35    0.757904   3.001568    7.129015  36.889874
  30   36    0.676159   3.081891   32.841361   7.235715
  30   37    0.563931   3.061281   30.471023  37.480747
  30   38    0.424820   3.055250   35.625133  28.261811
  30   39    0.386229   3.092823   29.314435   1.483461
  30   40    0.210918   3.049177    9.893764   3.177492
  30   41    0.171994   3.029340    7.055402  35.496296
  30   42    0.042476   3.010438   23.015821  37.510981
  31    0    4.289143   3.160411   13.790442  23.387286
  31    1    4.154680   3.177340   13.980940  17.653238
  31    2    4.042486   3.193131   35.594501   3.347483
  31    3    3.976272   3.110995   39.488362  35.666592
  31    4    3.868969   3.171181   32.124854  10.258728
  31    5    3.740657   3.182210   36.096297   3.610165
  31    6    3.647373   3.104126   16.624343  18.235579
  31    7    3.506786   3.110214    4.868881  35.933119
  31    8    3.403874   3.188521    9.936486  19.646298
  31    9    3.361756   3.124130   13.121567  33.057045
  31   10    3.237724   3.147480   28.934085  34.613160
  31   11    3.130933   3.158445   27.279828  10.089176
  31   12    3.031060   3.175946   29.801990  38.937642
  31   13    2.922035   3.199681   21.530144   1.678351
  31   14    2.843483   3.155236   37.903768  28.591340
  31   15    2.777214   3.173039    8.856268  37.346039
  31   16    2.625517   3.192268   38.501072  25.358823
  31   17    2.501581   3.195022   14.217878   1.194983
  31   18    2.415469   3.146450   16.383565  10.913898
  31   19    2.377938   3.120865   34.042731   5.718385
  31   20    2.211419   3.130305   17.506335  35.556107
  31   21    2.165668   3.184023   21.867550  21.502829
  31   22    2.034212   3.108719   22.020781   3.029555
  31   23    1.916779   3.159122   26.876883  32.938481
  31   24    1.818310   3.176075    5.624007   4.291532
  31   25    1.724053   3.179412   30.253295  14.620397
  31   26    1.685245   3.160538   24.940866  40.793638
  31   27    1.545031   3.105130   13.666258  23.945085
  31   28    1.469148   3.190440   12.691789  21.783494
  31   29    1.321280   3.170143   34.891213   2.476795
  31   30    1.275449   3.158955    9.688672  40.330396
  31   31    1.134918   3.130804   17.464312  31.978303
  31   32    1.062354   3.140139   33.240091   9.223595
  31   33    0.913832   3.103163   24.442422  40.571280
  31   34    0.840065   3.141978    5.336223  10.587202
  31   35    0.713310   3.102531   20.752038  20.311649
  31   36    0.684947   3.130169   19.022892  22.001018
  31   37    0.565009   3.192811   14.274802  19.535641
  31   38    0.464991   3.120177   27.663227  27.111911
  31   39    0.394225   3.112136    2.731403  31.652570
  31   40    0.268892   3.114478   39.324478  20.165672
  31   41    0.163382   3.166029   21.589684  16.630673
  31   42    0.023955   3.156939    7.316605  31.584599
  32    0    4.203450   3.269643   27.636848  22.242668
  32    1    4.177762   3.286901   27.948313  35.661350
  32    2    4.045686   3.276606    3.519724  39.207973
  32    3    3.905191   3.201835   27.855266  11.634958
  32    4    3.863668   3.253548   10.471102  27.688890
  32    5    3.785826   3.279311    5.794286  35.860164
  32    6    3.680005   3.246645   29.604223  12.168320
  32    7    3.577218   3.266543    7.586387   5.476581
  32    8    3.483422   3.239282   36.571568  17.556916
  32    9    3.386669   3.218931   37.930586  32.929491
  32   10    3.240114   3.218459   10.048140  31.447892
  32   11    3.118334   3.257780    9.099449  25.889386
  32   12    3.068298   3.251592    1.413524   5.758006
  32   13    2.943462   3.221759   34.066459  38.562699
  32   14    2.876845   3.225107   31.171039  35.563560
  32   15    2.709430   3.206713   10.404275   8.081450
  32   16    2.647680   3.211530   27.056385  33.760561
  32   17    2.567984   3.224059   31.332094  33.604885
  32   18    2.467313   3.212761   39.452235  17.248516
  32   19    2.364746   3.259273   21.579323  15.961466
  32   20    2.285428   3.273756    1.639290  13.657629
  32   21    2.190499   3.278878    8.271881  12.104884
  32   22    2.097892   3.273119   25.578380  27.209485
  32   23    1.950163   3.216854   40.836480  31.353115
  32   24    1.817850   3.274853   38.332248  28.121630
  32   25    1.757620   3.269533    8.957309   9.324798
  32   26    1.611768   3.269056   29.899734  32.036760
  32   27    1.513647   3.241830   33.908617  20.682571
  32   28    1.437317   3.238368   20.149106  14.277529
  32   29    1.370240   3.217024    6.125734  33.238295
  32   30    1.226961   3.261726   20.701389  18.298336
  32   31    1.127457   3.267355   10.666141  23.670400
  32   32    1.014891   3.207278    7.028576   8.525722
  32   33    0.948667   3.283330   22.251277  29.048927
  32   34    0.805646   3.272310   26.695671  24.849356
  32   35    0.716725   3.275892    2.868799  18.559112
  32   36    0.630317   3.299570   11.589590  19.345873
  32   37    0.587050   3.297537   37.454108  16.259719
  32   38    0.430656   3.236620   35.141995  35.388156
  32   39    0.324011   3.235927   36.958999   8.407597
  32   40    0.252743   3.207666   19.967209   5.112967
  32   41    0.134216   3.256753   23.154351  27.825275
  32   42    0.020008   3.235758   17.000405  33.290132
  33    0    4.234456   3.311321    5.802866  22.983715
  33    1    4.190521   3.387369   24.135356   3.956811
  33    2    4.013037   3.378761   10.376870  10.917654
  33    3    3.985324   3.311030   10.525055  10.750690
  33    4    3.861121   3.382757   33.285321  20.786275
  33    5    3.703463   3.307052    2.122614  32.696244
  33    6    3.665408   3.308366   31.613184  18.837269
  33    7    3.515000   3.396329    4.703887  14.268534
  33    8    3.465152   3.345726   15.665399   5.727657
  33    9    3.345887   3.352777   32.527340  21.879313
  33   10    3.284979   3.304389   25.146765  33.600049
  33   11    3.137985   3.326181   13.950746  38.500532
  33   12    3.060344   3.374508   33.598077   3.008337
  33   13    2.983843   3.310067   19.738344  23.960641
  33   14    2.874724   3.359254   40.747958   8.732128
  33   15    2.799028   3.302652   25.456183  30.519408
  33   16    2.626746   3.366617   18.728858  28.714544
  33   17    2.504848   3.368014   36.267386  21.647263
  33   18    2.441472   3.328137   15.644785  11.803299
  33   19    2.351253   3.329341   30.603208  36.505529
  33   20    2.232898   3.307129   28.767356  37.670325
  33   21    2.113512   3.316439   18.599739  33.444167
  33   22    2.014506   3.369608   39.675875  36.230484
  33   23    1.946922   3.345634    1.854232  12.904015
  33   24    1.841310   3.317388   14.946135   4.075243
  33   25    1.781405   3.331802    2.969069  23.430789
  33   26    1.650327   3.324743   38.531777  21.882487
  33   27    1.582241   3.319442    6.515440  34.078432
  33   28    1.446801   3.377504   15.771049  19.458978
  33   29    1.394521   3.372567   17.462880  12.299718
  33   30    1.260717   3.386640   13.990893  34.017249
  33   31    1.127078   3.381621   18.784872  38.492319
  33   32    1.072304   3.337127   40.969346  22.484067
  33   33    0.916709   3.329727   36.864779  36.688857
  33   34    0.876187   3.337301   30.056305  40.082886
  33   35    0.745444   3.310274    1.490435  25.449794
  33   36    0.621739   3.353927   39.541765  25.128040
  33   37    0.562418   3.303182   16.639799  13.838288
  33   38    0.431930   3.353832   23.899711  13.913736
  33   39    0.387592   3.398138   38.924106  24.426499
  33   40    0.264572   3.324252   35.824889  29.776203
  33   41    0.147123   3.399689   32.469052  18.603104
  33   42    0.038390   3.310915   10.518762  26.852691
  34    0    4.209615   3.461268   32.178582   9.022120
  34    1    4.101671   3.495403    7.470010   1.756312
  34    2    4.058798   3.473076    1.739931   9.853432
  34    3    3.973551   3.431502   20.014006  35.331027
  34    4    3.851370   3.472203   38.392615  17.565737
  34    5    3.737055   3.473982    9.244735  31.846395
  34    6    3.668770   3.452423   33.398147  13.292930
  34    7    3.509058   3.462686   36.391730   4.437024
  34    8    3.478620   3.425846   25.311299  32.405269
  34    9    3.355166   3.469779   16.563609  33.286964
  34   10    3.275349   3.428919   22.567817  17.726978
  34   11    3.157283   3.478706   16.798917  17.004592
  34   12    3.070228   3.471222   22.567531  19.912235
  34   13    2.978251   3.439627   12.653981   7.828876
  34   14    2.848563   3.497097   36.345879  11.811834
  34   15    2.701430   3.438027   40.096592  27.753173
  34   16    2.606278   3.467358   21.090933  23.233106
  34   17    2.553479   3.420703   13.263380   5.348087
  34   18    2.419374   3.471145    7.177065  38.315992
  34   19    2.345818   3.446468    3.677787  12.010160
  34   20    2.287976   3.446459   22.050451   9.818491
  34   21    2.194403   3.467711   12.814646  31.558549
  34   22    2.031726   3.421998   20.215697  32.925002
  34   23    1.998416   3.403306   17.436395  28.547087
  34   24    1.895189   3.492593    6.736901  25.761398
  34   25    1.776358   3.433409    5.915058   8.354503
  34   26    1.650796   3.405922   11.080548  24.620990
  34   27    1.572767   3.432334   13.793144   6.060836
  34   28    1.462485   3.469091    8.791706  18.975830
  34   29    1.360428   3.456928    8.125723  21.313418
  34   30    1.295789   3.480282   20.409016   4.668144
  34   31    1.171397   3.424812   22.684957  32.831118
  34   32    1.029537   3.452864   40.188078  23.246967
  34   33    0.995581   3.449336    9.897467  18.890821
  34   34    0.840656   3.427201    1.616866  21.235399
  34   35    0.787821   3.446258   10.423938  19.085470
  34   36    0.696736   3.458833   32.370880   5.184174
  34   37    0.523572   3.490914    7.579476  17.838273
  34   38    0.401079   3.430816   28.269794  26.687584
  34   39    0.339256   3.484059   31.332234  11.603020
  34   40    0.291891   3.462682    3.961445   6.108092
  34   41    0.186241   3.479566   25.406947  39.375742
  34   42    0.001090   3.478835   37.473046  14.576274
  35    0    4.217150   3.537814   11.059030  10.088278
  35    1    4.128860   3.555144   36.433574  20.903068
  35    2    4.009804   3.594859   12.373988  10.649616
  35    3    3.987685   3.584088   15.685365  33.361597
  35    4    3.817638   3.579409   10.485925  24.846189
  35    5    3.713981   3.585998    9.166981  25.866155
  35    6    3.615749   3.567098   27.898026  36.007617
  35    7    3.536787   3.546788   23.363498  33.896256
  35    8    3.489033   3.534734   29.126927   5.289711
  35    9    3.331156   3.581015   15.284427  17.583958
  35   10    3.282946   3.565939   20.181963  12.621849
  35   11    3.168916   3.503199   24.843519  37.702996
  35   12    3.008455   3.564028   16.929339  38.811159
  35   13    2.911456   3.540026   29.678800  14.868547
  35   14    2.860582   3.547947   31.180343  14.991254
  35   15    2.767939   3.531411   19.865222   3.076789
  35   16    2.674725   3.542782   13.381766  29.548572
  35   17    2.568094   3.549331   10.636381  25.783715
  35   18    2.406531   3.527584   32.075770   2.854700
  35   19    2.371236   3.509935   23.145830  16.042970
  35   20    2.279613   3.570169   22.835504  36.578346
  35   21    2.152637   3.566649   26.462553  31.792812
  35   22    2.000763   3.561070    3.171826  17.045973
  35   23    1.974669   3.549805    8.409263   3.202581
  35   24    1.894561   3.556947    4.945556  21.065387
  35   25    1.763309   3.561809    8.516202  11.059409
  35   26    1.658406   3.557562    2.108748  37.821907
  35   27    1.570687   3.545913   23.277237  13.496174
  35   28    1.484986   3.569783    9.137528   1.902040
  35   29    1.311248   3.521394   22.059062  32.932052
  35   30    1.242073   3.557122   14.308108  10.194914
  35   31    1.112948   3.518254   11.428413   5.917317
  35   32    1.039283   3.533968   12.006656  29.367024
  35   33    0.925572   3.550522   36.326243  25.644338
  35   34    0.848056   3.539906   29.552747  30.801152
  35   35    0.775800   3.538808    8.431875  10.207063
  35   36    0.674613   3.521455   26.555209  36.335653
  35   37    0.553125   3.529994   25.224215  29.261578
  35   38    0.416001   3.556043   38.608210  20.835595
  35   39    0.351994   3.564743   27.661169  17.560621
  35   40    0.256616   3.576190   22.174521  36.572562
  35   41    0.183745   3.511991   40.062466  35.905297
  35   42    0.086674   3.590656   13.791936  19.585239
  36    0    4.206981   3.623658    2.695156   8.377486
  36    1    4.145135   3.653678    4.277901  29.638211
  36    2    4.006925   3.662525   25.725113   9.286806
  36    3    3.907425   3.603464   27.396457   3.091714
  36    4    3.883153   3.621552    2.611937  14.086272
  36    5    3.753069   3.676743   12.490679  21.940408
  36    6    3.680728   3.683865    1.688704   5.581112
  36    7    3.559959   3.607439   31.872844  22.474527
  36    8    3.422390   3.669244   26.582093  40.075515
  36    9    3.380469   3.634440    6.303621  23.462097
  36   10    3.268805   3.675116   39.292456   7.672410
  36   11    3.160028   3.675951   35.680658  26.446210
  36   12    3.050270   3.647924   14.167488   6.761663
  36   13    2.960974   3.676052   17.095976   9.696670
  36   14    2.876384   3.614173   36.667187  14.802407
  36   15    2.753649   3.692870   18.710661  22.550610
  36   16    2.640301   3.659555   37.731890  35.825542
  36   17    2.532710   3.677154   35.434410   8.322046
  36   18    2.491090   3.669246   22.729191  19.652725
  36   19    2.309454   3.685070   21.186525   1.655569
  36   20    2.251540   3.632819   13.369661  18.648516
  36   21    2.120755   3.679673   32.554054  40.144773
  36   22    2.009447   3.673155   11.645301  34.892637
  36   23    1.981794   3.601787    9.951792  20.231254
  36   24    1.807948   3.680321   36.758762  13.979612
  36   25    1.793273   3.632908    4.927948  13.845392
  36   26    1.604931   3.618611   39.175400  21.223391
  36   27    1.594188   3.630288   16.048349   4.945379
  36   28    1.462848   3.627739   20.344321  31.864846
  36   29    1.328441   3.687463   20.831095   4.056331
  36   30    1.268424   3.657671   22.298611  18.950356
  36   31    1.167750   3.662306    7.492647  14.106573
  36   32    1.066849   3.660636   38.259023  10.870011
  36   33    0.904264   3.619042   17.805413  32.303558
  36   34    0.826939   3.613578   13.529446  35.114259
  36   35    0.794178   3.650690   11.155926  20.487138
  36   36    0.632583   3.659634   35.386561   5.628170
  36   37    0.598400   3.684067   29.931800  40.343262
  36   38    0.421467   3.638191   31.330127   8.212748
  36   39    0.327928   3.620718    7.654696  10.056460
  36   40    0.264625   3.619647    6.974411  11.743104
  36   41    0.160090   3.634059   13.815592  35.424800
  36   42    0.099807   3.673205   18.025364  22.543540
  37    0    4.247190   3.725540   13.157725   1.156308
  37    1    4.197951   3.773886    5.202161  25.079974
  37    2    4.091319   3.740748   12.191633  37.011162
  37    3    3.955242   3.798361    6.625819  34.200401
  37    4    3.808254   3.760194   12.015768  38.649276
  37    5    3.763294   3.768331   19.111670  22.474427
  37    6    3.649302   3.708860    4.055243  24.488207
  37    7    3.516917   3.774854   27.966505  20.753204
  37    8    3.492896   3.773652   14.120318  27.571627
  37    9    3.372760   3.757374   24.305286  40.891424
  37   10    3.257414   3.778530   40.225300  15.393921
  37   11    3.172778   3.717145   19.566389  36.643329
  37   12    3.023382   3.743341   40.897596  40.821774
  37   13    2.994056   3.716345   28.818381  22.065017
  37   14    2.886672   3.744306   33.245708  13.698939
  37   15    2.780933   3.751367    7.615426  26.325631
  37   16    2.694700   3.701607   13.844051  25.415661
  37   17    2.556698   3.791610   31.572452  19.650330
  37   18    2.444872   3.742679   20.531491  17.669592
  37   19    2.300297   3.743548    3.495288  17.188253
  37   20    2.248634   3.728566    9.509617   1.840284
  37   21    2.108557   3.733955   19.815040  15.919006
  37   22    2.085502   3.785114    9.665770   6.844721
  37   23    1.946372   3.705832   26.240035   4.281511
  37   24    1.889290   3.750786   34.834966  21.036611
  37   25    1.716090   3.785959   21.952719   5.029356
  37   26    1.623529   3.738511    4.753863  37.657511
  37   27    1.553032   3.713920   32.342979   8.887122
  37   28    1.414671   3.710281    6.749024  33.543144
  37   29    1.376640   3.719046    2.183390   9.902460
  37   30    1.220174   3.780075   22.740769  27.233594
  37   31    1.196164   3.793921   24.315983   2.958998
  37   32    1.013933   3.793234   29.932980  35.331373
  37   33    0.986137   3.740938   33.334156  29.735486
  37   34    0.873786   3.778524   38.598277  14.896669
  37   35    0.710030   3.761828   19.407459   1.466891
  37   36    0.654905   3.732932   36.657061  24.864382
  37   37    0.580582   3.719202   34.311000   5.183459
  37   38    0.428925   3.778603    8.287959  20.912900
  37   39    0.302201   3.723808    9.885305  34.674104
  37   40    0.261504   3.726353   22.596302  35.909840
  37   41    0.144653   3.791587    8.566539  18.240737
  37   42    0.090755   3.790859    8.406286  32.005324
  38    0    4.247937   3.870519   16.291027   2.380544
  38    1    4.155641   3.828855    2.531574  40.638647
  38    2    4.055813   3.858874    9.992093  33.853445
  38    3    3.906868   3.813611   21.418125  13.169533
  38    4    3.819858   3.823662   25.071314  22.162354
  38    5    3.713239   3.816428   19.842114   7.540462
  38    6    3.607266   3.880922   32.640312  20.294119
  38    7    3.553640   3.839095   25.384868  15.321877
  38    8    3.483770   3.817950   11.993297  13.639373
  38    9    3.358957   3.829960   33.695809   8.687391
  38   10    3.228120   3.821623   30.684632  15.329802
  38   11    3.139234   3.820715   17.093438  18.311431
  38   12    3.066510   3.826725   22.749746  30.801685
  38   13    2.999240   3.840969   37.843488  40.877053
  38   14    2.894123   3.813470    5.021787  35.214850
  38   15    2.710354   3.803366    7.492417  38.826989
  38   16    2.676666   3.864403   12.160470  24.426498
  38   17    2.568312   3.803248   14.923461  35.186302
  38   18    2.497332   3.837436   22.923644  13.539696
  38   19    2.324861   3.843771   38.341570   2.730320
  38   20    2.234028   3.823963   33.376147   6.616599
  38   21    2.136696   3.879893   20.182567  19.466843
  38   22    2.018064   3.838872    7.144601   6.966819
  38   23    1.927367   3.872805   38.980975  11.346949
  38   24    1.838632   3.832678   18.490851  39.491649
  38   25    1.706898   3.860147   18.519973   8.313984
  38   26    1.617499   3.825126   20.890804  34.885167
  38   27    1.539906   3.876731   32.126055   1.245705
  38   28    1.485260   3.834294    1.969519  40.063557
  38   29    1.395849   3.805529   28.759981   5.039791
  38   30    1.244291   3.815577   25.057424  10.014297
  38   31    1.154796   3.899324    7.594720   7.038293
  38   32    1.004255   3.830858    8.296613   3.327185
  38   33    0.978717   3.889687   19.060084  30.181887
  38   34    0.823545   3.839808   14.140261  26.989461
  38   35    0.791804   3.891833   32.872900   6.730122
  38   36    0.684498   3.842398   35.252214  15.597635
  38   37    0.543696   3.821449    7.360528  21.079138
  38   38    0.471517   3.804599    7.227907   5.958904
  38   39    0.356719   3.862714   19.424702  19.153675
  38   40    0.209423   3.867660   14.221820  40.125373
  38   41    0.182395   3.865496   30.781629  17.045493
  38   42    0.054409   3.875455   20.480725  18.224621
  39    0    4.213448   3.904122   13.653445  13.015624
  39    1    4.111924   3.954102   38.946073  27.020425
  39    2    4.015416   3.900135   17.875093  14.673212
  39    3    3.984597   3.943369   37.502896  30.957816
  39    4    3.856732   3.997077   11.419830  37.088985
  39    5    3.729007   3.910356    4.116689  29.516914
  39    6    3.627739   3.976621    7.635588   7.796743
  39    7    3.522673   3.972527    4.013788  18.020324
  39    8    3.447613   3.922290   25.023479  31.081529
  39    9    3.312051   3.919347    5.224821  18.609179
  39   10    3.263539   3.969463    9.178823  16.648489
  39   11    3.128647   3.949650    3.224880  33.923233
  39   12    3.048734   3.928583   21.554110  26.711719
  39   13    2.923543   3.935284   21.068114  18.090716
  39   14    2.805012   3.932192    5.992381  40.737724
  39   15    2.780672   3.980684   18.328512  17.953971
  39   16    2.671611   3.935855    1.518593  18.523415
  39   17    2.526136   3.972726   10.322708  32.027216
  39   18    2.434851   3.998025   18.665553  39.983898
  39   19    2.354651   3.905539   18.504698  25.503090
  39   20    2.222953   3.974563   16.650126  33.970597
  39   21    2.144893   3.920920    3.586425   6.694921
  39   22    2.056958   3.989892   30.004425  18.635594
  39   23    1.933087   3.926575   34.852254  33.622020
  39   24    1.812179   3.988656   15.805799  22.303361
  39   25    1.758586   3.941611   22.299404  39.015571
  39   26    1.625021   3.929271   26.438476  16.506374
  39   27    1.586539   3.971546   22.650496  37.843019
  39   28    1.457199   3.953920   17.858782  31.786431
  39   29    1.350888   3.933546   25.948416  13.519179
  39   30    1.203550   3.958279   19.624923  22.058770
  39   31    1.146026   3.936702   36.357750   7.292581
  39   32    1.000606   3.988689   40.491390  34.781443
  39   33    0.927345   3.971847   18.961138  19.865891
  39   34    0.860982   3.914489    2.157072  31.867671
  39   35    0.759766   3.980749   13.752932  35.129562
  39   36    0.623358   3.958874   23.795284  10.224248
  39   37    0.578959   3.955484   18.696603  32.958175
  39   38    0.469481   3.922914    1.282921  10.994356
  39   39    0.302584   3.965370   35.626441  31.339247
  39   40    0.218087   3.904262   37.585046  23.028480
  39   41    0.148266   3.921030   35.938096  27.674592
  39   42    0.061024   3.994604    4.540275  38.802414
  40    0    4.281364   4.063025   17.426626  34.914637
  40    1    4.159115   4.038036   31.331381   9.946655
  40    2    4.028750   4.005913   29.294747  30.256404
  40    3    3.964386   4.046334   21.214602  14.746824
  40    4    3.854895   4.077704   39.268057  32.456186
  40    5    3.781318   4.096480   35.620203  31.420025
  40    6    3.603467   4.069364    4.918057  18.378255
  40    7    3.522642   4.080807   33.525904  28.667407
  40    8    3.461482   4.049368   10.707873  20.221247
  40    9    3.354917   4.040804   14.043846  38.948462
  40   10    3.203721   4.004263    2.939621  31.934194
  40   11    3.165792   4.091846    1.450836  30.117948
  40   12    3.022663   4.037755   16.696443  16.654476
  40   13    2.918326   4.038061   14.430658  17.511609
  40   14    2.843672   4.098091    2.036290  26.570275
  40   15    2.788105   4.084017   15.086331   1.262190
  40   16    2.666413   4.006275   21.108592  22.430443
  40   17    2.506163   4.073094   38.319217  12.572548
  40   18    2.461723   4.026185   23.529025  11.994986
  40   19    2.354815   4.021145   18.460979   7.867987
  40   20    2.288176   4.051677   14.261643  15.039697
  40   21    2.184523   4.068477   17.583434   1.195239
  40   22    2.074537   4.085505    6.421695  27.098768
  40   23    1.937762   4.043165   18.700408  32.930845
  40   24    1.843097   4.050213   20.826532  34.949541
  40   25    1.780636   4.014396   17.114779  16.806981
  40   26    1.624573   4.002107   34.786058  33.913856
  40   27    1.554583   4.015771   24.452923  27.458111
  40   28    1.437808   4.015984   34.538228  30.370765
  40   29    1.369009   4.035426   32.467889  27.137138
  40   30    1.276958   4.070541   28.899196  22.445714
  40   31    1.161087   4.002311    7.481642  22.945053
  40   32    1.065121   4.092173   36.111731  17.661582
  40   33    0.951166   4.046158    1.375805  34.863387
  40   34    0.896600   4.008357   21.539630  28.407291
  40   35    0.721391   4.072384   31.329393  40.074087
  40   36    0.600006   4.020887   20.769877   4.400023
  40   37    0.541098   4.072628   18.041081  40.496740
  40   38    0.411364   4.033942   30.848384  15.887363
  40   39    0.355454   4.086586   20.962613  18.168400
  40   40    0.250190   4.062285   11.789216  12.156042
  40   41    0.143524   4.041498   29.109038  37.036572
  40   42    0.042187   4.000873   31.161235  26.984213
