   0    0    0.072550   0.035273   16.367829  18.197055
   1    0    0.059627   0.170569   19.459648  10.350764
   2    0    0.039462   0.283804   35.002769  21.707921
   3    0    0.083712   0.355520   29.432682  27.763544
   4    0    0.008220   0.419339    2.693514  37.088457
   5    0    0.016256   0.555363   40.507247  21.388832
   6    0    0.003092   0.626081    8.906246  10.195472
   7    0    0.084349   0.754879   40.115405  10.603117
   8    0    0.082668   0.898018   30.889430  17.785957
   9    0    0.038671   0.987697   25.573017  32.646255
  10    0    0.016137   1.069728   12.121093  40.978560
  11    0    0.096848   1.138513   26.381869  19.148067
