   0    0    0.125998   0.009117    4.551447  13.029147
   0    1    0.097460   0.020108   28.098355   9.878199
   1    0    0.117500   0.174320   19.849911  16.771643
   1    1    0.046035   0.111176   21.590461   3.764928
   2    0    0.102473   0.228436   28.325511  26.673026
   2    1    0.097995   0.201498    4.545086  28.038177
   3    0    0.160023   0.328418   24.156649  24.758623
   3    1    0.005081   0.331969   25.673892  15.298618
   4    0    0.188322   0.400893   26.266902  24.705897
   4    1    0.089476   0.479172    9.441484  36.293494
