   0    0    0.179446   0.082962   32.735066   7.861240
   0    1    0.035293   0.069648   36.737061   9.405635
   1    0    0.195538   0.164837    4.697052  11.835365
   1    1    0.008358   0.166832   13.748240  19.766312
   2    0    0.196726   0.237532   13.957508  16.257596
   2    1    0.079734   0.247633    8.582924  34.687522
   3    0    0.116955   0.330754   39.407053  39.321775
   3    1    0.025813   0.309059   11.232379  19.994120
   4    0    0.193977   0.403768   21.644373  31.625836
   4    1    0.040280   0.470647   33.309950  39.940732
   5    0    0.181561   0.546522   22.048495  32.758277
   5    1    0.088403   0.571997   20.978191   6.863356
   6    0    0.119976   0.676756   36.116238  21.977836
   6    1    0.063115   0.606682    9.436689   7.241673
   7    0    0.170303   0.711078   19.728170  26.420223
   7    1    0.038236   0.738699   28.434717  13.484818
   8    0    0.146964   0.853240   36.420459  11.086039
   8    1    0.028958   0.833249   38.311874  34.698667
   9    0    0.158510   0.973885   34.404084  11.934358
   9    1    0.081300   0.934934   17.358952  39.888001
  10    0    0.189284   1.052565   13.986907   6.726749
  10    1    0.020758   1.043319   33.830337  23.492244
  11    0    0.124014   1.115044    9.218203  27.836809
  11    1    0.095756   1.168368   39.728294  15.848747
  12    0    0.133685   1.226767   21.989278   7.060633
  12    1    0.053720   1.296356   18.518563  30.122953
  13    0    0.104231   1.396777   12.487886   4.533909
  13    1    0.086743   1.360692    5.225757   2.440031
  14    0    0.199650   1.405501   26.818212  12.181679
  14    1    0.079800   1.491407   14.896110   3.397940
  15    0    0.108070   1.594485   10.762253  36.697101
  15    1    0.087328   1.512160   24.204177  16.837144
