   0    0    0.232894   0.056806   20.918684   2.693332
   0    1    0.173126   0.019187    5.375767   8.933071
   0    2    0.073577   0.055353   29.544194   6.899087
   1    0    0.270681   0.122488    5.906019  35.767696
   1    1    0.190979   0.146628   39.589504   5.842165
   1    2    0.061472   0.193768   12.620763   1.336867
   2    0    0.273887   0.233090   14.657456  13.884926
   2    1    0.146545   0.286149   36.790866  24.689621
   2    2    0.099631   0.206644   17.021844  38.545775
   3    0    0.291085   0.362122   17.178417   3.587971
   3    1    0.164274   0.334918    7.012196  28.648135
   3    2    0.084181   0.338738   18.276352  20.721001
   4    0    0.246050   0.468540   26.663722   6.562621
   4    1    0.175375   0.494177   40.108783  16.329684
   4    2    0.007659   0.447355    6.295770  27.976273
   5    0    0.283355   0.581847   29.056148  16.555150
   5    1    0.171756   0.548868   22.096183  13.442977
   5    2    0.086905   0.583831    9.208349  10.768473
   6    0    0.279709   0.653145   33.453002  33.039543
   6    1    0.119827   0.636732   15.038126  11.335335
   6    2    0.066233   0.694982   20.689043  18.772229
   7    0    0.200069   0.779897   18.725951  25.714263
   7    1    0.151951   0.736375   27.018925   8.948777
   7    2    0.028635   0.708502   29.256815  23.482417
   8    0    0.272231   0.820131    2.962188  14.551378
   8    1    0.196133   0.862132   35.448326   9.828248
   8    2    0.023853   0.858955   37.110212  39.716267
   9    0    0.233907   0.943245   31.358607  22.245640
   9    1    0.121090   0.973384   14.058699   6.745991
   9    2    0.042721   0.939330   40.061539   8.609467
  10    0    0.209741   1.016679    8.481551  10.650663
  10    1    0.124807   1.017563   40.565967   2.507814
  10    2    0.091456   1.015117    3.736039  19.034873
  11    0    0.234872   1.171418    2.694536  25.651410
  11    1    0.161387   1.108051   14.053210  40.217214
  11    2    0.052229   1.124967    6.026897  37.376148
  12    0    0.259726   1.293738   31.281559  25.789686
  12    1    0.159775   1.242499   21.551083  17.699879
  12    2    0.082166   1.274090   10.316041  33.394587
  13    0    0.295846   1.348573    8.455908  33.089963
  13    1    0.185605   1.344375   31.758567  11.316775
  13    2    0.022284   1.336826    3.536328  13.043385
  14    0    0.263596   1.492326   36.020182  18.559518
  14    1    0.126122   1.434568   16.972735  40.776568
  14    2    0.051117   1.455219   29.989215   2.392460
