   0    0    3.586342   0.030651    9.102303  37.525424
   0    1    3.410960   0.068727   14.014473   8.460507
   0    2    3.351615   0.045869   14.391335   1.962810
   0    3    3.233004   0.078144   38.063798  11.769080
   0    4    3.185233   0.055725   25.221501  35.426734
   0    5    3.043211   0.039903   16.658601   7.986212
   0    6    2.930818   0.035426   29.907859  28.448077
   0    7    2.867277   0.063238   22.349352  29.385123
   0    8    2.705286   0.009519   12.399315   5.465715
   0    9    2.641889   0.053597    1.046883   7.235209
   0   10    2.546986   0.023315   31.975897  24.537993
   0   11    2.479959   0.005480   15.574513  34.578645
   0   12    2.372124   0.060324   17.211205  31.147406
   0   13    2.287636   0.081671   30.780878  25.417694
   0   14    2.145015   0.083632   32.863370  29.532324
   0   15    2.028475   0.024995   29.677578  19.625482
   0   16    1.996548   0.044497    7.771908  15.799915
   0   17    1.844851   0.034413   20.104824  26.838279
   0   18    1.700908   0.032405   32.501921  14.144728
   0   19    1.658355   0.038530   12.717300  22.782669
   0   20    1.543183   0.037400   27.391179  30.817710
   0   21    1.479381   0.016474    3.621565  27.936283
   0   22    1.379887   0.057705    4.819647  30.060746
   0   23    1.261515   0.048637   18.785336  31.116087
   0   24    1.110777   0.013495   23.935098  22.042122
   0   25    1.038547   0.027907   12.378090  29.533543
   0   26    0.943476   0.021133   21.732538  34.898625
   0   27    0.881072   0.025798   17.491456   2.051248
   0   28    0.742531   0.041266    1.299185   1.310303
   0   29    0.605641   0.087254   25.226967  13.820995
   0   30    0.511411   0.038873    6.200849  24.604224
   0   31    0.462286   0.022966   16.927756  28.178485
   0   32    0.359807   0.083708   29.399597  20.203888
   0   33    0.215982   0.078640   34.369898  15.615271
   0   34    0.159242   0.075524   15.756664  35.311248
   0   35    0.024259   0.086953   24.018116  39.843773
   1    0    3.587583   0.100051   19.088625  33.028621
   1    1    3.496643   0.149824   33.989653   7.416570
   1    2    3.307473   0.108905    7.908903  26.698073
   1    3    3.201980   0.156130   16.159175  10.056454
   1    4    3.114999   0.169446   18.400767   6.056181
   1    5    3.066974   0.113165   30.876631  27.799046
   1    6    2.933115   0.149045    8.832017  28.872389
   1    7    2.883339   0.158893   28.059048  36.245107
   1    8    2.709377   0.182313   36.535619  40.059468
   1    9    2.612012   0.126446   25.956311  32.664965
   1   10    2.509503   0.119556   16.744635  24.814941
   1   11    2.440714   0.152341   27.680055   3.392805
   1   12    2.377054   0.170036   11.983824   3.172598
   1   13    2.215895   0.155522    5.623817  38.893882
   1   14    2.155237   0.134591   21.384385  10.413590
   1   15    2.031742   0.165627   25.191703  23.083023
   1   16    1.939390   0.168738   31.202343  21.106851
   1   17    1.817391   0.145738   31.791868  19.918093
   1   18    1.748105   0.129597   10.985172   4.118961
   1   19    1.618883   0.137431   28.840162  12.987439
   1   20    1.567325   0.137808   34.245292  21.753830
   1   21    1.424646   0.154063    9.558366  22.755595
   1   22    1.334852   0.129054    8.163141  28.252924
   1   23    1.232382   0.162001   31.640515  31.326880
   1   24    1.192828   0.178910   13.756598  21.207071
   1   25    1.001272   0.118913    1.399845  26.031825
   1   26    0.942653   0.159419   26.117581  14.001152
   1   27    0.876250   0.183234   22.797986  30.836658
   1   28    0.790605   0.126156    3.730713   8.233370
   1   29    0.610865   0.169595    6.797063  28.521418
   1   30    0.573147   0.140464    6.553018  32.121018
   1   31    0.451858   0.101232   27.764449  26.767558
   1   32    0.398420   0.103164    4.447651  14.225057
   1   33    0.282082   0.102339   16.198969  27.741227
   1   34    0.134889   0.113218   10.728759  21.396067
   1   35    0.048767   0.180793   30.836416   3.453715
