   0    0    0.582530   0.060210  100.000000   5.535740
   0    1    0.463614   0.095596    5.503316   1.913320
   0    2    0.339972   0.004673    2.690018   4.346308
   0    3    0.250759   0.034089    2.025717 100.000000
   0    4    0.162238   0.010396  100.000000   4.752502
   0    5    0.088009   0.040328    1.863480 100.000000
   1    0    0.510941   0.112394  100.000000 100.000000
   1    1    0.451430   0.107306    3.253607 100.000000
   1    2    0.381409   0.170302  100.000000 100.000000
   1    3    0.283103   0.136830    2.213190 100.000000
   1    4    0.199896   0.169166    3.556621   1.090131
   1    5    0.045760   0.117629  100.000000   3.303871
   2    0    0.518881   0.242892  100.000000   4.407147
   2    1    0.415005   0.275003    1.238511 100.000000
   2    2    0.316925   0.277893    1.583227   5.281239
   2    3    0.295342   0.203118  100.000000 100.000000
   2    4    0.146948   0.268793    4.644788   4.990892
   2    5    0.020965   0.254051  100.000000 100.000000
   3    0    0.594395   0.388771  100.000000   5.718720
   3    1    0.479403   0.350678  100.000000   1.488501
   3    2    0.386613   0.372702  100.000000   5.684144
   3    3    0.228236   0.308351    1.328038   2.845099
   3    4    0.154919   0.336029  100.000000   4.442459
   3    5    0.006106   0.331438  100.000000 100.000000
   4    0    0.519276   0.432123    5.345912 100.000000
   4    1    0.464842   0.450932  100.000000 100.000000
   4    2    0.314137   0.462613  100.000000   4.592070
   4    3    0.257096   0.442998    3.057515 100.000000
   4    4    0.196289   0.448939  100.000000 100.000000
   4    5    0.009667   0.484560  100.000000   1.736961
   5    0    0.588746   0.547504    4.324478 100.000000
   5    1    0.436313   0.557156    4.252868 100.000000
   5    2    0.344393   0.594518  100.000000   5.974448
   5    3    0.211664   0.589503  100.000000 100.000000
   5    4    0.123216   0.597366  100.000000   3.580482
   5    5    0.090593   0.505205    5.590810   5.160849
   6    0    0.580694   0.658268    2.891047 100.000000
   6    1    0.459502   0.631154  100.000000   1.866947
   6    2    0.389282   0.685555    4.973691 100.000000
   6    3    0.238688   0.608139  100.000000   5.616803
   6    4    0.176434   0.602774    3.866367   5.028139
   6    5    0.064237   0.615133    2.384610 100.000000
   7    0    0.584555   0.737787  100.000000   5.607515
   7    1    0.467593   0.793868    4.248208   2.254739
   7    2    0.323033   0.725503    5.394355 100.000000
   7    3    0.286445   0.728287  100.000000   3.899522
   7    4    0.126364   0.748761    1.932576   5.289446
   7    5    0.059055   0.712203    1.697465 100.000000
   8    0    0.580569   0.809370    3.682438 100.000000
   8    1    0.436012   0.887990    2.543142   1.391370
   8    2    0.358795   0.857533  100.000000   4.667546
   8    3    0.297793   0.813046    2.306680 100.000000
   8    4    0.160733   0.853090  100.000000   1.144990
   8    5    0.069566   0.826274  100.000000   3.547088
   9    0    0.549154   0.981337  100.000000 100.000000
   9    1    0.404661   0.925048  100.000000 100.000000
   9    2    0.374013   0.930029  100.000000 100.000000
   9    3    0.257351   0.904331  100.000000 100.000000
   9    4    0.179836   0.980210  100.000000   1.006833
   9    5    0.051373   0.967703  100.000000 100.000000
  10    0    0.591651   1.057348    3.896920   1.534891
  10    1    0.436500   1.033130  100.000000   1.920037
  10    2    0.306823   1.085877  100.000000   1.588867
  10    3    0.215651   1.040697  100.000000 100.000000
  10    4    0.122250   1.041111  100.000000   5.076246
  10    5    0.091222   1.047898    5.468974   2.833316
  11    0    0.551635   1.191115  100.000000 100.000000
  11    1    0.482113   1.189966    5.386381   1.009684
  11    2    0.353735   1.145575    1.327006 100.000000
  11    3    0.296112   1.102677  100.000000 100.000000
  11    4    0.108981   1.146806  100.000000 100.000000
  11    5    0.064219   1.107301    2.718487 100.000000
  12    0    0.567957   1.285647    2.318176 100.000000
  12    1    0.436795   1.239075    3.526912 100.000000
  12    2    0.377382   1.240272  100.000000   2.086136
  12    3    0.229076   1.216591    2.191529 100.000000
  12    4    0.120893   1.210051  100.000000 100.000000
  12    5    0.063420   1.243531    5.827031 100.000000
  13    0    0.541814   1.301104  100.000000   3.729607
  13    1    0.408386   1.349318  100.000000   4.320453
  13    2    0.338091   1.398091  100.000000 100.000000
  13    3    0.227030   1.394330  100.000000   5.923430
  13    4    0.110767   1.321142    1.412092   2.076772
  13    5    0.019446   1.327963  100.000000 100.000000
  14    0    0.535960   1.457821    4.893531 100.000000
  14    1    0.403229   1.494813    1.906779   2.306593
  14    2    0.357629   1.416848  100.000000 100.000000
  14    3    0.273802   1.475432    2.361719 100.000000
  14    4    0.168513   1.447832  100.000000   2.341401
  14    5    0.000034   1.439599    1.947010 100.000000
  15    0    0.579028   1.577608  100.000000   2.465194
  15    1    0.493901   1.588053    5.515150   3.478165
  15    2    0.354579   1.524135    2.561214   4.664324
  15    3    0.272567   1.545272    2.625300 100.000000
  15    4    0.184950   1.576543    1.333260 100.000000
  15    5    0.044322   1.516886  100.000000   1.623158
  16    0    0.574506   1.653135  100.000000   4.657119
  16    1    0.484081   1.615531    1.080333   1.340062
  16    2    0.325822   1.696069  100.000000   5.342297
  16    3    0.281825   1.667885  100.000000 100.000000
  16    4    0.103613   1.634031    4.688208 100.000000
  16    5    0.040002   1.683028  100.000000 100.000000
  17    0    0.598669   1.783569  100.000000   3.404256
  17    1    0.421555   1.777380    2.771781 100.000000
  17    2    0.348429   1.798463  100.000000   1.761926
  17    3    0.222470   1.757293    3.258293 100.000000
  17    4    0.113514   1.717265  100.000000 100.000000
  17    5    0.053062   1.707048  100.000000 100.000000
  18    0    0.517151   1.803301    4.454730 100.000000
  18    1    0.402929   1.829959  100.000000 100.000000
  18    2    0.301910   1.830498    3.434717 100.000000
  18    3    0.221680   1.855678    4.890045 100.000000
  18    4    0.149631   1.865820    4.326776   5.797153
  18    5    0.050927   1.886020  100.000000   4.009052
  19    0    0.534210   1.927070    3.201184 100.000000
  19    1    0.499833   1.915671    3.987544   5.396860
  19    2    0.337398   1.900126    4.723394 100.000000
  19    3    0.284189   1.920029    5.067276 100.000000
  19    4    0.176650   1.993938  100.000000   4.557189
  19    5    0.083472   1.998699    4.093583   4.140956
  20    0    0.539676   2.033847  100.000000   1.881652
  20    1    0.490560   2.055011  100.000000 100.000000
  20    2    0.327237   2.046916  100.000000 100.000000
  20    3    0.257760   2.083000  100.000000 100.000000
  20    4    0.155463   2.079784    4.435862 100.000000
  20    5    0.078536   2.047440  100.000000 100.000000
  21    0    0.511359   2.166299    5.569028   5.764407
  21    1    0.464874   2.119871    3.199109 100.000000
  21    2    0.357952   2.128577    2.267546 100.000000
  21    3    0.283515   2.197218  100.000000 100.000000
  21    4    0.177343   2.179945    4.240229   4.192565
  21    5    0.038688   2.144198  100.000000 100.000000
  22    0    0.552945   2.209912  100.000000 100.000000
  22    1    0.487139   2.249125  100.000000 100.000000
  22    2    0.313560   2.261527  100.000000 100.000000
  22    3    0.268137   2.269017  100.000000   1.936965
  22    4    0.145306   2.228293    2.413632 100.000000
  22    5    0.045234   2.291709    5.369596 100.000000
  23    0    0.509435   2.317000    3.867322   5.118957
  23    1    0.446439   2.384408  100.000000   2.687744
  23    2    0.396975   2.372327    3.661551 100.000000
  23    3    0.201557   2.373372    3.146906   5.310252
  23    4    0.198095   2.379385    4.754443   4.692925
  23    5    0.064269   2.364054  100.000000   4.892381
  24    0    0.582140   2.496137  100.000000   1.765229
  24    1    0.461658   2.424232  100.000000   1.346666
  24    2    0.381683   2.494897  100.000000   1.215208
  24    3    0.219947   2.471031    4.225192   5.314364
  24    4    0.186873   2.492285  100.000000 100.000000
  24    5    0.099452   2.425930    2.829549   2.801489
  25    0    0.563823   2.530525  100.000000 100.000000
  25    1    0.484760   2.590734    1.675324   2.269344
  25    2    0.370771   2.578601    4.756496 100.000000
  25    3    0.224701   2.568657    5.998639 100.000000
  25    4    0.149819   2.583395  100.000000   3.743367
  25    5    0.091812   2.594768    5.949258   1.055982
  26    0    0.579267   2.668424    2.424882   1.109254
  26    1    0.406460   2.600488    3.575822   4.450123
  26    2    0.315330   2.609667  100.000000   1.234524
  26    3    0.298010   2.620786  100.000000 100.000000
  26    4    0.166216   2.624602    1.808068 100.000000
  26    5    0.086973   2.675677  100.000000   5.038218
  27    0    0.596248   2.724398    2.745580 100.000000
  27    1    0.459483   2.728114    5.891216 100.000000
  27    2    0.352601   2.781669    1.184999 100.000000
  27    3    0.285269   2.715472    1.910630 100.000000
  27    4    0.154670   2.772004    2.522861 100.000000
  27    5    0.055986   2.795717    3.262750   4.369538
  28    0    0.545517   2.898614    2.977074   4.892661
  28    1    0.401789   2.811757  100.000000   5.154326
  28    2    0.309419   2.889769  100.000000 100.000000
  28    3    0.286474   2.801737    2.856196   1.352180
  28    4    0.172655   2.851461  100.000000 100.000000
  28    5    0.059539   2.862377  100.000000   2.054678
  29    0    0.536321   2.979695    4.878055 100.000000
  29    1    0.421902   2.960752  100.000000 100.000000
  29    2    0.372285   2.930545    2.895828 100.000000
  29    3    0.283930   2.946145  100.000000 100.000000
  29    4    0.177282   2.964853  100.000000   4.560090
  29    5    0.070459   2.950754  100.000000 100.000000
  30    0    0.573102   3.031541    5.603835   3.321306
  30    1    0.474053   3.006384    5.046428 100.000000
  30    2    0.396249   3.026531    4.059242 100.000000
  30    3    0.299100   3.037281    1.828271   5.545201
  30    4    0.133127   3.077564  100.000000   2.627232
  30    5    0.003708   3.082549    5.561638 100.000000
