   0    0    1.824270   0.016288    1.338113   4.058693
   0    1    1.707691   0.026902    3.885702   1.668694
   0    2    1.666010   0.042350    5.472818 100.000000
   0    3    1.540664   0.050712  100.000000   4.695866
   0    4    1.459902   0.048522    3.071797 100.000000
   0    5    1.354236   0.091259    1.870917   5.722016
   0    6    1.266176   0.083405  100.000000 100.000000
   0    7    1.161706   0.056502  100.000000 100.000000
   0    8    1.046765   0.087590  100.000000 100.000000
   0    9    0.901708   0.028486  100.000000 100.000000
   0   10    0.843339   0.027813    1.324214   3.194596
   0   11    0.719727   0.056186  100.000000   4.955553
   0   12    0.651216   0.081286  100.000000   4.740055
   0   13    0.555055   0.053868  100.000000 100.000000
   0   14    0.461612   0.039256  100.000000 100.000000
   0   15    0.357874   0.017689    1.584667   5.546212
   0   16    0.221549   0.002919    2.111775   2.738584
   0   17    0.101447   0.078212    4.099820 100.000000
   0   18    0.071094   0.092106    1.672928 100.000000
   1    0    1.830140   0.112132    1.011126   5.502951
   1    1    1.725057   0.160658    4.831295 100.000000
   1    2    1.628107   0.101656  100.000000 100.000000
   1    3    1.585411   0.177031    2.847520   2.229982
   1    4    1.498401   0.128778    4.425848   5.319728
   1    5    1.337244   0.133772    2.081417   5.262380
   1    6    1.213643   0.103490  100.000000   5.965839
   1    7    1.154591   0.161248    2.089909 100.000000
   1    8    1.052499   0.109448  100.000000 100.000000
   1    9    0.915743   0.116266  100.000000 100.000000
   1   10    0.835525   0.144667    4.231244 100.000000
   1   11    0.721465   0.105237  100.000000 100.000000
   1   12    0.628756   0.176414  100.000000 100.000000
   1   13    0.559224   0.126213    1.979456   5.316874
   1   14    0.416361   0.121245    3.182283 100.000000
   1   15    0.397772   0.107541    2.153959   2.392347
   1   16    0.221349   0.174103  100.000000   2.078554
   1   17    0.104684   0.183959    3.531177 100.000000
   1   18    0.000338   0.145240    2.493753   4.590530
   2    0    1.895282   0.267189    4.086292   5.698820
   2    1    1.719937   0.265796  100.000000   5.449412
   2    2    1.620002   0.287127    2.786123   5.596254
   2    3    1.501406   0.209368  100.000000   2.522946
   2    4    1.499668   0.298878  100.000000   3.166211
   2    5    1.356199   0.283295  100.000000 100.000000
   2    6    1.235213   0.283306    3.197923   5.956022
   2    7    1.183650   0.203446    4.980849 100.000000
   2    8    1.099325   0.271456  100.000000 100.000000
   2    9    0.922096   0.249999    4.694415 100.000000
   2   10    0.890829   0.219950  100.000000   3.235897
   2   11    0.746616   0.218632  100.000000   5.924393
   2   12    0.624416   0.296983    4.702109 100.000000
   2   13    0.565182   0.211600    5.173183 100.000000
   2   14    0.413800   0.251680    4.285759   2.399852
   2   15    0.372195   0.204406  100.000000 100.000000
   2   16    0.227561   0.229023    2.741910   5.772026
   2   17    0.155650   0.271960  100.000000 100.000000
   2   18    0.026362   0.257430    5.124376   3.291988
   3    0    1.852751   0.367606  100.000000   2.629545
   3    1    1.755501   0.337148  100.000000   5.213011
   3    2    1.655906   0.338407  100.000000   4.888404
   3    3    1.541293   0.390932    1.992641 100.000000
   3    4    1.450446   0.331621  100.000000 100.000000
   3    5    1.322139   0.340218    1.605318 100.000000
   3    6    1.276910   0.371521    2.271335 100.000000
   3    7    1.134829   0.376653    4.169801   1.404395
   3    8    1.004668   0.377832    2.124127 100.000000
   3    9    0.999888   0.397199    2.514764 100.000000
   3   10    0.839742   0.385893  100.000000 100.000000
   3   11    0.761568   0.370666    3.204088 100.000000
   3   12    0.628864   0.321178  100.000000 100.000000
   3   13    0.507228   0.352656  100.000000 100.000000
   3   14    0.442636   0.307010    1.424770   2.725862
   3   15    0.387870   0.359437  100.000000 100.000000
   3   16    0.255538   0.310830  100.000000   3.354518
   3   17    0.112352   0.347675    4.072370   3.503232
   3   18    0.003594   0.314700  100.000000   2.218853
   4    0    1.843853   0.420823    3.790863 100.000000
   4    1    1.751399   0.474518  100.000000   2.168465
   4    2    1.640988   0.472504  100.000000   5.211012
   4    3    1.562282   0.420304  100.000000   1.892404
   4    4    1.409964   0.441469    2.687925   3.552111
   4    5    1.369316   0.449616    4.722403 100.000000
   4    6    1.239172   0.415580    3.116525 100.000000
   4    7    1.196050   0.415132    5.756216 100.000000
   4    8    1.045719   0.442237  100.000000   3.845669
   4    9    0.980429   0.437441    3.945143 100.000000
   4   10    0.898438   0.426003  100.000000 100.000000
   4   11    0.703531   0.475597    1.238845   4.825326
   4   12    0.661381   0.404421    3.099550 100.000000
   4   13    0.546767   0.478109  100.000000 100.000000
   4   14    0.436720   0.405215  100.000000   5.684565
   4   15    0.392710   0.406371    1.085221   2.062000
   4   16    0.234779   0.464568  100.000000   1.567565
   4   17    0.148557   0.407439    2.933714 100.000000
   4   18    0.032538   0.423115    4.958154   4.228613
   5    0    1.823151   0.585735  100.000000   5.968559
   5    1    1.720176   0.591173    5.581570   4.530383
   5    2    1.608872   0.589426  100.000000   3.140579
   5    3    1.592352   0.565542    1.105730 100.000000
   5    4    1.455683   0.562881  100.000000 100.000000
   5    5    1.328417   0.535560  100.000000   1.352056
   5    6    1.247687   0.525626    4.345759 100.000000
   5    7    1.149656   0.572258  100.000000 100.000000
   5    8    1.056095   0.563323  100.000000   4.059611
   5    9    0.958902   0.503396    5.878990   3.789691
   5   10    0.899983   0.514026    2.451959   4.219010
   5   11    0.732944   0.567236  100.000000   3.042141
   5   12    0.697957   0.528302  100.000000   2.973022
   5   13    0.597043   0.564716  100.000000   5.788898
   5   14    0.468245   0.571931  100.000000 100.000000
   5   15    0.364052   0.559562  100.000000 100.000000
   5   16    0.201866   0.525983    3.461519 100.000000
   5   17    0.175662   0.513574    1.323663   1.764027
   5   18    0.058794   0.566278  100.000000   5.387046
   6    0    1.860950   0.695927  100.000000   5.990579
   6    1    1.788320   0.693372  100.000000   4.008127
   6    2    1.600961   0.617852  100.000000 100.000000
   6    3    1.560197   0.622231  100.000000   1.847361
   6    4    1.493494   0.675185  100.000000   2.745770
   6    5    1.399163   0.665985  100.000000 100.000000
   6    6    1.277834   0.694781  100.000000   3.759291
   6    7    1.188965   0.690169    3.239320   4.398775
   6    8    1.000142   0.693074    2.485794 100.000000
   6    9    0.901327   0.671992    2.466124 100.000000
   6   10    0.892745   0.661605  100.000000   2.187084
   6   11    0.723537   0.600022    5.417217   5.553738
   6   12    0.682511   0.679924    1.176394   5.679710
   6   13    0.512641   0.669151    4.573295 100.000000
   6   14    0.446961   0.618306  100.000000 100.000000
   6   15    0.381579   0.699936    3.558286   1.384831
   6   16    0.223359   0.673277  100.000000 100.000000
   6   17    0.114793   0.686897  100.000000 100.000000
   6   18    0.001748   0.607203  100.000000 100.000000
   7    0    1.852358   0.766041  100.000000 100.000000
   7    1    1.759588   0.703049    5.410335 100.000000
   7    2    1.694837   0.780434  100.000000 100.000000
   7    3    1.548783   0.702658  100.000000   4.731721
   7    4    1.461917   0.756089    3.244966 100.000000
   7    5    1.309038   0.701709  100.000000 100.000000
   7    6    1.223198   0.719407  100.000000 100.000000
   7    7    1.189163   0.744563    1.914039   1.682123
   7    8    1.098491   0.745954    5.446956   3.549636
   7    9    0.930321   0.753620  100.000000 100.000000
   7   10    0.800693   0.774013    1.755743 100.000000
   7   11    0.796154   0.715585  100.000000   1.692948
   7   12    0.661575   0.743169    3.262984 100.000000
   7   13    0.592667   0.767872  100.000000   3.406044
   7   14    0.410806   0.722860    5.329759 100.000000
   7   15    0.302093   0.788511  100.000000 100.000000
   7   16    0.294413   0.778336    3.299812 100.000000
   7   17    0.197160   0.726930    5.430120 100.000000
   7   18    0.049406   0.725159  100.000000 100.000000
   8    0    1.824807   0.802892    3.554493 100.000000
   8    1    1.723462   0.846806  100.000000   5.229574
   8    2    1.603362   0.811880  100.000000   5.726108
   8    3    1.502688   0.837366    4.505711   4.221989
   8    4    1.432937   0.816433  100.000000   2.878031
   8    5    1.310430   0.816325  100.000000   4.941703
   8    6    1.230587   0.866458  100.000000   3.974369
   8    7    1.110654   0.803874    5.336877   2.789461
   8    8    1.035576   0.885194  100.000000 100.000000
   8    9    0.950890   0.857904  100.000000 100.000000
   8   10    0.803595   0.811204    3.472667 100.000000
   8   11    0.752073   0.837135    1.899615   1.346773
   8   12    0.692941   0.872034    1.649055   1.721635
   8   13    0.574301   0.883147    3.687862 100.000000
   8   14    0.492407   0.866700  100.000000   5.730465
   8   15    0.304714   0.856993    3.933213   2.788558
   8   16    0.286279   0.811849    5.927112 100.000000
   8   17    0.196071   0.851380  100.000000 100.000000
   8   18    0.086180   0.850662  100.000000   1.998685
   9    0    1.896744   0.921174  100.000000   1.789209
   9    1    1.725928   0.951015  100.000000 100.000000
   9    2    1.666593   0.951760    4.093826 100.000000
   9    3    1.571035   0.953846    2.968993 100.000000
   9    4    1.439331   0.949352    3.151220 100.000000
   9    5    1.327675   0.912376    2.301558   3.798566
   9    6    1.260901   0.957424  100.000000 100.000000
   9    7    1.174134   0.953861  100.000000 100.000000
   9    8    1.025810   0.971309    3.777501   4.478493
   9    9    0.946589   0.962289    3.204854 100.000000
   9   10    0.874077   0.944363  100.000000   2.183939
   9   11    0.753442   0.944147  100.000000 100.000000
   9   12    0.657597   0.912024  100.000000   2.945899
   9   13    0.537812   0.929201  100.000000   2.056407
   9   14    0.417576   0.958244  100.000000   4.098182
   9   15    0.398414   0.979457    5.013715   3.997144
   9   16    0.263831   0.974842    5.735540   5.956703
   9   17    0.141086   0.952037  100.000000 100.000000
   9   18    0.089912   0.970205  100.000000   3.726117
