   0    0    2.302674   0.015107    3.665717   2.581645
   0    1    2.282582   0.019832    4.269247 100.000000
   0    2    2.154888   0.033843  100.000000 100.000000
   0    3    2.032664   0.032008    5.150682   1.397555
   0    4    1.913352   0.077844  100.000000   4.915379
   0    5    1.805492   0.045062    1.308953 100.000000
   0    6    1.757058   0.077750    1.907209   4.153192
   0    7    1.635333   0.028019  100.000000   2.401119
   0    8    1.567291   0.005706    1.808625   1.243881
   0    9    1.470796   0.049655  100.000000   4.481707
   0   10    1.316999   0.075583  100.000000 100.000000
   0   11    1.223645   0.069591  100.000000   5.623141
   0   12    1.170924   0.031382    1.474885   2.808318
   0   13    1.028378   0.091151    5.065454   2.474281
   0   14    0.956075   0.011887  100.000000   2.774717
   0   15    0.874031   0.064653    1.812198 100.000000
   0   16    0.769008   0.082685  100.000000   5.663551
   0   17    0.667457   0.036304  100.000000 100.000000
   0   18    0.585365   0.008786  100.000000   4.452018
   0   19    0.474766   0.055418  100.000000   4.679322
   0   20    0.392333   0.036499  100.000000 100.000000
   0   21    0.222565   0.073458  100.000000   3.558509
   0   22    0.128861   0.093149  100.000000   1.252581
   0   23    0.036338   0.005596  100.000000 100.000000
   1    0    2.360824   0.162533    4.023812   1.272775
   1    1    2.264861   0.189483    4.173784 100.000000
   1    2    2.151017   0.140688  100.000000   2.049498
   1    3    2.007521   0.115617    3.359717 100.000000
   1    4    1.981010   0.153775  100.000000   3.982524
   1    5    1.828200   0.175763  100.000000 100.000000
   1    6    1.750110   0.116607    1.667480   1.701066
   1    7    1.655340   0.143318    4.659300   4.940042
   1    8    1.552972   0.198955    3.109023   4.883254
   1    9    1.445873   0.158328  100.000000 100.000000
   1   10    1.362063   0.180151  100.000000   2.593295
   1   11    1.218059   0.121913    5.434065   1.792125
   1   12    1.188537   0.109529    1.623381   4.664683
   1   13    1.036526   0.177235  100.000000   1.992464
   1   14    0.927108   0.101297  100.000000 100.000000
   1   15    0.839716   0.118796    1.139982   5.731020
   1   16    0.743721   0.144864  100.000000   2.038499
   1   17    0.676318   0.154858    3.970092   3.761497
   1   18    0.562717   0.177813  100.000000   2.791799
   1   19    0.435325   0.172738    1.071358 100.000000
   1   20    0.367461   0.142068  100.000000   1.431054
   1   21    0.230725   0.115987    5.892334   2.055108
   1   22    0.140947   0.135574  100.000000   2.732586
   1   23    0.079531   0.126112    2.789357 100.000000
   2    0    2.350726   0.273750  100.000000   3.923822
   2    1    2.200812   0.253584  100.000000 100.000000
   2    2    2.164764   0.291264  100.000000 100.000000
   2    3    2.003441   0.267430  100.000000 100.000000
   2    4    1.980997   0.297091    4.204670   1.567553
   2    5    1.858421   0.289216  100.000000   5.126929
   2    6    1.792511   0.224535  100.000000 100.000000
   2    7    1.640135   0.259917    5.788946 100.000000
   2    8    1.595374   0.210529  100.000000   1.214013
   2    9    1.470441   0.274334    3.750105   4.252257
   2   10    1.377109   0.225669  100.000000 100.000000
   2   11    1.280535   0.257811  100.000000 100.000000
   2   12    1.146086   0.248734    2.751112   1.529085
   2   13    1.078228   0.213232  100.000000   3.122948
   2   14    0.906913   0.271373  100.000000   2.070381
   2   15    0.831570   0.201931  100.000000 100.000000
   2   16    0.778435   0.205407    2.870629   4.975474
   2   17    0.669084   0.207300    3.692525 100.000000
   2   18    0.517663   0.204431    4.643147 100.000000
   2   19    0.497303   0.274941    4.262261 100.000000
   2   20    0.327024   0.238656  100.000000 100.000000
   2   21    0.231462   0.246447    3.562682   4.556409
   2   22    0.109373   0.248108    2.629597   4.912197
   2   23    0.031664   0.276480    5.402013 100.000000
   3    0    2.309910   0.389356  100.000000   3.528045
   3    1    2.200936   0.310864    4.521271 100.000000
   3    2    2.149707   0.345349    5.940587   1.218555
   3    3    2.094934   0.368104  100.000000   2.449214
   3    4    1.909150   0.366740    2.753706 100.000000
   3    5    1.846605   0.382512    2.707786 100.000000
   3    6    1.752288   0.394486  100.000000   3.392462
   3    7    1.609774   0.395671  100.000000   3.088987
   3    8    1.508516   0.359663    5.133270   1.920803
   3    9    1.422578   0.375727  100.000000 100.000000
   3   10    1.395869   0.321387    3.996914   3.189254
   3   11    1.263722   0.366790    1.950675 100.000000
   3   12    1.188093   0.398673    5.323620   2.066133
   3   13    1.023705   0.376240  100.000000 100.000000
   3   14    0.945898   0.378692  100.000000   1.259069
   3   15    0.820461   0.332444  100.000000   2.650088
   3   16    0.743056   0.338509  100.000000 100.000000
   3   17    0.670238   0.304330    4.991348   5.495960
   3   18    0.510115   0.367320    4.963714   5.353765
   3   19    0.492297   0.301703    4.344156 100.000000
   3   20    0.370444   0.399828  100.000000   3.433212
   3   21    0.297352   0.372693  100.000000 100.000000
   3   22    0.191680   0.345607  100.000000   4.089056
   3   23    0.060391   0.363250  100.000000 100.000000
   4    0    2.380271   0.472803    1.293585 100.000000
   4    1    2.248441   0.472690  100.000000   4.546753
   4    2    2.132912   0.441532  100.000000   5.198039
   4    3    2.081543   0.454084    2.621961   1.636198
   4    4    1.963578   0.458380  100.000000 100.000000
   4    5    1.820261   0.408412    4.459491 100.000000
   4    6    1.700068   0.423921  100.000000   5.272468
   4    7    1.645705   0.416570  100.000000 100.000000
   4    8    1.519505   0.406072    4.246520   3.501374
   4    9    1.438628   0.452619    5.055693 100.000000
   4   10    1.399277   0.451623  100.000000 100.000000
   4   11    1.296511   0.407584    3.313545   3.448109
   4   12    1.115303   0.449009    1.508816   1.432755
   4   13    1.093924   0.452588    4.053807   1.318679
   4   14    0.989751   0.440991  100.000000   3.947486
   4   15    0.831077   0.442630  100.000000 100.000000
   4   16    0.762770   0.487545    3.126111 100.000000
   4   17    0.682613   0.456543    4.170945   4.337007
   4   18    0.596669   0.405399    4.374268   4.131954
   4   19    0.427939   0.464560  100.000000 100.000000
   4   20    0.370874   0.481642  100.000000   1.527200
   4   21    0.204620   0.454236    1.944867 100.000000
   4   22    0.119079   0.471647  100.000000 100.000000
   4   23    0.074181   0.484239    5.714878 100.000000
   5    0    2.302662   0.572492    2.807247 100.000000
   5    1    2.293637   0.590715  100.000000   5.480579
   5    2    2.177480   0.511205  100.000000   5.033237
   5    3    2.043090   0.531253    3.744535 100.000000
   5    4    1.943183   0.599627    5.893251 100.000000
   5    5    1.834993   0.535419    4.091874   2.770138
   5    6    1.712703   0.555998  100.000000 100.000000
   5    7    1.686046   0.522479    5.094408   4.722518
   5    8    1.520812   0.563806    4.562831   2.839764
   5    9    1.495842   0.514899    2.302552 100.000000
   5   10    1.386805   0.516715    1.444366   1.006303
   5   11    1.275907   0.509796  100.000000   3.597919
   5   12    1.124977   0.521720    4.135036 100.000000
   5   13    1.069892   0.506102    4.072277 100.000000
   5   14    0.985540   0.511869    5.415803   5.255437
   5   15    0.859876   0.522605    2.388546 100.000000
   5   16    0.795227   0.517605    1.479892 100.000000
   5   17    0.629838   0.557999    3.695655   4.994113
   5   18    0.565635   0.522600    1.581786 100.000000
   5   19    0.409827   0.590052  100.000000 100.000000
   5   20    0.305943   0.524053  100.000000 100.000000
   5   21    0.296514   0.586739    5.584054   1.618472
   5   22    0.191228   0.503388  100.000000 100.000000
   5   23    0.020122   0.590562  100.000000   4.610131
   6    0    2.320744   0.655691  100.000000 100.000000
   6    1    2.257643   0.652286    4.003153 100.000000
   6    2    2.104734   0.651092  100.000000 100.000000
   6    3    2.024540   0.645171    2.024771   5.527506
   6    4    1.994529   0.690441    4.156251 100.000000
   6    5    1.844155   0.637288    2.129350 100.000000
   6    6    1.700488   0.681730  100.000000 100.000000
   6    7    1.600572   0.628547    4.484071   4.373520
   6    8    1.500813   0.620692    2.018903   3.108261
   6    9    1.445612   0.643781    4.306268 100.000000
   6   10    1.342820   0.631466    3.281455 100.000000
   6   11    1.267745   0.609308    2.621154   4.017573
   6   12    1.130412   0.611733  100.000000 100.000000
   6   13    1.012419   0.631544    3.704527   5.821331
   6   14    0.982296   0.682976    4.579172   5.538875
   6   15    0.877703   0.695155  100.000000 100.000000
   6   16    0.735460   0.685757  100.000000 100.000000
   6   17    0.618534   0.696907    5.607728 100.000000
   6   18    0.558266   0.698646  100.000000   4.504715
   6   19    0.409430   0.679393  100.000000   3.732403
   6   20    0.301524   0.669931    3.897085 100.000000
   6   21    0.248970   0.646605    2.973766 100.000000
   6   22    0.159388   0.628767  100.000000 100.000000
   6   23    0.000690   0.697102    2.501830 100.000000
   7    0    2.311762   0.729621    5.714025   3.468313
   7    1    2.260631   0.700086    1.802976 100.000000
   7    2    2.144369   0.795924  100.000000   1.653743
   7    3    2.084919   0.762664    2.937960   5.919062
   7    4    1.952017   0.766390  100.000000   1.885084
   7    5    1.866948   0.784228    3.726915 100.000000
   7    6    1.784744   0.795332    2.429040 100.000000
   7    7    1.686683   0.731521  100.000000 100.000000
   7    8    1.527439   0.785807  100.000000   1.048899
   7    9    1.465965   0.796079    1.841889 100.000000
   7   10    1.358660   0.700439  100.000000 100.000000
   7   11    1.274686   0.727542  100.000000 100.000000
   7   12    1.148065   0.707917    5.869477 100.000000
   7   13    1.047738   0.732478  100.000000 100.000000
   7   14    0.978190   0.754277    2.973472   4.234617
   7   15    0.886049   0.709851  100.000000 100.000000
   7   16    0.781115   0.749320    1.684319 100.000000
   7   17    0.641733   0.723758    1.964415   5.199586
   7   18    0.517207   0.788706    2.907323 100.000000
   7   19    0.460901   0.706503  100.000000 100.000000
   7   20    0.358607   0.724627  100.000000   3.935301
   7   21    0.228126   0.795838  100.000000 100.000000
   7   22    0.147398   0.795412    5.050329 100.000000
   7   23    0.010821   0.781671    2.695915   2.390179
   8    0    2.358197   0.886126  100.000000   5.842613
   8    1    2.226089   0.841573  100.000000 100.000000
   8    2    2.118999   0.887775    2.864112   2.651401
   8    3    2.036889   0.875951    2.966792   1.543312
   8    4    1.939887   0.818443    2.387853   5.559034
   8    5    1.838808   0.806252  100.000000 100.000000
   8    6    1.761339   0.803215  100.000000   2.467039
   8    7    1.673233   0.882248  100.000000 100.000000
   8    8    1.596784   0.802426  100.000000   1.728567
   8    9    1.418536   0.857841    3.185816 100.000000
   8   10    1.312102   0.844827  100.000000   4.258864
   8   11    1.258075   0.818266    2.205224   1.908111
   8   12    1.173947   0.838972  100.000000   5.891592
   8   13    1.046953   0.818529    3.634903   3.019682
   8   14    0.980517   0.827045    4.009634   4.103374
   8   15    0.824338   0.805632    1.835800 100.000000
   8   16    0.783627   0.863477    5.500197 100.000000
   8   17    0.604146   0.888503    5.692645 100.000000
   8   18    0.584879   0.880394    5.349597 100.000000
   8   19    0.484609   0.887295  100.000000 100.000000
   8   20    0.388493   0.850742    1.877117   1.498100
   8   21    0.242388   0.866832  100.000000   1.286817
   8   22    0.197673   0.811222    5.505872   4.194935
   8   23    0.019393   0.881541    3.243943 100.000000
   9    0    2.330917   0.900039    1.094684 100.000000
   9    1    2.236633   0.943683    4.171866 100.000000
   9    2    2.196833   0.904226    3.503951 100.000000
   9    3    2.095686   0.979638  100.000000   4.403852
   9    4    1.979144   0.905999  100.000000   2.811735
   9    5    1.863476   0.995841  100.000000 100.000000
   9    6    1.772242   0.988244  100.000000   5.811279
   9    7    1.625447   0.933271  100.000000 100.000000
   9    8    1.555409   0.902174    1.553684   4.319794
   9    9    1.402527   0.928616  100.000000   1.897633
   9   10    1.314705   0.947596  100.000000 100.000000
   9   11    1.246260   0.983149    1.485316 100.000000
   9   12    1.119256   0.900101  100.000000 100.000000
   9   13    1.036288   0.940088    2.140246 100.000000
   9   14    0.962069   0.974486    2.252629 100.000000
   9   15    0.888635   0.928632  100.000000   3.841326
   9   16    0.709950   0.992946  100.000000   1.803907
   9   17    0.699112   0.911218  100.000000 100.000000
   9   18    0.508644   0.908913  100.000000   2.743813
   9   19    0.441336   0.901659  100.000000   3.478572
   9   20    0.345293   0.951048  100.000000 100.000000
   9   21    0.273275   0.990222    3.372012 100.000000
   9   22    0.197296   0.999258  100.000000 100.000000
   9   23    0.068999   0.960977    3.256520   1.815843
