   0    0    1.100134   0.026029    1.836777  16.853794
   0    1    1.062293   0.066885    8.569298   6.570251
   0    2    0.963768   0.007935   33.779902  22.217699
   0    3    0.882296   0.000768    6.694914  35.774616
   0    4    0.762245   0.092110    7.749488  33.765011
   0    5    0.670166   0.024443   32.809955  34.583593
   0    6    0.558545   0.044771   10.909473   6.700681
   0    7    0.450205   0.071598    4.583300   8.167129
   0    8    0.327904   0.021019   33.909200  33.145472
   0    9    0.245107   0.019497   16.520750  21.824164
   0   10    0.177835   0.076901   11.830700   8.097425
   0   11    0.063069   0.072447    4.767157  10.009223
   1    0    1.176419   0.127460   19.401138   9.486546
   1    1    1.036678   0.131650   33.469254  21.769737
   1    2    0.994439   0.128740   19.133772  35.756525
   1    3    0.808953   0.197587   32.163300  31.906810
   1    4    0.795716   0.127010   30.474806  25.227666
   1    5    0.676637   0.136740   23.690725  11.117504
   1    6    0.585705   0.149444   28.697595  18.565466
   1    7    0.412464   0.145723    3.433997  28.572005
   1    8    0.350980   0.107071   14.199724  38.999631
   1    9    0.296627   0.162784   23.204019  36.824360
   1   10    0.191633   0.143027   36.022533  34.508619
   1   11    0.093034   0.109175   16.899420  21.650765
   2    0    1.164959   0.286950   27.826737  12.005100
   2    1    1.008201   0.291010   40.097143  28.354722
   2    2    0.921965   0.269845   40.221842  15.628058
   2    3    0.869729   0.256011    2.022855   1.273683
   2    4    0.728291   0.212796   30.261132  19.567550
   2    5    0.657325   0.278950    5.888681  34.667104
   2    6    0.518094   0.227650   37.078042  40.418469
   2    7    0.412202   0.244579    2.374913  10.861167
   2    8    0.333212   0.258075   12.053829  24.879948
   2    9    0.240422   0.207530    1.071349  15.470715
   2   10    0.150660   0.245419   22.570482  15.687388
   2   11    0.012380   0.234897   15.982991   9.714272
   3    0    1.199010   0.325303   10.316887  21.984364
   3    1    1.044114   0.379125    3.743931   6.283333
   3    2    0.908700   0.348164   38.280347  39.912015
   3    3    0.826517   0.386358    6.972243  37.922418
   3    4    0.732576   0.369732    4.969570  25.013805
   3    5    0.645735   0.318519   20.237846   6.821689
   3    6    0.511191   0.375921   20.079357  30.123872
   3    7    0.412205   0.356190   32.404299  18.119262
   3    8    0.342418   0.390690   22.721238  30.727500
   3    9    0.286741   0.353735   26.644585  32.255628
   3   10    0.146875   0.365117   21.508403   4.352531
   3   11    0.059963   0.338140   38.219996  18.617954
   4    0    1.199495   0.461287   25.197300  11.370892
   4    1    1.006128   0.478682   40.150288  16.857285
   4    2    0.923193   0.425536   33.252380  21.659680
   4    3    0.894004   0.405817    8.192354  12.457049
   4    4    0.713230   0.492180    7.614483   4.891591
   4    5    0.695961   0.424564    9.083693  29.576530
   4    6    0.580214   0.471066   30.117460  31.794774
   4    7    0.491803   0.450172   39.796062  16.888302
   4    8    0.366064   0.450109   24.411670  19.542525
   4    9    0.216120   0.492031   20.583714  31.073940
   4   10    0.100400   0.487444    6.917052  16.503509
   4   11    0.047057   0.425535   10.899716  27.837618
   5    0    1.124900   0.576898   28.242550  39.903562
   5    1    1.080387   0.520988   14.792901  11.742532
   5    2    0.920083   0.545194   14.672710  14.520388
   5    3    0.875666   0.543701   31.187057  13.870388
   5    4    0.722818   0.579634   18.736343  31.352824
   5    5    0.600966   0.500042    4.483029  40.249516
   5    6    0.523493   0.590966   18.536227  32.276610
   5    7    0.439329   0.580477    2.213474   4.192474
   5    8    0.379394   0.587717    7.432830  10.018969
   5    9    0.253561   0.542539    9.019062   2.129326
   5   10    0.175217   0.575483    8.839175  12.354551
   5   11    0.036373   0.584182   20.003995  35.218090
   6    0    1.103005   0.697499   35.297956  15.245676
   6    1    1.000106   0.681123    1.567749  17.959160
   6    2    0.921934   0.601283    6.676133   1.720064
   6    3    0.884416   0.600524    4.099048  10.235822
   6    4    0.793464   0.650192    9.226253  31.599586
   6    5    0.681270   0.657800   18.457099  20.648297
   6    6    0.569291   0.698482   15.427855  31.763876
   6    7    0.494491   0.653319   26.954213  16.704049
   6    8    0.338349   0.613770   13.936318  37.452951
   6    9    0.265839   0.611429   29.592981  21.372428
   6   10    0.114782   0.661740   19.630637  32.183304
   6   11    0.011214   0.645508   27.600237  15.707002
   7    0    1.171393   0.764561    5.665622   7.172242
   7    1    1.019087   0.789624   18.839112   3.684265
   7    2    0.992479   0.706645   22.598116  30.735563
   7    3    0.868629   0.769922    3.469546  28.102723
   7    4    0.736285   0.789228    4.070869  23.943962
   7    5    0.627241   0.736991   13.266662  35.331655
   7    6    0.560494   0.728721    4.201766  20.893897
   7    7    0.486329   0.744239   24.295516  31.894167
   7    8    0.374236   0.752840   28.740189  30.268914
   7    9    0.290156   0.736681   10.179746  37.314482
   7   10    0.137001   0.773246   10.216334   9.437799
   7   11    0.005461   0.709607   21.990747  35.354696
   8    0    1.128694   0.803752   36.723382  33.156180
   8    1    1.069307   0.807183   40.823044  19.711570
   8    2    0.965715   0.849109   34.636469   6.008561
   8    3    0.839225   0.857362   40.410588  40.439219
   8    4    0.735534   0.810977    7.486489  31.048056
   8    5    0.653204   0.881337   19.677796   3.808873
   8    6    0.566648   0.844879    6.370789   6.661406
   8    7    0.487487   0.873314   38.908168  21.012229
   8    8    0.342112   0.854768   11.696923  19.507193
   8    9    0.277339   0.819506   38.252431  20.060169
   8   10    0.103042   0.830319    1.719642  33.445449
   8   11    0.040095   0.814042   33.587181  10.423984
   9    0    1.173522   0.916101   30.245418   2.697195
   9    1    1.010788   0.933856   12.274071  21.411534
   9    2    0.970297   0.951526   14.042806  22.042745
   9    3    0.868529   0.954657   10.158674   2.966076
   9    4    0.739427   0.935779   19.911050  27.687924
   9    5    0.696554   0.925714    1.187167   1.520831
   9    6    0.587786   0.952911   22.023387  39.497667
   9    7    0.480478   0.972480   12.308094  23.737652
   9    8    0.349816   0.938838   12.075564  28.616765
   9    9    0.207783   0.962936    8.865508  17.403471
   9   10    0.149404   0.984216   27.934148   4.067863
   9   11    0.086961   0.956101   19.478827  11.453530
  10    0    1.183055   1.044977   40.893275  37.737091
  10    1    1.056943   1.049258    4.443868  26.035690
  10    2    0.963704   1.075781   27.312538   9.228053
  10    3    0.806604   1.054251   37.978504   8.725451
  10    4    0.724583   1.010709   27.322785  10.385196
  10    5    0.670096   1.062567   32.175526  14.446600
  10    6    0.589492   1.090250    1.450658   3.857897
  10    7    0.406671   1.003967   39.314302   4.347738
  10    8    0.369613   1.073929   35.426762  40.896921
  10    9    0.213350   1.064059    9.221913  32.830253
  10   10    0.147728   1.083931   34.106421  30.645204
  10   11    0.055475   1.002475   29.663505  22.118585
  11    0    1.158205   1.196611    7.346041  36.505250
  11    1    1.033620   1.105222   20.280646  30.208985
  11    2    0.965610   1.136010   23.842152  34.735720
  11    3    0.835760   1.112268   24.385564  20.728254
  11    4    0.786062   1.126339   13.354286   6.250109
  11    5    0.650793   1.184613    7.958179   2.179268
  11    6    0.583671   1.128816   33.396878  24.660746
  11    7    0.443680   1.113815   31.481914  19.245409
  11    8    0.309414   1.122363   23.399474  11.931614
  11    9    0.213418   1.131372    7.793346  10.271339
  11   10    0.131787   1.187348    7.498564  17.573844
  11   11    0.072974   1.145368   37.909793  32.732847
  12    0    1.137342   1.216897   16.538439  38.138038
  12    1    1.005018   1.217425    6.838023   2.453845
  12    2    0.954917   1.211268   40.522532  10.827866
  12    3    0.858946   1.294303    2.656316  12.523868
  12    4    0.779918   1.207348   14.670739   8.379730
  12    5    0.663147   1.225337   34.701175  14.314761
  12    6    0.544465   1.257548   25.402333  31.923573
  12    7    0.431872   1.229471   30.479055  35.690554
  12    8    0.395492   1.200197   36.978083  24.360238
  12    9    0.248287   1.223762   25.962527  20.449824
  12   10    0.106102   1.257001    5.199301   8.861083
  12   11    0.004420   1.288991   30.219366  38.235173
  13    0    1.155518   1.352215   21.475580  35.415891
  13    1    1.074710   1.327450    2.862116  35.589737
  13    2    0.969919   1.372869   38.737051  12.925398
  13    3    0.892725   1.362946   11.594729  36.535993
  13    4    0.720250   1.379737   10.081053  35.155095
  13    5    0.690398   1.343747   17.171975  34.997395
  13    6    0.523771   1.334694    1.707172  35.937272
  13    7    0.445690   1.335439   24.376334  31.578733
  13    8    0.393693   1.331674   23.608665  12.328572
  13    9    0.268147   1.332567   20.156191  33.666378
  13   10    0.125659   1.305665   34.652354  34.000649
  13   11    0.032156   1.375461   33.858178  40.504913
  14    0    1.101141   1.446996   23.093119  12.961821
  14    1    1.044947   1.431769   39.525596  33.851965
  14    2    0.926026   1.466646   39.233215  19.777945
  14    3    0.810533   1.491018   36.523907  30.008342
  14    4    0.707688   1.442359    3.850664  40.781024
  14    5    0.621761   1.424895   12.293331  40.465918
  14    6    0.505816   1.425087   34.185062  35.324399
  14    7    0.480504   1.485971    9.817673  16.111007
  14    8    0.371049   1.400594   38.683183  12.963665
  14    9    0.210812   1.453233   32.437547  33.866281
  14   10    0.111155   1.482020   32.370850   7.512772
  14   11    0.091410   1.484055   19.925235   4.849603
  15    0    1.197070   1.555773   16.631578  38.245106
  15    1    1.092472   1.599146   22.277479  39.573456
  15    2    0.940519   1.515355   30.336575  18.079611
  15    3    0.856934   1.509510   21.471570  18.403962
  15    4    0.741270   1.595521   33.684740  14.412370
  15    5    0.618885   1.592625    6.469151   4.443794
  15    6    0.515246   1.562655   31.775367  10.324358
  15    7    0.400680   1.538794   13.041234  21.198616
  15    8    0.374782   1.526315    1.850321  32.216378
  15    9    0.276412   1.518025   17.526959  38.831954
  15   10    0.139247   1.511619   36.306515   4.492536
  15   11    0.032270   1.562824   22.427730  10.508771
  16    0    1.108055   1.672450   12.993581   2.733895
  16    1    1.094027   1.622919   31.777382  34.273285
  16    2    0.928785   1.631460   14.975691  23.874268
  16    3    0.828559   1.624195    5.518129  26.101907
  16    4    0.740670   1.604378    3.850548  15.210436
  16    5    0.659754   1.656047   24.651079  36.217476
  16    6    0.568170   1.603387   23.882615  23.649372
  16    7    0.469576   1.618835   32.719195   3.446288
  16    8    0.380632   1.617131   38.621746  22.415371
  16    9    0.282267   1.686298    4.219603   1.344726
  16   10    0.122239   1.633390   17.342402   4.510301
  16   11    0.053812   1.676552   26.831260   5.017607
  17    0    1.151501   1.704527   15.552737  20.540500
  17    1    1.009768   1.779676   11.883002  18.995683
  17    2    0.911475   1.755539   11.986866  23.094154
  17    3    0.892454   1.759919    6.276111  14.235032
  17    4    0.780714   1.799855   13.907733  20.673318
  17    5    0.693226   1.736216    9.114549   6.246405
  17    6    0.530625   1.758991   23.212001  21.255020
  17    7    0.457175   1.745949   37.585123   6.557890
  17    8    0.337466   1.778759   27.742519  38.876253
  17    9    0.256122   1.713794   19.168848  16.159583
  17   10    0.166677   1.796916    5.377910   6.207912
  17   11    0.031095   1.780028   31.053902  22.274250
  18    0    1.163497   1.845003    2.882950  21.903103
  18    1    1.007780   1.890781   22.659569  28.743294
  18    2    0.947059   1.860535   37.167427   3.575522
  18    3    0.887515   1.816535    3.469676  15.512649
  18    4    0.715164   1.844839   23.515257  35.583929
  18    5    0.612410   1.844506   35.913062  24.148517
  18    6    0.523910   1.826488    3.509677  15.369067
  18    7    0.496047   1.885629    1.817695  24.008215
  18    8    0.310131   1.880669   24.794422  12.909660
  18    9    0.200963   1.847466   11.004105  27.636668
  18   10    0.175294   1.810720   35.474827  24.934464
  18   11    0.030724   1.850632   11.872883  14.154430
  19    0    1.147069   1.919711   17.876875   8.847649
  19    1    1.087916   1.908257    6.380022  25.848409
  19    2    0.979207   1.987099   19.546283  20.895085
  19    3    0.829732   1.945478   25.582992   5.871790
  19    4    0.741686   1.918365   23.783746  38.919446
  19    5    0.630092   1.909149    6.979436  23.904971
  19    6    0.591241   1.953960   17.676571  22.122344
  19    7    0.431346   1.906672   11.149514  11.824613
  19    8    0.397488   1.907992    2.500943  28.572012
  19    9    0.239616   1.917295   22.751901   2.873256
  19   10    0.131762   1.956790    9.533170  15.765373
  19   11    0.085690   1.939217   19.712593  15.517232
  20    0    1.104596   2.012800   33.722293  10.373658
  20    1    1.038137   2.071486   24.484659  27.125941
  20    2    0.963469   2.000245   18.340522  10.371019
  20    3    0.816938   2.080957   32.546195  22.800845
  20    4    0.734998   2.095543   15.642001  36.065928
  20    5    0.614405   2.071450    5.842779   1.127876
  20    6    0.515177   2.007705   11.724500  16.125434
  20    7    0.485552   2.054800    2.669775  31.322247
  20    8    0.377590   2.051740   38.202668  40.502695
  20    9    0.222320   2.021604   30.528925  25.179975
  20   10    0.182701   2.011582   18.965551  14.248486
  20   11    0.075171   2.023254   34.782706  12.445719
  21    0    1.131366   2.198112   37.205141  24.507712
  21    1    1.031571   2.106246   13.469002  29.651899
  21    2    0.912691   2.182564   36.066796  27.572264
  21    3    0.803764   2.184754   17.427708  10.179300
  21    4    0.750110   2.125942   25.686411  13.681870
  21    5    0.617952   2.198125   34.929931  17.234747
  21    6    0.550281   2.131016   20.043306  14.334903
  21    7    0.433655   2.176212   31.289530  31.636710
  21    8    0.306961   2.115065    8.971841  20.191417
  21    9    0.255494   2.127340   36.475799  12.745015
  21   10    0.106403   2.138730    3.838836  37.221004
  21   11    0.030026   2.171257   27.535137  13.566167
  22    0    1.122204   2.229177   19.807953   4.568375
  22    1    1.047498   2.262526   37.668649  30.011082
  22    2    0.975639   2.204228   13.276231   9.679869
  22    3    0.892510   2.288610   40.101652  39.477349
  22    4    0.772641   2.238191   39.982039   4.554424
  22    5    0.608584   2.281287   22.420136  15.373462
  22    6    0.510463   2.209837   37.447794  11.552839
  22    7    0.459481   2.250052    5.838299  31.897747
  22    8    0.375915   2.238314   24.834825   8.019489
  22    9    0.284883   2.231811   13.900319  17.330071
  22   10    0.132726   2.243707   33.951830  16.040945
  22   11    0.059660   2.252435   36.408606  34.289666
