   0    0    4.453582   0.099874   30.020396  11.685886
   0    1    4.300126   0.016425   17.208004   6.097686
   0    2    4.241806   0.098451   18.627043  17.281421
   0    3    4.144619   0.056424   38.852693  11.776000
   0    4    4.056498   0.001206   33.381485  23.349580
   0    5    3.951905   0.070578   36.847794   1.232938
   0    6    3.815477   0.047107   26.159876  21.263832
   0    7    3.770937   0.048688   30.141786  12.862631
   0    8    3.633559   0.023894   29.286671  40.065411
   0    9    3.595912   0.010973   40.389216  25.471402
   0   10    3.460547   0.065298   36.794401   3.987283
   0   11    3.358846   0.039189    2.065318  23.866868
   0   12    3.202493   0.019244    9.948622  34.071330
   0   13    3.148938   0.019145   24.141348  30.857748
   0   14    3.031796   0.065017    5.701373  37.312575
   0   15    2.954073   0.040735   32.784731  34.977142
   0   16    2.820508   0.022638   16.150530  27.584604
   0   17    2.734584   0.087322   34.587200  27.187310
   0   18    2.606904   0.028703   27.746514  39.670651
   0   19    2.550992   0.047521    1.113171  40.019339
   0   20    2.427929   0.049489   20.901860  11.045112
   0   21    2.375938   0.099361    8.099633  39.046380
   0   22    2.219569   0.064357   13.823255  15.620587
   0   23    2.125913   0.049310    6.427940  29.284435
   0   24    2.003505   0.080314    8.799646  19.495844
   0   25    1.950615   0.056785   17.026907   8.060017
   0   26    1.841587   0.032023   24.844168  10.810416
   0   27    1.716893   0.038564   28.155705  21.079292
   0   28    1.649731   0.080679   17.501618  14.131862
   0   29    1.520245   0.026873   31.054109  39.878631
   0   30    1.419764   0.049844   34.797340  14.372030
   0   31    1.349681   0.049982   18.736703  36.531838
   0   32    1.201564   0.026667   37.717387  26.048963
   0   33    1.121532   0.014752   32.746711   5.434576
   0   34    1.048515   0.012892   24.273936  10.781422
   0   35    0.984410   0.096883   33.974210  12.181897
   0   36    0.826867   0.031616   38.123953  29.223300
   0   37    0.780982   0.086450   16.182501  36.000024
   0   38    0.634006   0.082979   35.873208  33.215501
   0   39    0.532651   0.093915   14.675510  14.888909
   0   40    0.461970   0.094803   31.611771  19.753211
   0   41    0.390425   0.094858    7.578149  21.577350
   0   42    0.280711   0.032640   32.891192  40.436743
   0   43    0.169422   0.080515    3.490612  13.587800
   0   44    0.000678   0.017784   29.267643  28.394508
   1    0    4.455423   0.185558   16.816653  32.153294
   1    1    4.306218   0.151507   12.699345   9.236928
   1    2    4.239775   0.184590   30.854981  32.424241
   1    3    4.130105   0.159099   18.500669   3.420466
   1    4    4.003687   0.184471   38.781906  31.348135
   1    5    3.965182   0.148272   36.219379   4.471203
   1    6    3.834570   0.190865   33.942517  39.800555
   1    7    3.781690   0.123041   31.717518  30.837775
   1    8    3.615604   0.194271   33.406649  21.991139
   1    9    3.538241   0.106434    4.900532  38.713727
   1   10    3.485033   0.103357   22.535037  17.863518
   1   11    3.340748   0.103185   21.953264   8.989699
   1   12    3.213989   0.151524   23.340050  13.153527
   1   13    3.116787   0.177042   26.605529  23.566156
   1   14    3.000725   0.116419   35.714516  26.965303
   1   15    2.932918   0.126395   31.864038  24.577684
   1   16    2.825166   0.121506   18.141165   8.170208
   1   17    2.789441   0.116637   21.811492   4.650197
   1   18    2.650520   0.133817    3.284325   9.628820
   1   19    2.580871   0.168003   32.487751   7.132687
   1   20    2.498492   0.132654    3.904521  23.181540
   1   21    2.311080   0.103592   31.532029   2.315508
   1   22    2.261197   0.100288   35.825730   8.548703
   1   23    2.199638   0.133856   18.179125   8.967447
   1   24    2.046431   0.177588    7.224086  35.726350
   1   25    1.910299   0.191049   18.366779  30.094171
   1   26    1.883274   0.135030   37.295890   3.159183
   1   27    1.773907   0.129954   34.125297  27.640974
   1   28    1.642289   0.132688   12.401863  12.917481
   1   29    1.566145   0.179675    2.084637  32.932998
   1   30    1.448671   0.181583   24.073610  19.300118
   1   31    1.335662   0.165361   22.848239  17.966492
   1   32    1.287715   0.173141   40.807364  18.731106
   1   33    1.159990   0.118415   21.146924  17.234921
   1   34    1.019830   0.113550   24.359100  16.512405
   1   35    0.935513   0.159110   26.100242  30.594086
   1   36    0.837085   0.185446   31.294215   9.941062
   1   37    0.783414   0.166459   21.576751  14.740715
   1   38    0.604886   0.160613    1.833986  27.494044
   1   39    0.576085   0.146786    8.558716  24.199307
   1   40    0.440871   0.104307   10.580133  20.229452
   1   41    0.357935   0.174635   24.580823  12.282302
   1   42    0.288512   0.144293   17.487822  34.248098
   1   43    0.150813   0.107514   19.726558  28.308991
   1   44    0.045109   0.125875   12.496545   2.004771
   2    0    4.497468   0.269401   14.329930  29.438882
   2    1    4.303039   0.237917   13.517365  35.453791
   2    2    4.206521   0.257029   20.444338  23.795523
   2    3    4.159072   0.274298   15.014068   5.458796
   2    4    4.019352   0.247681   37.304386  16.127156
   2    5    3.939461   0.290229   13.204841   9.592003
   2    6    3.823123   0.277555   30.420549  38.070817
   2    7    3.778262   0.223515   13.950137  24.393497
   2    8    3.684824   0.215706   14.610655  12.156873
   2    9    3.572936   0.277118   20.681480   8.356415
   2   10    3.478823   0.280175   23.186173   2.011252
   2   11    3.324823   0.201271    2.264996   8.349220
   2   12    3.224781   0.230094   18.675422  20.782963
   2   13    3.152395   0.270900   34.482538  24.881539
   2   14    3.044163   0.220417    4.879813   5.644809
   2   15    2.942497   0.227284   33.852327  30.565389
   2   16    2.881704   0.224360   15.723350  18.285497
   2   17    2.778863   0.241612   38.800090  11.318901
   2   18    2.623285   0.212736    3.269646  39.631676
   2   19    2.558213   0.262531   40.730756  11.304975
   2   20    2.473595   0.229055    5.444787  11.608739
   2   21    2.372103   0.229774    6.339812  30.292613
   2   22    2.235757   0.214614   23.418439  39.569546
   2   23    2.197439   0.271601    2.542488   6.073985
   2   24    2.060789   0.218746   19.259652  26.090517
   2   25    1.900199   0.255075   36.688027  14.765593
   2   26    1.807334   0.275973   36.397877  20.154886
   2   27    1.715394   0.225067   37.265316  38.267225
   2   28    1.671501   0.244038    8.583776  35.313189
   2   29    1.521674   0.250420    4.095253  20.847677
   2   30    1.413007   0.274598   37.458469  16.231402
   2   31    1.381231   0.293833   32.044269  25.771574
   2   32    1.216962   0.231833   24.503924  15.107428
   2   33    1.164767   0.235813   18.582498  28.076877
   2   34    1.090699   0.283293   20.061256  37.756967
   2   35    0.927303   0.212410    3.049129   1.058040
   2   36    0.802017   0.262042   20.267764  33.740103
   2   37    0.743464   0.271512   14.276569  31.705034
   2   38    0.618966   0.239445    2.177599  15.720258
   2   39    0.550622   0.213068   23.264081  34.293819
   2   40    0.412027   0.253944   17.995025  20.317481
   2   41    0.384910   0.254923   28.880629  21.519112
   2   42    0.227071   0.212726   11.263274   6.038340
   2   43    0.128612   0.257824    7.115744  39.005642
   2   44    0.031943   0.220397   31.016098  23.435013
   3    0    4.417790   0.350667   28.186257  11.729393
   3    1    4.380780   0.391619   24.313136   8.466469
   3    2    4.286284   0.320218   10.845829   9.825625
   3    3    4.128418   0.373107   23.244326  22.104960
   3    4    4.046310   0.368297   19.533268  16.455810
   3    5    3.962242   0.334478   29.402604   7.551345
   3    6    3.826914   0.393822   37.534673  11.850900
   3    7    3.700804   0.387152   36.988241  40.993088
   3    8    3.609366   0.327101    8.123528  35.343679
   3    9    3.537324   0.355820   25.122203  12.659073
   3   10    3.413367   0.329452   25.681905  11.148258
   3   11    3.381895   0.357976   30.609982  11.995708
   3   12    3.299535   0.372446   40.095031   3.840072
   3   13    3.178734   0.343564   24.311432   4.109083
   3   14    3.062145   0.328013   30.250495   5.935070
   3   15    2.944291   0.309038   17.436167  34.188286
   3   16    2.891467   0.333124   26.262478  32.662088
   3   17    2.788323   0.327902   18.498192  22.445255
   3   18    2.687288   0.340954   15.080420   7.967715
   3   19    2.543216   0.333338   27.327444  14.176898
   3   20    2.404323   0.334150   10.430604  30.988265
   3   21    2.336904   0.347521   29.450033   7.875501
   3   22    2.206237   0.355272    5.578223  33.668791
   3   23    2.101676   0.377010   22.312997  38.883754
   3   24    2.097832   0.304456   36.186518  17.904390
   3   25    1.914951   0.383872   24.243471   6.911058
   3   26    1.894750   0.365014   40.588690  34.524340
   3   27    1.718798   0.398192   27.696229   2.798064
   3   28    1.676605   0.343948   16.077289  36.634954
   3   29    1.562545   0.359191   40.257608  13.236732
   3   30    1.453010   0.356248   12.354912  26.282334
   3   31    1.357217   0.359372   30.037898  21.723481
   3   32    1.252299   0.339371   17.079042  36.091495
   3   33    1.121918   0.318970   36.498339  39.843351
   3   34    1.020001   0.357437   13.472974   6.483698
   3   35    0.940368   0.336413    3.422937  15.053374
   3   36    0.888250   0.343439   26.263803  14.269090
   3   37    0.730960   0.344593   37.659356  29.453681
   3   38    0.648295   0.332185   19.747523  19.857087
   3   39    0.565546   0.352469   35.417222   8.605193
   3   40    0.426174   0.356676   30.570353   8.022248
   3   41    0.351043   0.366824   27.326232  20.273038
   3   42    0.226326   0.316293   27.854462  21.108692
   3   43    0.113586   0.369983   14.120522  40.045154
   3   44    0.069559   0.376429   14.585329   3.751433
   4    0    4.497529   0.475867   16.729811  34.095866
   4    1    4.310292   0.426089   16.717032  34.638307
   4    2    4.211036   0.498972   27.721900  38.934511
   4    3    4.173340   0.402507   10.240837  13.531494
   4    4    4.016309   0.448685    5.455174   3.799520
   4    5    3.902770   0.489984   31.501508  40.712929
   4    6    3.875663   0.404814   37.963803  23.428664
   4    7    3.764484   0.413890   22.334813  11.213237
   4    8    3.624753   0.439295   40.512416  27.256502
   4    9    3.590164   0.480205   19.138791  27.629111
   4   10    3.451166   0.423726   38.921085   5.660344
   4   11    3.393087   0.455967   23.780388  33.029384
   4   12    3.210402   0.402735   30.175488   4.696410
   4   13    3.126098   0.446650   14.278117  19.395346
   4   14    3.011957   0.419139    2.501237   7.838127
   4   15    2.988584   0.402761   24.490512  37.236185
   4   16    2.855790   0.448404   18.995360   6.548840
   4   17    2.722859   0.479840    4.579144  18.465719
   4   18    2.693854   0.437186    2.072042   1.091542
   4   19    2.570696   0.483579   27.804077   7.321925
   4   20    2.432734   0.443485   40.393746   8.798497
   4   21    2.387994   0.454892   14.248682  13.056072
   4   22    2.281560   0.444483   35.622935  29.093998
   4   23    2.139714   0.488564   18.359796  33.313566
   4   24    2.084467   0.412146   33.243651   2.883759
   4   25    1.918181   0.433497   34.728282   8.573949
   4   26    1.858786   0.456430   39.866294  28.494799
   4   27    1.745736   0.492574   15.324083  35.712795
   4   28    1.688957   0.401234   38.842977  17.169956
   4   29    1.537481   0.425828    1.438971  12.693551
   4   30    1.401862   0.489216   36.684929  28.191494
   4   31    1.311453   0.461862   34.879194   6.592708
   4   32    1.271787   0.408151   24.687451  37.028596
   4   33    1.142075   0.439351   25.489356  33.606965
   4   34    1.072723   0.493746    3.332011  19.473801
   4   35    0.958113   0.433006   15.877862  12.386395
   4   36    0.811950   0.491624   11.449119  20.553811
   4   37    0.788593   0.466482   19.253362  40.982912
   4   38    0.642101   0.454681   27.789690  39.070370
   4   39    0.559259   0.478532   12.570694  12.898662
   4   40    0.458908   0.411070   29.566654  16.947243
   4   41    0.338164   0.488046   24.723844   9.164265
   4   42    0.248798   0.462802   40.692657  17.129626
   4   43    0.121845   0.498697    8.312570   1.072156
   4   44    0.054298   0.465259    1.853730   4.602652
   5    0    4.443266   0.594494    3.548332  12.135584
   5    1    4.375903   0.593899   25.222896  32.165941
   5    2    4.269365   0.503875   34.154291  18.039129
   5    3    4.126615   0.525981   18.531717  35.921475
   5    4    4.039513   0.551821   17.653154  29.791927
   5    5    3.999793   0.552388   16.381879  25.002394
   5    6    3.876570   0.577005    6.225740   7.990097
   5    7    3.702258   0.587411    1.092937   5.890592
   5    8    3.679472   0.564157   19.362188  15.040170
   5    9    3.542802   0.562855   11.046449  33.741358
   5   10    3.480408   0.530551   25.816788   7.390646
   5   11    3.351276   0.576886    1.400739  11.453549
   5   12    3.220625   0.509962   39.916491  21.264107
   5   13    3.135398   0.517743   40.214649  21.794170
   5   14    3.066791   0.597426   16.062206  13.077630
   5   15    2.961198   0.597797   32.432643  38.706486
   5   16    2.854585   0.553794   15.301059  39.684562
   5   17    2.768740   0.514363   24.847741  21.001136
   5   18    2.607787   0.520341   19.136840   3.766015
   5   19    2.507278   0.500280   17.072792   4.950030
   5   20    2.439676   0.560593   18.284965   6.145777
   5   21    2.393464   0.539458    6.714662   1.873113
   5   22    2.298861   0.529020    7.867274  39.497618
   5   23    2.162535   0.500443   11.359983  32.628387
   5   24    2.073982   0.564446   35.581128   6.859313
   5   25    1.995564   0.584502   35.645177  12.985927
   5   26    1.820765   0.519741   35.666260  13.562988
   5   27    1.765948   0.593797   28.597501   2.186891
   5   28    1.620982   0.568776   39.031956   2.636726
   5   29    1.555230   0.599951    4.597971  21.558875
   5   30    1.425690   0.576663   38.696147   1.427682
   5   31    1.342145   0.533619   40.731029  40.879266
   5   32    1.274876   0.579905   29.727122   1.142256
   5   33    1.169492   0.521639   13.949934  17.248548
   5   34    1.022293   0.599377   14.167562   1.194192
   5   35    0.940967   0.569937   23.400873  14.555840
   5   36    0.827705   0.500960   23.959721  16.696797
   5   37    0.794540   0.527531   16.412885  31.189253
   5   38    0.609196   0.526140   28.679600  30.130756
   5   39    0.540261   0.569851    1.074745  19.463969
   5   40    0.475389   0.538060   39.927047   7.164371
   5   41    0.338574   0.508027   23.983989  12.311251
   5   42    0.281582   0.567258   40.507761  31.798319
   5   43    0.130252   0.564874   18.667378   1.091915
   5   44    0.074781   0.595742   34.082259  27.452386
   6    0    4.411043   0.658031    8.336112  32.968089
   6    1    4.310487   0.688047    9.745901  18.306893
   6    2    4.272864   0.696021   16.053190  37.087433
   6    3    4.138849   0.663583   26.043171   9.156904
   6    4    4.009135   0.623976   36.054375  25.904255
   6    5    3.969400   0.605848   20.208424   2.232552
   6    6    3.804341   0.652332   31.878279  31.282318
   6    7    3.732098   0.620965   20.964420  25.884185
   6    8    3.697377   0.664022   30.125145  24.594422
   6    9    3.557780   0.690535   26.998989   2.726326
   6   10    3.424542   0.623533   13.077976  15.854151
   6   11    3.303337   0.611938   28.279266  33.779741
   6   12    3.211202   0.604612   39.083711   8.985517
   6   13    3.146104   0.682973   13.651966  20.346246
   6   14    3.091246   0.612550   36.506214  28.656508
   6   15    2.967901   0.667140    5.717267   6.796175
   6   16    2.890341   0.601610   25.226913  28.672884
   6   17    2.742049   0.670880   32.752895   5.143770
   6   18    2.612849   0.678563   39.082971  22.748878
   6   19    2.526449   0.674716    7.504090  36.231022
   6   20    2.422912   0.639204   33.296957   5.541760
   6   21    2.352414   0.686548   13.944201  12.535865
   6   22    2.207801   0.606320    2.866022  35.157531
   6   23    2.182426   0.627200   25.649690  14.065873
   6   24    2.056042   0.624800   11.042669  27.905354
   6   25    1.990411   0.615874   33.222415  31.493979
   6   26    1.874140   0.622392   31.453257  11.898601
   6   27    1.795313   0.696303   23.231127   9.638011
   6   28    1.603910   0.663077    3.064442  38.170744
   6   29    1.552908   0.633145   27.433141  19.581159
   6   30    1.487492   0.604103    4.121825  16.294616
   6   31    1.381779   0.612575   28.576260  19.175821
   6   32    1.259039   0.617450    9.349131  26.063860
   6   33    1.167250   0.601054   27.870037   9.368558
   6   34    1.020890   0.651805   24.110330  37.615747
   6   35    0.951823   0.651873    9.254568  17.729216
   6   36    0.887728   0.692098    9.901127   9.444799
   6   37    0.782267   0.600372   36.884042  40.762597
   6   38    0.654768   0.620226    7.450359  27.077006
   6   39    0.542042   0.655606   14.781350  13.026336
   6   40    0.465459   0.692798   26.875881  14.744724
   6   41    0.353066   0.678752    1.409112   3.774011
   6   42    0.220502   0.629579    8.753561  38.222650
   6   43    0.183115   0.636708    6.941553  10.787761
   6   44    0.083150   0.649743   25.622120  39.055592
   7    0    4.444240   0.733098   27.310706   6.260049
   7    1    4.395839   0.702150   10.360555  38.729051
   7    2    4.213617   0.748277    6.639487  11.029500
   7    3    4.130110   0.710563   26.038999  25.903966
   7    4    4.051068   0.764976   28.463279  11.171056
   7    5    3.945596   0.795045   31.257896  10.657260
   7    6    3.827280   0.716854   36.180655   4.885998
   7    7    3.734558   0.736740    5.654449  16.740158
   7    8    3.613355   0.773493   14.463027  17.832717
   7    9    3.575961   0.724827   22.169364   6.186543
   7   10    3.415801   0.767279   25.891973  31.484407
   7   11    3.317564   0.761632   25.830964  10.173954
   7   12    3.271492   0.775119   30.882138  31.795176
   7   13    3.145784   0.704726   23.227814  35.860109
   7   14    3.044308   0.791091   23.986614   4.401383
   7   15    2.991268   0.793294   22.505077  30.988173
   7   16    2.889356   0.764899   15.970793  37.780317
   7   17    2.753197   0.740128   30.633844  36.374306
   7   18    2.671601   0.735405   18.579736  27.233653
   7   19    2.507241   0.770320   32.866789  40.961305
   7   20    2.443665   0.758496    7.713176  40.258428
   7   21    2.390928   0.753059   28.707532  14.942520
   7   22    2.202264   0.714245   10.761328   7.813593
   7   23    2.135846   0.703885   39.385169  13.530482
   7   24    2.054381   0.779537   25.143733   6.185512
   7   25    1.938673   0.731347   13.739484  37.265032
   7   26    1.832774   0.769265   27.632449  30.601086
   7   27    1.732459   0.764210   22.586419  24.326034
   7   28    1.605792   0.781705   37.829939  34.432499
   7   29    1.535882   0.723187    6.047457  16.136077
   7   30    1.428701   0.731821   14.211085  36.782893
   7   31    1.321407   0.794645   23.990611  19.608871
   7   32    1.282866   0.720029    7.427816   6.437591
   7   33    1.153312   0.722790   16.644789  27.719369
   7   34    1.045115   0.763342   33.113890  11.610796
   7   35    0.903485   0.761569   30.613374  14.641953
   7   36    0.822486   0.710827   35.216455  22.613013
   7   37    0.756722   0.717839   24.926898  12.523328
   7   38    0.677311   0.775964   10.920053   8.509758
   7   39    0.567907   0.773320   22.438774   4.027092
   7   40    0.454193   0.744760   19.517798  19.037401
   7   41    0.331051   0.794438   33.782104   8.107261
   7   42    0.203962   0.760363   40.123548  29.487358
   7   43    0.164560   0.726347   14.269634  36.038327
   7   44    0.080024   0.742442   36.907911   8.965088
   8    0    4.408455   0.820277   38.533011  30.549757
   8    1    4.359802   0.872753   15.580012  31.375739
   8    2    4.267408   0.861800   13.361539  32.983144
   8    3    4.118067   0.867062   31.126025   3.683532
   8    4    4.018548   0.851688   36.114703  11.710533
   8    5    3.949955   0.858004   34.354494  17.437331
   8    6    3.834913   0.840746   24.246792  29.622767
   8    7    3.709345   0.833479    3.587572  37.250141
   8    8    3.654218   0.835330   10.896014   9.316991
   8    9    3.593018   0.810816   37.876345  23.865587
   8   10    3.448334   0.871232    2.154557  31.682791
   8   11    3.362625   0.878225   29.407478   9.639743
   8   12    3.221370   0.800173    3.550110  36.906731
   8   13    3.155010   0.801926   25.307481  20.711998
   8   14    3.083755   0.845377   26.433439  26.485387
   8   15    2.986779   0.879894   32.839960  32.833947
   8   16    2.815957   0.860506   19.380636  30.657267
   8   17    2.711287   0.821279   17.030272  36.770618
   8   18    2.648712   0.869716   15.382769   7.734344
   8   19    2.535288   0.844341   26.041074  14.383650
   8   20    2.446663   0.875662   22.509685  40.134209
   8   21    2.348544   0.815132   37.161315  27.951363
   8   22    2.289265   0.896987   33.898810   6.484199
   8   23    2.162513   0.894176    5.060274  22.975943
   8   24    2.096590   0.837172   32.333824  19.989141
   8   25    1.994007   0.819039   33.997335  18.673332
   8   26    1.848393   0.892569   15.342175  10.324683
   8   27    1.766336   0.826973   26.967215  30.536653
   8   28    1.692313   0.879034   28.654450   9.638467
   8   29    1.533923   0.813661   27.299461  15.809391
   8   30    1.431551   0.893769    9.032674  22.811767
   8   31    1.366782   0.831680    2.020068  35.399788
   8   32    1.223660   0.831824   21.888697  17.954454
   8   33    1.158465   0.855373   21.322138   4.713285
   8   34    1.010263   0.845172   34.777853   5.176530
   8   35    0.945228   0.877652   24.781584  21.075119
   8   36    0.832584   0.866332   14.767173  19.999740
   8   37    0.745149   0.858600   32.492907  26.860509
   8   38    0.669604   0.818245   35.841481  12.343108
   8   39    0.543811   0.815788   38.089168  15.145166
   8   40    0.464467   0.897431   31.924754   2.836543
   8   41    0.367890   0.831860   30.649329  28.634207
   8   42    0.280432   0.848401   31.758220   5.286980
   8   43    0.199648   0.856204   33.785197   2.822815
   8   44    0.050246   0.843897    3.790697   7.441832
   9    0    4.493782   0.994433    2.739272  20.787341
   9    1    4.352230   0.947736   22.400748  31.764837
   9    2    4.263473   0.911902    4.113853  19.700844
   9    3    4.162686   0.964854   21.184324   3.759703
   9    4    4.004741   0.925648   37.890839  18.112370
   9    5    3.997413   0.976625    4.705558  37.447273
   9    6    3.827295   0.922901   27.690701  38.224585
   9    7    3.765186   0.918579    7.022516   5.922210
   9    8    3.656093   0.923712   22.758170  38.849710
   9    9    3.512969   0.982399   33.463710  19.485573
   9   10    3.460698   0.900257    3.951275  32.418981
   9   11    3.346467   0.914346   21.545277   4.669906
   9   12    3.259232   0.976040   26.049370  13.366208
   9   13    3.160281   0.938289   27.582774   4.543820
   9   14    3.030392   0.954449   39.984921  15.401290
   9   15    2.909499   0.953025   27.465612  24.003338
   9   16    2.850456   0.968059   21.142823  21.634881
   9   17    2.798999   0.940851   33.226205  23.327589
   9   18    2.652603   0.997571   23.660134  14.210682
   9   19    2.558028   0.977132   31.449975  19.096754
   9   20    2.483084   0.982406    5.698127   9.047186
   9   21    2.305819   0.949075   25.236422  23.640477
   9   22    2.202947   0.933790    6.947661  36.485981
   9   23    2.199070   0.976043    8.335529  22.505263
   9   24    2.054971   0.965501   27.167916  20.089049
   9   25    1.984024   0.973370   18.247820  33.999708
   9   26    1.883364   0.977517   33.347600  13.522803
   9   27    1.754719   0.917061   24.490478  35.696701
   9   28    1.658520   0.963432   33.116806  39.411919
   9   29    1.544651   0.947641   28.895972  19.842074
   9   30    1.420739   0.963749   13.326754  34.241335
   9   31    1.351638   0.998051   26.723707  12.939458
   9   32    1.215320   0.954117   35.253717  19.830090
   9   33    1.115144   0.942663   40.529283   4.351457
   9   34    1.046820   0.940029   21.672490  34.596012
   9   35    0.931584   0.942344   13.149999  14.577510
   9   36    0.832488   0.927686    6.083832   6.775543
   9   37    0.706350   0.903934   11.829322  35.939186
   9   38    0.684034   0.954492   40.669355  36.958337
   9   39    0.501340   0.981601   32.417060  16.723907
   9   40    0.492863   0.992035   17.086429  38.741554
   9   41    0.343714   0.922234   20.746106  34.408468
   9   42    0.236813   0.979426   23.004690   4.004094
   9   43    0.115395   0.997364   27.700612  34.403970
   9   44    0.066124   0.905523   17.324844  33.246330
  10    0    4.443542   1.070084    5.154570  37.834162
  10    1    4.363047   1.034827   38.309498  21.636210
  10    2    4.259748   1.016974   31.873806  25.179443
  10    3    4.102966   1.063740   21.394810  37.847906
  10    4    4.090182   1.062304   11.638478  22.189125
  10    5    3.975261   1.001379   37.240827  15.474506
  10    6    3.880181   1.084568   30.257201  10.284855
  10    7    3.749440   1.092314    5.617431  35.741562
  10    8    3.644986   1.023880   33.808030  35.748399
  10    9    3.596132   1.037326   17.011888  15.443597
  10   10    3.473380   1.052864   17.355550  20.307335
  10   11    3.393555   1.022715   21.383028  25.471021
  10   12    3.292916   1.073334   11.557406  40.302469
  10   13    3.167961   1.038689   22.276196  32.990185
  10   14    3.034234   1.066430   23.987670   2.441138
  10   15    2.931261   1.052995    4.552120  24.284647
  10   16    2.807643   1.054818   12.668501  21.210865
  10   17    2.790700   1.007270   25.271952  25.460994
  10   18    2.627706   1.032137   21.215609  36.348127
  10   19    2.513922   1.020419    9.819776  14.667931
  10   20    2.491012   1.077107   28.167108  18.327342
  10   21    2.338140   1.015908   19.132934  32.172605
  10   22    2.228603   1.097507   17.479397  15.655459
  10   23    2.114382   1.037959    8.949609  23.583487
  10   24    2.017724   1.042728   22.837782  19.827881
  10   25    1.976888   1.085435   28.272141  16.704429
  10   26    1.847630   1.082661   35.343597   2.121729
  10   27    1.723746   1.071576    1.783631  13.949817
  10   28    1.691090   1.075397   12.303657  30.972794
  10   29    1.587721   1.012781   29.744441  39.946081
  10   30    1.437070   1.036554   24.261938  29.502828
  10   31    1.365966   1.060265   38.934257  37.890102
  10   32    1.290731   1.078985   28.077443  39.834138
  10   33    1.163943   1.014695   29.494473  38.430395
  10   34    1.044460   1.013224   15.766253  24.148748
  10   35    0.992364   1.005807    5.064668  31.282253
  10   36    0.868069   1.086217    1.989872  12.019730
  10   37    0.736341   1.076516   27.396054  12.483331
  10   38    0.657616   1.088733   37.485985  39.362598
  10   39    0.593179   1.084180   21.663818  39.141494
  10   40    0.420476   1.080290   11.401837  16.424979
  10   41    0.349358   1.020460   14.989337  38.722034
  10   42    0.259365   1.064525   32.404519  10.553081
  10   43    0.138267   1.055585   18.222316  31.366701
  10   44    0.049934   1.097640   16.606463  34.043810
  11    0    4.488092   1.132881   39.821974  11.432278
  11    1    4.385361   1.127891   39.758566   8.211671
  11    2    4.234050   1.175045   30.715430  38.381770
  11    3    4.187081   1.145034   31.827376  11.869919
  11    4    4.030727   1.114936   20.300538  27.356564
  11    5    3.953309   1.165244   23.986874  15.745752
  11    6    3.858832   1.130516   36.299478  26.203253
  11    7    3.736477   1.189205    1.219418  13.919603
  11    8    3.676004   1.146137    4.958439  18.424107
  11    9    3.506999   1.148920   28.134503  29.198963
  11   10    3.413580   1.160477   23.127846  20.465508
  11   11    3.373974   1.102238   21.278040  11.407428
  11   12    3.270348   1.175218   20.046600   6.953965
  11   13    3.193475   1.143188   18.118913   5.889999
  11   14    3.000295   1.127948    4.192883  38.934629
  11   15    2.902034   1.170892    1.063652  24.105980
  11   16    2.834254   1.177788   19.353142   7.862573
  11   17    2.766713   1.100194   34.264120  39.001119
  11   18    2.615069   1.152887   14.099927   2.042380
  11   19    2.543859   1.103076   21.647151  14.920947
  11   20    2.462547   1.145210   20.158311  12.406908
  11   21    2.386174   1.141521   36.509174  25.147612
  11   22    2.217945   1.129916   17.679705  40.971417
  11   23    2.132197   1.189683   26.182898  29.712774
  11   24    2.048117   1.194169   39.230916  17.994558
  11   25    1.953571   1.146085   39.697193  21.959472
  11   26    1.816688   1.183341   29.345373  32.823015
  11   27    1.723674   1.104969    2.015385   4.396170
  11   28    1.653750   1.111373   12.772522  38.591936
  11   29    1.506235   1.190063   25.351222  22.706522
  11   30    1.476569   1.136405   32.100419   2.398572
  11   31    1.344517   1.153699   26.225844  31.348673
  11   32    1.231651   1.172854   14.215645  40.261878
  11   33    1.160413   1.109554    6.343156   4.998259
  11   34    1.043285   1.196736   15.103712  40.126126
  11   35    0.948532   1.198258   36.025045   7.159568
  11   36    0.865280   1.102300   13.782199  36.361899
  11   37    0.772881   1.181680   30.861977  40.589638
  11   38    0.641115   1.184944   18.697915  35.663153
  11   39    0.543185   1.123914   35.398536  33.750373
  11   40    0.483107   1.157898   33.708449  26.934336
  11   41    0.364216   1.144827    2.087560  23.324083
  11   42    0.283420   1.158310    5.807536  16.706872
  11   43    0.114653   1.125465   19.410576  34.898163
  11   44    0.068889   1.162119    3.042719  36.819633
  12    0    4.422090   1.203736   39.976295  22.244935
  12    1    4.307604   1.206533   28.612858  12.543325
  12    2    4.257705   1.223446   27.573010  20.192978
  12    3    4.168087   1.213906   25.922101  37.024032
  12    4    4.077949   1.290138    1.564774  36.906624
  12    5    3.921637   1.221480    9.405988  11.866481
  12    6    3.891268   1.243117   27.685331  38.460555
  12    7    3.765029   1.247726   27.234420  23.872893
  12    8    3.625437   1.274638   26.197797  21.916790
  12    9    3.524262   1.267894   24.535300  34.398599
  12   10    3.415542   1.214428   21.552191  32.681652
  12   11    3.380426   1.228925   29.571703  20.480921
  12   12    3.223910   1.250563   22.086942  17.740607
  12   13    3.135974   1.207011   30.344495  25.843120
  12   14    3.041518   1.276161   13.984592  18.439195
  12   15    2.913854   1.299848    5.381399  15.070532
  12   16    2.805427   1.235451   20.605951  34.798574
  12   17    2.752903   1.250048   20.012543  15.701324
  12   18    2.698764   1.292460   16.491033  17.924516
  12   19    2.530812   1.216174   18.221609  20.669614
  12   20    2.478544   1.260922   14.729186  27.889008
  12   21    2.310700   1.243503   10.200758  27.484009
  12   22    2.202334   1.214949   27.064835  31.533914
  12   23    2.168959   1.237924   17.026562  10.719935
  12   24    2.097305   1.246592   28.019398  27.966488
  12   25    1.920530   1.213226   26.413247  40.849437
  12   26    1.834663   1.248634   17.473915  19.086804
  12   27    1.713144   1.264590   17.288602  15.127441
  12   28    1.638753   1.278767   10.571064  28.307521
  12   29    1.514294   1.219219   25.976988  35.198798
  12   30    1.473302   1.204805    9.459248  32.696695
  12   31    1.363846   1.228831   13.062923  31.285703
  12   32    1.207355   1.239604    8.315538  32.094649
  12   33    1.111179   1.298104   27.547793  34.260451
  12   34    1.070360   1.249135   11.248277  13.326255
  12   35    0.998615   1.288214   13.701313  14.603754
  12   36    0.859680   1.257439   22.094273  38.450273
  12   37    0.792652   1.295231    6.048391   1.194178
  12   38    0.664507   1.278170   35.789501  13.057701
  12   39    0.501138   1.279420    9.221149  23.069578
  12   40    0.417684   1.274005   22.906355  33.951430
  12   41    0.348000   1.213365    1.944895   3.746706
  12   42    0.281396   1.282432   32.114519  15.109773
  12   43    0.107539   1.224397   38.215898  40.380484
  12   44    0.013989   1.249212   39.736605  26.656780
  13    0    4.427534   1.329903   23.767902  38.989756
  13    1    4.353371   1.379322   11.233758  13.632547
  13    2    4.294512   1.302893   22.213365  12.171631
  13    3    4.187484   1.349223    6.370499   9.677047
  13    4    4.015562   1.359593   12.784460  37.171855
  13    5    3.964308   1.324033   17.972141  25.311319
  13    6    3.808908   1.330837   40.387960  39.873948
  13    7    3.722623   1.388509   23.602152  31.320167
  13    8    3.610239   1.364689   28.727178  14.215171
  13    9    3.500467   1.331679   10.150951  34.810830
  13   10    3.413378   1.309005    8.533199   6.732691
  13   11    3.300786   1.321596   23.241619  38.842398
  13   12    3.272405   1.339497   25.486701  32.388615
  13   13    3.163189   1.368830   36.522135   6.091067
  13   14    3.097685   1.331444   16.200726  40.517905
  13   15    2.907042   1.305200   30.327762  12.836628
  13   16    2.880523   1.321278   35.673828  38.688465
  13   17    2.774323   1.397676   34.861295  21.625901
  13   18    2.680288   1.368088   25.912080  27.458025
  13   19    2.510696   1.376463   29.952936  39.289149
  13   20    2.403818   1.304450   32.957496  20.457758
  13   21    2.380228   1.381009   21.625628  21.555802
  13   22    2.299825   1.361032    8.349467   1.927866
  13   23    2.112957   1.317979   15.105740  16.336136
  13   24    2.080740   1.360046   31.084902   7.775701
  13   25    1.935207   1.381223   14.583053  24.805890
  13   26    1.871075   1.398913   37.431789   6.422273
  13   27    1.730112   1.305327    1.938080  22.751075
  13   28    1.664849   1.387376   28.490000  22.148354
  13   29    1.520244   1.311554   39.818777   4.200569
  13   30    1.455042   1.358844   39.182174  26.346646
  13   31    1.355537   1.357810    8.862808  25.194411
  13   32    1.275231   1.349856   17.396628   1.031831
  13   33    1.127895   1.322738   24.525558  37.605986
  13   34    1.067737   1.330373   18.293259  14.155627
  13   35    0.918929   1.338094    5.888167  11.256644
  13   36    0.863563   1.371949    6.322510  17.719269
  13   37    0.719193   1.333314   26.983907   7.131580
  13   38    0.627301   1.360896   36.296482  27.371172
  13   39    0.536106   1.371465   10.595308   5.326132
  13   40    0.484932   1.399170   14.890396   6.122820
  13   41    0.333430   1.336760   25.138478   8.421957
  13   42    0.214046   1.386996   25.241620  35.011266
  13   43    0.117730   1.380395   37.165128  34.312857
  13   44    0.034516   1.348124    9.852570   9.981907
  14    0    4.406670   1.443662   15.176906   2.070353
  14    1    4.393048   1.441156   10.792841  36.960541
  14    2    4.280327   1.455128   14.860658  40.259394
  14    3    4.187233   1.498499    1.234996  26.029008
  14    4    4.029859   1.442142   21.517332   9.184926
  14    5    3.923892   1.448288    8.647499  30.814032
  14    6    3.877953   1.405984    2.371291  26.870337
  14    7    3.752479   1.404004    7.507337  40.644202
  14    8    3.652386   1.484717   29.610869   3.139125
  14    9    3.557173   1.451552   28.183944  10.725327
  14   10    3.447863   1.468086   34.425055  16.991430
  14   11    3.331054   1.424177    8.685105  29.529736
  14   12    3.211956   1.434819   22.965263  19.537401
  14   13    3.192370   1.431900   27.244573  32.790368
  14   14    3.038553   1.454215   27.075213   8.069663
  14   15    2.936387   1.404026   16.270191  19.935865
  14   16    2.846636   1.431159   35.795990  16.427492
  14   17    2.746707   1.410804   31.960398  31.498136
  14   18    2.663527   1.476491   18.067431   2.625566
  14   19    2.517172   1.453464   38.936022   4.969209
  14   20    2.419930   1.453155   22.711050  26.790545
  14   21    2.359591   1.450628    5.523361   1.779494
  14   22    2.299143   1.482593   28.693755  40.768964
  14   23    2.193526   1.403475   12.863596  29.514878
  14   24    2.064748   1.495611   36.835700  35.340316
  14   25    1.932259   1.492084   19.812650  11.185411
  14   26    1.819916   1.477206    3.539660  11.789440
  14   27    1.793771   1.440979   15.634653  17.303621
  14   28    1.627119   1.485868   17.783378  21.662705
  14   29    1.577232   1.493238   13.781277  36.725843
  14   30    1.439616   1.424412   14.530415  31.852751
  14   31    1.353956   1.449337   12.588212  38.655238
  14   32    1.265519   1.401607   20.879067  21.726873
  14   33    1.127179   1.459509   32.509157  30.900494
  14   34    1.001532   1.451723    5.683010  24.834459
  14   35    0.917229   1.406459   34.546751   8.429519
  14   36    0.836665   1.472536    9.041356  29.799187
  14   37    0.727820   1.479120   10.828931  31.452740
  14   38    0.636261   1.401458    4.969908  33.322007
  14   39    0.545161   1.417464   15.818255  13.715948
  14   40    0.473633   1.474132   18.729434  12.791253
  14   41    0.314458   1.403456   15.430814  19.377928
  14   42    0.280379   1.400167   19.700851  36.816517
  14   43    0.128142   1.483843   11.380400  40.793427
  14   44    0.037174   1.446675    1.361283  39.073277
  15    0    4.446755   1.536770   29.352672  39.717336
  15    1    4.324353   1.541807    1.828997  24.165527
  15    2    4.256944   1.536082    2.153110  40.891268
  15    3    4.196063   1.597743   11.609310  13.784010
  15    4    4.051369   1.524711   12.761626  29.669015
  15    5    3.933054   1.505372   39.587608  37.257955
  15    6    3.892581   1.581693   27.265750   4.282710
  15    7    3.767365   1.571401   23.979668   2.668523
  15    8    3.697055   1.556101   23.933390   8.546786
  15    9    3.557233   1.552683   21.863570  33.012502
  15   10    3.446548   1.545616   32.225191   2.242200
  15   11    3.322460   1.592268   29.081519  16.475066
  15   12    3.201832   1.517441   34.335631  14.118623
  15   13    3.129315   1.577034   31.713967  20.690775
  15   14    3.058581   1.504932   31.891008   6.397696
  15   15    2.939697   1.517670   30.992494  17.942257
  15   16    2.846848   1.564578    1.721566  19.855685
  15   17    2.711873   1.598408   15.431975  21.566360
  15   18    2.634015   1.544852   37.164054  25.009240
  15   19    2.559525   1.556086   17.126586   3.407856
  15   20    2.446521   1.500997   15.140077  37.623243
  15   21    2.342141   1.525951    3.568328   7.981103
  15   22    2.277871   1.587923    4.294668  25.705048
  15   23    2.172982   1.535088   22.010740  21.070369
  15   24    2.099594   1.577189   15.768568  20.344746
  15   25    1.990923   1.533424   10.314594  28.819852
  15   26    1.837777   1.573421   35.716755   4.206370
  15   27    1.749365   1.526976   16.376383  37.934733
  15   28    1.620700   1.550546    7.474840  29.170293
  15   29    1.529266   1.518328   27.654516  18.434901
  15   30    1.442827   1.588862   31.314002   8.572375
  15   31    1.383987   1.565311    2.972145  17.473335
  15   32    1.227040   1.570237    1.014203  19.680733
  15   33    1.171241   1.540395   20.689677  36.051393
  15   34    1.000487   1.580611   39.024467  18.496299
  15   35    0.921833   1.510555   30.504021  20.033614
  15   36    0.829800   1.576526   25.768105  11.658678
  15   37    0.736209   1.560174   40.545727  12.684930
  15   38    0.688671   1.595511    3.689797  29.184111
  15   39    0.588015   1.548015    7.109226  28.023492
  15   40    0.454907   1.528964   32.930512  16.957644
  15   41    0.348914   1.523384   21.265423  12.602644
  15   42    0.255076   1.530515   23.055333  19.346960
  15   43    0.130854   1.526291    4.769991   7.905887
  15   44    0.092725   1.502937    4.048285  30.000597
  16    0    4.470779   1.661766   37.094743  26.358965
  16    1    4.310901   1.692252   29.827335  12.838626
  16    2    4.258471   1.669446   36.073548  11.033561
  16    3    4.151322   1.618998   28.821822  35.439140
  16    4    4.030753   1.606112    6.568307   2.437357
  16    5    3.981052   1.693494   28.693587  13.469254
  16    6    3.824733   1.621084   14.724560   5.355552
  16    7    3.762892   1.694453    6.072194  37.504595
  16    8    3.699069   1.632196   39.800377  34.529254
  16    9    3.547948   1.638470   27.213637   2.526600
  16   10    3.495416   1.603549   21.216239  20.026427
  16   11    3.367968   1.631639   31.781043   5.582229
  16   12    3.222283   1.685294   35.387661  31.481456
  16   13    3.101028   1.673981    9.484908  38.536045
  16   14    3.000452   1.600443    5.066410  34.949632
  16   15    2.977009   1.682366   28.109477  40.539875
  16   16    2.812935   1.653999   23.330189   6.943233
  16   17    2.779079   1.608271   31.490945  28.790639
  16   18    2.653103   1.695675   25.024759  17.286160
  16   19    2.583987   1.652959   17.302221  36.342197
  16   20    2.462211   1.689051   40.376506  15.744382
  16   21    2.367487   1.624605    7.038035  32.182401
  16   22    2.291945   1.627227   18.657532  36.959813
  16   23    2.181585   1.639358   14.383276   1.481850
  16   24    2.018954   1.687851   14.199430  14.035492
  16   25    1.987526   1.641515    3.186460   2.866148
  16   26    1.876494   1.638865   22.715917   3.190290
  16   27    1.702599   1.606741    2.549328  14.758787
  16   28    1.653380   1.690404   22.808628  10.221674
  16   29    1.589784   1.696648   34.082626  14.287090
  16   30    1.442361   1.637970   15.694371  14.085354
  16   31    1.387175   1.653098   25.167160  39.938954
  16   32    1.298874   1.657353   25.606255   3.720982
  16   33    1.138852   1.656193   32.098325  13.103446
  16   34    1.096769   1.692716    3.985139   1.323339
  16   35    0.950470   1.621241   38.281320  33.823636
  16   36    0.840206   1.625843   12.491914  18.578811
  16   37    0.751372   1.676824    5.183370   2.535326
  16   38    0.610314   1.626782   23.035213   1.957230
  16   39    0.500362   1.648670   17.538295  32.260695
  16   40    0.491543   1.663889    7.423176  28.969482
  16   41    0.324554   1.672117   39.337866   4.671138
  16   42    0.235812   1.694814   14.911984  39.371587
  16   43    0.129807   1.669780   23.433432  28.628951
  16   44    0.082604   1.668975   12.837926  23.616299
  17    0    4.467278   1.760394   15.110352   1.262760
  17    1    4.360109   1.746829   33.683833   5.423536
  17    2    4.283465   1.709832   18.786870  29.326963
  17    3    4.146324   1.781564   31.344766  26.161309
  17    4    4.020893   1.795949   37.028077  22.540733
  17    5    3.969688   1.714765   40.021915  25.799106
  17    6    3.873188   1.735165    2.354724  40.797446
  17    7    3.776391   1.709248   31.087736  18.516010
  17    8    3.631801   1.710602   24.865658   3.580725
  17    9    3.585962   1.779394   36.429385  40.616136
  17   10    3.491993   1.749093   32.481769  32.618589
  17   11    3.397995   1.782216   11.191612   4.224284
  17   12    3.212968   1.717551    5.658355  37.752512
  17   13    3.101095   1.700782   24.504313  22.305028
  17   14    3.051127   1.747933    4.701885  11.193518
  17   15    2.970181   1.785760   13.694003  18.868767
  17   16    2.806446   1.754445   15.366240  26.782731
  17   17    2.720201   1.720510   35.642544  22.798566
  17   18    2.639824   1.776632   17.192498  28.569147
  17   19    2.513130   1.740514   18.370527  24.551944
  17   20    2.434019   1.767670    9.095484  16.962651
  17   21    2.390813   1.768864   16.586746  12.062078
  17   22    2.282377   1.748430    7.989281  40.915682
  17   23    2.128759   1.726137   26.859302  35.483185
  17   24    2.098099   1.764765   28.783028   1.032210
  17   25    1.975444   1.735177    1.227901  39.995179
  17   26    1.842123   1.718031   37.867355  21.198014
  17   27    1.757971   1.769129   12.490998  31.703002
  17   28    1.669961   1.786946    7.250879  15.271584
  17   29    1.598126   1.784552   10.065487  23.736342
  17   30    1.496959   1.722713    2.795249  20.570255
  17   31    1.392941   1.740498   22.230709  27.975755
  17   32    1.277433   1.778676   37.536290  11.331508
  17   33    1.170775   1.729152    8.732603  32.401552
  17   34    1.085993   1.730849    9.867856   3.024676
  17   35    0.937776   1.733978    7.137894  34.882065
  17   36    0.879160   1.756248   26.404064  32.333629
  17   37    0.780237   1.787259   26.992282  31.288296
  17   38    0.601936   1.762283   20.624651   7.826282
  17   39    0.585921   1.720489    7.750628  19.142188
  17   40    0.487540   1.702314   20.947242  32.772128
  17   41    0.391893   1.788321   29.611247  17.576131
  17   42    0.278860   1.770014   15.659407   4.264284
  17   43    0.157662   1.799559   10.800423  20.201593
  17   44    0.077440   1.738340   27.182414  11.747853
  18    0    4.400657   1.807175   20.517364   9.555084
  18    1    4.399910   1.897646   24.427671  13.251720
  18    2    4.216097   1.893402    3.663869  30.109997
  18    3    4.192814   1.851914   29.545913  19.066229
  18    4    4.035251   1.835651   31.647024   1.413136
  18    5    3.924596   1.852050   14.158233  40.304461
  18    6    3.854918   1.854353    2.957333  13.725111
  18    7    3.738321   1.880878   10.197137   3.730190
  18    8    3.696593   1.824765   17.888727   5.614038
  18    9    3.510265   1.855700    1.774863  14.430872
  18   10    3.426384   1.881371    3.680982  16.272337
  18   11    3.318054   1.881224   17.035252   4.359367
  18   12    3.286178   1.855710    9.529106  34.896706
  18   13    3.177369   1.868127    2.734543  17.463359
  18   14    3.052819   1.866307    5.318368  35.291676
  18   15    2.958497   1.830726   19.335515  31.066814
  18   16    2.855303   1.822825    3.607638   5.927455
  18   17    2.743132   1.890952   40.688453  18.363067
  18   18    2.640018   1.815643    1.297834  24.003094
  18   19    2.527808   1.845235   19.911492  38.324488
  18   20    2.480986   1.836778    5.586297  36.636304
  18   21    2.323234   1.895943   11.871963  17.028965
  18   22    2.285909   1.818400   28.221978   3.121588
  18   23    2.138546   1.809614   22.709387  38.348757
  18   24    2.049455   1.881133    2.740406  19.268626
  18   25    1.976103   1.840560    8.129882  32.142588
  18   26    1.852828   1.855931   21.271443  28.153221
  18   27    1.795950   1.850249   24.740763  14.537174
  18   28    1.603058   1.880530   20.676918   1.183367
  18   29    1.539456   1.860431   32.483204  17.579658
  18   30    1.446778   1.874281   32.189267   9.203351
  18   31    1.328873   1.801107   11.259885  24.487775
  18   32    1.281449   1.863667   24.386400  35.429107
  18   33    1.183664   1.853212   11.143612   1.919861
  18   34    1.022012   1.864842   16.252053  30.328328
  18   35    0.915491   1.840269   23.091948  12.132138
  18   36    0.862924   1.829292   35.234953  13.129201
  18   37    0.781570   1.893299   15.881987  35.586015
  18   38    0.604323   1.823986    4.634202  25.461889
  18   39    0.590887   1.898919   15.018424  18.513471
  18   40    0.486744   1.848407    5.302319  39.707246
  18   41    0.369372   1.841820   20.657168  20.143880
  18   42    0.201382   1.887386    8.571467  37.947519
  18   43    0.198625   1.869719   34.125799  10.740964
  18   44    0.012326   1.860887   40.472442   6.984140
  19    0    4.448166   1.941390    6.411218  24.293868
  19    1    4.343488   1.959736   11.730068  20.708007
  19    2    4.223419   1.966542   17.023932  38.651663
  19    3    4.146151   1.949717   13.682705  23.177960
  19    4    4.050768   1.910053   37.937442  21.085893
  19    5    3.973100   1.985559   17.187628  24.083477
  19    6    3.817011   1.912496   34.840296  38.711108
  19    7    3.742251   1.901050   19.738122  12.837939
  19    8    3.673423   1.973882   26.727412  30.888614
  19    9    3.576491   1.931814    5.432173  28.369104
  19   10    3.404365   1.958213   24.896345  14.684002
  19   11    3.357127   1.983293   13.096713   8.743757
  19   12    3.247014   1.902692   23.703240  24.644330
  19   13    3.125901   1.978009   29.785447   8.083807
  19   14    3.032284   1.957342   17.972261  14.606135
  19   15    2.914970   1.903420   20.032322  27.801429
  19   16    2.897365   1.938301   15.741364  31.940764
  19   17    2.775539   1.934513    5.656800  25.001136
  19   18    2.697567   1.951201   40.066334  13.588841
  19   19    2.514038   1.923709    6.581130  32.967014
  19   20    2.419274   1.929816    9.894079  28.430988
  19   21    2.329793   1.934777   40.033884  36.973622
  19   22    2.266805   1.939551   37.555215  21.987217
  19   23    2.180044   1.947122   13.678102  13.229415
  19   24    2.063856   1.915376   39.215076  27.132756
  19   25    1.977019   1.972169   37.616419  39.581830
  19   26    1.874934   1.939429   24.661300  28.463359
  19   27    1.747421   1.904519   20.889638  23.683502
  19   28    1.613829   1.914817   14.095238   8.138462
  19   29    1.557248   1.977117    9.999277   7.639377
  19   30    1.464648   1.959004   22.133493  37.475877
  19   31    1.324322   1.901910   10.148648  37.724826
  19   32    1.296333   1.922713   33.014931  11.267011
  19   33    1.107186   1.955273    4.311132  33.585145
  19   34    1.003789   1.938415    6.047602  30.726921
  19   35    0.972216   1.910956   30.898337  33.397160
  19   36    0.857917   1.916238   16.619058   6.188823
  19   37    0.700871   1.932394   17.714924  29.793963
  19   38    0.692812   1.934524   15.632605  12.097982
  19   39    0.505926   1.910906   38.050915  25.924120
  19   40    0.401266   1.917304   19.021113   4.555237
  19   41    0.379321   1.976652   34.176389  11.836987
  19   42    0.249452   1.951557   19.029051  25.605707
  19   43    0.194995   1.915197    4.167510   8.456123
  19   44    0.058320   1.973444   20.242487   8.663555
  20    0    4.437564   2.094061    9.906912  29.723042
  20    1    4.332677   2.044572   25.885844   5.908989
  20    2    4.222210   2.040899   17.265517  13.063926
  20    3    4.149356   2.046858   13.693284   1.188987
  20    4    4.012384   2.017741    3.886935  24.152169
  20    5    3.943065   2.047725   25.701642  10.898573
  20    6    3.830167   2.004213    5.659640  34.009993
  20    7    3.752675   2.026121   12.600882  30.514733
  20    8    3.689160   2.036712   19.876196  14.812633
  20    9    3.511688   2.004259   20.817151  35.900435
  20   10    3.461717   2.050239   21.242873   5.328952
  20   11    3.384472   2.099963    9.292508  16.191467
  20   12    3.221145   2.034921   16.317019  37.752628
  20   13    3.164638   2.000200   32.964538  19.024175
  20   14    3.075172   2.050192   22.613677  34.748372
  20   15    2.963528   2.057602   11.238058  29.057457
  20   16    2.829553   2.036213   30.536933  18.857953
  20   17    2.725278   2.028693   12.280226  17.187687
  20   18    2.690110   2.024297   29.455596  25.981133
  20   19    2.510312   2.005075    7.759424  10.550589
  20   20    2.427806   2.075942   13.656848  20.466884
  20   21    2.391346   2.036933   27.687315  22.349338
  20   22    2.294656   2.073543    9.575561  31.420627
  20   23    2.105114   2.012017   11.312582  25.743529
  20   24    2.088308   2.044919   22.611056  28.153505
  20   25    1.999021   2.032654    7.553887  17.478931
  20   26    1.820089   2.028511   30.007140   7.270031
  20   27    1.704809   2.028340    7.248669  34.633282
  20   28    1.645099   2.076425   25.685291  14.710754
  20   29    1.561043   2.052125   29.533438   1.798673
  20   30    1.463632   2.048479   13.584980  13.136925
  20   31    1.392876   2.035279   15.960329  16.216393
  20   32    1.200753   2.071955   27.979110  28.364413
  20   33    1.141023   2.016594    8.493684   4.825421
  20   34    1.015298   2.029002   12.396686  28.124483
  20   35    0.912263   2.020235    1.319552   9.881047
  20   36    0.880876   2.086436   33.198837  22.249317
  20   37    0.701024   2.029154    1.440005  38.745446
  20   38    0.619629   2.001175   39.518397   5.450502
  20   39    0.505722   2.089893    9.313276   8.647308
  20   40    0.454563   2.018587    8.187327  32.179011
  20   41    0.334546   2.088967   38.339758  28.652966
  20   42    0.278212   2.030778   30.440294  37.625507
  20   43    0.163214   2.061046   10.782981   8.786760
  20   44    0.014180   2.077147   26.596796  39.740123
  21    0    4.472012   2.124809   37.753729  10.183699
  21    1    4.373815   2.150509   35.588312  34.221192
  21    2    4.251006   2.193595   12.174551  10.352784
  21    3    4.182818   2.118666   18.110961  27.742683
  21    4    4.020864   2.174886   16.180954  14.074683
  21    5    3.972006   2.183508   35.348284   4.260446
  21    6    3.872045   2.155169    8.204631  13.152736
  21    7    3.792797   2.177563   39.622758  25.057661
  21    8    3.677387   2.164868   10.023176  27.181619
  21    9    3.531118   2.141373   18.998781   5.260202
  21   10    3.482253   2.131817   40.349736  22.693265
  21   11    3.353553   2.134151   34.773865  27.872950
  21   12    3.222360   2.161111   19.075180  29.484984
  21   13    3.126415   2.104877   18.958890  30.958376
  21   14    3.062319   2.124238   35.064374  10.630029
  21   15    2.902300   2.191340   18.262297  14.399066
  21   16    2.887647   2.100995   10.447252  36.616157
  21   17    2.769321   2.120574    1.757185  39.756134
  21   18    2.619617   2.193981   25.634410  24.253055
  21   19    2.505792   2.155711   31.324320  40.055803
  21   20    2.455847   2.127360   31.826023   7.434823
  21   21    2.377571   2.171521    7.128144  15.906747
  21   22    2.269856   2.149090   11.571948   9.538992
  21   23    2.156573   2.143674   24.796924  10.171088
  21   24    2.030095   2.178968   12.979938   6.188894
  21   25    1.927144   2.105297   16.642246   5.482266
  21   26    1.823066   2.183626   39.457952   2.301507
  21   27    1.782059   2.158404   36.167118  17.223301
  21   28    1.686136   2.113957    4.415606  18.788192
  21   29    1.591831   2.127536    3.276023  39.149292
  21   30    1.473537   2.110544   19.138884  31.971082
  21   31    1.359816   2.108266   37.014293  19.658299
  21   32    1.293777   2.168239   12.091276  32.723165
  21   33    1.151313   2.194166   23.328293  23.785071
  21   34    1.068311   2.152352   39.183587  12.535448
  21   35    0.907387   2.162431   37.251892   9.312397
  21   36    0.869827   2.175794   37.093699  40.159861
  21   37    0.723586   2.160571   22.088840  14.965171
  21   38    0.603848   2.179023   35.506677  25.171918
  21   39    0.590042   2.164375    2.574659  24.472559
  21   40    0.499636   2.102812   19.184608  33.742426
  21   41    0.352614   2.170864   34.665783  12.353997
  21   42    0.275463   2.107605   37.064687   7.102865
  21   43    0.164795   2.148980   31.517694  15.605038
  21   44    0.039340   2.172636   33.123085  34.634375
  22    0    4.457053   2.295491   33.377888  30.029378
  22    1    4.379155   2.202991   22.531213  31.205589
  22    2    4.254053   2.233934    8.533579  20.783731
  22    3    4.185918   2.283462   16.670058   2.329872
  22    4    4.020922   2.250345    3.118069   3.772494
  22    5    3.940428   2.244282   31.857320  10.907835
  22    6    3.817263   2.281129   39.493824  37.849491
  22    7    3.777182   2.245746   39.181167   5.766296
  22    8    3.682057   2.255626   36.094331  27.354383
  22    9    3.519716   2.246228   26.623442  34.900204
  22   10    3.463902   2.248762   26.020869  30.331639
  22   11    3.358796   2.291272    9.694272   5.269308
  22   12    3.249230   2.217616    7.354411  19.850281
  22   13    3.119031   2.250165    3.089047  26.196706
  22   14    3.026184   2.279847   25.056915  34.162940
  22   15    2.930443   2.230838   13.417829   4.861702
  22   16    2.853787   2.241596    2.500347  16.013040
  22   17    2.789424   2.223929   31.846298  30.074709
  22   18    2.684837   2.297837   10.075810  22.219284
  22   19    2.558242   2.262503   35.526403  24.467267
  22   20    2.416647   2.209099   38.999252   1.736882
  22   21    2.313885   2.235185   27.983971   5.425532
  22   22    2.216303   2.205058   20.344260  33.715320
  22   23    2.115531   2.257362    1.169553  31.540924
  22   24    2.086550   2.277707   32.496521  26.642734
  22   25    1.915288   2.287628   25.667878   4.046934
  22   26    1.804735   2.204660   14.638600   5.487306
  22   27    1.789122   2.274790   30.600349  21.656379
  22   28    1.680389   2.286578    9.537731  15.816393
  22   29    1.513981   2.234514   21.044039  32.408748
  22   30    1.437137   2.291792   35.823390  32.194406
  22   31    1.363138   2.284113   18.329772   7.582546
  22   32    1.231499   2.275938   18.105487  32.730780
  22   33    1.134646   2.208959   17.370864  20.422905
  22   34    1.075015   2.284692   22.698063  32.469699
  22   35    0.967537   2.294667   15.213234   6.379991
  22   36    0.826756   2.253709   37.377450  35.383513
  22   37    0.737022   2.235484   36.286586  11.749108
  22   38    0.670888   2.291411   15.517908   8.052147
  22   39    0.553444   2.221173   22.375488   4.048646
  22   40    0.488349   2.267496   38.111820  17.681077
  22   41    0.320114   2.212233   29.118196  20.167399
  22   42    0.273038   2.232864   31.595601  12.930769
  22   43    0.132387   2.236421   15.880153   7.258037
  22   44    0.031084   2.265126   35.066495  38.100814
  23    0    4.424488   2.378335   32.138137   6.548866
  23    1    4.336829   2.367912   17.389567  39.532263
  23    2    4.291553   2.388174   31.050131  21.691291
  23    3    4.101076   2.351951   22.858183   7.662005
  23    4    4.032267   2.305856   39.674996  40.955751
  23    5    3.935989   2.391178   13.485400  38.983351
  23    6    3.872177   2.382275   25.345148   6.534154
  23    7    3.776692   2.378110   16.667700  39.237273
  23    8    3.639434   2.380792   38.984455   4.402202
  23    9    3.542182   2.399309   38.876601  22.479071
  23   10    3.473162   2.358898    8.702670  24.640283
  23   11    3.387604   2.313954   29.197712  10.235578
  23   12    3.250056   2.362565   20.786743  34.806912
  23   13    3.116249   2.346372   10.950886  40.788274
  23   14    3.017054   2.313893   20.248454  17.904054
  23   15    2.982807   2.396847   25.289166  40.688041
  23   16    2.817029   2.336465   29.376841  11.668912
  23   17    2.729477   2.334098   27.588304   8.927584
  23   18    2.690468   2.342194   20.282974   7.372148
  23   19    2.553471   2.357528   25.602665  38.767844
  23   20    2.428963   2.398497    6.213695  23.997753
  23   21    2.308242   2.307674   27.777429  33.035065
  23   22    2.246082   2.305220   16.449979   7.625142
  23   23    2.191473   2.359257   20.771030  35.775472
  23   24    2.017817   2.337085   30.894679  16.029332
  23   25    1.970400   2.352789   17.155861  26.474840
  23   26    1.828307   2.349240   32.993426  34.960386
  23   27    1.739484   2.307935    7.429311   2.620532
  23   28    1.636880   2.301085   13.421565  15.258621
  23   29    1.596775   2.314628   14.881299  12.203921
  23   30    1.459743   2.326649   22.009044  38.907386
  23   31    1.363451   2.316405   27.528481   9.831399
  23   32    1.233727   2.368563   21.664241  37.320525
  23   33    1.156116   2.384528    8.239427  38.432496
  23   34    1.000528   2.397110   25.596779  36.606963
  23   35    0.953357   2.331133   22.339075   3.123957
  23   36    0.817736   2.355785   37.928442  12.250150
  23   37    0.776861   2.324998   11.394869   4.608920
  23   38    0.667686   2.310511   27.820365  19.585433
  23   39    0.533095   2.354487    2.551025  36.560657
  23   40    0.496804   2.330879   28.533729   6.653709
  23   41    0.334091   2.328791   14.691458  24.760664
  23   42    0.276600   2.398693   25.380274  12.455053
  23   43    0.135331   2.320795    5.875928  15.331169
  23   44    0.032844   2.321622   20.307970  26.321316
  24    0    4.495019   2.432756   20.908073   5.222478
  24    1    4.341695   2.427902   15.906295  33.071985
  24    2    4.272215   2.409401    3.558011  10.185859
  24    3    4.140686   2.431796    7.904580  13.812940
  24    4    4.041380   2.432154   14.876292   3.782997
  24    5    3.948458   2.488921   12.775995  33.683035
  24    6    3.807783   2.402918    7.200033  15.553351
  24    7    3.729996   2.405577    5.848764  25.548740
  24    8    3.662070   2.466142    2.866110  27.281069
  24    9    3.583902   2.426828    5.365305  32.592410
  24   10    3.412932   2.423883   37.310387  33.373422
  24   11    3.364807   2.404406    9.219011  22.935047
  24   12    3.284415   2.470148   28.145977  14.683029
  24   13    3.187575   2.437339   33.637486  15.879737
  24   14    3.058813   2.408007   24.977633  14.676473
  24   15    2.990285   2.485792   36.870092   2.057248
  24   16    2.887406   2.415804   39.123398   2.672186
  24   17    2.760234   2.481687   35.976725  38.700615
  24   18    2.679503   2.497239    8.078728  40.940842
  24   19    2.551336   2.498504    1.103817  36.470807
  24   20    2.415272   2.484186   16.472352  40.781763
  24   21    2.342280   2.496993   19.172608   5.700926
  24   22    2.209822   2.460833   33.427197  17.259189
  24   23    2.102659   2.433607   37.693792  17.621680
  24   24    2.084753   2.443017   15.653778  33.102550
  24   25    1.949085   2.404073   29.461726  20.076168
  24   26    1.879143   2.477636   26.267496  39.345220
  24   27    1.784856   2.495788   20.170426   7.427381
  24   28    1.654419   2.423573   31.235377  13.596508
  24   29    1.525295   2.439651   13.532652  40.807060
  24   30    1.417071   2.437777   18.521813   6.411990
  24   31    1.316216   2.484428   32.272450   7.549939
  24   32    1.299412   2.417978   39.416975  12.047579
  24   33    1.155236   2.464910   28.400559  37.602662
  24   34    1.001827   2.446988   17.195564  21.953038
  24   35    0.924769   2.498885   22.471188  39.891996
  24   36    0.809952   2.442588   25.167713  37.680965
  24   37    0.741525   2.427354   29.057702   3.082273
  24   38    0.657224   2.441742    4.347829  14.457604
  24   39    0.520230   2.407415   34.473824   2.847306
  24   40    0.406985   2.438183   10.381295  37.482097
  24   41    0.338998   2.477917   32.806041  31.727336
  24   42    0.279071   2.448409   10.032978  20.091180
  24   43    0.180440   2.444214   17.611934  17.836874
  24   44    0.043315   2.402651   29.455554  16.246571
  25    0    4.406064   2.570290   29.178241   5.134626
  25    1    4.346878   2.544653    9.619743  19.372643
  25    2    4.201909   2.524007   31.021515  30.661992
  25    3    4.133591   2.576879    8.702587  35.392295
  25    4    4.010593   2.594397   14.353292  33.101946
  25    5    3.951710   2.506247    6.893976  29.879215
  25    6    3.839077   2.588665   25.520768   2.205416
  25    7    3.731505   2.529560   35.995703  17.565080
  25    8    3.602449   2.521000   18.973020  10.077599
  25    9    3.546072   2.547531   34.351352   7.010511
  25   10    3.431895   2.525270   37.091891  33.011945
  25   11    3.347557   2.511595   37.059442  14.068950
  25   12    3.239775   2.559356    8.265718  16.504880
  25   13    3.196646   2.588700   12.086260  34.842916
  25   14    3.096343   2.520117   35.873118  16.279632
  25   15    2.975756   2.575819    4.808906   2.152404
  25   16    2.831143   2.554910   23.383162  24.592834
  25   17    2.795787   2.508142   16.683139  19.105545
  25   18    2.627489   2.538073    4.567266  23.792907
  25   19    2.572603   2.582747   18.144656   9.181884
  25   20    2.430676   2.578949   22.857251  18.044533
  25   21    2.362591   2.563005    1.516506  24.309036
  25   22    2.239700   2.541776   30.173036  39.328825
  25   23    2.106721   2.538029   16.609430  10.733703
  25   24    2.098250   2.587193   13.082529   5.274130
  25   25    1.939429   2.586229   19.865919   7.058422
  25   26    1.843615   2.590097    2.945317  24.067723
  25   27    1.772503   2.532334   27.312925  19.635676
  25   28    1.611890   2.549257   26.730834  15.643921
  25   29    1.564788   2.593207   12.252139  27.581337
  25   30    1.434490   2.580347    6.490744  28.539517
  25   31    1.336116   2.579365   30.530893  32.989716
  25   32    1.294468   2.575956   38.004329  18.252688
  25   33    1.178288   2.556320   29.400729  31.502807
  25   34    1.041521   2.523663   12.904761  35.636893
  25   35    0.957238   2.572694   20.384808  34.206627
  25   36    0.891799   2.596389   33.633158  32.806553
  25   37    0.788721   2.530508   12.239345  23.897864
  25   38    0.662755   2.568031   26.856435  29.226640
  25   39    0.504875   2.507135   27.008345  17.084358
  25   40    0.414277   2.561762   28.523981  32.103604
  25   41    0.310994   2.538115   20.334971  27.653254
  25   42    0.285209   2.508401   32.527279  32.890383
  25   43    0.160628   2.535352   36.606930   8.960971
  25   44    0.029118   2.577913   24.965645   5.663547
  26    0    4.452807   2.646189   10.177342  28.169467
  26    1    4.364782   2.648350   27.310322  33.325957
  26    2    4.277765   2.655407   35.816600  39.973552
  26    3    4.165359   2.693469    4.298224   4.033613
  26    4    4.006952   2.694448   34.714808  36.434356
  26    5    3.915602   2.602734   36.175691  32.940678
  26    6    3.839450   2.649943   16.768435  15.454342
  26    7    3.768689   2.695615    9.951691  33.302003
  26    8    3.680072   2.657118   25.548895  12.499582
  26    9    3.533387   2.655801   10.608937   6.167754
  26   10    3.434503   2.622723   29.264809  18.495317
  26   11    3.318252   2.690406   30.760477  39.350085
  26   12    3.263755   2.646834    9.193801   1.391146
  26   13    3.152448   2.614198    6.028376  24.037094
  26   14    3.044038   2.603207   16.473695  19.712481
  26   15    2.992501   2.669589    3.460145  31.374622
  26   16    2.828810   2.693828   18.807086   3.485251
  26   17    2.710937   2.619341    1.587675  21.531762
  26   18    2.607347   2.614886   20.547299  21.241109
  26   19    2.546241   2.690878   23.272455   4.211265
  26   20    2.498593   2.658585   12.797806  31.380745
  26   21    2.373951   2.608589   16.269949  12.261326
  26   22    2.210376   2.628070   34.571258  31.993203
  26   23    2.135946   2.623650   21.485050   8.990569
  26   24    2.032234   2.661181    1.718331  15.299401
  26   25    1.939099   2.639691   25.179602   4.983346
  26   26    1.815176   2.642829   27.250648   1.208404
  26   27    1.705480   2.636992   18.932027  11.657773
  26   28    1.623637   2.635511   34.846115  29.045268
  26   29    1.524145   2.617935   29.938184   6.504264
  26   30    1.423663   2.672800   36.739063   7.329609
  26   31    1.319312   2.632078   34.281628  28.887603
  26   32    1.297098   2.641599   27.861646  38.554368
  26   33    1.111331   2.690480    7.090495  25.490933
  26   34    1.044057   2.625555   40.017015   9.234543
  26   35    0.905353   2.645812   16.037325  40.925344
  26   36    0.855413   2.694198   23.028849  25.065966
  26   37    0.797996   2.697301   28.427189   1.724043
  26   38    0.603370   2.600238   34.225888  36.854547
  26   39    0.544508   2.677692   17.158517  30.885433
  26   40    0.411320   2.690888    3.284167  24.946674
  26   41    0.378099   2.693211   17.130145  35.324694
  26   42    0.224284   2.648167   16.363722  28.211813
  26   43    0.119066   2.616855    1.207113  30.038821
  26   44    0.008158   2.647862   31.640598  38.198636
  27    0    4.454243   2.780417   13.646826  20.485354
  27    1    4.359785   2.767115   37.749054   9.906329
  27    2    4.207023   2.771249   38.926253  18.620350
  27    3    4.110573   2.776625   17.312913   7.683049
  27    4    4.054836   2.716051   35.199906  38.236477
  27    5    3.953920   2.724964   39.659082   8.083788
  27    6    3.884469   2.725893   24.157390  21.687405
  27    7    3.721159   2.759781   19.970319   1.090262
  27    8    3.605968   2.784140   22.838390  32.779997
  27    9    3.572029   2.733438   26.548388   6.915690
  27   10    3.473120   2.782168    8.002016  29.561086
  27   11    3.353871   2.709136   13.522812  17.687709
  27   12    3.282634   2.746459   19.936494  25.920986
  27   13    3.118807   2.717621   23.254483   1.622917
  27   14    3.045127   2.755103   20.134256  22.381144
  27   15    2.970081   2.714308   40.847473  11.876922
  27   16    2.838906   2.711736   16.046528  14.128690
  27   17    2.737570   2.751960   32.596419   3.074003
  27   18    2.672266   2.730595   16.170604  28.305940
  27   19    2.558136   2.715044   20.860958  15.590881
  27   20    2.491663   2.787634   20.012033  22.758217
  27   21    2.359068   2.758450   19.772713  20.989363
  27   22    2.281607   2.709536   40.003022  34.888677
  27   23    2.112273   2.755461   39.344421  11.562938
  27   24    2.007486   2.704999   16.247418   1.964124
  27   25    1.943215   2.787725   39.964840  22.782739
  27   26    1.854793   2.790780   20.001681  23.161142
  27   27    1.741751   2.703397    4.927138  19.498579
  27   28    1.617335   2.728793   28.090356  18.837136
  27   29    1.532094   2.728730   35.552542  35.071087
  27   30    1.483012   2.769915   27.993572   3.956231
  27   31    1.316065   2.743090    1.635065  27.181271
  27   32    1.258608   2.795192    2.133186  10.295272
  27   33    1.107589   2.717698   39.347207   4.884184
  27   34    1.064798   2.755792   39.923254  26.000477
  27   35    0.927093   2.774375   39.410594   8.543628
  27   36    0.819197   2.739282   37.439556  11.260610
  27   37    0.722013   2.742126   10.249555   7.605188
  27   38    0.608747   2.731759    7.101973  15.307865
  27   39    0.524044   2.776619   34.009742  40.735177
  27   40    0.433152   2.702820   13.552586  22.652945
  27   41    0.345091   2.760459   17.737901  38.673401
  27   42    0.278274   2.713559   16.951415  35.406150
  27   43    0.152056   2.720576   17.683041  22.217940
  27   44    0.052555   2.736506    1.200778  13.731593
  28    0    4.445644   2.883177   21.593228  36.080494
  28    1    4.390513   2.880841   12.148337   7.926961
  28    2    4.200318   2.836379   32.046364  23.921106
  28    3    4.195224   2.836224    9.607924   3.316594
  28    4    4.001349   2.885992   23.267327  30.691438
  28    5    3.956472   2.884239   27.076326  23.090908
  28    6    3.840556   2.870876    4.547939  35.486038
  28    7    3.742841   2.877697   34.313277  14.420552
  28    8    3.604932   2.850868   15.300259  11.421394
  28    9    3.524545   2.854971   30.490935  19.618972
  28   10    3.411762   2.892499   39.937813  38.632852
  28   11    3.339136   2.839017   19.408224  26.822375
  28   12    3.210142   2.855541    5.193373  22.299800
  28   13    3.164507   2.868915   33.304454  23.601406
  28   14    3.082016   2.826875    8.146003  29.679835
  28   15    2.912707   2.825503   38.095709  22.114154
  28   16    2.835878   2.857277   40.144150  18.452931
  28   17    2.704079   2.842105   10.396552  25.855412
  28   18    2.693251   2.831393   39.975585  23.246950
  28   19    2.524119   2.836332    5.478661  25.752448
  28   20    2.421821   2.841543    9.049111  18.036152
  28   21    2.305192   2.859619   35.357058  27.302831
  28   22    2.269844   2.841911   32.016979  39.174657
  28   23    2.111856   2.837407    7.483683  20.645195
  28   24    2.003938   2.831303    8.181035  17.147137
  28   25    1.942050   2.864785   37.067106  31.899106
  28   26    1.846871   2.849819   32.189676   4.689333
  28   27    1.786770   2.829908   19.826231  16.805538
  28   28    1.653205   2.877651   26.946757  24.751289
  28   29    1.518102   2.860687   37.024927  16.644766
  28   30    1.448890   2.892660   27.317654  33.846516
  28   31    1.399607   2.828977   40.923562  11.603781
  28   32    1.295921   2.877468   40.131763  24.650622
  28   33    1.134034   2.800905   16.322503  38.210677
  28   34    1.025125   2.866509   24.144734  36.283229
  28   35    0.981237   2.892003   32.661674  25.148742
  28   36    0.808965   2.888822    3.037872   1.527345
  28   37    0.793886   2.871442   11.179363   5.708312
  28   38    0.621888   2.893311    5.196130  17.310641
  28   39    0.530196   2.860940   32.922507   5.329760
  28   40    0.458360   2.839800   15.920222  18.093411
  28   41    0.311414   2.890809    5.939751  19.136295
  28   42    0.248116   2.801390   30.892442   1.378309
  28   43    0.197135   2.808132   13.777647   7.050581
  28   44    0.024494   2.851490   14.129822  20.377259
  29    0    4.453796   2.980197    2.439421  23.034458
  29    1    4.364880   2.902320    9.322336  40.941249
  29    2    4.290809   2.900085   29.254780  20.186405
  29    3    4.132375   2.920796   30.367927  18.179033
  29    4    4.034790   2.980711   14.648321  14.876671
  29    5    3.904712   2.972374   25.080168  22.761092
  29    6    3.805195   2.918638    6.583153  30.795312
  29    7    3.780258   2.933815    5.458475  17.725485
  29    8    3.644466   2.919601   27.495393  17.733696
  29    9    3.501631   2.971740    8.574800  33.672571
  29   10    3.442353   2.903998   24.824290  30.115345
  29   11    3.335019   2.905456   14.044844  13.555858
  29   12    3.277612   2.952452    8.781761  36.737299
  29   13    3.187704   2.959727   17.215855  17.846591
  29   14    3.080652   2.909083   14.794209  15.878481
  29   15    2.937632   2.966013   21.617166  36.669956
  29   16    2.897918   2.933296   33.088545  28.876894
  29   17    2.787023   2.989133    9.883664  27.581129
  29   18    2.612953   2.979622   24.183395  40.472747
  29   19    2.537101   2.940404   19.276472  25.969686
  29   20    2.450062   2.989572   26.585552   5.659950
  29   21    2.312939   2.988020    6.089160  19.651218
  29   22    2.254366   2.999478    1.780774  10.483732
  29   23    2.146222   2.990759   32.641892  20.025298
  29   24    2.006798   2.903919   11.647102  38.167416
  29   25    1.949432   2.962056   11.229953  39.249261
  29   26    1.894195   2.965640   24.707946  32.146745
  29   27    1.787508   2.918082   31.307175  16.197584
  29   28    1.613154   2.929725   20.181223  24.035420
  29   29    1.572448   2.975658   19.348854   3.546931
  29   30    1.441672   2.982331   22.569918  27.240862
  29   31    1.372671   2.943673   15.252776  14.147289
  29   32    1.264857   2.992417   14.578486   5.894486
  29   33    1.142097   2.995128   14.801090  26.909895
  29   34    1.090095   2.988698   22.428591  33.956125
  29   35    0.933993   2.916022    4.619759  10.762973
  29   36    0.833084   2.953411    5.186712  40.797520
  29   37    0.771545   2.901980   24.236457  39.796634
  29   38    0.698975   2.959529   28.505252  17.265129
  29   39    0.500950   2.913879   29.251767   3.538580
  29   40    0.422659   2.938703    3.217805  30.167812
  29   41    0.353467   2.909674   40.302667  23.372576
  29   42    0.268806   2.943448   20.518320  23.330256
  29   43    0.190466   2.941197   24.411305  29.431968
  29   44    0.025800   2.959040   17.992975   9.798320
