   0    0    2.907029   0.073718   18.204014   6.517979
   0    1    2.837959   0.065964   25.846710   5.625122
   0    2    2.719845   0.088967    3.474185  12.345143
   0    3    2.606942   0.012080   31.010472  27.777384
   0    4    2.550751   0.010303   19.013482  12.934149
   0    5    2.433644   0.016713   40.885632   7.882283
   0    6    2.372409   0.049443    1.410280  35.826984
   0    7    2.291669   0.025778   15.700273  17.558133
   0    8    2.139213   0.026770   24.664143   6.985351
   0    9    2.046716   0.002448   24.257683  29.118641
   0   10    1.943259   0.053694   21.758102  39.877142
   0   11    1.854624   0.005931   39.363479  37.724512
   0   12    1.728567   0.011027   40.496105  18.656115
   0   13    1.661199   0.006640   14.813443  39.945759
   0   14    1.569152   0.001294   32.268973  38.868625
   0   15    1.499192   0.083883   33.406161  38.047475
   0   16    1.345300   0.018267    1.826255  29.941542
   0   17    1.292531   0.037904    5.483676   3.257116
   0   18    1.128103   0.007963   26.795432  20.775836
   0   19    1.089519   0.049319   38.792345  11.466673
   0   20    0.904879   0.091906   27.603996  23.090592
   0   21    0.855249   0.035938   32.995247   1.268399
   0   22    0.747506   0.085688   31.623976  36.732555
   0   23    0.658793   0.089444   35.956461  36.918104
   0   24    0.542051   0.073678   29.772556  26.986588
   0   25    0.493029   0.022561   33.956670  27.765312
   0   26    0.361209   0.094201    9.466494   5.992774
   0   27    0.264058   0.021118   14.288555  40.884900
   0   28    0.171172   0.048561    4.742105   8.696174
   0   29    0.083166   0.074797   16.219538   5.090158
   1    0    2.921435   0.172038   32.516638  28.325592
   1    1    2.887159   0.155385   35.098492  22.202508
   1    2    2.769915   0.195259   23.380945  27.217978
   1    3    2.602642   0.121975   24.422074  35.398437
   1    4    2.546369   0.180366   25.977390   5.875457
   1    5    2.456440   0.158869   11.965429  14.649521
   1    6    2.354724   0.137929   25.931018  36.462235
   1    7    2.217850   0.193775   28.621070  25.716715
   1    8    2.159313   0.117794   33.466069  26.518986
   1    9    2.038785   0.101472   22.378777  31.855400
   1   10    1.991364   0.119874   18.253972  14.492617
   1   11    1.835115   0.171196   34.918453  36.333011
   1   12    1.750230   0.189359    5.703027  10.749614
   1   13    1.626638   0.104839   14.576924   9.056339
   1   14    1.558938   0.144878   35.814048  26.061515
   1   15    1.424105   0.117380    6.988722  32.050960
   1   16    1.365561   0.137897    3.890287  14.121326
   1   17    1.219588   0.131039   23.489966   6.230529
   1   18    1.160715   0.156912   11.804038  35.470039
   1   19    1.001245   0.190261   37.413524   5.838986
   1   20    0.907171   0.171008   39.186378  27.282726
   1   21    0.875135   0.175913   19.692680  27.144062
   1   22    0.750151   0.153901   15.820553  16.783960
   1   23    0.635246   0.163978   17.729605  14.405748
   1   24    0.596268   0.141801   19.683604   5.632681
   1   25    0.478263   0.156542    5.274012  18.838734
   1   26    0.315433   0.156260   19.494858  38.436873
   1   27    0.211857   0.111016   26.096387  35.233113
   1   28    0.133174   0.166639    6.294007  30.628802
   1   29    0.054394   0.107302   20.529316  26.092987
   2    0    2.940935   0.275892   35.485526   9.251807
   2    1    2.869944   0.222025   21.489429   4.597885
   2    2    2.758798   0.288081   28.950274  34.780006
   2    3    2.625374   0.223934   15.381593   5.387253
   2    4    2.538924   0.256372    6.239159  22.912550
   2    5    2.496017   0.265265    3.326012   6.113565
   2    6    2.398667   0.216217    4.527831  12.354407
   2    7    2.283065   0.220099   29.437986  12.904932
   2    8    2.119881   0.279994   28.925419   7.915925
   2    9    2.039301   0.212638    5.429109  29.323375
   2   10    1.945381   0.206615   27.894383   7.833792
   2   11    1.830175   0.285877   14.587785  11.100277
   2   12    1.744808   0.262408   32.952637  40.036272
   2   13    1.684472   0.284252   23.235976   7.875803
   2   14    1.510355   0.258067   37.493141  24.145932
   2   15    1.412926   0.262641    4.048172  28.364414
   2   16    1.377860   0.280531   36.470226   4.333399
   2   17    1.294160   0.288481   23.157629  16.813915
   2   18    1.150689   0.238347   26.865992   2.705967
   2   19    1.045168   0.273781   21.763988  16.320761
   2   20    0.932678   0.204450   38.264166  23.735221
   2   21    0.808331   0.259462   32.995448  38.509695
   2   22    0.752046   0.271179   23.522866  37.298127
   2   23    0.698557   0.275718   16.067735  39.281087
   2   24    0.580776   0.229011   11.451810   1.226372
   2   25    0.462655   0.218989    2.321155  36.774639
   2   26    0.323391   0.242624   26.563531  33.829041
   2   27    0.208395   0.218665   31.506099  40.393474
   2   28    0.165342   0.225800   35.382247  32.674021
   2   29    0.062977   0.214759   11.726428   8.677887
   3    0    2.934442   0.310082   24.458094  37.983867
   3    1    2.819749   0.331595    2.739213  39.013415
   3    2    2.738806   0.361218   12.148488  17.322133
   3    3    2.627988   0.311915   19.848391  13.603110
   3    4    2.501703   0.322116   24.392437  22.816513
   3    5    2.473462   0.370851    4.418935  23.829311
   3    6    2.317551   0.351357   24.117717   2.985455
   3    7    2.287216   0.339847   27.077230  29.075423
   3    8    2.103934   0.382303   34.584840  18.305186
   3    9    2.006648   0.396875   40.952371  16.273612
   3   10    1.922111   0.349372   38.885857  12.974448
   3   11    1.896443   0.321205   24.852195  12.889567
   3   12    1.782913   0.315309   30.980054  34.904520
   3   13    1.617304   0.368486   30.056908  28.750849
   3   14    1.546214   0.386066   38.062703  31.782426
   3   15    1.407655   0.335062   29.452222   1.070610
   3   16    1.360365   0.318401   29.727059   3.125546
   3   17    1.217630   0.369181    4.012999  12.213818
   3   18    1.173047   0.309370   16.293874  36.566157
   3   19    1.005637   0.391206   29.187441   1.198416
   3   20    0.976893   0.306583   36.846768   1.174733
   3   21    0.875677   0.304892    2.520949  17.619151
   3   22    0.732087   0.393449   26.925828  11.451168
   3   23    0.698323   0.317488    3.897809  10.627139
   3   24    0.533793   0.384581   16.495917  12.683368
   3   25    0.419920   0.337670   21.067961   5.793535
   3   26    0.364852   0.313108   20.720191  11.693007
   3   27    0.223005   0.387198   25.665125  19.130978
   3   28    0.193597   0.303859   29.233404  26.558514
   3   29    0.056387   0.344739   28.711679  30.241825
   4    0    2.942960   0.404219   34.023663  34.725712
   4    1    2.805518   0.438409   19.644671  25.507458
   4    2    2.770220   0.487884   21.695310  20.986803
   4    3    2.622930   0.417374   39.186493   7.428303
   4    4    2.556815   0.455876   12.799727  25.128739
   4    5    2.484510   0.462253   13.922732  27.669480
   4    6    2.314543   0.433834   39.084870  23.622310
   4    7    2.280257   0.439058   29.238837  19.062330
   4    8    2.168319   0.404961    8.928436  30.543596
   4    9    2.087893   0.462077   37.306249  35.757386
   4   10    1.976325   0.423957    1.883628   9.989758
   4   11    1.814345   0.407371   28.097753  20.919639
   4   12    1.795937   0.428841   15.180507  15.571430
   4   13    1.623604   0.410426   33.950843   7.802300
   4   14    1.598276   0.404784   38.190043  12.134307
   4   15    1.499821   0.489066   31.986951   2.730532
   4   16    1.375497   0.456900   35.271987  10.682830
   4   17    1.221774   0.455822   13.733480  17.471983
   4   18    1.173165   0.417398   13.091774  19.549174
   4   19    1.048940   0.422779    7.584622  13.666211
   4   20    0.915071   0.446592   35.405734   3.171077
   4   21    0.840410   0.456272   27.276000  13.430461
   4   22    0.769821   0.486956   26.477919  24.412332
   4   23    0.645759   0.408835   18.337262  37.954512
   4   24    0.537305   0.494744   33.705967  27.180108
   4   25    0.421716   0.441478    4.525787  19.842672
   4   26    0.308873   0.404684   20.697433  13.163549
   4   27    0.240123   0.450589   37.533746  35.156276
   4   28    0.177549   0.479781   33.952124  39.838436
   4   29    0.061143   0.430689   25.799814  37.555378
   5    0    2.944116   0.560527    9.470001  36.452999
   5    1    2.851063   0.536777   22.045901  29.633621
   5    2    2.781154   0.555607   40.018301  20.530272
   5    3    2.626289   0.558147    4.198313  35.485605
   5    4    2.580329   0.509674    9.455588  19.492713
   5    5    2.404226   0.579310   30.641842  23.741356
   5    6    2.318290   0.542826   37.424487  20.335111
   5    7    2.237763   0.583095    8.294329  31.747846
   5    8    2.133433   0.581151    5.888942  24.842111
   5    9    2.002939   0.545967   20.778307  39.272788
   5   10    1.909651   0.588007   38.405888  18.667021
   5   11    1.899102   0.586281   24.005404  34.051284
   5   12    1.713826   0.561691   13.685286   9.658857
   5   13    1.607520   0.552457    7.778244   1.691176
   5   14    1.531396   0.586707   16.906551  14.144891
   5   15    1.437872   0.579928    4.553632  18.898290
   5   16    1.388776   0.513078   25.423442   9.446312
   5   17    1.272442   0.503281   40.299906  31.678076
   5   18    1.142694   0.590944    9.903559  26.724881
   5   19    1.095056   0.583105   27.420353  19.115431
   5   20    0.954710   0.506179    7.612660  10.328804
   5   21    0.865966   0.595860   16.003699  38.529838
   5   22    0.754232   0.546827   31.468048  18.126339
   5   23    0.674829   0.539475   27.201715  39.248257
   5   24    0.525275   0.579852   36.649382  21.885988
   5   25    0.471845   0.527380   11.323033  39.933489
   5   26    0.331037   0.533054   15.969281  27.582411
   5   27    0.241840   0.579352   23.271378   8.351102
   5   28    0.116017   0.557946   35.870194  32.577536
   5   29    0.047708   0.568803    9.245423   2.653262
   6    0    2.997987   0.695961   16.828043  29.946626
   6    1    2.828112   0.653031   11.156584  29.703158
   6    2    2.781553   0.682589   25.107225  19.789412
   6    3    2.689746   0.695505   39.010105   8.659027
   6    4    2.591348   0.601848   17.225608  33.186669
   6    5    2.486655   0.687343   16.533865  36.982064
   6    6    2.336079   0.646974    4.152238  36.532971
   6    7    2.228289   0.688986   31.628392   1.227858
   6    8    2.174724   0.652275   39.174512  22.296626
   6    9    2.003915   0.642385   20.750624  16.426268
   6   10    1.963085   0.635832    1.535655   6.828151
   6   11    1.853904   0.649110   25.133045  15.549996
   6   12    1.712749   0.633020    7.357396   6.658925
   6   13    1.658169   0.670382   36.778851   4.517407
   6   14    1.595130   0.606818   30.026782  31.801986
   6   15    1.448609   0.681326    3.462895   8.370464
   6   16    1.370910   0.692431   34.140172  37.887245
   6   17    1.285965   0.603632   24.507209  40.713962
   6   18    1.119539   0.670984   20.261469  18.533712
   6   19    1.071816   0.648323   22.888960  11.197562
   6   20    0.984837   0.669838    2.165747  35.181623
   6   21    0.893720   0.623486   24.277760  24.767419
   6   22    0.740882   0.655576   13.903467  13.677694
   6   23    0.625616   0.600576    9.888332  21.609525
   6   24    0.517434   0.619765   10.934565  25.227018
   6   25    0.426594   0.687318   17.573561  38.152216
   6   26    0.306096   0.657321   27.745721  33.895445
   6   27    0.299018   0.625228   24.372056  17.190558
   6   28    0.197200   0.602613   23.778221  13.666593
   6   29    0.081737   0.615440   33.763392  19.140698
   7    0    2.973099   0.719441   10.157857  35.127968
   7    1    2.865731   0.777774   32.173265   6.627527
   7    2    2.706109   0.737544   21.632383  35.180940
   7    3    2.628028   0.764908   31.809864  11.054347
   7    4    2.578769   0.790576    1.286112  32.739691
   7    5    2.485132   0.785984   40.701821   2.498540
   7    6    2.360402   0.738246   20.015289  19.204519
   7    7    2.269407   0.742183   15.847156  13.222530
   7    8    2.137142   0.748827   18.411953  34.565219
   7    9    2.031002   0.740529   21.671712  10.284675
   7   10    1.902652   0.777301   35.618052  38.310556
   7   11    1.863919   0.731587   13.534626  34.180012
   7   12    1.773686   0.799115   37.875637  18.890184
   7   13    1.647644   0.711765   14.807444  18.136097
   7   14    1.598465   0.749850   18.913039  36.295644
   7   15    1.485569   0.741521   36.092559  36.634500
   7   16    1.376511   0.777077   14.970965  39.397417
   7   17    1.208006   0.757118   16.435700  21.923828
   7   18    1.106162   0.732251   19.186559  22.995301
   7   19    1.091110   0.795385   28.926286  33.735445
   7   20    0.920378   0.717676   13.217475  29.109703
   7   21    0.823407   0.708532   26.868489  10.108403
   7   22    0.762829   0.756456   18.402128  12.861739
   7   23    0.628852   0.719165   31.744940   6.175368
   7   24    0.594362   0.771751    4.416326   5.360371
   7   25    0.429470   0.754430   40.484062   2.956679
   7   26    0.305064   0.745780   40.300536  34.335085
   7   27    0.201634   0.702630   17.081080  39.654958
   7   28    0.139034   0.778696   30.896129  27.822967
   7   29    0.047893   0.755636   12.411820  10.638028
   8    0    2.917801   0.882793   31.142993  27.039314
   8    1    2.871033   0.836101    6.117459  12.243183
   8    2    2.774012   0.828482   31.354960  31.631252
   8    3    2.698637   0.859726    5.727486  24.731186
   8    4    2.579558   0.805018   18.503584  13.834133
   8    5    2.464947   0.849735   30.727151  11.163679
   8    6    2.371752   0.871211    1.704824  27.620792
   8    7    2.212170   0.803239   13.064774   7.672989
   8    8    2.147481   0.849147   24.517298  24.754079
   8    9    2.025643   0.807289   40.633331  28.538652
   8   10    1.908428   0.857422   12.324802  11.723369
   8   11    1.866358   0.816228   36.549815  14.680256
   8   12    1.700531   0.889482   19.989861  19.866070
   8   13    1.610394   0.831306   24.594909  15.621552
   8   14    1.597768   0.817338   13.129146  15.545485
   8   15    1.447616   0.868573   19.964586  32.676065
   8   16    1.334180   0.841295   15.775648  28.076661
   8   17    1.231800   0.861684   24.524314  25.049766
   8   18    1.188702   0.812262    7.856562  20.162192
   8   19    1.010930   0.822542   37.045594  10.751675
   8   20    0.974973   0.824810   37.829905   8.920263
   8   21    0.899915   0.874580   11.443642  20.648579
   8   22    0.782676   0.816332   28.986935  25.157502
   8   23    0.688365   0.881024   29.824062   6.695345
   8   24    0.558319   0.810525   22.341537  34.359563
   8   25    0.403280   0.813594    2.185444  24.317659
   8   26    0.301508   0.811826   34.691746  14.942633
   8   27    0.270654   0.845906   40.913871  24.119289
   8   28    0.187864   0.891557   37.352716  37.629405
   8   29    0.040977   0.810197    5.744381  39.531310
   9    0    2.911623   0.906225   19.224429  14.383339
   9    1    2.861493   0.926042   13.653502   4.716039
   9    2    2.769812   0.953728    7.271555  26.155378
   9    3    2.692815   0.995355   38.186022  40.983737
   9    4    2.585544   0.904246   38.156921  35.767565
   9    5    2.479139   0.959262    4.008242  10.175438
   9    6    2.390550   0.939085    6.684091  25.578356
   9    7    2.289748   0.929290   15.019007   9.910594
   9    8    2.156494   0.993034   19.868654   9.144691
   9    9    2.054932   0.937882   18.138876  38.293536
   9   10    1.980935   0.923568   39.871847  31.916253
   9   11    1.821641   0.901348   19.936851   4.618040
   9   12    1.796959   0.923721    4.694234  38.067602
   9   13    1.653336   0.952164   19.543155   7.804633
   9   14    1.585605   0.954516   32.441197  18.894228
   9   15    1.494499   0.976912   18.835615  25.750569
   9   16    1.327086   0.997561   23.136069  12.768847
   9   17    1.213123   0.991173   19.676246  16.467707
   9   18    1.130676   0.918731   11.470811  17.474602
   9   19    1.024258   0.993329   18.013719   5.828863
   9   20    0.933764   0.989841   34.548179  22.802123
   9   21    0.884303   0.965506   15.956454  26.938495
   9   22    0.758174   0.936778   20.583404  14.617727
   9   23    0.629248   0.931785   35.460124  22.588907
   9   24    0.556255   0.969761   37.697458  21.180344
   9   25    0.410403   0.941312   31.062439  24.958464
   9   26    0.370576   0.904257    6.348059  28.305067
   9   27    0.258448   0.917101   24.137142   5.653628
   9   28    0.169227   0.999505   34.608615   2.041545
   9   29    0.080714   0.900088   37.428184  24.391929
  10    0    2.903803   1.025716    2.419366   5.855735
  10    1    2.867629   1.022383   16.164138  16.068307
  10    2    2.769057   1.020689   19.099071   3.873863
  10    3    2.652119   1.063688   40.841974  23.642565
  10    4    2.522045   1.011940   27.819621   2.567733
  10    5    2.430508   1.080503    6.808343  28.231000
  10    6    2.344253   1.061401   11.410034  20.330853
  10    7    2.215089   1.048998    7.055630  27.980561
  10    8    2.102752   1.036291    5.770351  27.715154
  10    9    2.047005   1.029336   27.189061  33.749241
  10   10    1.985868   1.022028   10.340021  30.668384
  10   11    1.853489   1.041737    5.310234  22.311674
  10   12    1.755172   1.070820   19.479398  34.932588
  10   13    1.685731   1.042735   24.601493  16.754257
  10   14    1.568748   1.023077   24.287076  11.834371
  10   15    1.422770   1.003832   32.684626  28.919418
  10   16    1.390790   1.047850   31.289820  24.017988
  10   17    1.272805   1.024169   19.366452  40.203950
  10   18    1.109493   1.023196   32.605920   4.242583
  10   19    1.046187   1.053821   33.172889  34.711662
  10   20    0.939014   1.017734    1.596866  31.185239
  10   21    0.814111   1.065006   17.112195  12.705909
  10   22    0.781969   1.040586   18.686300  33.261790
  10   23    0.603627   1.084739   35.397099  22.502857
  10   24    0.576485   1.098480   33.939257  34.797687
  10   25    0.413107   1.094365    5.394642  35.391681
  10   26    0.346254   1.036027   26.158777  18.451485
  10   27    0.262670   1.008936   22.861571  30.863170
  10   28    0.113366   1.037967   22.671037  13.613874
  10   29    0.021293   1.072515   13.562221  38.373567
  11    0    2.921853   1.140702   39.634201  12.575444
  11    1    2.876496   1.144290   40.654866  17.065752
  11    2    2.754960   1.134436    9.620248   4.576730
  11    3    2.633447   1.104757   24.771592  26.315189
  11    4    2.511066   1.137033   21.383137   2.424363
  11    5    2.448229   1.181250   12.505797  27.663410
  11    6    2.332026   1.185966   26.140659  17.177474
  11    7    2.214744   1.177752   19.060500  22.647066
  11    8    2.153340   1.125728    5.361473  33.478831
  11    9    2.036354   1.195183   32.099689  31.225919
  11   10    1.968152   1.164646    6.962817  31.425466
  11   11    1.821861   1.145247   36.384007  11.958476
  11   12    1.766497   1.137244   39.988477  30.443886
  11   13    1.650787   1.193465   22.561145  17.769227
  11   14    1.527535   1.136132   12.250670  36.455276
  11   15    1.455174   1.115139   38.520352  30.096825
  11   16    1.305669   1.170869   21.083535  15.686395
  11   17    1.264233   1.111770   28.009566  19.407806
  11   18    1.161543   1.170302    4.269997  36.802199
  11   19    1.054172   1.114858   38.752693   1.505789
  11   20    0.945813   1.169625   26.367845  37.606526
  11   21    0.838422   1.199016   11.093673  36.761400
  11   22    0.747403   1.113705   35.074909   3.377487
  11   23    0.623178   1.136988   18.232975  13.333476
  11   24    0.568667   1.164193   12.937290  10.974545
  11   25    0.439854   1.155415   40.411286  25.647415
  11   26    0.387383   1.119519   31.618667  36.174530
  11   27    0.249501   1.192108   37.934175   5.841860
  11   28    0.110001   1.144072   29.112757   1.264201
  11   29    0.094629   1.113086    1.720600  28.590204
  12    0    2.911825   1.255707   14.695066  15.737247
  12    1    2.851119   1.220791    5.097182  28.648728
  12    2    2.798020   1.239162   22.074148  15.013935
  12    3    2.607014   1.273677   16.849226  25.678493
  12    4    2.504389   1.237080   38.116631  30.421938
  12    5    2.466013   1.241716    3.078551  22.333404
  12    6    2.388789   1.219987   12.684334   8.247180
  12    7    2.241314   1.242457    4.207224   9.302211
  12    8    2.142871   1.251977   24.535888  36.483838
  12    9    2.070244   1.237845   23.505386  14.937487
  12   10    1.979526   1.249747   18.909292  34.982986
  12   11    1.841693   1.223324   24.810398  37.299955
  12   12    1.723939   1.279252    4.315943  18.019628
  12   13    1.686906   1.207631   29.643607  32.891860
  12   14    1.555636   1.246425   39.240698  27.868232
  12   15    1.439524   1.264189   27.720096  29.048354
  12   16    1.315173   1.216280   33.856635   3.797154
  12   17    1.223037   1.233189    9.885838  35.901224
  12   18    1.102333   1.238118   17.527196  32.962665
  12   19    1.072903   1.267179   18.805751  39.024574
  12   20    0.952739   1.263688   39.782496  28.003608
  12   21    0.846625   1.242400   10.265181  35.317388
  12   22    0.786718   1.219832   40.620617  10.708027
  12   23    0.617911   1.203125    6.736447  32.373225
  12   24    0.578085   1.237496    5.398787  11.943407
  12   25    0.490799   1.266890   24.901113   5.532597
  12   26    0.391168   1.244915   30.243390   5.112507
  12   27    0.206265   1.294782   10.107717  37.008904
  12   28    0.181986   1.204402    5.821843  33.717036
  12   29    0.047316   1.222851   33.283768   7.924110
  13    0    2.953894   1.309348   40.483391  13.181784
  13    1    2.878930   1.358224   19.609862  36.785639
  13    2    2.799335   1.360880    8.189993  22.912094
  13    3    2.686471   1.366637    3.302844  36.881317
  13    4    2.547537   1.312092    2.322483  16.627892
  13    5    2.400332   1.316892   19.144011  20.264471
  13    6    2.373005   1.301822    3.361284   7.337801
  13    7    2.215511   1.302112    8.927387  27.446608
  13    8    2.101650   1.399692    6.605000   7.887176
  13    9    2.032769   1.327720   19.792198   9.610437
  13   10    1.980160   1.349410    5.504283   8.834209
  13   11    1.862688   1.341678   21.442712  34.101272
  13   12    1.749925   1.328346   26.852423  12.478571
  13   13    1.645628   1.383814   30.547680  24.150195
  13   14    1.589376   1.337926   25.988190  15.187367
  13   15    1.449047   1.347959   23.150690  40.227664
  13   16    1.358041   1.301632   33.330494  39.733475
  13   17    1.209021   1.383119   19.711767  23.121543
  13   18    1.191918   1.375207   17.978519  25.181703
  13   19    1.085063   1.308076   22.439679  27.778888
  13   20    0.962967   1.367118   19.775024  23.928440
  13   21    0.896444   1.377550   10.863403   2.146081
  13   22    0.725546   1.326445   38.144591  13.820854
  13   23    0.604227   1.317484   39.130321  26.687256
  13   24    0.529605   1.380024   34.182638  27.851957
  13   25    0.496081   1.342010   27.307751  27.956271
  13   26    0.384198   1.391034    1.885101  34.748203
  13   27    0.220712   1.375300   19.003477  33.542757
  13   28    0.105611   1.367177   35.072723  30.836566
  13   29    0.005345   1.327781    8.910035   5.908141
  14    0    2.981921   1.468163   18.477996   6.898382
  14    1    2.873202   1.418102    6.416533  19.072805
  14    2    2.730268   1.449431    4.626802  33.287550
  14    3    2.658283   1.489714   35.220880  24.810882
  14    4    2.514401   1.431875   22.560922  22.410970
  14    5    2.492013   1.444135   33.914342  13.954500
  14    6    2.328264   1.405777   40.111608  19.739461
  14    7    2.210433   1.401682   38.799412  13.604586
  14    8    2.136448   1.461272   28.348483  22.837657
  14    9    2.001602   1.404878   37.741043  32.490663
  14   10    1.994233   1.487327   34.992103  12.471733
  14   11    1.880770   1.499758    2.640357  14.417389
  14   12    1.748813   1.496590   22.992573  20.674112
  14   13    1.645591   1.465933   38.159004   3.680888
  14   14    1.548922   1.414397   11.140677  17.714612
  14   15    1.425324   1.417553    5.611398  26.533248
  14   16    1.362674   1.416827    5.492022  13.247807
  14   17    1.296390   1.464185   33.481149   9.218863
  14   18    1.122847   1.414870   13.548801  36.476690
  14   19    1.092098   1.403178    9.807030  25.801617
  14   20    0.985164   1.459649    7.557801  25.993049
  14   21    0.886551   1.413181   26.722916  17.947212
  14   22    0.798283   1.487057    8.947361   2.025250
  14   23    0.681880   1.432290   13.725180  14.020268
  14   24    0.544299   1.429261   22.840058  12.144471
  14   25    0.473954   1.433690   13.780087  36.301109
  14   26    0.315464   1.495256   39.741940  36.050709
  14   27    0.214576   1.456650    5.172815   2.822505
  14   28    0.146661   1.462946   20.923207  25.880226
  14   29    0.027930   1.411398   12.038751   4.271903
  15    0    2.923844   1.531209   14.669289  25.546381
  15    1    2.875656   1.552680   37.806822   6.600025
  15    2    2.736203   1.551991   32.495341  15.946139
  15    3    2.698437   1.508670   18.323646  16.422023
  15    4    2.534278   1.599658    7.581239  12.434831
  15    5    2.492337   1.559444    5.216372   8.992668
  15    6    2.397519   1.537685   22.098209  36.792072
  15    7    2.205398   1.582369   35.091128  17.482397
  15    8    2.102987   1.511215   25.762307  17.972056
  15    9    2.064098   1.520521   16.453060  37.476319
  15   10    1.921966   1.528098   34.864007   4.251737
  15   11    1.860299   1.584649   33.773024  12.063638
  15   12    1.753157   1.590732   19.187237  13.960751
  15   13    1.647149   1.569217    6.915027  10.580199
  15   14    1.529965   1.506353   33.645242  12.797220
  15   15    1.407181   1.548699   14.177605  38.012257
  15   16    1.315047   1.534392   32.124743   2.803902
  15   17    1.267459   1.521575   28.491354  32.264802
  15   18    1.117869   1.526080   12.943905   1.399465
  15   19    1.045107   1.586376    8.853946   2.943141
  15   20    0.940445   1.573708    8.493683  18.429970
  15   21    0.811951   1.566626   32.872948  17.991728
  15   22    0.772734   1.514764   26.046215   5.025962
  15   23    0.669230   1.549696   11.325911  13.479545
  15   24    0.522358   1.529644   12.377930  30.120894
  15   25    0.422467   1.568346   11.936185  27.016658
  15   26    0.373375   1.530691   11.769179  38.806889
  15   27    0.242572   1.533117   17.102020  36.731869
  15   28    0.125760   1.565058   35.106182  21.274192
  15   29    0.092135   1.518767    9.105564   5.436727
  16    0    2.971044   1.644185   37.225215  31.900967
  16    1    2.885612   1.618585   16.367438  23.546435
  16    2    2.710295   1.668667   10.302967   5.130381
  16    3    2.638713   1.606687    5.601603  14.523537
  16    4    2.518106   1.638854   23.011099  38.092271
  16    5    2.445809   1.690285   27.264351  33.055552
  16    6    2.300768   1.628742   28.317084  29.496981
  16    7    2.204555   1.691452   15.480247  28.873069
  16    8    2.188061   1.653536   27.227465  40.149243
  16    9    2.084147   1.671049   28.666969  28.060086
  16   10    1.936292   1.679734   31.433740  32.500360
  16   11    1.807779   1.696236   13.370028  38.903736
  16   12    1.705287   1.610653   14.735139  34.977167
  16   13    1.690838   1.657391   21.357403  20.775809
  16   14    1.503952   1.630031    1.276628  21.396651
  16   15    1.444270   1.660303    8.813227   2.233833
  16   16    1.377840   1.601675    8.054525  16.595349
  16   17    1.217270   1.655096   16.508675  18.474761
  16   18    1.137845   1.604058   19.806191  16.473005
  16   19    1.015103   1.614676   31.117296  38.469630
  16   20    0.901694   1.625401    6.314311   3.970255
  16   21    0.886318   1.642334   40.381107  28.552888
  16   22    0.739353   1.656911   35.320336  12.070427
  16   23    0.629025   1.670684   38.622773  31.935362
  16   24    0.579763   1.699753   28.655748  30.735857
  16   25    0.418134   1.612256   14.138339  32.555194
  16   26    0.349506   1.644735   14.863832  16.759440
  16   27    0.204573   1.635832   16.293963  16.876356
  16   28    0.174072   1.692792    8.498738  23.832430
  16   29    0.083510   1.672004   17.689224   8.689665
  17    0    2.979305   1.759058   14.452654   4.699838
  17    1    2.871465   1.796454   15.538612   9.666566
  17    2    2.784445   1.743655   35.075989  28.095067
  17    3    2.671943   1.700110   16.461854  12.361213
  17    4    2.578851   1.758259   28.519515  20.215763
  17    5    2.445858   1.731588   20.162846   2.551739
  17    6    2.322042   1.769122    8.641491   3.823139
  17    7    2.236487   1.789225   20.015960  14.256886
  17    8    2.101148   1.754403    9.986844   7.617372
  17    9    2.029083   1.747549   12.367604   3.459484
  17   10    1.921141   1.776511   25.759555  34.361970
  17   11    1.852525   1.726137   11.399951   5.513604
  17   12    1.791440   1.738622   22.373449  28.300326
  17   13    1.654476   1.747631   22.692830  16.407481
  17   14    1.507493   1.728599   21.080666  30.727968
  17   15    1.402561   1.786024   36.158820   9.499659
  17   16    1.307930   1.753263   15.341129  17.154373
  17   17    1.281902   1.776399   37.815667  27.041088
  17   18    1.116627   1.731293    2.010412  30.308459
  17   19    1.074131   1.742901    9.899189   9.741236
  17   20    0.954761   1.743991    5.087468  40.312253
  17   21    0.814591   1.703032   10.108910  27.831587
  17   22    0.730459   1.739722   22.677715  36.667483
  17   23    0.632962   1.723220   13.317726  13.525202
  17   24    0.583092   1.750060   10.991082  26.270193
  17   25    0.487890   1.733161   22.865952   7.466336
  17   26    0.375566   1.703485   13.608642  37.488792
  17   27    0.208474   1.754557   13.599192  40.709423
  17   28    0.191155   1.715956   29.915547  32.411225
  17   29    0.054546   1.763650   35.098496  38.962049
  18    0    2.901478   1.896740   33.512024   7.687314
  18    1    2.803738   1.886356    1.090374  37.271836
  18    2    2.729134   1.832608   19.578273  38.962595
  18    3    2.666117   1.819794   39.813263  11.032487
  18    4    2.532362   1.803834   39.583145  34.720308
  18    5    2.417004   1.884687   20.156134   3.129552
  18    6    2.389728   1.841370   32.390571  32.418497
  18    7    2.225137   1.839359   39.673957  37.241778
  18    8    2.160436   1.856195    2.731746  33.129496
  18    9    2.036898   1.827944   23.123848  33.759226
  18   10    1.940270   1.858990   11.175158  30.459396
  18   11    1.857634   1.892948   13.954733  27.474649
  18   12    1.724497   1.841173    4.140596   5.345385
  18   13    1.648412   1.855471    6.222472  25.149943
  18   14    1.527243   1.806750    8.167353  30.399176
  18   15    1.430609   1.855113   20.691421  36.254784
  18   16    1.391899   1.828536   39.560879  15.785056
  18   17    1.261782   1.846045   16.422481   1.619879
  18   18    1.159067   1.852001   38.706222  33.191375
  18   19    1.014096   1.865696   27.936749  12.442592
  18   20    0.937354   1.885334   27.750649  15.274656
  18   21    0.851372   1.828177   28.082941  36.027976
  18   22    0.748005   1.895271   31.021901  25.025750
  18   23    0.662397   1.845832   38.025825  24.843608
  18   24    0.586921   1.874816    9.462597  22.827850
  18   25    0.466672   1.849183   18.311963  21.911888
  18   26    0.367063   1.861179   23.525374   8.546422
  18   27    0.264118   1.858079   38.758122   8.258800
  18   28    0.170519   1.860126   13.387392  21.811473
  18   29    0.052517   1.854983   19.946780   7.083453
  19    0    2.952721   1.976330   11.006933  25.722858
  19    1    2.885598   1.925119    5.402213   4.508007
  19    2    2.701349   1.958460   35.458830  17.529651
  19    3    2.690636   1.957573   21.059708   8.212924
  19    4    2.559378   1.942410   11.149586   4.404932
  19    5    2.407360   1.946491   27.429516   2.957783
  19    6    2.375571   1.916401   27.927055  33.257617
  19    7    2.249648   1.992128   29.896228  35.933225
  19    8    2.146351   1.937688   12.763651  30.593318
  19    9    2.028174   1.977804    3.883286  15.084880
  19   10    1.960597   1.902125    4.606095  31.756490
  19   11    1.805602   1.990690   34.151460  29.995479
  19   12    1.753302   1.905108   37.148791  18.456465
  19   13    1.686354   1.961886    1.289119  27.606627
  19   14    1.515361   1.935193   18.701961  39.300262
  19   15    1.470179   1.924389   33.491252  14.007053
  19   16    1.394940   1.910197   33.989750  40.125404
  19   17    1.222895   1.926319   18.013199   8.709454
  19   18    1.160921   1.999621   19.627572  39.246239
  19   19    1.038668   1.991160   14.224158  29.283366
  19   20    0.980869   1.976979   23.192018  27.297639
  19   21    0.886058   1.986816   28.974564  31.906806
  19   22    0.794764   1.910935    5.210733  12.180189
  19   23    0.644813   1.950891   25.030538  17.344733
  19   24    0.541433   1.935098   24.063695   6.681367
  19   25    0.452013   1.920895   34.617610  32.057712
  19   26    0.317161   1.932921   15.701440  29.667452
  19   27    0.284654   1.934980    2.655045  30.589457
  19   28    0.115419   1.936361    3.249792   1.311283
  19   29    0.011151   1.901295    8.051110  38.077236
  20    0    2.912930   2.064758    5.984748  38.641247
  20    1    2.846461   2.082234    6.468728  40.674463
  20    2    2.730482   2.023897    2.825229  19.767215
  20    3    2.644671   2.003596    4.259981  16.870081
  20    4    2.506983   2.044251    2.405453  23.459451
  20    5    2.458877   2.078068   10.807031  24.134680
  20    6    2.382142   2.062139   19.952770   5.326839
  20    7    2.291056   2.027491   25.296059  33.018583
  20    8    2.187002   2.037862   40.610845   2.661067
  20    9    2.044380   2.098964   13.989903  14.772462
  20   10    1.992227   2.060826   19.512149  27.083734
  20   11    1.877044   2.096168    5.354124  38.756354
  20   12    1.761597   2.013245   30.817772   7.453666
  20   13    1.640166   2.089136   32.930304  22.348262
  20   14    1.502603   2.051242   31.106640   5.062010
  20   15    1.462704   2.023248    9.639433  18.758817
  20   16    1.397335   2.014975   26.910276  38.963025
  20   17    1.223566   2.021358    2.237322   7.103839
  20   18    1.135068   2.097876   11.853318  31.358770
  20   19    1.025223   2.061735   30.933003  24.281883
  20   20    0.952959   2.089196   25.774043  11.276223
  20   21    0.854114   2.018900    6.720189  29.649225
  20   22    0.723256   2.053720    6.363258  39.345660
  20   23    0.681026   2.074437   17.760898   1.180024
  20   24    0.504190   2.027875   33.273916  17.309453
  20   25    0.419360   2.040543    6.199406  25.744715
  20   26    0.397420   2.092408   25.317934  22.960745
  20   27    0.220819   2.090303   18.073778   6.334999
  20   28    0.127459   2.028369   23.280730  24.531779
  20   29    0.046556   2.055606   21.531264  25.509128
  21    0    2.977944   2.175389   34.048046  18.121968
  21    1    2.807184   2.136131   12.342936  17.026457
  21    2    2.785916   2.189009   26.153712  37.576107
  21    3    2.617305   2.160948   40.751978   6.585586
  21    4    2.508454   2.137347   12.521051  28.293442
  21    5    2.459318   2.158105   19.979109  27.775703
  21    6    2.336099   2.186404   33.084693  14.768613
  21    7    2.297294   2.116899   34.247716  20.796062
  21    8    2.134377   2.198068   18.143628   6.235824
  21    9    2.024536   2.172609   32.980272  19.193845
  21   10    1.948609   2.105172   12.710392  35.607874
  21   11    1.868226   2.104072   37.856743   3.815949
  21   12    1.707817   2.133951   32.785339  13.972022
  21   13    1.611153   2.110772   20.714703  33.365593
  21   14    1.511144   2.115789   26.399017  26.224961
  21   15    1.424041   2.128005   32.809956   7.399896
  21   16    1.374597   2.167383   25.429728  12.999482
  21   17    1.232331   2.146196   19.745543  40.299949
  21   18    1.157269   2.121276   38.617422  39.855736
  21   19    1.068555   2.123592    1.416034   3.690166
  21   20    0.974340   2.157156   31.859111  26.780306
  21   21    0.885528   2.120328   12.603111   9.979045
  21   22    0.739266   2.118413   28.785096  19.356607
  21   23    0.626613   2.136252   27.397480  21.138766
  21   24    0.559431   2.198155   22.779311  27.540459
  21   25    0.467143   2.104917   29.411226  14.536371
  21   26    0.338429   2.144193   21.021205  18.794987
  21   27    0.255878   2.181793   39.783787  21.574587
  21   28    0.113736   2.163502   21.790583  29.409297
  21   29    0.096963   2.166018   36.273779  35.095650
  22    0    2.981170   2.203206   18.190959  31.145718
  22    1    2.821348   2.211915    9.267979  17.946826
  22    2    2.726924   2.247365   24.610976  39.930688
  22    3    2.602038   2.218993   24.327812  37.801609
  22    4    2.504276   2.296676   36.657541  19.124691
  22    5    2.469729   2.237326   15.932787  22.275916
  22    6    2.355268   2.291639   40.958394  11.976956
  22    7    2.284576   2.288961    3.369347  13.573889
  22    8    2.187705   2.298838    8.145853  36.190934
  22    9    2.015761   2.285389   17.252700  23.343236
  22   10    1.974758   2.204695   30.497594  28.096914
  22   11    1.873476   2.216154   13.958226   6.115360
  22   12    1.748250   2.251360    5.124331  14.748399
  22   13    1.627609   2.294298   35.278148   3.650831
  22   14    1.507416   2.205406   34.258375  39.329227
  22   15    1.434107   2.270630    1.908195   2.706067
  22   16    1.362456   2.271520   16.111072   8.578707
  22   17    1.273434   2.270690   11.908059  15.182410
  22   18    1.176653   2.250649   12.931210  10.512350
  22   19    1.085945   2.265790    9.068504  12.314084
  22   20    0.962132   2.294838   27.310532   6.536106
  22   21    0.866242   2.262685   31.157053  23.496855
  22   22    0.722523   2.229491   33.446566  14.122313
  22   23    0.652668   2.285166   24.303246  25.554498
  22   24    0.520826   2.297861   16.987036   4.535883
  22   25    0.419138   2.225284   17.323503  39.685509
  22   26    0.382759   2.232254   15.244175  24.669572
  22   27    0.244333   2.261921    8.574715   1.027804
  22   28    0.124618   2.271816   38.981359  32.867473
  22   29    0.098069   2.280079   27.964738  29.724473
  23    0    2.920419   2.327672   17.638483  15.686202
  23    1    2.846229   2.375515   18.037010  32.568931
  23    2    2.795597   2.342818   21.776621   5.863546
  23    3    2.634194   2.396248   30.585616  20.753184
  23    4    2.554024   2.306334   19.686548  11.334671
  23    5    2.464030   2.355002   39.046139  21.938168
  23    6    2.311370   2.359351   39.519747  30.956281
  23    7    2.232970   2.344757   21.946730  33.810502
  23    8    2.121040   2.373627   33.964633  34.669442
  23    9    2.049841   2.303392   38.992888  31.485237
  23   10    1.938978   2.392717   21.404744  24.152106
  23   11    1.892066   2.302754   38.898489   2.559572
  23   12    1.780555   2.300367    5.659731  24.582658
  23   13    1.608767   2.382552   26.864684  21.317752
  23   14    1.576560   2.321159   35.824048   8.956147
  23   15    1.415228   2.310082   19.647333   7.532709
  23   16    1.336027   2.364336   38.382288   3.465164
  23   17    1.260592   2.323079    7.442717   5.505335
  23   18    1.171140   2.393357   15.694185   5.777630
  23   19    1.084184   2.304882    4.360323   5.427540
  23   20    0.933951   2.340917   18.106366  27.614105
  23   21    0.806193   2.348615    3.040564  31.850615
  23   22    0.755891   2.392008    1.361993  28.847490
  23   23    0.625719   2.390231   14.014362   2.985683
  23   24    0.569304   2.326045   36.643497  22.418361
  23   25    0.423297   2.329046    6.690569  39.758379
  23   26    0.325229   2.343185   27.497673  37.679439
  23   27    0.286010   2.308765   36.396294  34.985178
  23   28    0.103636   2.399648   26.056477  14.353056
  23   29    0.091177   2.302043   20.684224  20.734112
  24    0    2.941108   2.442185   30.380893  20.105740
  24    1    2.899344   2.427252   38.160133  35.877951
  24    2    2.776651   2.462823   25.419355   1.814411
  24    3    2.618921   2.427400   24.372805  36.043188
  24    4    2.538867   2.491559    1.986216  33.918939
  24    5    2.413329   2.458055   11.847668  24.603541
  24    6    2.367163   2.406909   31.329860  36.826169
  24    7    2.226854   2.463614    5.134511  16.061946
  24    8    2.175989   2.472042   27.274094   4.150802
  24    9    2.007690   2.469447   36.778698  32.110349
  24   10    1.934252   2.497688   33.580522  19.648855
  24   11    1.805744   2.481169   36.414364  35.851925
  24   12    1.742139   2.492076   11.093676   3.019712
  24   13    1.618785   2.461726   22.717153  11.115651
  24   14    1.544512   2.482905    7.394730  38.323121
  24   15    1.453397   2.451973   36.743100  11.488475
  24   16    1.323826   2.486624   31.103684  29.577769
  24   17    1.256927   2.411087   15.219330  17.635640
  24   18    1.166231   2.456312    3.633989  15.178418
  24   19    1.063245   2.479404   13.641323  11.675031
  24   20    0.992064   2.460994   23.117606  36.088853
  24   21    0.878640   2.408199   31.570521   3.816731
  24   22    0.786366   2.436443    8.382609  32.338256
  24   23    0.614534   2.458406    6.315164  29.174269
  24   24    0.556382   2.400366   35.279449  38.168886
  24   25    0.450942   2.443449    6.216260  11.599384
  24   26    0.381175   2.443311   13.316096  38.253289
  24   27    0.288739   2.480116   31.049686  26.587408
  24   28    0.103544   2.490718   17.476323  35.719559
  24   29    0.019778   2.415796   34.594460   6.745706
  25    0    2.946371   2.581253   28.259472   7.293488
  25    1    2.811787   2.520435   23.206303   1.012917
  25    2    2.714340   2.521878    2.394074   1.686760
  25    3    2.669703   2.567190   34.274664   2.762058
  25    4    2.567636   2.561100   17.341800  34.430643
  25    5    2.496732   2.577040   19.730441  22.115848
  25    6    2.326806   2.568373   24.622245   5.674965
  25    7    2.236932   2.569522   32.310692  14.247945
  25    8    2.187388   2.519893   30.153137  17.042449
  25    9    2.036454   2.544249   36.075715   8.139084
  25   10    1.989234   2.568806   14.214601  29.448827
  25   11    1.812859   2.516037   17.712899  29.202421
  25   12    1.798622   2.521341    9.310192  25.869420
  25   13    1.671023   2.540226   21.450851  14.387715
  25   14    1.521326   2.549449   31.111466   1.353233
  25   15    1.450158   2.594179   27.946331  39.819257
  25   16    1.371722   2.545227    5.836911  37.155890
  25   17    1.229321   2.525957    6.295619  18.717817
  25   18    1.176862   2.562762   16.830134  26.683060
  25   19    1.058577   2.541818   28.360990  21.302140
  25   20    0.995070   2.598960   23.766266  28.006344
  25   21    0.819532   2.580458    5.892012  38.560877
  25   22    0.776231   2.536532    9.829589   1.033891
  25   23    0.652532   2.513803   33.460495  38.231131
  25   24    0.585337   2.509485    5.369478   6.988331
  25   25    0.418115   2.521673   14.016933  24.015102
  25   26    0.352187   2.554347   20.955794   3.664937
  25   27    0.287611   2.510812    8.915363  28.011651
  25   28    0.198302   2.578743   38.418934   2.013208
  25   29    0.081866   2.587503   30.542641  21.534889
  26    0    2.927195   2.613102   15.373802  37.905418
  26    1    2.898092   2.647431   23.227169  20.937232
  26    2    2.746057   2.610897   36.891045  37.525965
  26    3    2.682680   2.616429   36.891192  32.749670
  26    4    2.515720   2.628238   17.392923  15.635650
  26    5    2.422603   2.661432    7.949838   6.397287
  26    6    2.301470   2.644513   36.515296  23.035388
  26    7    2.239618   2.692184    3.249136   2.943423
  26    8    2.119815   2.682421    4.591216  12.874086
  26    9    2.080002   2.691196   15.374313  24.761150
  26   10    1.945750   2.647910   16.575734   5.015800
  26   11    1.897897   2.641912   21.448725  23.726055
  26   12    1.761387   2.638365   27.645541  33.501570
  26   13    1.632623   2.673233   32.582857  34.469639
  26   14    1.589983   2.660881    9.371155   4.211630
  26   15    1.479403   2.602288   27.421865   4.427950
  26   16    1.369467   2.661493    2.273434   8.154043
  26   17    1.248963   2.636754   20.779225  33.865385
  26   18    1.176497   2.690978   28.740224  30.376071
  26   19    1.004338   2.693034   27.133080  36.748897
  26   20    0.915883   2.623156   29.693046   5.314958
  26   21    0.852943   2.697251   18.800977   7.293180
  26   22    0.740914   2.697581   39.057789  36.475066
  26   23    0.658622   2.662294   29.897722   7.192672
  26   24    0.567656   2.680097   32.007393   1.638654
  26   25    0.421848   2.676031   39.720155  35.001598
  26   26    0.390746   2.621936   36.108642  24.387880
  26   27    0.256644   2.693325   22.991695  21.818506
  26   28    0.199509   2.650869   18.919179   8.535931
  26   29    0.070040   2.697666   19.438603  36.377133
  27    0    2.931400   2.746379    1.244963   4.135495
  27    1    2.823973   2.786937   11.458922  17.840704
  27    2    2.784838   2.734912   32.182434   2.053090
  27    3    2.630579   2.742304    6.184160  26.042104
  27    4    2.545447   2.790946   20.233710  38.668101
  27    5    2.499654   2.759164   37.022824  26.607659
  27    6    2.358492   2.744993   24.197217  33.075672
  27    7    2.221838   2.754798   29.813977  12.347589
  27    8    2.106018   2.780560   28.200201  16.242905
  27    9    2.032679   2.718593   20.008051   2.491504
  27   10    1.919743   2.748705   17.153638  24.888161
  27   11    1.861235   2.737611   19.831223  37.792615
  27   12    1.780179   2.741024   12.074134   2.423531
  27   13    1.622253   2.712823   38.178711  22.219665
  27   14    1.518790   2.739737   19.131439  15.120892
  27   15    1.463187   2.779431   31.021410  30.900879
  27   16    1.353153   2.706993   31.944301  33.732251
  27   17    1.226465   2.758496   26.399363  29.179556
  27   18    1.145163   2.784609   23.561404   9.115411
  27   19    1.033393   2.796484    5.614607  29.086233
  27   20    0.979249   2.750149   32.728246  24.986290
  27   21    0.838963   2.794355   11.025009  27.227667
  27   22    0.711383   2.715589   28.454823  21.739548
  27   23    0.646567   2.788457   30.879772  22.038189
  27   24    0.540343   2.760777   27.563104  32.349478
  27   25    0.408262   2.721786    2.926335  38.534301
  27   26    0.300241   2.765472   21.807281  14.683448
  27   27    0.269707   2.736017   21.057473  35.158697
  27   28    0.167789   2.740941    4.323899   4.130469
  27   29    0.049267   2.722296    3.056463  29.995201
  28    0    2.919049   2.864956    9.583006   6.267801
  28    1    2.868038   2.891860    2.537228   2.581434
  28    2    2.758612   2.892464   36.675512   1.358800
  28    3    2.671650   2.866376   24.465456  22.741321
  28    4    2.579233   2.848285   12.686043  40.795538
  28    5    2.405716   2.842253   31.185736  29.304875
  28    6    2.391830   2.807924   11.064610  40.170032
  28    7    2.224664   2.853207    4.668825   9.277999
  28    8    2.194617   2.837886    9.324485  34.478230
  28    9    2.028415   2.841017   20.732223  11.970372
  28   10    1.925791   2.897856   31.057752  38.031221
  28   11    1.833027   2.845659   12.276286  32.784766
  28   12    1.766762   2.803692    9.174026   4.968442
  28   13    1.689895   2.842908   11.117179  37.816509
  28   14    1.532358   2.812369   10.431948  35.837969
  28   15    1.473463   2.890037    1.787031  33.107052
  28   16    1.300719   2.817859   15.747078   1.529297
  28   17    1.259681   2.888340   15.710717  31.340976
  28   18    1.198816   2.840387   16.423899  37.914313
  28   19    1.016526   2.835030   20.457745  33.971040
  28   20    0.969553   2.850575    3.373704  22.872499
  28   21    0.823931   2.816419   36.306813   8.201209
  28   22    0.703361   2.894706   14.544184  21.946692
  28   23    0.633309   2.889314   21.149628  15.952910
  28   24    0.521007   2.877668    5.200622  19.696057
  28   25    0.466637   2.808228    4.799675  25.885055
  28   26    0.345016   2.816079   36.362639  40.883242
  28   27    0.241651   2.882251    5.060672  29.733730
  28   28    0.194649   2.895716   18.614518   8.952971
  28   29    0.093238   2.887320   20.448491  10.682698
  29    0    2.983856   2.954525    1.671175  28.829686
  29    1    2.841443   2.917169   28.249442  34.171241
  29    2    2.792874   2.965365    4.495933  16.882123
  29    3    2.633780   2.929369   21.636803  10.491118
  29    4    2.522380   2.911075   36.430289  12.973040
  29    5    2.463658   2.931630   15.856614  33.719788
  29    6    2.324120   2.928542   26.709960  17.832625
  29    7    2.237708   2.957946    1.032766  32.982305
  29    8    2.133903   2.948145   17.905515   3.564414
  29    9    2.032696   2.904184   17.930508  19.729641
  29   10    1.911645   2.970297   28.240010   5.912877
  29   11    1.847423   2.928349    3.056530  38.666499
  29   12    1.718818   2.901753    8.400065   3.992135
  29   13    1.616668   2.972034   30.762883  30.156966
  29   14    1.536246   2.920941   30.370899  26.495575
  29   15    1.412692   2.926467   32.561005  28.381707
  29   16    1.344599   2.953769    8.989919  32.976461
  29   17    1.215221   2.949071   37.641237  12.215686
  29   18    1.156257   2.919213   31.327490   4.609935
  29   19    1.083042   2.934606   13.632249  14.740721
  29   20    0.900393   2.947418   34.667597  20.917122
  29   21    0.809513   2.958737   12.923850  22.502491
  29   22    0.723196   2.982162   10.775165  17.252367
  29   23    0.690221   2.941250   27.415746  37.066928
  29   24    0.572064   2.954215    2.300875  12.424940
  29   25    0.473954   2.921172    3.343846  29.126240
  29   26    0.386428   2.952452   16.588352  26.646859
  29   27    0.207863   2.996700   27.874800  29.350119
  29   28    0.118551   2.925569   12.812698  37.068791
  29   29    0.024315   2.959083   10.448495  30.373004
  30    0    2.955181   3.018794   40.293375  21.486318
  30    1    2.850451   3.041545    4.387317  40.753581
  30    2    2.705400   3.087220   18.988527  20.369138
  30    3    2.651816   3.011802    8.080029  14.438013
  30    4    2.561303   3.030207   37.591872   3.186119
  30    5    2.448682   3.059920   10.087209  38.203706
  30    6    2.326323   3.059749   40.317383  37.069403
  30    7    2.267805   3.071986   38.804206  14.755736
  30    8    2.141094   3.049814   20.371018  24.181105
  30    9    2.013359   3.034504    4.856688  10.593361
  30   10    1.918648   3.013332   16.272826  18.716419
  30   11    1.858640   3.084401   23.192881   5.459366
  30   12    1.729588   3.018869   36.606830  15.297307
  30   13    1.674914   3.005212   31.875674  24.130294
  30   14    1.553522   3.089968   39.440134  37.581214
  30   15    1.425370   3.071256    5.866828  31.500941
  30   16    1.335640   3.026726   24.566778  29.229602
  30   17    1.260656   3.058527   16.634591   8.361790
  30   18    1.156719   3.051368   39.895917  18.951374
  30   19    1.057842   3.073530   12.205071  17.963368
  30   20    0.941171   3.007449   17.717965  17.156599
  30   21    0.846886   3.099441    7.316797  22.406863
  30   22    0.790918   3.035709    2.246421  23.826248
  30   23    0.667835   3.022753   19.626961  33.095582
  30   24    0.542944   3.008766   26.747123  25.523966
  30   25    0.497946   3.082935    5.456876  40.927210
  30   26    0.305311   3.031464    6.730783  14.046220
  30   27    0.280821   3.082687   37.353267  29.602106
  30   28    0.130219   3.004076   15.098678  30.027470
  30   29    0.079358   3.006978   25.781078  29.368182
  31    0    2.933396   3.101506   35.795465  21.887328
  31    1    2.860987   3.125368   18.552511  18.718255
  31    2    2.766647   3.143196   34.437127  33.826978
  31    3    2.607115   3.193971   34.136123   8.001031
  31    4    2.594817   3.115688   17.546139  16.152452
  31    5    2.419095   3.130954   18.778812   1.602233
  31    6    2.319770   3.162578   36.439987  27.022654
  31    7    2.270278   3.112614   22.412644  14.297672
  31    8    2.132109   3.175106   27.483258   6.790346
  31    9    2.027823   3.125836   24.607485  32.575376
  31   10    1.956481   3.100667    7.327555  14.424628
  31   11    1.838952   3.117129    9.369504   3.169219
  31   12    1.788209   3.136245   19.927573  20.073743
  31   13    1.644170   3.198469    6.374642  38.741786
  31   14    1.597801   3.189134    1.535736   8.647359
  31   15    1.444774   3.105805    6.265241  14.599533
  31   16    1.305597   3.168210   30.541833  26.367794
  31   17    1.213542   3.157369   38.927045  30.518614
  31   18    1.101339   3.115663   20.938190  15.559958
  31   19    1.096012   3.125813   36.202896  28.205047
  31   20    0.902910   3.101252    1.354939  32.520094
  31   21    0.805145   3.120731   24.288466  27.608234
  31   22    0.714786   3.179011   16.024044   9.123727
  31   23    0.664383   3.176245   26.094466  14.252107
  31   24    0.559912   3.149783   29.694777  40.903533
  31   25    0.403261   3.152128   40.148801  34.943565
  31   26    0.318815   3.182030   15.437418  22.648143
  31   27    0.255707   3.186326   40.151239  20.663084
  31   28    0.116654   3.118090   12.436001  27.143235
  31   29    0.054051   3.181731   28.082185  13.137786
  32    0    2.952732   3.233374   40.285018  13.496553
  32    1    2.851502   3.270763   13.806255  25.542501
  32    2    2.767708   3.221951   26.969002  18.558823
  32    3    2.642472   3.277516   25.400365  37.969693
  32    4    2.591245   3.253570   29.618050   8.272832
  32    5    2.483629   3.289175   36.975150  14.754439
  32    6    2.307319   3.284344   40.296323   5.353273
  32    7    2.248924   3.255906   34.547570  13.435953
  32    8    2.115709   3.206178   13.494698   5.520240
  32    9    2.079093   3.261555    5.561621  34.082453
  32   10    1.956331   3.288475   27.662761  26.579596
  32   11    1.810238   3.246297   33.943146  32.901505
  32   12    1.798213   3.299726   20.029412   2.963739
  32   13    1.687119   3.216726   30.113783  15.503261
  32   14    1.576763   3.296306   32.125413  22.916598
  32   15    1.484613   3.248930    4.178182  12.879348
  32   16    1.391852   3.231135   12.835272   6.327018
  32   17    1.275603   3.275737   40.537638  27.105454
  32   18    1.154879   3.265799   26.469914  18.284983
  32   19    1.095111   3.250553   13.472401  33.970985
  32   20    0.995562   3.266335    5.265665   6.755474
  32   21    0.859055   3.297161   35.773941   6.184475
  32   22    0.708623   3.225072    8.879115   2.335027
  32   23    0.601320   3.287330   16.297548  33.498747
  32   24    0.536861   3.278763   27.861524   3.876403
  32   25    0.495132   3.236231   37.344678   5.045116
  32   26    0.350260   3.286680   13.760451  15.837089
  32   27    0.223794   3.269456   29.073534  24.361276
  32   28    0.190872   3.291467   35.410392   1.527639
  32   29    0.061888   3.294788   15.675437  29.042784
  33    0    2.910114   3.310206    9.138253  31.006207
  33    1    2.820878   3.306922   36.843585  24.643393
  33    2    2.728972   3.393505   10.023544  33.185914
  33    3    2.602828   3.363977   28.099897  36.394791
  33    4    2.502224   3.346392   22.017253  28.792018
  33    5    2.492533   3.300883   34.834644  12.511612
  33    6    2.365434   3.326339    6.637428   4.126160
  33    7    2.201902   3.386659   17.452704  39.292906
  33    8    2.187809   3.320984    3.123523   5.165267
  33    9    2.060762   3.390091   18.809274  30.926554
  33   10    1.945423   3.360940   17.345678  27.343031
  33   11    1.825520   3.391474   10.156972  15.848438
  33   12    1.767385   3.341516   32.429115   8.432147
  33   13    1.651249   3.366843   28.115322  16.703497
  33   14    1.592700   3.311301   20.967934  20.265874
  33   15    1.443719   3.375530   22.712660  32.401074
  33   16    1.307397   3.335223   36.866634  39.607717
  33   17    1.275830   3.301884   35.339580  18.452329
  33   18    1.110399   3.355055   34.261738  19.298412
  33   19    1.017583   3.337649   35.492088  25.722749
  33   20    0.982226   3.351296    1.640009  17.879656
  33   21    0.890392   3.342746    6.471704  37.928140
  33   22    0.703227   3.356914   31.183735  39.214375
  33   23    0.615024   3.389141    2.748816  24.647777
  33   24    0.587432   3.385677   26.537701  23.193597
  33   25    0.477810   3.374941   25.484633  19.323707
  33   26    0.364462   3.315613    6.606455  34.440353
  33   27    0.292038   3.394052   37.746172  40.660509
  33   28    0.155087   3.311588   28.654605  37.991297
  33   29    0.080547   3.360493   27.237767   1.035133
  34    0    2.946093   3.480091   30.896894   9.257091
  34    1    2.851540   3.415830    1.911638  26.971753
  34    2    2.777064   3.424022   22.928891  20.132880
  34    3    2.682506   3.493246   12.609144  14.431869
  34    4    2.505467   3.405581   31.763182  13.950503
  34    5    2.466890   3.472385   16.923382  35.615222
  34    6    2.317138   3.431370    1.900038  29.034424
  34    7    2.214759   3.435395   29.762877   4.162388
  34    8    2.196809   3.445330    9.775545  13.943632
  34    9    2.032226   3.426469   28.635159  32.095238
  34   10    1.967757   3.452411    6.094310  17.052120
  34   11    1.834751   3.424716   15.458086  14.526749
  34   12    1.750961   3.498653    3.967853  28.940826
  34   13    1.676694   3.463351    1.745842  37.116976
  34   14    1.582342   3.401849   26.443923  28.144267
  34   15    1.403599   3.466920   40.305591  16.447312
  34   16    1.361709   3.461013   13.925972  29.115369
  34   17    1.254714   3.432730   14.119839  34.930456
  34   18    1.188984   3.472614   30.146151  35.842353
  34   19    1.061086   3.452610   31.878611  39.568839
  34   20    0.972063   3.446839   14.769187   5.371814
  34   21    0.899358   3.456837    9.664627  17.819567
  34   22    0.766388   3.448128   11.368627  22.562459
  34   23    0.672966   3.463271   19.583704   4.019245
  34   24    0.528826   3.480788   11.430941  40.714279
  34   25    0.400981   3.431686   18.671678  26.267362
  34   26    0.337918   3.402728   18.207082  32.288251
  34   27    0.200181   3.455768   35.198229  16.362243
  34   28    0.148840   3.478138    8.645139  19.751949
  34   29    0.048185   3.473424   24.527003  14.328862
  35    0    2.914627   3.573465   37.301782  18.656806
  35    1    2.814617   3.539787   12.980546  24.273135
  35    2    2.715251   3.560036   23.044275  23.373030
  35    3    2.643253   3.586730   25.697579  19.742641
  35    4    2.593096   3.511471   27.518893  40.478516
  35    5    2.460982   3.587682    3.259230  14.468991
  35    6    2.397153   3.574287   33.775612  25.618417
  35    7    2.279141   3.557223   11.899908   8.312422
  35    8    2.188977   3.546102    4.103055   6.722321
  35    9    2.039441   3.541178   23.407535  28.424478
  35   10    1.960979   3.517402   18.041692  39.786316
  35   11    1.840147   3.594827   23.356953  12.089949
  35   12    1.762071   3.520056    4.707384  22.997534
  35   13    1.658600   3.504387   40.109359  40.404586
  35   14    1.516993   3.578589   27.971406  30.799071
  35   15    1.463366   3.580043   32.049695  30.890372
  35   16    1.363820   3.578677   18.707167   1.563490
  35   17    1.283457   3.537583   26.822972  32.345491
  35   18    1.119238   3.551416   35.227879  40.863451
  35   19    1.073039   3.590095   33.869586  16.671407
  35   20    0.913057   3.521636   11.203510   6.898278
  35   21    0.877928   3.591192   10.348736  10.114818
  35   22    0.712308   3.583820   39.759426  25.455643
  35   23    0.674909   3.506882   30.578112  30.307516
  35   24    0.580885   3.550208   23.123157  18.857806
  35   25    0.416553   3.544459   30.407091  35.682548
  35   26    0.393301   3.562189   29.099822  26.662202
  35   27    0.272680   3.533712   30.479749  30.290347
  35   28    0.140542   3.568331   18.820774   5.456452
  35   29    0.014998   3.538228   26.133035  39.733818
  36    0    2.932304   3.650210   24.624137  40.908208
  36    1    2.843710   3.672751    6.714542   2.886709
  36    2    2.713105   3.620664    2.589903   7.300538
  36    3    2.603958   3.616300   33.393361  29.254864
  36    4    2.569786   3.628183   21.166390  28.103879
  36    5    2.486031   3.640153    2.076560  33.285303
  36    6    2.314900   3.675838   15.488870  25.705896
  36    7    2.246070   3.614827    6.832903  34.623365
  36    8    2.184237   3.603510   36.405268  39.240895
  36    9    2.023807   3.620822   19.264488   7.263478
  36   10    1.987472   3.688107   33.887885  36.530758
  36   11    1.870448   3.664176   30.556029  30.734422
  36   12    1.798436   3.688062   16.424162   9.469672
  36   13    1.633347   3.689752   25.470592   2.905259
  36   14    1.565980   3.695606    1.143573  21.755236
  36   15    1.474451   3.692735   11.349639  36.693441
  36   16    1.367685   3.663126   33.851769  13.688853
  36   17    1.226778   3.651909   10.214311   1.901887
  36   18    1.116868   3.638410   33.807209  40.838621
  36   19    1.017285   3.647109   38.353923   8.607155
  36   20    0.968386   3.677626   24.989510  31.678241
  36   21    0.805484   3.677597    5.326737  39.966139
  36   22    0.750682   3.604605   13.772883  13.885782
  36   23    0.605057   3.668148    3.087113  30.004041
  36   24    0.580309   3.650343    2.332015  39.806460
  36   25    0.470425   3.635272   25.992213   5.891658
  36   26    0.390881   3.637567   27.771869  18.653883
  36   27    0.241891   3.687277    3.730499  34.415382
  36   28    0.130915   3.671813    8.886924  16.344550
  36   29    0.051446   3.648748   21.753318  28.788557
  37    0    2.954514   3.762662    5.619420  33.430683
  37    1    2.896703   3.732572   27.579942  24.648225
  37    2    2.745095   3.726619   10.700258  17.416790
  37    3    2.692681   3.730752   16.385477   3.026541
  37    4    2.575607   3.716562   38.620268  27.815680
  37    5    2.410262   3.759035   15.570142   3.281484
  37    6    2.318680   3.781786   13.993597  10.619959
  37    7    2.206165   3.769785   25.547450  10.416803
  37    8    2.177138   3.787379   29.539060  33.435321
  37    9    2.042129   3.742523   22.777914  38.916431
  37   10    1.909083   3.711960   23.319338   3.342321
  37   11    1.880761   3.772233   31.113951   9.163932
  37   12    1.772439   3.798830   15.541984  36.623556
  37   13    1.632104   3.701781   38.810713  22.712841
  37   14    1.511435   3.757101   27.140253  12.813558
  37   15    1.408515   3.786688   21.096648   9.119095
  37   16    1.351900   3.796627   35.515836  25.098967
  37   17    1.225762   3.738042    1.986662  39.742025
  37   18    1.163574   3.733372    7.239633  34.916905
  37   19    1.065543   3.762434   34.059786   2.865741
  37   20    0.985831   3.720294   23.170787  10.669734
  37   21    0.888718   3.706632   31.212345   9.688010
  37   22    0.798238   3.742942   18.368228  18.794758
  37   23    0.659563   3.719040   36.936693  12.169069
  37   24    0.549336   3.768625   17.333075  19.997678
  37   25    0.409208   3.760048   29.464587  21.428112
  37   26    0.335833   3.753393   34.534269  24.278972
  37   27    0.231184   3.729027   35.153418  19.320516
  37   28    0.150060   3.791973   30.833908  15.452643
  37   29    0.063607   3.726948   22.782501  36.024157
  38    0    2.986134   3.842445   28.342798  29.177128
  38    1    2.871050   3.840556   23.965741   2.908522
  38    2    2.714676   3.869586    9.400791  38.088449
  38    3    2.694486   3.816516    8.676032   2.655591
  38    4    2.502264   3.828700   39.790568  23.446000
  38    5    2.489969   3.892084   39.915813  27.546805
  38    6    2.364960   3.855176    1.957557  34.771693
  38    7    2.225825   3.862661   17.857261   2.025740
  38    8    2.105334   3.834097   40.922761  37.283483
  38    9    2.054110   3.895952   21.314683  27.091411
  38   10    1.989323   3.898950   33.739330   1.494614
  38   11    1.814987   3.847478   23.200705   1.772461
  38   12    1.773079   3.848801   12.757762  40.170226
  38   13    1.672400   3.892851   36.656943  10.877782
  38   14    1.590649   3.879271   23.628688   4.903303
  38   15    1.416058   3.868456   19.838880  18.414440
  38   16    1.360869   3.894209   20.886267  17.892221
  38   17    1.298221   3.804125    9.873760  32.509093
  38   18    1.166315   3.802193   17.119260  14.072492
  38   19    1.004175   3.838861   10.299356  10.364381
  38   20    0.998443   3.804794    6.150940  24.575605
  38   21    0.882511   3.833853    1.330531  30.727110
  38   22    0.751232   3.852031   16.313020   4.558173
  38   23    0.685438   3.835763   38.589582  36.540343
  38   24    0.580729   3.874473   16.812897  16.764911
  38   25    0.490392   3.897679   33.475422  21.896819
  38   26    0.329782   3.801211   18.357516   6.759296
  38   27    0.292020   3.835147   27.135698  25.106471
  38   28    0.146111   3.838215   18.611256   6.576031
  38   29    0.068421   3.880325   20.045031  13.636067
  39    0    2.997501   3.912561    3.729301  20.619810
  39    1    2.837093   3.998580   20.481612  26.874369
  39    2    2.710494   3.984591   29.121996  40.955133
  39    3    2.624583   3.948762    7.733438  19.121481
  39    4    2.528374   3.992286   25.769790   8.702273
  39    5    2.479162   3.900862    9.654579  37.896373
  39    6    2.300545   3.919957   12.822388   4.074790
  39    7    2.258127   3.972968   29.230869   1.601906
  39    8    2.178602   3.976800    2.879827  29.664305
  39    9    2.020433   3.913136    1.103530   5.781960
  39   10    1.904441   3.929990   23.267247   9.898561
  39   11    1.851362   3.931246   36.538260  28.650605
  39   12    1.732685   3.961631   24.779176  24.169113
  39   13    1.638814   3.980897    4.116411   4.268559
  39   14    1.533517   3.909270    8.783237   1.945281
  39   15    1.410521   3.902043   33.463926   5.687485
  39   16    1.372705   3.905605   34.237214  15.261357
  39   17    1.228164   3.961363   20.622767  10.578004
  39   18    1.163139   3.954609   28.087508  27.284308
  39   19    1.017794   3.969227   16.208633   8.302594
  39   20    0.926651   3.968504   35.681061  15.239594
  39   21    0.896398   3.909650   11.287841  10.089881
  39   22    0.796194   3.942840   32.236885  21.792976
  39   23    0.631652   3.992780   20.945277   2.912128
  39   24    0.526644   3.965407   32.087406  21.056550
  39   25    0.446048   3.928213   21.804416   2.863021
  39   26    0.367528   3.938763   19.313887  33.707508
  39   27    0.247562   3.921850   27.299457  35.278221
  39   28    0.182942   3.945913   21.564267  10.278485
  39   29    0.036914   3.919003   23.288673  16.536385
  40    0    2.982712   4.003945   18.255800  22.498632
  40    1    2.806210   4.052125   36.637173  16.423745
  40    2    2.754549   4.031453   35.028951  19.634877
  40    3    2.605382   4.002793   30.686288  40.140596
  40    4    2.559483   4.002093    8.233076  20.103156
  40    5    2.411329   4.054474   14.065898   5.473379
  40    6    2.372331   4.068891    6.388447  38.189696
  40    7    2.290046   4.095125   33.095047   3.351363
  40    8    2.115229   4.021687    9.983291  11.542753
  40    9    2.094259   4.026814   33.055284  18.952206
  40   10    1.945458   4.083619   36.628517  17.165513
  40   11    1.888226   4.053334   39.910205  15.716054
  40   12    1.718862   4.061585   35.506927  21.961196
  40   13    1.637330   4.046154   11.583747   6.073069
  40   14    1.557055   4.040351   23.217723  28.451678
  40   15    1.442999   4.034100   36.698856  10.384660
  40   16    1.300464   4.050305   32.531212  27.111306
  40   17    1.243192   4.022768   38.717179  39.543956
  40   18    1.129918   4.044808   36.232654  13.827846
  40   19    1.035354   4.025982   14.709551  26.876401
  40   20    0.987036   4.094673   10.148285  34.322858
  40   21    0.812195   4.083455   20.526038  21.426646
  40   22    0.718147   4.044518   32.610583  16.934073
  40   23    0.631071   4.046386    7.923425  17.413233
  40   24    0.507728   4.078565   22.033920  10.982684
  40   25    0.464927   4.035826   24.247067  13.577883
  40   26    0.355566   4.011915   29.935821  40.018750
  40   27    0.206948   4.017424    1.553074  31.351497
  40   28    0.186908   4.057417   13.653069  27.558248
  40   29    0.022018   4.090594   29.595899  32.204313
  41    0    2.966772   4.117944   31.166018  37.495616
  41    1    2.855966   4.160106   25.895435   2.242958
  41    2    2.718422   4.119231   29.858476  32.195915
  41    3    2.628334   4.143796    6.136780  36.062443
  41    4    2.521697   4.129386    1.704644   8.341106
  41    5    2.446022   4.171337   39.444928  12.056494
  41    6    2.389412   4.107763    9.288598   3.925184
  41    7    2.283645   4.145914    5.615675   7.834869
  41    8    2.189525   4.188093   10.225921  39.363281
  41    9    2.081828   4.173155   15.173092  37.091681
  41   10    1.997041   4.128608    1.971103   1.500128
  41   11    1.816901   4.109845    8.163010  38.214023
  41   12    1.722818   4.155342   14.658440   1.373585
  41   13    1.694580   4.148669   13.880980  30.115513
  41   14    1.576500   4.183876   16.538175  34.909284
  41   15    1.416210   4.134677   31.272280  12.224695
  41   16    1.377735   4.129512   24.733725  10.292690
  41   17    1.259024   4.104151   38.530557   3.253531
  41   18    1.133643   4.106169   33.459891  16.585263
  41   19    1.001629   4.147209   20.460797  27.316563
  41   20    0.951178   4.170284   22.505983  15.221668
  41   21    0.812510   4.121741   33.461351  26.166580
  41   22    0.750610   4.187555   10.701913  19.345304
  41   23    0.602894   4.188194   10.518812   2.758005
  41   24    0.590738   4.187574   32.249299   5.509753
  41   25    0.425652   4.192201    2.398613  24.044475
  41   26    0.307814   4.124254   38.213749  38.094041
  41   27    0.279164   4.195232   16.253265  29.862424
  41   28    0.108295   4.178384   21.138520  18.849923
  41   29    0.049209   4.142190   29.159220  29.947803
  42    0    2.940621   4.222724    7.653821  22.319727
  42    1    2.892930   4.259280    1.632416  22.578341
  42    2    2.703139   4.219804    2.120086  22.433577
  42    3    2.636784   4.295501   34.961596  36.029122
  42    4    2.524116   4.237858   13.757615  36.415166
  42    5    2.425162   4.256737    6.237605  37.974510
  42    6    2.375456   4.251339   40.379041  29.195531
  42    7    2.217953   4.232724   36.245872  38.164806
  42    8    2.154290   4.239002   33.755129  14.854599
  42    9    2.093831   4.284036   37.928391   6.151308
  42   10    1.986061   4.204780   34.808499  21.180610
  42   11    1.871448   4.238767   36.910564  38.528782
  42   12    1.769016   4.224482    1.243907  29.257798
  42   13    1.612894   4.246723   30.627317  19.109633
  42   14    1.593210   4.264821   35.887793  22.063059
  42   15    1.422983   4.252720   18.871994  20.639412
  42   16    1.327177   4.230354   40.923870  34.372619
  42   17    1.203863   4.279957   16.130557  18.108580
  42   18    1.172376   4.268615   31.375565  30.850046
  42   19    1.067342   4.259484   24.852722   1.410773
  42   20    0.939298   4.204076   40.600229  30.007260
  42   21    0.847073   4.202390   28.850691   9.043135
  42   22    0.799836   4.277491   21.224052  18.800490
  42   23    0.689345   4.287640   17.305227  34.739574
  42   24    0.518049   4.238811   26.860708  25.943475
  42   25    0.434740   4.230378   32.397860  25.373135
  42   26    0.355921   4.279012   13.120813   1.590474
  42   27    0.233282   4.202997    7.377096  11.158976
  42   28    0.191968   4.289051   20.833330   6.862001
  42   29    0.062933   4.204488    6.905547  28.134755
  43    0    2.978807   4.302598   20.064139   8.756493
  43    1    2.845450   4.312281   37.823964  28.090553
  43    2    2.700776   4.313281   20.431024  24.311434
  43    3    2.674567   4.305233   26.007239  22.565754
  43    4    2.574695   4.356901   31.378419  22.447777
  43    5    2.489381   4.316416   13.776459  35.225643
  43    6    2.365633   4.314374    5.489300  32.751814
  43    7    2.240524   4.360006    2.370218  40.875752
  43    8    2.165231   4.322152   18.575684   7.518952
  43    9    2.008376   4.377847   25.267399  29.567354
  43   10    1.902701   4.373428   32.203237  16.704176
  43   11    1.841008   4.368157   30.692733  10.692764
  43   12    1.728049   4.355657    7.469600   4.994283
  43   13    1.684969   4.391361   15.425499   4.664452
  43   14    1.523370   4.397739   13.270037   6.037292
  43   15    1.484254   4.396174   27.070792  18.717269
  43   16    1.361273   4.393681   17.948149  30.934741
  43   17    1.221902   4.372857   18.241824  28.568407
  43   18    1.139506   4.328630   30.143394  26.422887
  43   19    1.074690   4.319907   13.640845   9.115031
  43   20    0.977849   4.357887    2.811254  12.739166
  43   21    0.844247   4.305526   39.815250  35.044817
  43   22    0.767082   4.379816   33.805940   1.990547
  43   23    0.617662   4.315806    7.404589   6.179956
  43   24    0.510570   4.399561    7.079593   4.910748
  43   25    0.497274   4.307876   26.983180   2.570496
  43   26    0.396552   4.302026   40.465992  37.213594
  43   27    0.222844   4.328112    2.142152  40.798205
  43   28    0.183635   4.339807   19.180855  16.320098
  43   29    0.089666   4.313079   17.243761   5.647439
  44    0    2.973328   4.494580   18.584875  35.057166
  44    1    2.843422   4.463962   22.319908  10.244837
  44    2    2.781627   4.488926   35.419689  30.996150
  44    3    2.606710   4.474073   13.875855  32.964944
  44    4    2.506711   4.409623   33.641061  18.419752
  44    5    2.463179   4.493355   37.899169  30.844214
  44    6    2.321752   4.453184   29.137593  14.476144
  44    7    2.293051   4.433883   20.163020  36.941119
  44    8    2.100651   4.419717   27.037371  11.899433
  44    9    2.018585   4.455943   18.952006  13.025431
  44   10    1.910196   4.462156    5.968993  27.745942
  44   11    1.879638   4.425611   36.627733   9.175043
  44   12    1.774678   4.444498   15.557496  30.916085
  44   13    1.617991   4.401580   18.990454  38.304010
  44   14    1.538477   4.474870   16.599768  20.801920
  44   15    1.404457   4.491549   35.182130   6.340811
  44   16    1.318380   4.457104   27.778082  15.220783
  44   17    1.295057   4.416613   25.915336   7.721120
  44   18    1.150636   4.447941    8.434460   7.865707
  44   19    1.051667   4.435866   14.101492  21.054734
  44   20    0.997770   4.416067   23.842634  33.823670
  44   21    0.808504   4.412829    9.490977   1.271560
  44   22    0.787125   4.473901    7.578433  16.282987
  44   23    0.608752   4.450320    7.726734   2.246927
  44   24    0.506919   4.493379   15.003487  18.371521
  44   25    0.475307   4.481050    4.252036  37.851767
  44   26    0.386268   4.422929   12.541214  11.137648
  44   27    0.216289   4.477465   14.802154  19.568542
  44   28    0.133204   4.494439    9.338088  12.006278
  44   29    0.099446   4.436302   36.748726  15.259091
