   0    0    4.660477   0.047563    6.387633   1.350071
   0    1    4.575792   0.015504   34.485416   5.152558
   0    2    4.497883   0.079484   28.321327   7.408865
   0    3    4.369265   0.067736   23.168251   3.778768
   0    4    4.245004   0.019399    4.645479   2.518718
   0    5    4.115383   0.062848    4.923471  14.531628
   0    6    4.029340   0.051779   16.660683  10.390135
   0    7    3.912401   0.002868    1.258760  22.253634
   0    8    3.844868   0.029645   20.041614  13.905290
   0    9    3.797521   0.093923    8.126149  32.765880
   0   10    3.625971   0.042091    6.721803  35.767000
   0   11    3.550402   0.072673   36.661640  11.582157
   0   12    3.454640   0.002811   31.043588   3.240900
   0   13    3.373459   0.094134    5.485537   9.033770
   0   14    3.206508   0.037571   18.836574  40.424676
   0   15    3.144312   0.027031   34.027592   1.117807
   0   16    3.070092   0.013895   27.501980  32.298480
   0   17    2.950477   0.088486   16.380151  19.326922
   0   18    2.849302   0.087223   25.844351   1.881020
   0   19    2.728047   0.051117   36.471519  22.914007
   0   20    2.681828   0.034324   34.306133  35.136073
   0   21    2.534561   0.072516   17.890861   3.490418
   0   22    2.475442   0.007018    9.424698  17.844524
   0   23    2.391673   0.029579   25.484982   4.551774
   0   24    2.280596   0.067042   10.745466  34.477333
   0   25    2.135442   0.088336   10.886434   7.470607
   0   26    2.080832   0.056379   34.088820   1.175132
   0   27    1.911222   0.003671   40.421404  20.690509
   0   28    1.892612   0.016444   31.982591   3.260486
   0   29    1.746087   0.022721    1.384966  10.301686
   0   30    1.623106   0.094232   30.235936   2.279153
   0   31    1.524638   0.060788   11.460281   7.873179
   0   32    1.438266   0.063850    9.044503  28.386993
   0   33    1.383752   0.029197   16.097436  25.362298
   0   34    1.244224   0.047840   27.680845  40.969492
   0   35    1.128470   0.020854   29.956648  17.117146
   0   36    1.082581   0.044242   13.738084   3.701171
   0   37    0.954718   0.001100    1.059640  15.433405
   0   38    0.884620   0.052609   31.058931  19.822472
   0   39    0.744919   0.009029   30.082044   8.821891
   0   40    0.620759   0.044946    4.896172   9.232023
   0   41    0.579805   0.047535   22.258757  11.088672
   0   42    0.419749   0.046077   18.514862  21.062485
   0   43    0.383855   0.029164   25.663237   4.524878
   0   44    0.217198   0.071972    2.360453  23.728523
   0   45    0.192787   0.049203   37.160790  31.948626
   0   46    0.024904   0.024287   35.081229  19.005723
   1    0    4.699400   0.177489   16.124951  20.036816
   1    1    4.591325   0.154725    5.107407  27.519613
   1    2    4.498803   0.196051   36.045142  20.329836
   1    3    4.349160   0.193744    2.153377  10.094248
   1    4    4.215701   0.160960    5.442842  14.487568
   1    5    4.118611   0.184762   39.923588   2.730145
   1    6    4.054889   0.133684    2.052561   6.820357
   1    7    3.954295   0.177168   34.466676  12.551634
   1    8    3.871493   0.109727   28.012987  19.813949
   1    9    3.790118   0.109335   17.036452  27.884047
   1   10    3.609726   0.170508   28.852724  17.312699
   1   11    3.549562   0.156237   25.982485  37.691448
   1   12    3.408063   0.198186    5.344116  25.220672
   1   13    3.348953   0.125390   39.107014  33.925930
   1   14    3.214723   0.122544   24.837693   1.025562
   1   15    3.128156   0.159525   36.089056  24.909815
   1   16    3.000228   0.114050   27.478860   1.145685
   1   17    2.996977   0.144742   19.990566  38.692414
   1   18    2.893543   0.197877    2.747504  29.045590
   1   19    2.786253   0.128843   17.523634  22.393305
   1   20    2.604933   0.139910   23.050243  17.261161
   1   21    2.540125   0.126133   39.671714   6.864402
   1   22    2.432171   0.147688    3.634132  22.920400
   1   23    2.380463   0.122181   37.421987  25.573413
   1   24    2.277077   0.136725   31.879679  19.041371
   1   25    2.115709   0.194862   31.779978  12.431571
   1   26    2.026655   0.135817   34.070089   2.834124
   1   27    1.954566   0.136459   32.901645  15.358867
   1   28    1.877181   0.143700   24.022734  37.428711
   1   29    1.720058   0.195700   10.092212  30.700305
   1   30    1.600605   0.103822    5.507895  14.896725
   1   31    1.541387   0.158280   32.585061  28.177012
   1   32    1.470507   0.134013   19.168875  16.129116
   1   33    1.329842   0.149789   10.428090  16.876355
   1   34    1.279577   0.133479   34.696681  27.078328
   1   35    1.120678   0.175899   25.468980  19.855538
   1   36    1.092229   0.190823   30.301484  11.068129
   1   37    0.985468   0.111236   14.344904  18.253437
   1   38    0.884439   0.133672   34.062176  13.319827
   1   39    0.788846   0.110614   28.546238  15.375779
   1   40    0.628277   0.193037    5.524375   6.538849
   1   41    0.579870   0.144086   11.037936  37.039050
   1   42    0.480845   0.103643   10.956311  15.351004
   1   43    0.371416   0.150762   34.586259   6.528852
   1   44    0.236459   0.125273   31.961062   2.573038
   1   45    0.171090   0.165408    3.852638  10.848742
   1   46    0.096904   0.149531   24.682713  21.747425
   2    0    4.684054   0.296551   11.480489  29.505871
   2    1    4.507462   0.251473   35.633029  38.066619
   2    2    4.411980   0.225159   17.814884   7.900093
   2    3    4.396170   0.256179   40.204324  33.757349
   2    4    4.223043   0.248900   14.559025  24.453498
   2    5    4.140359   0.216632   21.223263  24.190808
   2    6    4.065399   0.218570   14.585540  23.937644
   2    7    3.968062   0.241138    7.439395  17.429914
   2    8    3.841046   0.200525    3.284686   9.026077
   2    9    3.782212   0.266073   25.631279  32.620159
   2   10    3.648264   0.251715   31.245593  17.920042
   2   11    3.572813   0.242840   25.052118  11.575830
   2   12    3.439027   0.212442    3.730767  27.965595
   2   13    3.356398   0.296751    9.225908  13.108735
   2   14    3.222810   0.206005   29.318102  33.500638
   2   15    3.153062   0.219881   17.644126  31.091857
   2   16    3.080192   0.284112   28.248748  30.740728
   2   17    2.979250   0.280009   38.702086   4.945689
   2   18    2.828417   0.272285   30.433216  23.332790
   2   19    2.799208   0.263375    5.253131  15.180293
   2   20    2.606796   0.250416   13.732182  39.276219
   2   21    2.539641   0.220265    5.447894  36.821476
   2   22    2.422370   0.250243    5.042504   3.231128
   2   23    2.330615   0.249329   14.064934  39.994732
   2   24    2.215694   0.263681    9.883032  17.803839
   2   25    2.191100   0.239059   13.328105  39.635973
   2   26    2.072912   0.233840   30.588857  13.220022
   2   27    1.929806   0.282984    7.245073  25.243342
   2   28    1.823478   0.243936   18.886697  26.866178
   2   29    1.781093   0.298936   19.790487  26.779729
   2   30    1.622931   0.228460    5.538199  12.500511
   2   31    1.541717   0.212096   24.796335  14.280920
   2   32    1.427068   0.205626   17.901976  13.504516
   2   33    1.317050   0.206603    4.201104   6.419626
   2   34    1.217672   0.270477   15.679274   5.366933
   2   35    1.125164   0.211086   11.348416  37.220952
   2   36    1.040623   0.293970   25.772232  39.662035
   2   37    0.943781   0.259818   27.314878  20.320166
   2   38    0.864803   0.244956   19.097740  25.104520
   2   39    0.718597   0.263029   20.785942  16.598957
   2   40    0.664609   0.289171    5.363988  40.833601
   2   41    0.581852   0.227465   35.787644  33.731671
   2   42    0.470214   0.222180    6.230837  12.899190
   2   43    0.357264   0.291426   16.621131  25.118340
   2   44    0.217912   0.261688    2.939222  16.993388
   2   45    0.151570   0.277261   35.635976  10.876612
   2   46    0.067900   0.258707    1.408864  38.790808
   3    0    4.653906   0.318721   17.017327  15.010022
   3    1    4.538837   0.386759   15.967596   7.831576
   3    2    4.482152   0.390568   28.550997  40.565345
   3    3    4.337287   0.333668    2.289730   1.701143
   3    4    4.230065   0.353505   23.369669  28.537085
   3    5    4.135851   0.351392   10.784884  14.331390
   3    6    4.080712   0.328732   34.972461  26.472480
   3    7    3.976365   0.315997    3.592817  35.567788
   3    8    3.860141   0.333364   21.349133  29.175686
   3    9    3.743942   0.312016    1.503835  38.717711
   3   10    3.610659   0.340430   17.829324  26.605155
   3   11    3.573984   0.383313   21.538409  18.615289
   3   12    3.465291   0.375339   33.316206  23.003495
   3   13    3.317443   0.386011   31.583731  24.808529
   3   14    3.204129   0.324469   10.853080  16.494448
   3   15    3.199676   0.338132    5.398940  32.794721
   3   16    3.069290   0.310917   11.010436  29.826900
   3   17    2.965189   0.385292   29.464888  10.800467
   3   18    2.808046   0.387477    5.370096  20.641186
   3   19    2.704352   0.392143   12.568305  30.422985
   3   20    2.603454   0.307549    7.422119  33.578229
   3   21    2.508853   0.325189   39.674343  16.519650
   3   22    2.438434   0.360966   39.479198   6.747397
   3   23    2.300247   0.314224   33.555493  15.053051
   3   24    2.222735   0.303608   36.752353  11.514246
   3   25    2.120335   0.366785   20.808985  37.169144
   3   26    2.092584   0.367191   23.520770  27.264658
   3   27    1.963471   0.362917   23.308780  13.606412
   3   28    1.870111   0.308773    1.367731  31.747164
   3   29    1.769053   0.375946   11.802383   5.604234
   3   30    1.643682   0.348281    5.743596  22.790587
   3   31    1.577504   0.349062   25.276740   6.798996
   3   32    1.401363   0.346765   34.655907  18.639426
   3   33    1.385004   0.307235   37.881542  35.166782
   3   34    1.217515   0.398084   32.075713  31.844730
   3   35    1.111031   0.399284    4.612329  34.891785
   3   36    1.057355   0.342412   18.688293  35.593513
   3   37    0.918448   0.345908   17.619865  25.109918
   3   38    0.825857   0.361177    3.905517   1.555091
   3   39    0.798445   0.316055   16.926276  25.797386
   3   40    0.645933   0.379974    5.596136  24.768009
   3   41    0.552070   0.366206   22.492550  40.644312
   3   42    0.406152   0.388502   27.779372   3.786560
   3   43    0.366387   0.355012   28.996043  22.573819
   3   44    0.270540   0.384702    1.566222  33.251199
   3   45    0.196496   0.389133   10.340674   9.637278
   3   46    0.092094   0.364082   40.921971  31.242478
   4    0    4.624694   0.465254   37.836607  17.336750
   4    1    4.517666   0.404565   22.362457   5.223425
   4    2    4.475005   0.447939    4.150226   7.995958
   4    3    4.314722   0.442253   26.485703  38.070609
   4    4    4.215095   0.463306   24.539304   8.621440
   4    5    4.190240   0.494114   19.279585  29.639469
   4    6    4.078303   0.494496   17.552328  15.765845
   4    7    3.908634   0.459892   22.435277  19.504742
   4    8    3.886030   0.436458    9.284984  29.225650
   4    9    3.749071   0.427425    4.435274  22.962205
   4   10    3.645223   0.404783   38.450897  35.975882
   4   11    3.572936   0.413067   17.973842  15.073199
   4   12    3.436940   0.496192    3.937747  21.564748
   4   13    3.399446   0.492080   34.306839  36.478765
   4   14    3.200204   0.466669   32.184000  38.261390
   4   15    3.111519   0.412588    1.416869   9.905484
   4   16    3.050401   0.427384   28.625479   7.570278
   4   17    2.935007   0.441139   40.418841  27.730482
   4   18    2.853407   0.458211   15.625148  39.296090
   4   19    2.752299   0.457883   33.420029  38.668320
   4   20    2.605443   0.403993    8.713465  10.163231
   4   21    2.525993   0.405051   26.087813  25.587844
   4   22    2.444336   0.449665   23.630785   2.064442
   4   23    2.320008   0.493687   29.467336   6.662345
   4   24    2.240430   0.466936   18.577315  33.333283
   4   25    2.113981   0.490465   38.130372  28.501730
   4   26    2.084815   0.487406   39.240213   6.005580
   4   27    1.912151   0.438962   25.525781  32.610685
   4   28    1.808854   0.484867   28.581458  17.855227
   4   29    1.750220   0.417884   12.440950  25.462147
   4   30    1.632184   0.442972    9.034216  30.060067
   4   31    1.502745   0.402525   30.772730   7.670688
   4   32    1.446397   0.443532    1.669450  19.673870
   4   33    1.389673   0.475128    2.345408  19.195760
   4   34    1.298575   0.435429   35.058618  20.650743
   4   35    1.173442   0.424832   21.302319  35.200038
   4   36    1.042631   0.434440   35.972347  27.988636
   4   37    0.927873   0.488549   28.636785  21.133417
   4   38    0.877120   0.460256    4.719034   6.628894
   4   39    0.746647   0.410361   38.717108  25.808527
   4   40    0.685708   0.438521   19.841401  10.069127
   4   41    0.542706   0.438949   40.199418  37.678964
   4   42    0.440964   0.482965   10.053071  33.217012
   4   43    0.370244   0.440060    7.511238  12.226710
   4   44    0.223401   0.425501   35.711319  19.832886
   4   45    0.178232   0.474173    4.127691  37.310567
   4   46    0.045923   0.480646   37.786204  16.979385
   5    0    4.678533   0.578309   15.151336  38.522711
   5    1    4.558853   0.514674   39.200332  17.216622
   5    2    4.482643   0.595298   34.245670  18.045809
   5    3    4.342670   0.539649   21.577609  33.851764
   5    4    4.228995   0.513846    8.761433   8.198425
   5    5    4.174403   0.567790   29.853342  15.372142
   5    6    4.087481   0.518409   36.933859  24.801803
   5    7    3.979283   0.542600   37.862180   2.261369
   5    8    3.889486   0.599110   32.318131   5.696357
   5    9    3.751838   0.509755   19.934376  22.718235
   5   10    3.690218   0.538878    3.169338  16.181581
   5   11    3.550039   0.502964   36.694987  13.368471
   5   12    3.425479   0.577459   18.262274  15.848360
   5   13    3.332426   0.597850   37.674613  16.879771
   5   14    3.277304   0.550132    5.685534  10.217991
   5   15    3.121291   0.530342   29.004428  10.460810
   5   16    3.011952   0.512714   37.433369  15.797525
   5   17    2.935113   0.585167   11.382221  37.545249
   5   18    2.899806   0.593836   10.157862  28.606379
   5   19    2.740307   0.534725   21.660322   9.532096
   5   20    2.669542   0.560483    1.233025  23.924448
   5   21    2.526215   0.548971   30.820267  15.274056
   5   22    2.488724   0.543464   19.321505   8.957275
   5   23    2.307912   0.502885    1.763190  23.075837
   5   24    2.299567   0.545707   19.923626  20.309158
   5   25    2.108979   0.579682   12.258937   3.284686
   5   26    2.072125   0.548201   38.927564  24.600361
   5   27    1.970813   0.505134    1.560985  19.125751
   5   28    1.867534   0.535907   30.968525  23.259934
   5   29    1.776376   0.551199    3.608328   9.255156
   5   30    1.631171   0.589128    4.443841   1.470948
   5   31    1.564443   0.515624    5.399504  17.574015
   5   32    1.459726   0.524554    1.319980  16.440259
   5   33    1.345475   0.518241   16.038055  34.166895
   5   34    1.207174   0.524653   17.406504  11.610234
   5   35    1.112203   0.554418   30.112746  35.798589
   5   36    1.012498   0.564037   17.561104  31.125185
   5   37    0.966760   0.511435   38.489920  15.223322
   5   38    0.846782   0.527127   10.328873  32.810570
   5   39    0.761953   0.584516   40.259467   5.630875
   5   40    0.688878   0.512676   27.808060  18.118324
   5   41    0.576759   0.525838   21.489903  19.874393
   5   42    0.447397   0.537616    9.073595  33.937003
   5   43    0.315611   0.522045    9.612162  33.694960
   5   44    0.252084   0.585229    9.278764  33.860746
   5   45    0.137328   0.523602   26.665717   7.978355
   5   46    0.039944   0.590757   11.594435  15.456338
   6    0    4.682717   0.642829   10.304757  27.149687
   6    1    4.560567   0.621354   25.434343  35.263020
   6    2    4.479965   0.696483   28.376179   9.131949
   6    3    4.321097   0.686684   31.953962   4.704963
   6    4    4.263831   0.693513   21.045224  36.864811
   6    5    4.184198   0.611467    6.599597  27.791644
   6    6    4.048503   0.658898   23.858650  12.200327
   6    7    3.922066   0.611942   28.523349  15.426704
   6    8    3.844617   0.640478   35.799401  40.062486
   6    9    3.716193   0.644464   17.968708   1.341125
   6   10    3.608548   0.667236   38.300786  34.077923
   6   11    3.576070   0.636371    5.270558  31.111940
   6   12    3.456468   0.614723   24.352247  14.455334
   6   13    3.330394   0.666750   28.902463  18.422948
   6   14    3.267012   0.686121   21.242862   4.711534
   6   15    3.121582   0.637899   25.043158   1.669245
   6   16    3.034545   0.635932   26.152788   5.912346
   6   17    2.908520   0.667032    7.423226  29.202699
   6   18    2.820115   0.647329   40.716908  35.416855
   6   19    2.753480   0.632192    3.752016  12.960792
   6   20    2.679075   0.623927   28.849012  21.683867
   6   21    2.536987   0.626323   13.813912  37.916572
   6   22    2.423200   0.672076   31.528912   7.519719
   6   23    2.309193   0.609133    4.362119  38.732783
   6   24    2.200778   0.630703   12.918941  31.216907
   6   25    2.147911   0.697624   17.227217  15.198526
   6   26    2.050735   0.652356    4.090344  28.353302
   6   27    1.951967   0.603066   39.596772  14.472147
   6   28    1.806277   0.651258   33.804162   6.592045
   6   29    1.753911   0.604723    9.211357  40.849336
   6   30    1.689843   0.612060   30.205234  31.642526
   6   31    1.588347   0.648761    2.261432  22.720752
   6   32    1.454347   0.696412   22.952032  24.613150
   6   33    1.301301   0.674567   38.058546  11.578787
   6   34    1.285741   0.693551   12.219086   9.306926
   6   35    1.131993   0.600062   32.093416  29.378399
   6   36    1.088876   0.635829   39.172841  22.581201
   6   37    0.941307   0.642667   37.882500  18.252267
   6   38    0.832431   0.640423   11.935837  11.713218
   6   39    0.700943   0.613159   38.043734  20.525819
   6   40    0.629380   0.644431   31.718152   9.783423
   6   41    0.593899   0.695985   16.331170  27.172998
   6   42    0.477008   0.672133    5.709149  23.408831
   6   43    0.310414   0.621451   24.897311  39.298955
   6   44    0.274943   0.610421   26.486590  26.729017
   6   45    0.153849   0.642753   14.841004  29.931163
   6   46    0.080947   0.671209   22.114261  31.367639
   7    0    4.698277   0.753939    3.137827  32.345752
   7    1    4.552439   0.788109   16.763324  34.162715
   7    2    4.463635   0.723680   25.338939  36.351186
   7    3    4.356722   0.728743   28.606653  12.779155
   7    4    4.295293   0.774109   30.963448  25.396724
   7    5    4.114891   0.703745    9.899485   3.887420
   7    6    4.052794   0.704004   17.298418  15.068392
   7    7    3.973124   0.718872   23.573786  19.412427
   7    8    3.827225   0.741260   27.359672  37.480538
   7    9    3.770834   0.747570   11.337777  13.427181
   7   10    3.618328   0.710829   39.055644  16.266326
   7   11    3.597630   0.797945   40.186149  25.585901
   7   12    3.410948   0.721228    5.135564  33.315866
   7   13    3.300536   0.710278   17.390534  36.561739
   7   14    3.295782   0.705225    7.292350   1.105955
   7   15    3.119188   0.749078   18.453883  16.774475
   7   16    3.081648   0.798458   22.829619  23.410757
   7   17    2.989931   0.747093   18.176459  11.763920
   7   18    2.845599   0.703512    8.591316  32.378021
   7   19    2.769775   0.717814   31.895205   5.885030
   7   20    2.663230   0.766374    4.391497  31.400782
   7   21    2.588140   0.777681   22.122317  20.571098
   7   22    2.454359   0.787205   26.970891  10.909787
   7   23    2.338085   0.709572    5.222920  34.231647
   7   24    2.269045   0.798011   25.545898  18.157195
   7   25    2.169427   0.755067    3.435805  17.921998
   7   26    2.025514   0.766070   21.304774  32.257430
   7   27    1.943715   0.744600   29.455230  24.241798
   7   28    1.895039   0.723854   35.744802  22.196362
   7   29    1.755442   0.761798    3.955879   6.490074
   7   30    1.609235   0.783729    6.533290   8.215319
   7   31    1.515195   0.791137   30.857120  40.924736
   7   32    1.442436   0.768830   34.614352  25.921717
   7   33    1.328633   0.716525   30.786757  37.044726
   7   34    1.295961   0.780291    2.572427   7.673454
   7   35    1.190231   0.722471   40.118558   9.133343
   7   36    1.082071   0.725427   11.802608  27.229477
   7   37    0.942664   0.799227    1.121875  26.871592
   7   38    0.873284   0.751435    4.826876  21.354281
   7   39    0.731523   0.768623   38.175761  23.650685
   7   40    0.647471   0.764873    9.134427   6.009386
   7   41    0.510718   0.728262   35.664028  38.283181
   7   42    0.420761   0.768424   20.213319  24.960168
   7   43    0.326508   0.758330    5.081776  39.132524
   7   44    0.218802   0.713336   33.979734   5.071723
   7   45    0.127517   0.747473   12.047958  29.251077
   7   46    0.092269   0.748485   22.600231  25.262760
   8    0    4.614388   0.872055    8.332634  16.937041
   8    1    4.534787   0.845100    2.741405  35.031830
   8    2    4.455955   0.806520   19.671623  18.190985
   8    3    4.310517   0.890017   11.570428  23.665497
   8    4    4.258816   0.851713   17.055307  15.873007
   8    5    4.144707   0.869667   23.369047   2.683414
   8    6    4.084172   0.842677    7.342424  14.931854
   8    7    3.973310   0.812075    8.412620   1.770507
   8    8    3.859579   0.837820   18.463749   3.897673
   8    9    3.787591   0.814741   15.804891  32.391862
   8   10    3.633942   0.897261    5.144605  39.900331
   8   11    3.546195   0.862590   33.248219   3.481156
   8   12    3.471660   0.829770   22.989237  17.795605
   8   13    3.360710   0.832040   39.268075  40.038830
   8   14    3.276236   0.824926   31.934108   3.551801
   8   15    3.191077   0.884768   37.199656  38.171490
   8   16    3.075011   0.889936   34.491288  27.869734
   8   17    2.914478   0.877902   25.283550  29.049350
   8   18    2.884811   0.879011    9.867112  28.079255
   8   19    2.755436   0.856132   13.506438  19.453822
   8   20    2.613426   0.837313   31.955394  34.675863
   8   21    2.585873   0.845624   25.361868  28.032708
   8   22    2.433695   0.881139   17.368519   3.431244
   8   23    2.321727   0.839652    1.495229   4.075709
   8   24    2.295853   0.801389   19.083812  14.831874
   8   25    2.157486   0.851496   12.236095  39.568337
   8   26    2.019418   0.808290   21.946626  19.670163
   8   27    1.991608   0.811424   27.310164   5.477576
   8   28    1.828506   0.831954    8.185684  22.932901
   8   29    1.704313   0.801484    3.562108  19.667987
   8   30    1.663851   0.855529    4.260241   7.702114
   8   31    1.554569   0.854336   35.309681  26.542242
   8   32    1.421151   0.885559   14.772714   6.603703
   8   33    1.365384   0.890504    6.988518  37.445407
   8   34    1.228520   0.857611   34.844489  10.409607
   8   35    1.165593   0.832198   34.036104   6.067576
   8   36    1.085906   0.834312   29.266665  21.719497
   8   37    0.952361   0.811256   15.502472  14.524802
   8   38    0.846241   0.877649   34.901566  36.218341
   8   39    0.731463   0.883763   10.664226  23.493561
   8   40    0.621929   0.867721   22.224924  24.826501
   8   41    0.582192   0.874559   11.957583  13.719307
   8   42    0.450941   0.896065    2.562673  17.129312
   8   43    0.380299   0.801114   17.835148  36.414993
   8   44    0.254344   0.883301    9.490380  29.793427
   8   45    0.195948   0.868144   31.690242  16.510729
   8   46    0.061538   0.858011   16.027398   3.247510
   9    0    4.663962   0.981857    6.781626  35.411082
   9    1    4.570773   0.986618   13.671869  25.725186
   9    2    4.400941   0.905864   22.130558  18.861814
   9    3    4.350710   0.962479   14.986794  15.838446
   9    4    4.217918   0.969574   30.651163  30.723191
   9    5    4.173826   0.946502    8.361436  23.170051
   9    6    4.048234   0.944255    8.314170   4.892277
   9    7    3.904442   0.901285   11.736386  30.943758
   9    8    3.878175   0.921999   11.933114  15.311975
   9    9    3.742907   0.976119   21.494669   5.651523
   9   10    3.632662   0.968435    3.201201   7.949856
   9   11    3.553194   0.981153   33.385382  15.587151
   9   12    3.429910   0.971357   37.896042  18.825160
   9   13    3.373710   0.935602   24.260336  13.556155
   9   14    3.277460   0.974253   31.708581  38.607635
   9   15    3.130550   0.987076   26.568319  28.601923
   9   16    3.037376   0.966328   37.941570  17.007221
   9   17    2.938744   0.976954    1.965602  37.408588
   9   18    2.840613   0.998676    7.362001  29.118882
   9   19    2.790216   0.970179    6.065400   8.111315
   9   20    2.679726   0.910088   26.781004  31.082198
   9   21    2.587257   0.976920   13.263056   7.565035
   9   22    2.455044   0.975346   10.473746  33.860663
   9   23    2.387213   0.968279   18.737774  37.692950
   9   24    2.292338   0.933873   27.340941   1.640916
   9   25    2.177927   0.928527   14.145802  17.356481
   9   26    2.089736   0.917272    6.752658  15.297475
   9   27    1.904145   0.992334   24.184008  13.258600
   9   28    1.888266   0.970532   37.304145  31.563840
   9   29    1.712657   0.987009   33.116876   6.712835
   9   30    1.693909   0.953600   15.252481  34.996140
   9   31    1.578375   0.937012    3.524001   2.680536
   9   32    1.409414   0.917509   13.191918   2.510830
   9   33    1.314857   0.990802   13.939217  23.299290
   9   34    1.261355   0.972424   24.564825  39.223231
   9   35    1.160988   0.998550   17.716583  40.195714
   9   36    1.032064   0.903716   15.894232  19.509041
   9   37    0.970552   0.903332   12.372464  28.196139
   9   38    0.827042   0.946583    6.163019  38.656255
   9   39    0.713399   0.908129   26.817069  27.619033
   9   40    0.626336   0.999746   31.553859  28.170213
   9   41    0.525697   0.946276    3.302814  23.153301
   9   42    0.483101   0.944403   23.803090  11.739868
   9   43    0.322451   0.913966   11.580986  24.396939
   9   44    0.244218   0.935881   31.710756  39.068610
   9   45    0.108032   0.920023    4.672200   6.450803
   9   46    0.076292   0.952334    7.888115  31.218350
  10    0    4.689879   1.070309   28.820259  18.532598
  10    1    4.585761   1.017344    6.612961   3.810851
  10    2    4.416866   1.032021   34.613033  34.396465
  10    3    4.324078   1.061433   13.702214   3.375604
  10    4    4.226992   1.016560    1.918078  40.413907
  10    5    4.168047   1.051258   35.600230  37.328887
  10    6    4.099121   1.078721   28.194760  35.492048
  10    7    3.961398   1.094659   32.420408  19.513920
  10    8    3.860429   1.054719   17.908707  11.575591
  10    9    3.796549   1.024753   28.466688  10.927372
  10   10    3.605019   1.051816   10.188492  34.299106
  10   11    3.505259   1.076906   33.800618   9.202769
  10   12    3.429859   1.058348   32.528491  10.426623
  10   13    3.313483   1.098680   21.708733  30.616678
  10   14    3.291751   1.064484   30.255945  12.035795
  10   15    3.199254   1.074762    9.464035  34.828851
  10   16    3.033467   1.071267   14.644295   6.974231
  10   17    2.972769   1.006388    3.564440   5.262806
  10   18    2.818506   1.018339   16.968945  40.935889
  10   19    2.775116   1.057918   35.670121  16.978678
  10   20    2.652108   1.079178   11.465643   8.575741
  10   21    2.566201   1.072011   11.750719  39.085438
  10   22    2.451208   1.056780   37.065760  19.401253
  10   23    2.343410   1.059197   24.492490  10.184917
  10   24    2.257970   1.062423   25.946793   8.749491
  10   25    2.100447   1.087725   17.804481  33.035388
  10   26    2.070320   1.075459   16.350484  24.979027
  10   27    1.900489   1.035146    2.301919  38.567752
  10   28    1.888610   1.063083    7.785006  21.076091
  10   29    1.799479   1.014416    1.934054   9.582697
  10   30    1.650080   1.085558   28.641747  32.194758
  10   31    1.513804   1.054153    4.462736  30.902523
  10   32    1.442229   1.024616   29.421254  10.221250
  10   33    1.382046   1.095231   32.287108   5.446617
  10   34    1.252526   1.050586   29.176993  32.272750
  10   35    1.122687   1.064036    5.148832   4.644880
  10   36    1.025038   1.087232    8.449624  22.111452
  10   37    0.938798   1.096447   12.541325  26.798747
  10   38    0.854670   1.042395   38.878563   1.774862
  10   39    0.766726   1.016060   31.185565  18.444702
  10   40    0.656576   1.047224   27.841655  25.293695
  10   41    0.508677   1.015119   11.724081  11.470559
  10   42    0.402176   1.087115   35.887858  17.189016
  10   43    0.328818   1.047332   18.823781  22.680046
  10   44    0.213842   1.013441   35.391879  25.510580
  10   45    0.129169   1.017965   20.167381  32.696571
  10   46    0.057910   1.096724   20.773808  22.498666
  11    0    4.655028   1.148534   22.352215  27.542355
  11    1    4.570099   1.119122   33.790790  25.521969
  11    2    4.410049   1.100929   25.504292  28.924410
  11    3    4.388711   1.106936   11.821917   6.764469
  11    4    4.288362   1.168933   33.454529  18.204193
  11    5    4.159206   1.172276    2.731514  12.204481
  11    6    4.055202   1.183888   32.613137  34.223027
  11    7    3.908752   1.167136   16.810111  38.749414
  11    8    3.828552   1.135642   40.217221  16.600747
  11    9    3.771344   1.152827    4.456413   2.960072
  11   10    3.632153   1.179943   21.415690  13.820297
  11   11    3.572841   1.153032   37.677668  15.618659
  11   12    3.404976   1.189067    4.694667  19.356345
  11   13    3.360990   1.189723   14.149891  33.464939
  11   14    3.263901   1.103765    6.435622  19.301275
  11   15    3.188037   1.197764   14.493453  32.745327
  11   16    3.024808   1.161497    7.937537  31.387252
  11   17    2.922999   1.176205   26.583628  18.790014
  11   18    2.892674   1.108424   12.023456  27.998336
  11   19    2.786915   1.162144   25.129724  11.653502
  11   20    2.633527   1.150803   21.390849  24.711975
  11   21    2.567658   1.106448   40.420517  29.924287
  11   22    2.440204   1.165182   27.154274   1.104465
  11   23    2.380866   1.189744   27.047753  33.129693
  11   24    2.299872   1.166180   13.567890  22.000346
  11   25    2.100563   1.141771   11.583536  17.732211
  11   26    2.064147   1.125681   13.704426  25.040941
  11   27    1.986774   1.117530   37.601516  32.533991
  11   28    1.812370   1.147893   30.906280  34.392622
  11   29    1.788188   1.139623   37.095811  26.376438
  11   30    1.685245   1.130993   12.113494  10.610663
  11   31    1.595436   1.137752   19.265695   4.342201
  11   32    1.449533   1.187994   21.712397  33.119853
  11   33    1.364998   1.103551   40.798124  28.237140
  11   34    1.234842   1.156971   38.337764  34.468377
  11   35    1.125084   1.131783   26.194250  32.950162
  11   36    1.060849   1.103931   22.100450  24.456767
  11   37    0.912968   1.137339    2.350114   2.359157
  11   38    0.847364   1.110379   36.001443  17.439036
  11   39    0.778370   1.121621   18.515807  36.771537
  11   40    0.670660   1.142043   12.832418  27.538434
  11   41    0.519369   1.111541   20.921410   8.458235
  11   42    0.497379   1.115218   37.651888   4.215569
  11   43    0.396164   1.109745   40.772112   2.660304
  11   44    0.292044   1.112851    5.965123   4.571942
  11   45    0.193676   1.175593   34.978966  18.517586
  11   46    0.055836   1.153740   19.025088  38.967282
  12    0    4.676537   1.203039   30.905796  17.689211
  12    1    4.512815   1.285140   10.210679   2.974340
  12    2    4.499463   1.273725   29.576832  38.006040
  12    3    4.315091   1.251568   20.227642   1.390159
  12    4    4.202285   1.241484   16.203721  15.315425
  12    5    4.190740   1.290747   13.916573  18.968109
  12    6    4.032141   1.247854   12.554618  18.749020
  12    7    3.907349   1.221406   37.741504  17.730311
  12    8    3.895342   1.277317   22.602123   2.964654
  12    9    3.770094   1.217042   14.571622  22.165396
  12   10    3.648396   1.235685   11.050896  35.483609
  12   11    3.516105   1.204768    1.157720  31.311812
  12   12    3.491462   1.275363   33.759838  28.064962
  12   13    3.306645   1.289024   13.744065  30.672271
  12   14    3.228196   1.297206   29.737801   8.128936
  12   15    3.155210   1.276188   38.545424   7.100182
  12   16    3.003511   1.230246   26.305835  29.561551
  12   17    2.963204   1.268015   26.358024  16.244253
  12   18    2.825208   1.227784    2.183063  21.803157
  12   19    2.765169   1.299375    4.362340  14.832770
  12   20    2.616732   1.221175   37.667317  11.943745
  12   21    2.512824   1.218876    3.214601  29.024349
  12   22    2.436509   1.241073   16.745743  26.618261
  12   23    2.351278   1.249744   13.813033   5.247276
  12   24    2.234358   1.250019   32.884644  28.815432
  12   25    2.161774   1.222726   15.663855  21.394878
  12   26    2.097430   1.229925   28.411896  29.283958
  12   27    1.963208   1.242796   17.561168  23.939665
  12   28    1.866906   1.233362   26.819313  33.040212
  12   29    1.779388   1.237092   21.333899  20.474294
  12   30    1.682399   1.238517   37.976438  18.551904
  12   31    1.590648   1.232786   20.702022  17.382734
  12   32    1.433536   1.244247    8.161261  20.492505
  12   33    1.396903   1.230464   19.823388  28.790299
  12   34    1.267650   1.203892    9.977448  36.531499
  12   35    1.124617   1.271147   39.901494  35.636567
  12   36    1.018817   1.224315   21.641734  24.445867
  12   37    0.912398   1.243191   17.263629   2.660460
  12   38    0.886641   1.250118   10.789163  17.908528
  12   39    0.709053   1.239103   22.607883   6.282136
  12   40    0.603271   1.212038   14.857970   7.629752
  12   41    0.513936   1.251686   28.656566  27.811602
  12   42    0.484056   1.243268   18.279911  29.097877
  12   43    0.382287   1.293949    2.242651  24.109299
  12   44    0.261046   1.257746   26.115950  28.985998
  12   45    0.108020   1.237882   36.894905  21.769222
  12   46    0.049246   1.240429   24.441244  29.361579
  13    0    4.683013   1.393424   13.276459  31.090436
  13    1    4.593083   1.321163   19.697464  32.156257
  13    2    4.415483   1.390897   37.370607  22.548170
  13    3    4.384961   1.390931   22.394503   5.923450
  13    4    4.270366   1.387652   20.096692  11.170989
  13    5    4.139133   1.372139    4.957745  12.731638
  13    6    4.071901   1.392859   27.078017  13.175847
  13    7    3.942240   1.373014   39.181077  25.111554
  13    8    3.882708   1.393097    3.572746  34.408138
  13    9    3.786988   1.340298    5.659920  11.295803
  13   10    3.644664   1.365851    7.117868   1.579180
  13   11    3.527319   1.374125   25.742610  31.559741
  13   12    3.434750   1.387979   39.225315  14.988877
  13   13    3.372275   1.384286   15.952523  29.292775
  13   14    3.253788   1.381916   37.508417   5.366610
  13   15    3.161410   1.348056   25.497391  37.499534
  13   16    3.027593   1.393609   10.905935  17.658732
  13   17    2.937188   1.376344    9.396333  14.750702
  13   18    2.858597   1.363089   33.209957   1.036349
  13   19    2.749219   1.307115   12.919186  34.173583
  13   20    2.621321   1.331105   13.893032  37.092373
  13   21    2.591504   1.322890   37.446765  34.892821
  13   22    2.447376   1.323397   40.268959  27.142164
  13   23    2.387049   1.332552    3.524769   7.401958
  13   24    2.294743   1.367922   31.310719  24.737374
  13   25    2.194245   1.366824   23.798094   2.666889
  13   26    2.042109   1.329794   20.988094  40.947923
  13   27    1.916368   1.311418    6.676386   9.332523
  13   28    1.891900   1.393667   37.776600  27.662362
  13   29    1.749354   1.342257   30.995730  14.224317
  13   30    1.605398   1.383967   27.028382  18.102163
  13   31    1.503677   1.333083    2.605416   8.406643
  13   32    1.429936   1.389644   14.184833  33.940818
  13   33    1.383734   1.377362   25.722820   4.380258
  13   34    1.211695   1.351984    9.349721  34.863927
  13   35    1.102559   1.303606   15.063467   9.571471
  13   36    1.017955   1.381588    7.530687   9.101763
  13   37    0.951011   1.366060   19.167413  37.085906
  13   38    0.819937   1.393720    3.896046   2.411124
  13   39    0.728751   1.361157    1.007173  26.770067
  13   40    0.611466   1.390029   19.682862  18.178597
  13   41    0.579388   1.354233   28.876437  37.944249
  13   42    0.459700   1.369029    1.931364  12.762654
  13   43    0.354115   1.300699    8.722923  19.740602
  13   44    0.202026   1.317751   39.009803  17.887332
  13   45    0.156943   1.311180   38.502750  25.800534
  13   46    0.017985   1.322606   23.932921  25.845554
  14    0    4.600353   1.441136   25.797788  37.155889
  14    1    4.516694   1.438799   18.766281  33.465458
  14    2    4.422724   1.482000   21.851504  30.438684
  14    3    4.388740   1.474494    5.947746  37.238414
  14    4    4.288330   1.493123   28.342884  18.134502
  14    5    4.176897   1.478477   16.146467   4.702723
  14    6    4.007020   1.441629   27.632072  13.414924
  14    7    3.922230   1.468192   37.318822  36.122313
  14    8    3.873871   1.410742   32.875432  34.154725
  14    9    3.741331   1.498801   35.909763  35.695038
  14   10    3.639149   1.496219   11.321799  39.059861
  14   11    3.586361   1.453314   18.687145  32.970523
  14   12    3.475882   1.435258    2.265755   3.402576
  14   13    3.332493   1.428852   12.485638  32.852791
  14   14    3.216121   1.402553   30.547811  32.680281
  14   15    3.127077   1.404752   19.175896   6.508235
  14   16    3.077659   1.464137   27.155467  39.585176
  14   17    2.921460   1.404489   14.463718   5.694799
  14   18    2.800559   1.401233   30.393148  32.991886
  14   19    2.789923   1.405297   21.663009  29.473552
  14   20    2.657242   1.403556   14.253109   7.240690
  14   21    2.520521   1.406869    5.375382  34.959152
  14   22    2.491211   1.484303   15.033455  15.814258
  14   23    2.339904   1.443678   35.048355   2.711001
  14   24    2.277680   1.487581    2.913465  25.576102
  14   25    2.108282   1.414232   24.673101   2.562210
  14   26    2.084419   1.443039   12.110501  16.059263
  14   27    1.991727   1.404952    2.421814  37.128817
  14   28    1.843057   1.472240    1.406831  32.864077
  14   29    1.786834   1.406401   22.813800  27.936986
  14   30    1.619921   1.466597    6.248752   5.044172
  14   31    1.537556   1.455226   24.038468  13.051250
  14   32    1.401141   1.437674    4.284471  13.430147
  14   33    1.345611   1.486452   34.352454   5.282177
  14   34    1.279320   1.487227   28.121268  30.160733
  14   35    1.134374   1.447644   24.007179  16.497127
  14   36    1.048523   1.456583   22.246510  19.261487
  14   37    0.981539   1.409006   22.952202   6.253094
  14   38    0.880600   1.492751   35.471166  13.931458
  14   39    0.788069   1.401591   39.598792   1.915955
  14   40    0.669099   1.412167    5.918526   8.268514
  14   41    0.500088   1.429595   22.217207   2.625727
  14   42    0.487034   1.452009   32.494894  19.484359
  14   43    0.346355   1.432088    2.080222  40.912775
  14   44    0.211744   1.473759   34.943079  11.230582
  14   45    0.196835   1.414559    6.254527  13.465211
  14   46    0.023855   1.423990    3.993581  39.477393
  15    0    4.687629   1.531302    7.980663   6.493042
  15    1    4.588067   1.563360   33.792431  29.456992
  15    2    4.494144   1.575921   13.871230  31.329936
  15    3    4.371040   1.546318   10.698693  15.503868
  15    4    4.267881   1.529153    9.696179  32.358782
  15    5    4.146068   1.571279    5.708712  35.194596
  15    6    4.082586   1.520704   20.313023  12.042552
  15    7    3.975573   1.523842    2.178260   5.010050
  15    8    3.862767   1.584950   24.338927  16.787254
  15    9    3.750594   1.504074   26.177768  16.813229
  15   10    3.691686   1.529127   20.450627  22.559114
  15   11    3.501544   1.562987   33.729924  22.756234
  15   12    3.416943   1.587014    9.737256  10.623396
  15   13    3.376418   1.573005    7.342963  20.800225
  15   14    3.289629   1.501149   37.320164  11.467628
  15   15    3.111437   1.522604   23.667043  13.852515
  15   16    3.087788   1.562251    6.492932  18.917276
  15   17    2.994832   1.556200   14.765162  32.595261
  15   18    2.886521   1.535802   19.923788  36.647235
  15   19    2.746981   1.577005   37.404125  25.400521
  15   20    2.645606   1.522615   35.001748  35.737828
  15   21    2.509593   1.592733    7.935161  28.296785
  15   22    2.490816   1.532775    4.196829  34.619297
  15   23    2.352910   1.511888   14.747810  13.772351
  15   24    2.267432   1.500424    6.343760  21.694098
  15   25    2.173088   1.591827    5.944804  19.271282
  15   26    2.043519   1.530699    1.047685  26.121620
  15   27    1.961996   1.598858   26.799691  14.557968
  15   28    1.836542   1.549471   35.949398  23.695256
  15   29    1.788573   1.565366    9.723050   1.696609
  15   30    1.629786   1.521580    5.376722  22.437075
  15   31    1.534718   1.519248   38.877180  12.212305
  15   32    1.434776   1.513903   38.947715   6.480641
  15   33    1.379359   1.516950   22.243218  13.070676
  15   34    1.242503   1.505848    9.980425  27.007866
  15   35    1.121917   1.532938    5.858706  16.433324
  15   36    1.089793   1.591793   16.103006  15.451060
  15   37    0.980787   1.545658   38.107686  27.716698
  15   38    0.847484   1.577454   38.247051  16.866687
  15   39    0.793810   1.512880   16.359468  22.302280
  15   40    0.614359   1.545383    9.246061  20.332620
  15   41    0.585856   1.547756    3.916274  33.316288
  15   42    0.474878   1.553491   19.550044  38.416030
  15   43    0.353708   1.591033   12.144018  21.217444
  15   44    0.249772   1.534943   35.106294  39.204321
  15   45    0.150380   1.524535   40.824573  40.501622
  15   46    0.036399   1.587772   21.245445   2.086879
  16    0    4.629806   1.686403   19.181892  39.652538
  16    1    4.500553   1.678186   36.451004  32.420669
  16    2    4.438504   1.629484   30.698460  27.537948
  16    3    4.342993   1.632839    1.179561  10.408060
  16    4    4.213406   1.610903   36.752576  32.771119
  16    5    4.122492   1.662219   19.438013  25.960564
  16    6    4.064462   1.613004   37.271062  32.127668
  16    7    3.972546   1.639827   14.613134  24.017473
  16    8    3.886924   1.673722   21.006025  29.928172
  16    9    3.701164   1.659956   36.087932  13.733704
  16   10    3.661432   1.647868    3.708400  12.367252
  16   11    3.512239   1.610671   19.468271  40.146478
  16   12    3.460047   1.629924    9.385006  19.090167
  16   13    3.333037   1.627964   40.782310  38.375754
  16   14    3.283335   1.643626   17.989989  28.888243
  16   15    3.175178   1.642081   33.804369   8.108671
  16   16    3.007399   1.643960    2.315503  27.204811
  16   17    2.996261   1.687686   19.693902  20.063546
  16   18    2.820452   1.683156    7.510617  30.213583
  16   19    2.765877   1.625751    9.429300  36.324307
  16   20    2.676070   1.663816   28.571441  23.551772
  16   21    2.573264   1.617003    2.055333  32.881536
  16   22    2.484711   1.639576   14.309571  13.360526
  16   23    2.344237   1.694253   35.552097  15.411616
  16   24    2.206379   1.626477   30.719977   3.105590
  16   25    2.162253   1.604073   12.172372  18.270790
  16   26    2.095509   1.656705   12.333555  21.721387
  16   27    1.912605   1.627073   16.383397  31.876260
  16   28    1.884210   1.640444   17.053602  16.942070
  16   29    1.789739   1.640416   31.088098  15.091733
  16   30    1.671913   1.601284   38.139546  12.253363
  16   31    1.525536   1.656227   16.589885  36.930194
  16   32    1.418309   1.615961   16.415320   6.719357
  16   33    1.311186   1.655194    6.804191  35.831923
  16   34    1.212127   1.620161   16.443845  34.008699
  16   35    1.196860   1.635938   38.508991   4.971163
  16   36    1.010872   1.638705   22.323129  30.264987
  16   37    0.961905   1.617627    1.965598   8.490089
  16   38    0.816056   1.660643   31.923567  10.036422
  16   39    0.753672   1.665794    5.030095  26.254096
  16   40    0.664802   1.607601    2.800083  35.300138
  16   41    0.595286   1.659520   17.914834  13.667693
  16   42    0.481839   1.637209    8.676823  24.686919
  16   43    0.361846   1.681863   12.048482  28.285644
  16   44    0.245994   1.682487   22.316159  28.332330
  16   45    0.120493   1.694832    4.022161  16.399261
  16   46    0.082219   1.652804    8.747844  28.350590
  17    0    4.622683   1.755218    4.398304  30.473119
  17    1    4.593990   1.712334   12.248198  15.747851
  17    2    4.426727   1.738254   11.197889  22.252730
  17    3    4.301591   1.707904   11.123296   1.661837
  17    4    4.215309   1.762306   39.170794   6.559063
  17    5    4.149390   1.739705   16.264158  24.135120
  17    6    4.056156   1.749747   18.493067  37.231068
  17    7    3.989599   1.755551    2.606037  31.199628
  17    8    3.834428   1.716636   30.323983  39.372727
  17    9    3.741357   1.702178   27.037934  36.870270
  17   10    3.662640   1.756991   11.694793  21.006412
  17   11    3.562142   1.785583   21.972562  38.715906
  17   12    3.448036   1.776228   38.490173  22.429688
  17   13    3.353580   1.776422   20.700999  13.996182
  17   14    3.268344   1.732693   22.822407  33.017979
  17   15    3.155644   1.746241    8.820396  35.923066
  17   16    3.074712   1.766277   19.887416  12.910856
  17   17    2.962066   1.735633    5.437102  12.426232
  17   18    2.805356   1.728719    9.430817  20.964988
  17   19    2.715444   1.736355   38.511675  26.871772
  17   20    2.655093   1.781485   38.241238  30.552135
  17   21    2.513101   1.716040   30.626294  33.503986
  17   22    2.404417   1.793997   22.627194  31.225863
  17   23    2.374179   1.726339   14.619161   9.950357
  17   24    2.267138   1.757519   33.622878  26.975970
  17   25    2.184761   1.713167   32.944510  34.950108
  17   26    2.067876   1.728136    2.707305  30.734944
  17   27    1.951003   1.791161   20.280964  21.537046
  17   28    1.809797   1.726040   12.110274  39.996045
  17   29    1.750308   1.753576    5.824975  34.227728
  17   30    1.638979   1.747733   31.317722  19.847978
  17   31    1.577512   1.763520   19.870194  13.336276
  17   32    1.454693   1.792767   10.178056  37.426369
  17   33    1.336858   1.712777   28.687669  40.357508
  17   34    1.254588   1.767301   39.050158   5.727622
  17   35    1.131230   1.740421   12.385803   5.430330
  17   36    1.040421   1.703011   37.722788   4.926015
  17   37    0.947653   1.775013   22.343118   1.213675
  17   38    0.843464   1.721785   17.374183  15.780219
  17   39    0.732521   1.701352   27.970880   7.077571
  17   40    0.659078   1.784161   13.629722   2.410744
  17   41    0.591319   1.755631   26.976745   3.332250
  17   42    0.407203   1.782613   33.814571  20.675093
  17   43    0.335774   1.721261    8.964624   7.288493
  17   44    0.259636   1.779540   37.787301   3.562781
  17   45    0.136454   1.731727    9.120033  11.262749
  17   46    0.095942   1.744237   39.279524   6.477612
  18    0    4.620736   1.886556   26.894266  27.210864
  18    1    4.567758   1.813116   33.455662  22.969984
  18    2    4.484911   1.851786   14.014769   3.494571
  18    3    4.365942   1.883116   26.446021   5.427272
  18    4    4.264838   1.847304   16.813185  36.355196
  18    5    4.196682   1.849497    3.895403   5.425652
  18    6    4.032143   1.819998    9.776586  11.989365
  18    7    3.981165   1.816097   28.108558  24.892053
  18    8    3.852390   1.863851   20.391455  24.691799
  18    9    3.798760   1.838683   37.162844   1.920236
  18   10    3.657950   1.875982   19.764087  22.350587
  18   11    3.595942   1.810137   14.397501  24.030289
  18   12    3.451481   1.831058   19.165093  12.650667
  18   13    3.382284   1.860008    2.978048   6.856187
  18   14    3.266006   1.815591   29.559780  21.661522
  18   15    3.130851   1.820342   37.773330  17.691311
  18   16    3.064470   1.888363    9.350245  31.055444
  18   17    2.993195   1.804745   15.571844   1.017205
  18   18    2.865523   1.823521    4.969071  11.023010
  18   19    2.728908   1.858244   24.703006  37.086108
  18   20    2.632905   1.848865   19.628565  33.022727
  18   21    2.536288   1.861811   26.418103  34.823129
  18   22    2.463397   1.813424    7.443589   9.822135
  18   23    2.354192   1.817297   22.924721   6.759262
  18   24    2.252742   1.805630   23.310028  29.857943
  18   25    2.185520   1.896036   40.757521  36.401719
  18   26    2.010210   1.896216    3.335066   8.763109
  18   27    1.969992   1.807536    3.207272   7.393395
  18   28    1.830722   1.898441   26.279449  32.979066
  18   29    1.708041   1.833443   21.819149  39.008588
  18   30    1.618446   1.822307   13.386036  38.691629
  18   31    1.508611   1.876340    4.510318   3.977392
  18   32    1.487762   1.849168   22.132927  33.899413
  18   33    1.301535   1.892993   36.645939  12.326526
  18   34    1.246270   1.868424   18.863602  12.243924
  18   35    1.119911   1.817270   21.451761   8.869640
  18   36    1.090215   1.898987   35.910492  24.300768
  18   37    0.919507   1.829251    7.430529  12.175470
  18   38    0.815245   1.864764   10.742521   5.351773
  18   39    0.760737   1.893930    2.988516  19.287536
  18   40    0.664876   1.805628    7.831190  28.228096
  18   41    0.534108   1.875428    2.267543  13.164361
  18   42    0.405327   1.883153   18.343848  15.634725
  18   43    0.362295   1.830796   21.216896  38.754521
  18   44    0.228571   1.883879   38.436856   8.437083
  18   45    0.161109   1.801237    9.228643  38.816160
  18   46    0.045522   1.831930    3.835406   4.710770
  19    0    4.687629   1.947975   39.198888  22.035874
  19    1    4.538201   1.997524    6.550834  38.925761
  19    2    4.446643   1.925040   27.666580  13.697243
  19    3    4.393534   1.928252   39.000314   1.456731
  19    4    4.266275   1.941843   36.720549  33.094531
  19    5    4.142107   1.935940   21.457885  25.681460
  19    6    4.090311   1.944722   40.654504  12.082453
  19    7    3.972797   1.943526   30.679839  13.249594
  19    8    3.868225   1.938517   22.888790  35.598174
  19    9    3.788590   1.933542   20.711537  27.674351
  19   10    3.654276   1.976746    2.466775  27.687038
  19   11    3.510221   1.942673   31.296808  22.220068
  19   12    3.454299   1.972114   34.472777  25.508838
  19   13    3.322479   1.915285   34.975126  40.128813
  19   14    3.282936   1.917850   25.007530  38.996738
  19   15    3.193027   1.962916   20.865839  33.549578
  19   16    3.015030   1.964749   28.896225  25.286288
  19   17    2.975579   1.976425   11.302779  32.103887
  19   18    2.832808   1.968839   37.093254  34.727265
  19   19    2.738031   1.902817   16.896641  32.841985
  19   20    2.685189   1.910223   30.786809  29.236412
  19   21    2.531872   1.929745   16.266591  40.414056
  19   22    2.487211   1.984910   40.495599  33.944426
  19   23    2.341727   1.917238   18.596624  39.601250
  19   24    2.296035   1.988362   20.988957  39.535893
  19   25    2.123328   1.978440   10.336237  11.921615
  19   26    2.005372   1.941984   16.650717  25.376148
  19   27    1.954536   1.938955   21.779082  13.846314
  19   28    1.802425   1.961949   26.946279  22.464388
  19   29    1.787180   1.997875   34.917281  16.231869
  19   30    1.630555   1.933489   27.941341  40.447635
  19   31    1.597581   1.972613   30.883190  22.894426
  19   32    1.496872   1.933216    3.359865  24.375489
  19   33    1.390534   1.934417   23.454426  20.822409
  19   34    1.256833   1.937034   27.457866  24.570929
  19   35    1.115339   1.931727    4.512064   5.344186
  19   36    1.097672   1.961830   22.028717  16.937691
  19   37    0.903160   1.954533   18.005949  30.637731
  19   38    0.829097   1.915457   21.144693  21.220117
  19   39    0.732540   1.914438   40.895144  39.289542
  19   40    0.673206   1.971347   19.778561  11.176641
  19   41    0.574336   1.902374   22.695591   4.180421
  19   42    0.425926   1.941672   36.238072  33.323420
  19   43    0.358664   1.938719   39.681137  31.795992
  19   44    0.239531   1.996073    3.385283  29.849899
  19   45    0.144588   1.949038   15.448120   8.130191
  19   46    0.049925   1.961778   39.901695  16.503445
  20    0    4.658399   2.082747    6.467782  36.670246
  20    1    4.543358   2.045290   20.399250  17.685473
  20    2    4.498206   2.041712    9.414852   2.521980
  20    3    4.325125   2.035891    1.966304  28.696812
  20    4    4.281423   2.001121   16.474675  17.554594
  20    5    4.117537   2.086801   14.776753  19.015368
  20    6    4.037379   2.085911   25.495355  18.514396
  20    7    3.976079   2.021142   25.679539  10.684443
  20    8    3.819859   2.012661   23.765419   3.377233
  20    9    3.771160   2.076741   16.224838   2.335412
  20   10    3.633814   2.018996    7.361594  20.779742
  20   11    3.538244   2.086294   40.372301   2.063731
  20   12    3.436775   2.080458   32.425330  33.189794
  20   13    3.351378   2.087621    2.165755   1.322596
  20   14    3.288705   2.058192   40.390774  36.546864
  20   15    3.124268   2.072440   39.947866   7.193865
  20   16    3.084077   2.029909   36.100970  17.423336
  20   17    2.989053   2.011540   21.227297  11.841184
  20   18    2.806892   2.031304    5.913113  23.328093
  20   19    2.745783   2.039224   21.099997  15.645543
  20   20    2.603165   2.075407   22.307738  12.594039
  20   21    2.515358   2.040531   17.165258  14.468846
  20   22    2.466096   2.023328   12.180820  37.361511
  20   23    2.365327   2.061051   25.166319  11.686331
  20   24    2.276697   2.051429   27.911781  16.489861
  20   25    2.111411   2.050990    2.124276  22.074055
  20   26    2.037068   2.097167   33.464503  34.799800
  20   27    1.927993   2.062722   17.523192  17.332915
  20   28    1.874845   2.068682    2.192472  40.869392
  20   29    1.728091   2.044142   38.143305  21.976012
  20   30    1.685519   2.071653   38.683276   7.676926
  20   31    1.597411   2.008969   28.428339  23.501503
  20   32    1.414366   2.041048    3.891705  28.704176
  20   33    1.388101   2.019495   15.811960  12.218330
  20   34    1.261695   2.065076   20.974803   6.683904
  20   35    1.195690   2.087317   29.217480  33.787615
  20   36    1.023888   2.054004   28.656251  32.995736
  20   37    0.957429   2.083236   28.984000  21.487743
  20   38    0.858446   2.037432   29.611536  12.784895
  20   39    0.721911   2.048754   27.761215  15.406522
  20   40    0.683736   2.070238   13.279437   4.198551
  20   41    0.548283   2.018529   34.454182  12.209090
  20   42    0.493659   2.089574   35.669390  29.704882
  20   43    0.398793   2.095637   37.088419   1.825576
  20   44    0.283679   2.093151   13.148389  23.280247
  20   45    0.190628   2.069650   15.504748  16.347806
  20   46    0.047907   2.002495   32.855118  19.320181
  21    0    4.672125   2.131307   21.082381   1.619688
  21    1    4.516949   2.133955   39.303091  27.450241
  21    2    4.484435   2.116939   38.227788  23.451194
  21    3    4.363175   2.124921   24.898619  31.983036
  21    4    4.262601   2.110853   11.155957  18.081197
  21    5    4.103890   2.153076   11.513508   5.588096
  21    6    4.019738   2.144492   39.529736  30.459709
  21    7    3.983526   2.142439   40.916438  13.811542
  21    8    3.844639   2.157483   37.811967  14.115389
  21    9    3.713604   2.171548   13.781032  10.402828
  21   10    3.626623   2.127571   35.724241  32.819516
  21   11    3.593562   2.186342   10.152715  22.976152
  21   12    3.401807   2.133954   10.995106  26.952903
  21   13    3.326943   2.173118    8.670486  24.354423
  21   14    3.292244   2.191676   10.619672  26.427568
  21   15    3.185541   2.165416   17.503818  37.014014
  21   16    3.083466   2.183520   13.141597   7.210288
  21   17    2.959216   2.142755   16.878954   6.368809
  21   18    2.856995   2.120221   32.007492  19.940447
  21   19    2.761008   2.128850   31.232920  23.202394
  21   20    2.662237   2.179840   38.832863   6.829950
  21   21    2.535961   2.112274   18.447666  16.377539
  21   22    2.476924   2.112794   35.457772  26.978231
  21   23    2.347805   2.193493    4.280765  34.022430
  21   24    2.266899   2.150307   24.959437  30.430748
  21   25    2.190151   2.108769    2.023211   4.713429
  21   26    2.014517   2.120921    4.328080  17.754630
  21   27    1.988314   2.193647   20.578881  19.744461
  21   28    1.840333   2.162253   25.301388  34.600480
  21   29    1.724190   2.126565   38.574309  23.393399
  21   30    1.694954   2.113314    4.891995  19.664639
  21   31    1.529784   2.136598    7.771479  20.166200
  21   32    1.447113   2.186473   33.431494   9.661519
  21   33    1.355049   2.168391   25.970399  26.319777
  21   34    1.239942   2.147547   25.493505   6.360961
  21   35    1.122629   2.172105   27.752295   7.534980
  21   36    1.030367   2.177533    7.847424   8.440834
  21   37    0.935920   2.126470   40.828301  35.431308
  21   38    0.866244   2.150103   18.633530  24.850452
  21   39    0.707521   2.109031    6.422625  22.685335
  21   40    0.692496   2.135307   23.239168  36.575668
  21   41    0.522730   2.199250    4.033183  19.835116
  21   42    0.411007   2.131764   34.894829  20.141831
  21   43    0.347164   2.137327   14.076799  16.423163
  21   44    0.249388   2.137199    1.797975   8.886100
  21   45    0.128883   2.164442   16.340106   4.950884
  21   46    0.021001   2.190280   27.611531  26.975915
  22    0    4.633599   2.238572   17.821351  18.187720
  22    1    4.582711   2.255506    8.473046  26.345759
  22    2    4.486590   2.254114   10.462378  18.698476
  22    3    4.317874   2.277285   37.189546   8.169620
  22    4    4.276892   2.293277   37.434119  24.022702
  22    5    4.189906   2.299364   24.082225  38.181926
  22    6    4.008137   2.202501   16.052974  11.760277
  22    7    3.926540   2.231398   33.984107  29.104980
  22    8    3.856083   2.218146    6.069553   5.887645
  22    9    3.706497   2.245750   40.182953   3.636287
  22   10    3.615471   2.262267   23.985280  18.949488
  22   11    3.528800   2.204474   28.640687  27.894441
  22   12    3.488233   2.291501    7.216453  14.340923
  22   13    3.350306   2.248972    9.609715  37.917574
  22   14    3.281432   2.209904    6.339393  38.715624
  22   15    3.179316   2.232954   28.805552  10.753670
  22   16    3.046447   2.250082    9.314397  36.625572
  22   17    2.912205   2.243109   36.584252  36.877358
  22   18    2.801025   2.285974   18.500246  37.818476
  22   19    2.796039   2.231265   31.112183  32.113134
  22   20    2.632721   2.265414   29.435121   2.189187
  22   21    2.593001   2.276866   40.304766   4.940229
  22   22    2.486063   2.240900   39.773795  18.201769
  22   23    2.312201   2.209226    7.349838   8.999703
  22   24    2.286480   2.232947   27.435080  17.669169
  22   25    2.161065   2.245271   15.920391  40.819623
  22   26    2.051558   2.282014   18.927524  13.097792
  22   27    1.951987   2.240414   13.720479  29.219512
  22   28    1.884659   2.232177    1.985456   3.374537
  22   29    1.780319   2.207689   26.797154  25.550551
  22   30    1.637210   2.242551    1.061513   9.394220
  22   31    1.566988   2.233437    2.090347  22.873358
  22   32    1.464189   2.240949    9.885854  33.295581
  22   33    1.333187   2.206602   31.981703  27.370456
  22   34    1.282359   2.218304   22.216330   3.294405
  22   35    1.145551   2.283079    2.142393  36.735852
  22   36    1.072756   2.212139   40.067944  10.672598
  22   37    0.938120   2.226600   22.769030   7.979485
  22   38    0.847755   2.242642   28.123982   6.302366
  22   39    0.782131   2.203253   33.335859   1.029598
  22   40    0.628675   2.245929    3.695289   1.154955
  22   41    0.536302   2.258040   32.280454  24.711388
  22   42    0.452511   2.295588    3.508185  28.563739
  22   43    0.368759   2.268731   35.579225   8.125641
  22   44    0.245752   2.215868   31.765620  35.581734
  22   45    0.197153   2.254833   31.958100  13.146320
  22   46    0.069589   2.267664   28.340200  36.593937
  23    0    4.645726   2.317599   37.522789  12.701434
  23    1    4.553994   2.331928    1.621794   4.415216
  23    2    4.467231   2.300804   18.882142   4.696788
  23    3    4.398192   2.324212   27.456487  12.424761
  23    4    4.223604   2.391385   31.377125  32.887571
  23    5    4.122016   2.348757   23.777707  35.858440
  23    6    4.062144   2.324077    7.817043   3.697990
  23    7    3.906404   2.340877   29.944426  11.200720
  23    8    3.863712   2.314816   33.163672  21.934547
  23    9    3.762012   2.352330   30.465383  39.688095
  23   10    3.676090   2.323945   11.893047  38.533797
  23   11    3.512456   2.305977    4.702348   4.256316
  23   12    3.479119   2.342166   17.303697  29.930781
  23   13    3.373147   2.383205   17.309513  28.833998
  23   14    3.258617   2.399679   25.829187  31.329634
  23   15    3.147964   2.310447   28.580141  24.705519
  23   16    3.093323   2.322131   24.451897   5.103159
  23   17    2.954233   2.379582   19.535690  40.736400
  23   18    2.883233   2.395714   35.604028  20.743503
  23   19    2.721500   2.371066   33.506669  22.574719
  23   20    2.668689   2.358202   31.480866  34.231352
  23   21    2.591542   2.348377   34.118570  10.512376
  23   22    2.407455   2.302688    8.480434   2.386402
  23   23    2.375865   2.357669   29.010251   6.510369
  23   24    2.291765   2.366471   22.522701  31.707148
  23   25    2.102619   2.397498   29.276241  37.962545
  23   26    2.098926   2.378766   27.290573  21.403382
  23   27    1.907411   2.320052   26.538472  19.092593
  23   28    1.877597   2.357845   29.973984  16.770054
  23   29    1.791957   2.387547   32.717026  20.449376
  23   30    1.677190   2.380716   22.887434   1.746512
  23   31    1.590779   2.335261   21.983541  22.786000
  23   32    1.430126   2.396594    4.370396   8.450420
  23   33    1.349388   2.386135   20.044972  33.678323
  23   34    1.295755   2.319185    8.669096   6.670972
  23   35    1.127408   2.320984    2.819482  23.558952
  23   36    1.070804   2.312216   22.037198  17.751333
  23   37    0.997053   2.333016   14.730292  12.413039
  23   38    0.864029   2.377630   11.082004  34.985556
  23   39    0.711180   2.385737   36.257380   9.202546
  23   40    0.622524   2.366549   29.421861  26.600527
  23   41    0.565806   2.349252   21.050989  13.155932
  23   42    0.483768   2.359347   20.009491  27.588809
  23   43    0.379555   2.311551   24.824953   9.380544
  23   44    0.210966   2.303087   13.015055  13.103564
  23   45    0.156922   2.348602   21.411930  30.825291
  23   46    0.049615   2.352076   12.951810   8.822059
  24    0    4.693557   2.489865    5.776680  34.441515
  24    1    4.520492   2.430471   13.766279  12.629537
  24    2    4.419952   2.434342   39.447597  31.460253
  24    3    4.338359   2.424600   36.903923  17.170604
  24    4    4.264971   2.456323   40.740753  20.024435
  24    5    4.116677   2.417080   14.900366  14.260538
  24    6    4.052600   2.489719   40.314798  32.984846
  24    7    3.986521   2.494827   21.837283   9.844280
  24    8    3.824109   2.495190   32.009095  34.488994
  24    9    3.722592   2.498699   22.041119  22.136152
  24   10    3.603474   2.495247    9.581556  36.062370
  24   11    3.530871   2.433778    9.691883  15.768682
  24   12    3.496511   2.409071   11.876690  16.201852
  24   13    3.310957   2.426203   24.548319  21.224211
  24   14    3.233565   2.431030    2.118443  17.071354
  24   15    3.161483   2.494959   12.784798  21.518275
  24   16    3.031926   2.474653   21.436481  37.710116
  24   17    2.949263   2.405219   16.974375  37.049077
  24   18    2.867330   2.447348    2.398607   5.234350
  24   19    2.711951   2.483546    5.541486   4.722656
  24   20    2.603948   2.430166   25.236092  23.833264
  24   21    2.509971   2.404711   29.546837   8.908693
  24   22    2.439217   2.411671    7.612741  35.930806
  24   23    2.386359   2.404860    3.456094  19.477200
  24   24    2.273655   2.465268   38.202600  20.704776
  24   25    2.132911   2.436445    6.583053   6.111643
  24   26    2.016510   2.465335   35.005237  22.225269
  24   27    1.997626   2.456566   33.187016   8.289363
  24   28    1.885621   2.409054   11.241641   2.794726
  24   29    1.701974   2.432294   21.743191   6.765497
  24   30    1.654343   2.448065    4.837792  36.642178
  24   31    1.566830   2.454060    7.693952  25.091869
  24   32    1.439647   2.436895   31.917071  14.944584
  24   33    1.373222   2.471318    9.027905  28.647668
  24   34    1.213743   2.473555   20.386695  25.218481
  24   35    1.108121   2.403494   10.322729   3.854046
  24   36    1.056583   2.441811    6.617449  16.445464
  24   37    0.966506   2.433595   38.426862  11.690034
  24   38    0.848570   2.464307   16.380061  25.865338
  24   39    0.798832   2.461893   21.744116  17.322558
  24   40    0.631593   2.441078   40.615583   4.191090
  24   41    0.507724   2.482737   15.124418  21.608587
  24   42    0.442194   2.478933   37.281259  13.070152
  24   43    0.309404   2.448811   13.652901  20.422781
  24   44    0.243224   2.413775   22.427392   1.936713
  24   45    0.183807   2.404055   11.168652  34.209349
  24   46    0.049797   2.490125   16.824773  20.970190
  25    0    4.642722   2.598991   23.133467   2.852068
  25    1    4.561640   2.589970    8.876341  32.695238
  25    2    4.447564   2.550322    8.510048   9.901810
  25    3    4.377132   2.596483   20.210760   6.829027
  25    4    4.207478   2.570471   31.598124   5.396166
  25    5    4.174380   2.537257   17.269685   1.301805
  25    6    4.084473   2.572087    2.316042  17.951126
  25    7    3.901615   2.576428   40.364552   6.947080
  25    8    3.825179   2.547596    2.204446  24.500024
  25    9    3.722995   2.515333    1.092780  24.178082
  25   10    3.628542   2.534497   23.467708  20.000349
  25   11    3.516600   2.517381    9.667341  27.037464
  25   12    3.445392   2.503385   39.657859  39.624246
  25   13    3.318932   2.594331   35.627716  33.327508
  25   14    3.289348   2.547575    9.144811  12.393922
  25   15    3.154709   2.578423   18.564316  39.098442
  25   16    3.018844   2.510711    6.305732   7.918437
  25   17    2.982012   2.557611   29.902512  11.592750
  25   18    2.827357   2.561909   20.405503  36.833686
  25   19    2.721055   2.569633   22.456480  26.813700
  25   20    2.652997   2.516735   18.429231  40.742697
  25   21    2.519880   2.534698   11.377126  26.206612
  25   22    2.489644   2.506708   35.666888  18.898669
  25   23    2.342246   2.556315    8.282420  31.511702
  25   24    2.249683   2.520071   16.639162  26.568506
  25   25    2.141762   2.535091   39.772537  37.667655
  25   26    2.093108   2.572172   38.992717   3.959887
  25   27    1.912000   2.521307    2.196256  40.715385
  25   28    1.899434   2.515106   14.282082  14.790258
  25   29    1.774910   2.578631   16.449136  30.971769
  25   30    1.617305   2.563136   12.094470  10.021415
  25   31    1.589250   2.543583   29.748046  11.313426
  25   32    1.482096   2.592949   37.762904   4.978682
  25   33    1.327087   2.543136   25.740694  26.230958
  25   34    1.244010   2.575936    8.952051   7.018979
  25   35    1.179596   2.576351   29.972867   9.384352
  25   36    1.098352   2.513457   22.690264  36.107414
  25   37    0.913440   2.575003   14.650132  15.710579
  25   38    0.855594   2.575453   21.960381  22.107317
  25   39    0.705952   2.532839   14.794849  18.704721
  25   40    0.631754   2.587782   19.750885  40.283965
  25   41    0.541144   2.533494   27.313370   4.316284
  25   42    0.479361   2.574288   38.508105  20.467561
  25   43    0.349262   2.512991   15.152395  19.972644
  25   44    0.215871   2.535912   34.219196  15.516325
  25   45    0.120152   2.564382   20.637489  20.561928
  25   46    0.039922   2.541017   16.894685  21.165886
  26    0    4.615136   2.629256    5.250846  32.777885
  26    1    4.556175   2.608633   33.008461   2.046470
  26    2    4.443427   2.623692   17.519452  15.049678
  26    3    4.356734   2.689483   40.492119  37.594680
  26    4    4.257261   2.614694    6.348830  22.349791
  26    5    4.131262   2.688388   23.169653  36.782008
  26    6    4.055009   2.697213    4.051656  13.493579
  26    7    3.998909   2.626085   39.057542   2.027483
  26    8    3.863462   2.621580   21.484562  23.114309
  26    9    3.773026   2.608476   35.744342  30.357225
  26   10    3.699275   2.686503   27.120533  21.317828
  26   11    3.584403   2.656997   36.102955   3.818946
  26   12    3.485259   2.643729   22.548330   1.091331
  26   13    3.300382   2.655041   18.877824   1.354771
  26   14    3.219757   2.657077   38.804484  26.861006
  26   15    3.185684   2.682291   11.228328  20.781061
  26   16    3.066777   2.620725   21.107421  27.163625
  26   17    2.956170   2.641312   14.098767  32.219237
  26   18    2.850867   2.669491    3.977367  20.217516
  26   19    2.779010   2.628910   36.324339  13.266904
  26   20    2.603885   2.607287   24.389743  23.248591
  26   21    2.571826   2.668544   39.671604   1.393891
  26   22    2.420906   2.639022   37.523807  34.747482
  26   23    2.349407   2.699438   34.550988  20.493158
  26   24    2.239406   2.615934    7.832386  33.404109
  26   25    2.159441   2.613110   34.927927  36.211790
  26   26    2.059697   2.694640   27.572574  28.286343
  26   27    1.938461   2.638626   40.998340  28.632648
  26   28    1.875264   2.666194    5.601373  21.899709
  26   29    1.705823   2.604200   29.483147   1.072550
  26   30    1.679207   2.632984   11.154271  31.085420
  26   31    1.597041   2.644629   13.935651  30.208146
  26   32    1.457432   2.698528   30.488856  10.284329
  26   33    1.318152   2.681582   31.244639  25.436005
  26   34    1.270537   2.688050   18.689596  37.514681
  26   35    1.180054   2.676904   15.555114  24.318698
  26   36    1.064534   2.636191   24.594000  15.481907
  26   37    0.945864   2.647873   17.117663   6.164012
  26   38    0.835598   2.662271   33.714415   8.558960
  26   39    0.795346   2.637720   31.116494  37.229720
  26   40    0.605960   2.603228   12.193808  20.946047
  26   41    0.578343   2.654778   20.315268  28.741649
  26   42    0.446884   2.689723    4.247902   2.138894
  26   43    0.393853   2.629235   25.398884  12.858112
  26   44    0.210357   2.631801   36.210143  22.905024
  26   45    0.193064   2.687750   38.178467  21.909060
  26   46    0.003648   2.627137   12.210000  18.287804
  27    0    4.663117   2.713101    5.365847  32.683645
  27    1    4.560359   2.717062   29.679185   3.728368
  27    2    4.403760   2.738516   14.412903  10.235189
  27    3    4.327890   2.793424   37.294441  36.215796
  27    4    4.261280   2.724532   27.950180  14.617860
  27    5    4.104403   2.702767   23.629583  14.446283
  27    6    4.033258   2.779937   39.648279  19.164670
  27    7    3.918476   2.703430    1.703589  10.292307
  27    8    3.803647   2.717810   21.864561  10.361748
  27    9    3.751502   2.705838   22.775545  38.453143
  27   10    3.610566   2.782637    4.226782  17.069098
  27   11    3.556776   2.766609   32.151348   1.978367
  27   12    3.488955   2.745160   22.344324  30.783438
  27   13    3.329827   2.713071   10.431126  38.426323
  27   14    3.266834   2.737873   27.126771   8.833952
  27   15    3.132161   2.746319    5.540381  34.739813
  27   16    3.027431   2.795971   27.728614  18.847164
  27   17    2.964970   2.708205   34.051949  38.491615
  27   18    2.879794   2.776086   34.927961   5.512414
  27   19    2.730732   2.700452   14.719903  28.972714
  27   20    2.607764   2.748289   16.786167  39.624744
  27   21    2.508725   2.712535   12.810623  23.666470
  27   22    2.491294   2.795585   34.724367   4.577325
  27   23    2.305631   2.749094   40.730285  23.972245
  27   24    2.215101   2.709561   35.691975   6.920832
  27   25    2.124265   2.747294   38.612103   8.612325
  27   26    2.097524   2.740829   34.891244   5.302544
  27   27    1.922301   2.739927    7.940728  23.976283
  27   28    1.887163   2.748570   33.561074  36.043191
  27   29    1.708574   2.750992   31.955237  37.727264
  27   30    1.686557   2.794754   17.612292  13.804948
  27   31    1.547043   2.707055    8.486253  15.314941
  27   32    1.470602   2.745506   15.445715   2.249233
  27   33    1.307981   2.709924   24.046757   8.610256
  27   34    1.272804   2.774589   17.073352   2.278324
  27   35    1.122247   2.743989   12.410251  31.697326
  27   36    1.014713   2.712151   11.702162  14.400080
  27   37    0.957665   2.785041   26.573961  20.928234
  27   38    0.852994   2.745630    7.228869  36.950408
  27   39    0.746637   2.736465   29.918861  34.666742
  27   40    0.614590   2.759103   12.633368   3.353391
  27   41    0.550986   2.743401   20.542339   2.717241
  27   42    0.483300   2.792414   33.047348  39.294322
  27   43    0.353906   2.725817   22.153405  26.255608
  27   44    0.290858   2.712012   27.313785  34.626216
  27   45    0.119509   2.727382    5.584385  16.148925
  27   46    0.052194   2.711753   29.142070  15.025647
  28    0    4.658085   2.898597   26.887139  20.871330
  28    1    4.568075   2.803773   35.502544   4.859111
  28    2    4.479566   2.819887   21.145855  14.793604
  28    3    4.398680   2.817074   19.693312  35.416398
  28    4    4.209024   2.823148   15.552583  33.444377
  28    5    4.188925   2.894628   11.551272  31.612780
  28    6    4.076232   2.888719   20.955713  34.411171
  28    7    3.900467   2.868523    3.568316  25.457142
  28    8    3.876321   2.878842    8.005649  10.869818
  28    9    3.776297   2.897138    9.212785  16.028479
  28   10    3.630564   2.818348   12.186025   9.301071
  28   11    3.531737   2.868287   38.545266  23.398507
  28   12    3.455081   2.848674   21.432850   3.773569
  28   13    3.330372   2.807967   26.256910  27.883446
  28   14    3.270959   2.862256   40.708033  16.242622
  28   15    3.165082   2.885582    8.547520  26.203341
  28   16    3.061849   2.870914   39.807816   5.634585
  28   17    2.922829   2.873436   17.799685  12.572601
  28   18    2.804506   2.874082   13.850682  38.056910
  28   19    2.767241   2.800768    7.794343  25.440759
  28   20    2.664088   2.870536   40.303387  16.294277
  28   21    2.525258   2.840808   37.252186   9.547754
  28   22    2.459174   2.800754    2.067831  28.821519
  28   23    2.313238   2.883033    5.774393   8.153343
  28   24    2.261546   2.816112    3.065509  16.884366
  28   25    2.183924   2.872246   13.795242   1.745600
  28   26    2.002705   2.845822   30.920409  32.769341
  28   27    1.918529   2.841111   26.948216  27.228725
  28   28    1.812888   2.872878   40.755208  33.204462
  28   29    1.727955   2.823397    5.286267   5.535722
  28   30    1.619070   2.836185   24.779761  38.902719
  28   31    1.563772   2.811482    9.085988  15.806828
  28   32    1.475942   2.847680   34.264871  34.580587
  28   33    1.373091   2.813563   15.504477  20.719862
  28   34    1.298348   2.850425   13.658435  23.354177
  28   35    1.161827   2.873500   34.146768  30.253991
  28   36    1.004922   2.846494   11.015104  25.235915
  28   37    0.958092   2.839416   34.640739  30.113723
  28   38    0.870883   2.891946    4.574663   1.524971
  28   39    0.791595   2.805916   35.605500  16.235242
  28   40    0.622987   2.890233   32.238397  15.204957
  28   41    0.525906   2.809183   11.938291   8.242525
  28   42    0.491579   2.815124    8.856778   2.032733
  28   43    0.398308   2.824240   16.134019   2.415968
  28   44    0.263491   2.859540    5.655858   7.822469
  28   45    0.136733   2.899298   39.390596  28.681598
  28   46    0.055206   2.837664    6.793829   4.499440
  29    0    4.634872   2.963397   19.542316  36.324225
  29    1    4.548299   2.964263    9.953267  30.818303
  29    2    4.475058   2.960426   35.402577   9.573226
  29    3    4.398551   2.997376    1.038634  13.210970
  29    4    4.293886   2.995128   30.886299  26.904946
  29    5    4.146499   2.958334    7.462692   8.049468
  29    6    4.087793   2.924856   27.321472   6.851028
  29    7    3.920297   2.936572   40.169522   8.679485
  29    8    3.854927   2.994596   28.648314  28.297294
  29    9    3.731904   2.945728   31.455924  38.900657
  29   10    3.665627   2.992183   21.743582  14.703096
  29   11    3.524474   2.922276   23.817022   9.139900
  29   12    3.446736   2.995643   22.896668  29.366403
  29   13    3.332678   2.948233   24.455976  22.384469
  29   14    3.254681   2.995250   21.503130   2.805156
  29   15    3.168355   2.935469   30.761741   4.011682
  29   16    3.098887   2.999150    3.330408   3.520776
  29   17    2.941453   2.930712   33.972904  12.972598
  29   18    2.860603   2.973296   38.249518   9.855003
  29   19    2.770641   2.987552    1.409679  11.357233
  29   20    2.632565   2.923966   11.115596  23.346561
  29   21    2.529304   2.904579    2.070185  25.189217
  29   22    2.482184   2.904271   39.519197   2.939449
  29   23    2.310802   2.947250   16.051242   1.368100
  29   24    2.215062   2.914841   38.419352  14.589988
  29   25    2.181927   2.955170   35.167920  13.997836
  29   26    2.086631   2.973258   19.208425  22.265045
  29   27    1.925442   2.986141   20.310196  37.910278
  29   28    1.877594   2.946832   29.547883  14.019189
  29   29    1.751391   2.963736   10.489099   8.012848
  29   30    1.613582   2.978967   30.353150  20.783822
  29   31    1.582529   2.976026   19.188804  40.159828
  29   32    1.471054   2.990620   27.594785   5.696669
  29   33    1.391822   2.919745   25.555185  22.567051
  29   34    1.269996   2.905250   29.122278  18.245298
  29   35    1.189362   2.996339   11.115417  16.360095
  29   36    1.009301   2.928206   40.505833  20.193666
  29   37    0.922369   2.944197    7.137262  29.666359
  29   38    0.853001   2.909587   28.930556  39.206008
  29   39    0.765137   2.934805   23.400746  31.731747
  29   40    0.624608   2.933436   10.466533  31.277663
  29   41    0.535826   2.969669    6.068998  31.862984
  29   42    0.412840   2.905500   33.577353  34.527804
  29   43    0.383958   2.989533   20.509079  22.566896
  29   44    0.234872   2.956789   40.518679  34.604284
  29   45    0.146255   2.947771   34.327684  17.078316
  29   46    0.042995   2.940852   28.317553  35.896173
  30    0    4.669165   3.005771   26.550694  18.538559
  30    1    4.597188   3.078916    2.312156  22.944848
  30    2    4.443976   3.079738   30.789573  21.406767
  30    3    4.359616   3.098970   37.770836   2.889823
  30    4    4.294831   3.005507   13.401704  25.256691
  30    5    4.197409   3.022350   18.898256  22.480804
  30    6    4.001294   3.090846   32.065800  16.931818
  30    7    3.907365   3.074565   29.575588  32.132790
  30    8    3.825292   3.093126   35.857602  29.102059
  30    9    3.700295   3.035858    6.470744   4.696320
  30   10    3.647295   3.094365   34.825115  31.585521
  30   11    3.503770   3.001379   12.693685   8.060318
  30   12    3.498569   3.045330   25.226742  36.369193
  30   13    3.359858   3.090889   28.960926  18.400264
  30   14    3.205102   3.015738    6.009673  38.082713
  30   15    3.109216   3.033539    9.272408  24.829754
  30   16    3.034533   3.018516   22.770015  28.749666
  30   17    2.964517   3.054556   29.392973  16.408824
  30   18    2.859923   3.072714   27.350156  38.961186
  30   19    2.784668   3.007543   28.969740  38.907709
  30   20    2.623687   3.031821    4.392964   7.186965
  30   21    2.566675   3.028628   31.905750  21.420035
  30   22    2.401276   3.032107   10.586448  24.759058
  30   23    2.374243   3.036855   24.649289  21.864752
  30   24    2.227413   3.009036   17.996591  26.134189
  30   25    2.121312   3.068957   38.347396   5.611434
  30   26    2.057724   3.088911   29.800132  12.360612
  30   27    1.924744   3.016049   18.351087  12.908858
  30   28    1.895545   3.087590    4.893106  10.245825
  30   29    1.733230   3.024826   13.348913  28.492128
  30   30    1.617502   3.038459    7.265057  20.541831
  30   31    1.529251   3.036453   36.444527  40.688886
  30   32    1.482132   3.027809    6.692865  35.534863
  30   33    1.387526   3.062639    1.782999  27.540488
  30   34    1.203381   3.037331   19.222212   9.746897
  30   35    1.156895   3.040260   22.869667  13.899320
  30   36    1.015247   3.080658   29.068757   7.026491
  30   37    0.912940   3.063429   32.514398  26.158752
  30   38    0.845138   3.073723   17.985177  23.126896
  30   39    0.705915   3.065044   29.373173  10.217536
  30   40    0.651705   3.097150    3.804269  34.939617
  30   41    0.502648   3.008626   32.347993  13.475766
  30   42    0.467977   3.092966   16.782381  15.871975
  30   43    0.392104   3.055643   31.645137   3.104833
  30   44    0.222535   3.087659   20.531507  21.427484
  30   45    0.192143   3.093541   24.080909  40.529118
  30   46    0.090287   3.048910   33.742434  29.868216
