   0    0    4.713925   0.021407   34.571251  36.182163
   0    1    4.613625   0.065043    3.124122   4.679994
   0    2    4.575921   0.070000   13.168468   2.472588
   0    3    4.431588   0.023392   15.326030  19.780151
   0    4    4.339258   0.028495   30.277475  32.103287
   0    5    4.297122   0.008983    8.961309  21.180973
   0    6    4.186272   0.054115   31.911086  24.953286
   0    7    4.033133   0.079958   26.817247  26.949136
   0    8    3.950522   0.032520   15.419085  20.825229
   0    9    3.848325   0.085398   31.994616  36.413118
   0   10    3.708683   0.030487   31.685504  31.656858
   0   11    3.646179   0.039415   33.959801  25.439801
   0   12    3.580714   0.094595   21.591072  27.825685
   0   13    3.485720   0.081629   36.157631  18.121780
   0   14    3.343864   0.073848    5.404174   1.980726
   0   15    3.289432   0.070179   34.649023   4.188139
   0   16    3.194883   0.009523   13.177704  34.655418
   0   17    3.008424   0.039067   27.276626  35.396728
   0   18    2.970502   0.066482   24.893269  22.986205
   0   19    2.866574   0.052915   34.150693  34.361341
   0   20    2.758777   0.076742    1.008269   7.181553
   0   21    2.613872   0.009093    2.786474   5.712438
   0   22    2.503378   0.028349   27.225420  38.956492
   0   23    2.424552   0.069713   15.013503  12.185444
   0   24    2.319142   0.060406   31.718376   1.968077
   0   25    2.277856   0.054112   27.816197  27.175902
   0   26    2.100454   0.018557   18.711146  36.357490
   0   27    2.058386   0.086224   26.554254  40.496117
   0   28    1.914052   0.084326   19.223078  37.824798
   0   29    1.809008   0.070645   26.550395  15.513213
   0   30    1.724776   0.016426   27.955234  16.232714
   0   31    1.662117   0.066191   27.822071  33.543849
   0   32    1.506617   0.032442   34.708061  29.556008
   0   33    1.464862   0.036420    7.772799  15.326159
   0   34    1.342079   0.015313   29.384299  36.063527
   0   35    1.200500   0.082840    7.947867  19.584771
   0   36    1.110438   0.050555    1.545150  10.940106
   0   37    1.091586   0.008426   13.498209   5.150096
   0   38    0.909927   0.087424   28.651792  13.125958
   0   39    0.851054   0.016586   37.785311  25.788382
   0   40    0.750153   0.070017   31.538373   3.971429
   0   41    0.624496   0.023873    9.599060  25.844333
   0   42    0.589268   0.002796   31.326696  31.375356
   0   43    0.441072   0.053488   36.749550  39.993416
   0   44    0.375458   0.099066    8.906857  21.395531
   0   45    0.261469   0.081025   27.332859  31.846292
   0   46    0.184247   0.010677   26.272171  23.890121
   0   47    0.079212   0.023939    8.759936  33.843103
   1    0    4.721935   0.152537   38.410776  19.569186
   1    1    4.696361   0.101841   34.676760  34.820687
   1    2    4.591149   0.116480    5.120376  32.905771
   1    3    4.456266   0.146008   31.193005   1.831075
   1    4    4.387071   0.115623   24.026624  28.676330
   1    5    4.274531   0.103391   26.375518  39.234967
   1    6    4.112323   0.112536    9.249748  19.470587
   1    7    4.064723   0.162912   10.751962  20.789165
   1    8    3.964802   0.162411   14.578047  17.331221
   1    9    3.807594   0.130000   31.609061  39.392286
   1   10    3.765949   0.145835    5.670962   4.754094
   1   11    3.661731   0.189070   30.158917  24.348356
   1   12    3.556971   0.174887    2.728502  18.600053
   1   13    3.459502   0.123063   28.185957  37.453238
   1   14    3.397513   0.130968    3.227838  15.039624
   1   15    3.275082   0.104167   39.576128  36.904117
   1   16    3.155030   0.133111   33.741974  14.472277
   1   17    3.091068   0.130489    2.168995  11.977614
   1   18    2.973840   0.141468   30.519436  32.432203
   1   19    2.826801   0.159721   16.662499  21.617390
   1   20    2.760368   0.172271   10.418009   5.812880
   1   21    2.625041   0.182738    1.839156  16.517424
   1   22    2.515545   0.137748    6.949591   3.313034
   1   23    2.423978   0.187572    9.171574  26.982465
   1   24    2.386611   0.127316   30.607318  24.826869
   1   25    2.268838   0.187381    4.904202  37.792446
   1   26    2.198777   0.114852   28.310149   6.571801
   1   27    2.041436   0.124759    3.997297   6.493007
   1   28    1.962256   0.110869   23.714198  17.067212
   1   29    1.807051   0.119163   27.858160  12.979534
   1   30    1.732086   0.178212   38.304130  13.648058
   1   31    1.695846   0.194244   16.573762  15.937472
   1   32    1.527007   0.195129   22.592013  10.017490
   1   33    1.450823   0.107495   36.397915  15.646961
   1   34    1.389310   0.180619   27.415095   2.412949
   1   35    1.285901   0.105927    4.535233  22.855171
   1   36    1.190159   0.193460   17.237998  35.280502
   1   37    1.006223   0.148355   25.803197  29.865014
   1   38    0.954302   0.178603   30.528946  36.922518
   1   39    0.848160   0.167409   19.542652  12.684224
   1   40    0.794399   0.162372   26.693625   1.404079
   1   41    0.698713   0.192527   10.186194  22.024120
   1   42    0.508390   0.191443    4.714423  15.073837
   1   43    0.453169   0.118951   21.182910   6.132662
   1   44    0.303375   0.169597   35.556787   4.375351
   1   45    0.265819   0.187148   29.517035  29.891739
   1   46    0.166405   0.170985   38.568540  36.195228
   1   47    0.041463   0.132096   26.847123  12.303926
   2    0    4.706409   0.298962   11.512052  12.814730
   2    1    4.605124   0.272512   13.331417  38.439276
   2    2    4.542153   0.215496   34.533211  30.601810
   2    3    4.474070   0.236388    1.494154  32.108004
   2    4    4.308687   0.287767   30.285224  34.900840
   2    5    4.239682   0.261072   30.026595  21.970261
   2    6    4.199178   0.285740   15.589318  23.147634
   2    7    4.047121   0.263659   21.205649  36.489468
   2    8    3.950315   0.217363   24.428483   4.057659
   2    9    3.837971   0.250618   20.652014  22.081050
   2   10    3.717689   0.206483   17.734476  12.805644
   2   11    3.695166   0.224320   14.438817  14.003652
   2   12    3.572573   0.202639    2.342330  30.435119
   2   13    3.400487   0.248556    6.100811  20.985298
   2   14    3.383490   0.261640   19.650729  20.306722
   2   15    3.282824   0.255127   34.883223  32.272226
   2   16    3.124747   0.251120   33.940605  35.214412
   2   17    3.000092   0.209263    6.608452  19.733447
   2   18    2.979799   0.216252   10.968447  25.869070
   2   19    2.859362   0.202860   29.827827  27.849417
   2   20    2.779889   0.287378   29.364818  34.769249
   2   21    2.638226   0.211460    2.464743  20.858485
   2   22    2.537791   0.223503   30.532661   9.049165
   2   23    2.425813   0.233378   37.944531   9.030120
   2   24    2.302864   0.263461   27.154051  31.714332
   2   25    2.254093   0.227560   34.845474  24.979226
   2   26    2.176736   0.299988   16.078083  32.745553
   2   27    2.039255   0.280497   40.394481   6.131156
   2   28    1.989047   0.201044   38.276670  39.872283
   2   29    1.898924   0.261939   35.669938  40.892360
   2   30    1.739594   0.277418   36.719082   3.386723
   2   31    1.653843   0.274148   19.163372  33.776922
   2   32    1.567025   0.235993   22.430111  20.190271
   2   33    1.462435   0.260095   25.390584  38.684519
   2   34    1.304921   0.263983    9.660835  29.334312
   2   35    1.273216   0.212266   26.532002  19.720694
   2   36    1.133669   0.261071   23.014973  34.637610
   2   37    1.013589   0.215631    7.621041  25.395614
   2   38    0.930942   0.273558   12.537934  29.532895
   2   39    0.863883   0.265863   39.588338  24.732810
   2   40    0.764932   0.287460   17.189687  15.115551
   2   41    0.692755   0.227030   19.508781  32.764698
   2   42    0.562660   0.205979   32.786670  14.437601
   2   43    0.454200   0.231743   23.687330   8.087013
   2   44    0.320729   0.270822    7.411994  34.410539
   2   45    0.267402   0.281171    6.758654  16.589584
   2   46    0.107854   0.286563    5.457274  31.250820
   2   47    0.018545   0.272302   38.764732   3.176178
   3    0    4.737268   0.372591   10.873494  16.222178
   3    1    4.638414   0.365531    2.213551  37.231498
   3    2    4.562829   0.398100   40.872335  15.499231
   3    3    4.421300   0.306875   32.411175  17.788683
   3    4    4.375180   0.352214   13.233510  31.297141
   3    5    4.259138   0.336040   16.898453  20.795994
   3    6    4.143767   0.363506   33.537669  40.982424
   3    7    4.070255   0.344083   13.612747  23.576688
   3    8    3.966815   0.311018    3.058518  16.700306
   3    9    3.804292   0.392531   22.434099  10.521386
   3   10    3.754557   0.362347   13.711874  30.124344
   3   11    3.604032   0.369628   31.064318   9.247540
   3   12    3.581062   0.333437   13.373393   5.254331
   3   13    3.400817   0.338740   13.726543  27.905954
   3   14    3.396946   0.389434   13.040834  36.758823
   3   15    3.213153   0.328988   29.961885   2.009584
   3   16    3.199052   0.396278   26.730723   2.178948
   3   17    3.007806   0.328816   30.838833  33.105174
   3   18    2.903881   0.388688   25.663400  23.380443
   3   19    2.869349   0.369475   31.180153  11.803618
   3   20    2.769099   0.341740   10.204436  15.961210
   3   21    2.607597   0.327288   28.951073   4.130202
   3   22    2.551893   0.320491   16.194529  24.891975
   3   23    2.412727   0.331101    6.741634  22.851239
   3   24    2.384247   0.334891   36.714000  40.487942
   3   25    2.245166   0.334440   15.315109   4.378896
   3   26    2.183395   0.345712   15.992105  40.879663
   3   27    2.021399   0.300702   35.483492   7.051335
   3   28    1.900776   0.351296   19.085432  35.471653
   3   29    1.827896   0.354055    2.110099  38.030596
   3   30    1.744734   0.334618   39.113701   8.447576
   3   31    1.663185   0.368788   12.828393  23.755971
   3   32    1.591025   0.365514   33.255378   2.201158
   3   33    1.472869   0.305472   14.105208  22.835924
   3   34    1.320879   0.333871   39.369537  17.642300
   3   35    1.204006   0.353550   38.565611  40.456921
   3   36    1.198903   0.336149   17.024508  21.648147
   3   37    1.063753   0.306917   40.035689  19.832860
   3   38    0.922587   0.349823   19.877875  21.499213
   3   39    0.822558   0.381500   16.548639  38.914093
   3   40    0.741426   0.308176   40.766477  11.960969
   3   41    0.654425   0.382061   26.598579  29.520334
   3   42    0.556913   0.331292   16.529109  22.741584
   3   43    0.455898   0.339178   10.215550  21.257099
   3   44    0.374665   0.378234   36.498703  12.376873
   3   45    0.231417   0.366745   23.974290  34.020581
   3   46    0.186924   0.360045    6.764796   9.163765
   3   47    0.075539   0.335396   27.838361  20.591222
   4    0    4.717442   0.493591    1.721211  10.583955
   4    1    4.622311   0.417846    1.780319  14.761530
   4    2    4.561475   0.482175    5.077873  39.729704
   4    3    4.468659   0.438458    1.407660  30.639020
   4    4    4.301150   0.480484   24.429797  20.564055
   4    5    4.212176   0.451217   24.363339   5.210448
   4    6    4.170907   0.438582   16.640324  13.418052
   4    7    4.074056   0.477812   13.058725  18.948837
   4    8    3.989043   0.422546    5.709748   7.947874
   4    9    3.805173   0.460674    4.335917   8.190111
   4   10    3.759526   0.477762   10.464532  22.845086
   4   11    3.697421   0.424599   32.945405  38.201443
   4   12    3.583368   0.435004    6.316393  29.913537
   4   13    3.443420   0.494960   23.264120  17.308748
   4   14    3.300718   0.459102    3.504575   4.696735
   4   15    3.205581   0.490538    2.468002  20.146083
   4   16    3.113685   0.405372   33.648709   6.659869
   4   17    3.070248   0.494663   18.412235  32.034991
   4   18    2.915573   0.479890   37.103713   9.000916
   4   19    2.874286   0.409600   26.761407   6.697163
   4   20    2.774751   0.496329   15.522247  31.485627
   4   21    2.699934   0.416022    4.450881   5.949112
   4   22    2.590861   0.484236   37.194314  19.271469
   4   23    2.439170   0.491940   10.349741  22.722831
   4   24    2.357306   0.431489   37.147628  16.505935
   4   25    2.231033   0.493585    9.034743  37.701765
   4   26    2.127225   0.437118   39.656479  25.554916
   4   27    2.074489   0.464522   39.873748   5.056701
   4   28    1.990141   0.409764    7.720847   1.037184
   4   29    1.815427   0.418669   31.156189   4.211507
   4   30    1.723463   0.471742   32.241598  22.411302
   4   31    1.699241   0.437900   27.797193  12.263979
   4   32    1.586798   0.419030   13.031655  19.681629
   4   33    1.470176   0.435576   21.181012   5.632333
   4   34    1.377729   0.443434   34.467104  13.860370
   4   35    1.285288   0.463603   20.998517  29.693226
   4   36    1.165255   0.444791   20.496244  37.142953
   4   37    1.094303   0.482513   11.472550   1.622482
   4   38    0.961549   0.448254    6.888667  37.324321
   4   39    0.817081   0.471587   28.153986  14.345016
   4   40    0.783972   0.494547   13.020510  26.804033
   4   41    0.627612   0.429180   16.510443  28.445765
   4   42    0.597484   0.489542   31.156081  28.598399
   4   43    0.427595   0.402188   29.818610  34.088744
   4   44    0.312641   0.483568   38.100129  40.098159
   4   45    0.263652   0.487966   11.410260  36.436660
   4   46    0.146306   0.400602   12.259088  39.880561
   4   47    0.010097   0.472056    5.111046   5.758823
   5    0    4.731006   0.552786   28.563692   3.704970
   5    1    4.603929   0.500716   27.750259  37.360424
   5    2    4.584555   0.556719    4.369399  12.891486
   5    3    4.480336   0.538494   18.908777  26.661527
   5    4    4.324118   0.514492   21.365168  31.602338
   5    5    4.215488   0.528021   15.611524  21.199482
   5    6    4.128327   0.534717   31.685149  39.116150
   5    7    4.038789   0.551678   23.459773  24.023731
   5    8    3.917371   0.546554   10.831928   9.005464
   5    9    3.828965   0.592974   10.737736  31.897330
   5   10    3.734155   0.503263    5.684053   9.198252
   5   11    3.657546   0.509201   38.316924  16.914793
   5   12    3.569696   0.580853    2.774581  15.224428
   5   13    3.489217   0.556366   35.720816   1.591205
   5   14    3.382845   0.552112   30.191497   3.518707
   5   15    3.291468   0.552392   22.501464  15.172830
   5   16    3.118250   0.556647    5.864885   2.471452
   5   17    3.045649   0.525244   14.118697  32.864785
   5   18    2.927122   0.593508   35.669818  25.989481
   5   19    2.888205   0.568872    2.801658  29.866641
   5   20    2.742985   0.534555   26.687969  37.649109
   5   21    2.644336   0.521821   26.411485  28.552143
   5   22    2.558949   0.593935   14.135035  13.094000
   5   23    2.446703   0.590791   32.112987  39.824522
   5   24    2.394434   0.591873   24.875120  24.150750
   5   25    2.259062   0.564662    6.702238  18.624237
   5   26    2.127377   0.519423   16.107261  20.205397
   5   27    2.048798   0.503202    1.726089   8.761229
   5   28    1.903086   0.544924   34.723394  30.704385
   5   29    1.873370   0.539108   29.068626  23.689158
   5   30    1.712783   0.502612    1.001064  17.213839
   5   31    1.663504   0.502032   21.468705  17.534331
   5   32    1.563709   0.569142   29.708286   4.291266
   5   33    1.400748   0.558899   22.471725  24.637403
   5   34    1.338363   0.564785    2.362012  15.494185
   5   35    1.298618   0.566089   11.607877  26.061210
   5   36    1.162968   0.512592   36.295715  14.170431
   5   37    1.005046   0.545941    3.128182  17.963413
   5   38    0.974728   0.551057   39.355671  18.245230
   5   39    0.849235   0.532577   40.418651  29.427956
   5   40    0.793721   0.523637   13.459588  24.040457
   5   41    0.658248   0.580167    3.252020  26.294636
   5   42    0.568475   0.561937   15.915281  16.231772
   5   43    0.467798   0.590545   31.325532  22.721408
   5   44    0.374324   0.538450   24.311162  39.369669
   5   45    0.247695   0.596456    5.072310  23.659357
   5   46    0.100577   0.589465   18.954380  20.960775
   5   47    0.055273   0.531761   33.522948  39.115582
   6    0    4.766330   0.699065   36.246489   6.926051
   6    1    4.619875   0.630555   39.032978  25.024545
   6    2    4.555470   0.691115   37.050623  17.322849
   6    3    4.448082   0.623422   19.980961  15.743755
   6    4    4.358921   0.697695   16.018168  13.538119
   6    5    4.222892   0.640957   15.080991  39.634974
   6    6    4.156681   0.659684   11.007035   7.730324
   6    7    4.050385   0.692189   26.742487  11.887433
   6    8    3.963448   0.667985   36.137664  21.118001
   6    9    3.884716   0.658696   25.949173  37.684862
   6   10    3.799862   0.672360   17.696961   9.783147
   6   11    3.636326   0.633975   17.418268  34.013470
   6   12    3.536426   0.668942   39.014449  24.977974
   6   13    3.439330   0.642000   31.339894   9.853278
   6   14    3.389093   0.627166   38.598952  39.493870
   6   15    3.221855   0.688957   26.785849  12.190580
   6   16    3.124356   0.632211   35.238203  12.471705
   6   17    3.087879   0.637764    1.915894   9.234567
   6   18    2.957304   0.600006   14.427848   2.102961
   6   19    2.880734   0.646250   27.398805   2.416491
   6   20    2.798719   0.668422    2.410336  28.991450
   6   21    2.656930   0.676796   12.004483  35.195052
   6   22    2.526686   0.680488   17.268302  22.515705
   6   23    2.454333   0.667709   13.112479  19.386998
   6   24    2.324514   0.653300   40.931071  28.352464
   6   25    2.290963   0.654788   19.921372  28.687248
   6   26    2.139946   0.669746   21.616988  37.391930
   6   27    2.079831   0.645301    3.432467  34.238157
   6   28    1.980692   0.639251   33.148351  34.595863
   6   29    1.891182   0.675954    4.820380  18.552848
   6   30    1.768259   0.648462    5.739762  40.919819
   6   31    1.636427   0.631512    2.592110   1.792873
   6   32    1.525849   0.663112   22.274807  32.241197
   6   33    1.487774   0.661311   18.975274  28.345730
   6   34    1.376791   0.648276    4.750003  26.305056
   6   35    1.284171   0.607231   37.265242  31.843138
   6   36    1.177532   0.645786   17.479041  12.019976
   6   37    1.007720   0.648537    4.399980   3.206229
   6   38    0.903632   0.684816   26.814403  35.006548
   6   39    0.845027   0.676570    6.820437  28.999156
   6   40    0.748529   0.604450   21.557484   9.121405
   6   41    0.675262   0.635363   32.713434  26.317936
   6   42    0.583024   0.635516   33.892447  15.749985
   6   43    0.450774   0.603071   10.023012  15.636620
   6   44    0.358485   0.623050    7.593057  20.981579
   6   45    0.257139   0.643461   37.155304  24.478259
   6   46    0.118716   0.670458   38.415833   5.350478
   6   47    0.057358   0.626758   22.091039   2.473374
   7    0    4.714223   0.751779   21.006913  21.647381
   7    1    4.639705   0.704767   35.658844  12.314010
   7    2    4.588329   0.769413   17.314081  33.375530
   7    3    4.400301   0.726475    6.011599   1.306733
   7    4    4.327109   0.731243   33.409482  19.746335
   7    5    4.200034   0.797210   13.887122  14.673255
   7    6    4.134574   0.783311   34.792591   2.679591
   7    7    4.040777   0.716985   32.023555  24.442683
   7    8    3.910841   0.762023   24.657095  37.093675
   7    9    3.808121   0.781777    7.138886  16.724689
   7   10    3.774192   0.723317   15.269383   7.841444
   7   11    3.626966   0.795253   29.173065   5.348235
   7   12    3.578006   0.765325   19.520413  14.967860
   7   13    3.472288   0.717890   10.030301  21.295775
   7   14    3.330468   0.785736   17.876788   3.535671
   7   15    3.270295   0.775394    2.848109  25.058174
   7   16    3.128767   0.705438   15.370931  25.085806
   7   17    3.014913   0.759035   32.858820  22.980914
   7   18    2.970187   0.745940   33.934321  24.869451
   7   19    2.811175   0.776724    2.198262  38.867444
   7   20    2.700047   0.769681   27.291793  12.309067
   7   21    2.640577   0.755599   33.555428  38.550865
   7   22    2.500883   0.779523   18.799002  11.715948
   7   23    2.423840   0.754373   11.345980  27.840435
   7   24    2.318564   0.726567    7.019174  26.112226
   7   25    2.233753   0.716868   24.131522  23.194706
   7   26    2.159245   0.793888   39.499366  19.075517
   7   27    2.084908   0.786905   28.295628  29.668415
   7   28    1.976072   0.707863    2.120485  27.844749
   7   29    1.898129   0.709139   20.526665  32.125551
   7   30    1.796540   0.778467   29.559416   5.496005
   7   31    1.605253   0.760413    5.446527  33.406352
   7   32    1.520176   0.785269   11.815634  10.817532
   7   33    1.424697   0.791902   34.763468  37.081286
   7   34    1.341910   0.706777   12.418764   1.583376
   7   35    1.299828   0.713523   15.616239  12.620380
   7   36    1.129077   0.737408    5.847609  20.245421
   7   37    1.050697   0.719041   38.315860  17.251585
   7   38    0.999397   0.748520   24.855217  30.633922
   7   39    0.845014   0.732780   17.480367  21.477167
   7   40    0.713604   0.727829   22.808632  30.076927
   7   41    0.646537   0.757011   35.596972  34.162436
   7   42    0.509577   0.774922   21.816051   3.419306
   7   43    0.448132   0.712854    4.335105   8.306421
   7   44    0.364892   0.739738   34.328119   3.742406
   7   45    0.242788   0.796935   36.472913  10.049439
   7   46    0.181626   0.765522   14.064232  19.155682
   7   47    0.028709   0.721025   10.088793  11.167788
   8    0    4.741074   0.838145   31.528711  35.851938
   8    1    4.684383   0.862592    6.708669  19.251126
   8    2    4.576717   0.849607   20.045820  34.688156
   8    3    4.486124   0.830398   16.388722   9.953407
   8    4    4.361333   0.855138   40.156630   1.874173
   8    5    4.274103   0.841229    5.252382  32.153549
   8    6    4.198579   0.840505   23.384825  33.921818
   8    7    4.003225   0.811312   14.789450  39.557342
   8    8    3.950686   0.818992   20.792584  32.827374
   8    9    3.842484   0.889166    7.264257  21.217382
   8   10    3.722085   0.845930   17.411742  39.530617
   8   11    3.610539   0.895371    7.868866  18.643174
   8   12    3.553847   0.872804   20.549504  22.013925
   8   13    3.456234   0.889135    1.796348  28.618807
   8   14    3.365741   0.862586   28.132039  38.975313
   8   15    3.210686   0.851584   23.198260  38.540980
   8   16    3.111545   0.853367   32.663342  20.829540
   8   17    3.052284   0.861315    3.029478   5.035402
   8   18    2.988910   0.888234   17.040829  26.861754
   8   19    2.837589   0.839034   24.072647  26.804957
   8   20    2.767636   0.825983   30.383178  30.678436
   8   21    2.659578   0.855010   23.973526  39.108310
   8   22    2.569662   0.809426   15.189987  15.670753
   8   23    2.400116   0.825553   10.907595  29.962941
   8   24    2.350384   0.895912   11.566909  28.025703
   8   25    2.245705   0.872932   31.537357   7.111926
   8   26    2.194074   0.848104    9.913955  36.890775
   8   27    2.034743   0.886846   17.208806   9.989071
   8   28    1.946266   0.842178   20.388740  29.618141
   8   29    1.800494   0.805028   31.874623   2.362348
   8   30    1.762876   0.875275   35.620494   4.584725
   8   31    1.666846   0.825516   34.020702  19.030850
   8   32    1.559660   0.844409    2.564748  14.904799
   8   33    1.443672   0.873818    4.911689  33.895856
   8   34    1.396271   0.824953   10.052622   3.422058
   8   35    1.255253   0.874447   26.760262  26.921844
   8   36    1.126767   0.898440   40.502764  12.688471
   8   37    1.018695   0.818187   16.963952  13.948653
   8   38    0.992807   0.866591   27.427995  13.207471
   8   39    0.869642   0.874000   18.342372   6.011282
   8   40    0.727146   0.841361    4.782816  29.039402
   8   41    0.609869   0.867592   10.346773  23.769128
   8   42    0.573155   0.819180   29.861979  11.937431
   8   43    0.425403   0.837465   22.502914   7.841796
   8   44    0.311204   0.831732   28.374390  23.502445
   8   45    0.294866   0.883633   18.887296  17.293891
   8   46    0.114651   0.815243   28.480668   9.415782
   8   47    0.075581   0.844239   21.225872  16.206561
   9    0    4.737001   0.955648   19.996765  30.628934
   9    1    4.619734   0.970937    8.243399  12.218825
   9    2    4.557466   0.947909   15.630087  13.459690
   9    3    4.434495   0.925160   30.180685  11.117073
   9    4    4.384747   0.954377    3.028651  13.864503
   9    5    4.258530   0.984321   29.936014  27.996407
   9    6    4.138254   0.959282   39.587838  20.727156
   9    7    4.082654   0.929477   26.076110   8.212825
   9    8    3.992323   0.994260   36.373404   8.824126
   9    9    3.894675   0.984171   28.001085  40.290551
   9   10    3.782148   0.953302    3.183439  14.197380
   9   11    3.677572   0.987886   39.836828   8.144129
   9   12    3.530215   0.924580    3.686054   2.985598
   9   13    3.436134   0.917001    7.167404  31.420218
   9   14    3.358963   0.941301   37.733608  39.335191
   9   15    3.270101   0.911096    9.509067  40.459327
   9   16    3.109193   0.994109    7.368398   8.832736
   9   17    3.051543   0.923146    1.466565  26.323048
   9   18    2.984447   0.953459   33.698728  40.970819
   9   19    2.800875   0.988384   36.801468  16.527655
   9   20    2.789112   0.922026   33.738411  37.479531
   9   21    2.689381   0.998530   12.181317  13.570258
   9   22    2.522471   0.974366   39.466762  32.926241
   9   23    2.426491   0.975574   21.167464  36.028992
   9   24    2.332195   0.943919    5.780226   9.806508
   9   25    2.217312   0.962479   14.038522  20.964065
   9   26    2.118989   0.985884    9.670860  22.419371
   9   27    2.000030   0.986911   15.335404   1.541763
   9   28    1.919139   0.978565   29.880921  12.140541
   9   29    1.893786   0.908517   18.553015  25.248872
   9   30    1.773641   0.925527   34.446900   1.277315
   9   31    1.605523   0.930275   16.192690   5.760227
   9   32    1.521428   0.986198   12.960386  33.509383
   9   33    1.459021   0.940107   33.428574  25.467479
   9   34    1.329855   0.993540   31.037228   5.989976
   9   35    1.220977   0.950186   34.930159   5.872418
   9   36    1.198195   0.913966   36.400496  11.502141
   9   37    1.007477   0.918291    6.922284  19.493560
   9   38    0.939312   0.966909    9.146835  18.635226
   9   39    0.859572   0.968062   20.352975  29.629974
   9   40    0.760997   0.949279    3.179851  23.766968
   9   41    0.678926   0.973171   16.078516  33.271662
   9   42    0.531626   0.903475   31.458226  10.706920
   9   43    0.413627   0.934170   19.264274   7.641116
   9   44    0.324867   0.926752    4.620341  32.177208
   9   45    0.280224   0.956200    7.738796   2.295972
   9   46    0.195099   0.944380   40.711233   1.876990
   9   47    0.000963   0.930739    7.827812  16.418017
  10    0    4.738993   1.059446   23.151769  36.697245
  10    1    4.624905   1.035226   11.233799  34.859102
  10    2    4.549422   1.048030   14.754015  15.722865
  10    3    4.488253   1.090672   37.815864   6.709820
  10    4    4.365396   1.090114   37.500791  25.979319
  10    5    4.252699   1.059239   31.663719  36.602150
  10    6    4.166165   1.013793   40.971506  24.451482
  10    7    4.040982   1.021323   31.648633  21.652544
  10    8    3.948951   1.083142    6.710425   1.722534
  10    9    3.866084   1.044788    2.673272   5.897271
  10   10    3.767924   1.078621   31.497546  24.651122
  10   11    3.624622   1.047787   10.131410  39.267140
  10   12    3.597130   1.002908   19.396381   3.825339
  10   13    3.495982   1.061003   27.627577  39.594025
  10   14    3.311988   1.094814   10.616958  36.102332
  10   15    3.256624   1.015147   26.795734  23.836943
  10   16    3.162800   1.049243   24.646443  33.362705
  10   17    3.083709   1.015196   28.095164  18.660743
  10   18    2.939375   1.022108   35.763821  25.679176
  10   19    2.883855   1.014156   12.750812  20.695763
  10   20    2.798465   1.045715   10.969184  20.419262
  10   21    2.641289   1.065971    8.544364  33.252159
  10   22    2.545106   1.092322   23.522173   8.372074
  10   23    2.435066   1.019779   25.951443  18.957872
  10   24    2.325289   1.001420   29.698238  33.809644
  10   25    2.227240   1.015815   36.159325  16.734566
  10   26    2.100570   1.029729    2.035415  27.463464
  10   27    2.073023   1.057062    8.788687  36.721138
  10   28    1.935267   1.091998   29.258388  19.717293
  10   29    1.849942   1.060115    4.681906  28.199739
  10   30    1.733847   1.035390    1.230657   5.887552
  10   31    1.645888   1.033785    7.909550  13.274553
  10   32    1.519908   1.030576   36.699726   6.282964
  10   33    1.485692   1.094555   21.185708  32.998879
  10   34    1.348834   1.068624    2.264244  30.805396
  10   35    1.212481   1.004343   20.171916  22.841403
  10   36    1.193779   1.024325   32.906125   1.174193
  10   37    1.073569   1.007843   24.688469  40.827824
  10   38    0.939050   1.083842   17.594737   3.426566
  10   39    0.891015   1.054310   38.640980  14.389336
  10   40    0.756281   1.037362   37.884279  19.166967
  10   41    0.624199   1.011729   15.509107  30.894782
  10   42    0.526972   1.005929   23.089578  36.108637
  10   43    0.455928   1.020145    2.533445  12.038572
  10   44    0.310010   1.005672   12.539555   6.770859
  10   45    0.254544   1.085261    4.275622  23.701834
  10   46    0.134757   1.052391   33.571697  28.765771
  10   47    0.082404   1.083488    5.015712  40.599507
  11    0    4.729056   1.174770   33.344924  40.928860
  11    1    4.635821   1.135232   39.490144  28.971455
  11    2    4.567218   1.135456   23.212313  26.617624
  11    3    4.413212   1.104497    2.762333  10.770963
  11    4    4.345616   1.155806    6.309191  28.823171
  11    5    4.216654   1.199774    2.557348   9.249301
  11    6    4.162906   1.102351    2.176174  11.309834
  11    7    4.097457   1.183687    1.180959   8.530337
  11    8    3.998265   1.120803   36.650806  25.818212
  11    9    3.858581   1.147050   29.182505   8.714526
  11   10    3.744160   1.196940   10.925488  27.437349
  11   11    3.625861   1.166713   19.210052   3.246881
  11   12    3.560255   1.182748   20.583482  18.572071
  11   13    3.496007   1.146003   26.045407   6.728856
  11   14    3.371992   1.150933    3.588799  36.501828
  11   15    3.262178   1.131569   27.595588  39.049395
  11   16    3.141186   1.131226   35.619886  30.347675
  11   17    3.007736   1.111100    1.656425  25.655693
  11   18    2.986648   1.137876    1.801050  20.334380
  11   19    2.845354   1.122626   24.553032  23.979548
  11   20    2.730435   1.119308   35.799643  15.554907
  11   21    2.662168   1.148043   20.300945  32.480480
  11   22    2.589727   1.148113   30.421091  26.014884
  11   23    2.412050   1.120994   22.720795   1.462105
  11   24    2.325671   1.122393    8.247904  20.554940
  11   25    2.273287   1.152391   37.978427  23.763590
  11   26    2.198694   1.167929   36.532875  14.319138
  11   27    2.064118   1.165645   11.311465  38.623288
  11   28    1.964842   1.114706   37.470736  17.758018
  11   29    1.879538   1.138040    9.242356  13.456990
  11   30    1.779672   1.171081    3.136598  23.725094
  11   31    1.680663   1.164741    7.367028  35.988546
  11   32    1.554974   1.134156   13.793575  30.045953
  11   33    1.432715   1.197525   23.847306  13.115908
  11   34    1.339346   1.155916   38.936031  12.009421
  11   35    1.249274   1.161647   40.024350  13.090955
  11   36    1.166154   1.131262   12.348996  12.550572
  11   37    1.058957   1.121096    2.109395  24.036791
  11   38    0.931863   1.186271   35.628291  27.465657
  11   39    0.866065   1.145057    1.697162  34.521518
  11   40    0.734051   1.122843   19.020050   8.819377
  11   41    0.628964   1.126511    7.886365  30.852764
  11   42    0.511560   1.119379   14.102303  11.775183
  11   43    0.429101   1.117694   30.080795  30.952616
  11   44    0.389335   1.196174    9.745416  28.399656
  11   45    0.249551   1.176511    8.083537  36.117868
  11   46    0.137415   1.128961   10.952206  26.562286
  11   47    0.024850   1.163045   14.885923  19.665841
  12    0    4.707354   1.234325   39.592621  22.872306
  12    1    4.663641   1.285921   37.591903  25.411318
  12    2    4.510040   1.256724    6.711951  25.664553
  12    3    4.482245   1.274572   33.207561  39.115484
  12    4    4.346424   1.258366    8.005575  27.366612
  12    5    4.220806   1.245340   18.564589   2.493026
  12    6    4.197114   1.250460    7.217335  25.149849
  12    7    4.043984   1.236865    7.435561   2.058913
  12    8    3.918103   1.207156   16.632673  24.587227
  12    9    3.855469   1.213363   12.937951   4.041646
  12   10    3.778078   1.271949   39.501735  13.111117
  12   11    3.679661   1.273170    9.612867   1.785098
  12   12    3.507795   1.200418    6.141716  18.384624
  12   13    3.484880   1.254293   17.103552  13.506389
  12   14    3.313990   1.282871   33.631773  31.270278
  12   15    3.240357   1.298776    6.147773  15.972523
  12   16    3.139047   1.255789    8.427893  13.900234
  12   17    3.013962   1.223294   17.637259  23.603856
  12   18    2.923365   1.241936   11.889181  30.422441
  12   19    2.829282   1.244677    6.786433   2.707755
  12   20    2.749911   1.255573   40.621082  11.317559
  12   21    2.609151   1.225948   36.991732  26.991141
  12   22    2.519881   1.271423   16.705105  31.751715
  12   23    2.438083   1.240998   31.751878  33.195898
  12   24    2.324704   1.283873   37.298720  10.250486
  12   25    2.278336   1.204147   28.058529   4.646458
  12   26    2.142799   1.276338   18.753097  16.049842
  12   27    2.073436   1.274611   40.955784  35.694192
  12   28    1.999558   1.279825   27.310487  31.800053
  12   29    1.868995   1.225304    6.506101  31.488524
  12   30    1.785970   1.224398   16.607053  12.868914
  12   31    1.673519   1.260408   19.189243  15.200016
  12   32    1.535090   1.277629   11.621055  15.310929
  12   33    1.471660   1.276800   19.799907  28.765983
  12   34    1.306266   1.220032   29.370340  31.639423
  12   35    1.288983   1.290679   21.198794  23.424518
  12   36    1.124568   1.229080    8.577155  16.858848
  12   37    1.090799   1.292657    1.810910  22.748078
  12   38    0.967320   1.230619   13.682365   6.784891
  12   39    0.878028   1.252056   30.553951   3.583161
  12   40    0.780931   1.229304   23.005213  26.500251
  12   41    0.620236   1.264360   11.918711  19.247855
  12   42    0.549412   1.248151   26.508836  18.864337
  12   43    0.440194   1.224460   16.212489   4.534394
  12   44    0.321017   1.291399   25.545796  11.315382
  12   45    0.235215   1.212802    7.515547  13.509136
  12   46    0.131381   1.294530    5.121962  23.773822
  12   47    0.088475   1.201521   20.689731  28.797730
  13    0    4.740359   1.340696   38.631131   1.276097
  13    1    4.688215   1.323289   28.817428  24.988505
  13    2    4.525400   1.303704   25.676847  12.038323
  13    3    4.434367   1.396916    3.738093  28.982465
  13    4    4.346917   1.324318   35.511935   4.969624
  13    5    4.270637   1.370571    4.888651  16.563570
  13    6    4.120493   1.338842   31.790326  10.225198
  13    7    4.035457   1.326080   15.443128  17.158289
  13    8    3.997092   1.356770    8.739819  32.209534
  13    9    3.877448   1.385846   39.785941   7.698742
  13   10    3.765644   1.327758   34.528488  26.510474
  13   11    3.630169   1.377739    2.642328  21.699044
  13   12    3.552391   1.347244   14.511495  30.565165
  13   13    3.486924   1.342689    7.728473  21.099784
  13   14    3.398359   1.324769   35.209145  12.429222
  13   15    3.259264   1.314724    2.572928  36.130879
  13   16    3.150100   1.379343    9.281067  32.840761
  13   17    3.042570   1.363863   16.200020  32.388376
  13   18    2.999538   1.332216   12.425492   2.841265
  13   19    2.848719   1.368516    7.654963  34.516043
  13   20    2.756324   1.338936   25.046624  22.535556
  13   21    2.699349   1.375964   25.889486  22.327958
  13   22    2.530520   1.339830    4.697205   6.143461
  13   23    2.403579   1.316981   35.315832  17.903576
  13   24    2.344753   1.310844   39.717404  34.316075
  13   25    2.271319   1.363848    6.376058   1.132082
  13   26    2.183161   1.365158   10.155234  26.759829
  13   27    2.037403   1.359729   26.762612  26.378149
  13   28    1.919511   1.390053   28.967778  16.531891
  13   29    1.892786   1.301806   16.465248   4.386542
  13   30    1.748799   1.303242   34.666534  11.940745
  13   31    1.636909   1.330584    8.608380  21.238292
  13   32    1.575456   1.378167   15.984295  32.806081
  13   33    1.480092   1.363419    8.082055  30.116521
  13   34    1.386969   1.318770   29.804993   4.902480
  13   35    1.236425   1.311579    1.258783  31.835266
  13   36    1.164277   1.360793   25.512048  29.731651
  13   37    1.056133   1.337072    2.627512  16.530002
  13   38    0.949735   1.338880   32.074792  36.338317
  13   39    0.851756   1.337961    7.965123  11.603837
  13   40    0.709765   1.386583   18.606603   7.705156
  13   41    0.674731   1.399059   18.704858   9.968710
  13   42    0.592474   1.329845   24.792470  16.332494
  13   43    0.498087   1.308642   28.450179  17.816187
  13   44    0.390592   1.393599   14.497745   1.928788
  13   45    0.256961   1.321239   20.121589   2.597811
  13   46    0.177007   1.365820   14.033915  18.708238
  13   47    0.091511   1.341551   11.013050  19.590223
  14    0    4.783991   1.453746   15.971291  10.612163
  14    1    4.626544   1.415206    3.073644   9.365640
  14    2    4.547901   1.422868   20.052560  39.841126
  14    3    4.408812   1.438349   27.019242   8.683531
  14    4    4.338663   1.430947    4.675223  17.405066
  14    5    4.206412   1.439905   31.417958   3.764694
  14    6    4.137832   1.456462   15.575008   3.969030
  14    7    4.055097   1.447948    1.682260  17.604221
  14    8    3.920289   1.473769    2.756379  25.092410
  14    9    3.813565   1.424670   38.939657  21.925146
  14   10    3.732838   1.445671   12.380363  37.029892
  14   11    3.663896   1.443297   25.042957  19.569922
  14   12    3.548012   1.488217    7.233967  27.582644
  14   13    3.464316   1.484620   27.520125  34.572126
  14   14    3.303355   1.412226   27.569487   1.058583
  14   15    3.229335   1.450881   37.052884  14.846167
  14   16    3.115224   1.461379   13.516145  17.220870
  14   17    3.077043   1.430374   20.112198  36.378026
  14   18    2.981863   1.447676   30.930459  11.174093
  14   19    2.844992   1.497389   10.667897  17.995423
  14   20    2.763044   1.431637   34.465915  14.457919
  14   21    2.634553   1.499040   17.428741  12.241071
  14   22    2.543022   1.406831   24.806472  27.188302
  14   23    2.499048   1.463011    6.858264  30.568020
  14   24    2.349830   1.426151   31.422584  36.906636
  14   25    2.243168   1.458426   17.250854  10.021409
  14   26    2.117157   1.450706   17.872419  21.867587
  14   27    2.050335   1.455798    5.441527  13.766217
  14   28    1.935089   1.411302    3.585044  14.816612
  14   29    1.800644   1.461421    5.261956  39.265977
  14   30    1.742933   1.447150   24.226427  37.878507
  14   31    1.684902   1.446565   25.644371   5.612670
  14   32    1.571149   1.426821   12.163114  29.998639
  14   33    1.460030   1.452521   36.313993   5.453376
  14   34    1.340107   1.462385   29.202575  15.448821
  14   35    1.227697   1.428763   20.299744  17.154537
  14   36    1.170939   1.499280    5.703200  25.230105
  14   37    1.051579   1.453424   15.032035  19.290024
  14   38    0.958186   1.401641   33.311057   2.775087
  14   39    0.858979   1.492793   37.585482  32.234489
  14   40    0.795256   1.455676    2.994526  21.172610
  14   41    0.699815   1.479670   34.663492  30.588826
  14   42    0.531883   1.482104   15.712039  11.208098
  14   43    0.460076   1.429209   34.210685   5.359849
  14   44    0.377859   1.482788   39.962174   7.833029
  14   45    0.247876   1.465264   23.078217  26.261613
  14   46    0.149200   1.446362   28.629449  27.247394
  14   47    0.088082   1.400255   13.956104   2.201143
  15    0    4.781766   1.503023   16.953194   7.599291
  15    1    4.676231   1.597251   14.825730   1.956601
  15    2    4.513012   1.549577    4.110969  23.376110
  15    3    4.454121   1.544203   15.474771  37.251283
  15    4    4.355095   1.562452   32.822034  16.882104
  15    5    4.277883   1.587176   18.155829   6.872116
  15    6    4.152024   1.578558   24.540461  19.767402
  15    7    4.054777   1.501936    3.259146  13.176648
  15    8    3.929830   1.551734    2.221527  23.393899
  15    9    3.827175   1.531400   15.908821  11.277847
  15   10    3.711923   1.585966   18.309087  18.893709
  15   11    3.681295   1.580228    5.681006  16.391315
  15   12    3.581853   1.505641    2.505706  26.096223
  15   13    3.454299   1.537216    9.181643  36.274862
  15   14    3.332634   1.547828   12.051370   5.070098
  15   15    3.206175   1.591188   14.010345  33.385675
  15   16    3.145609   1.551873    6.650676  34.846841
  15   17    3.012624   1.516719   22.676100  35.325642
  15   18    2.992488   1.577588   40.852447  10.962935
  15   19    2.821761   1.532293    6.319527   2.340700
  15   20    2.751770   1.504881   28.599805  36.777795
  15   21    2.600946   1.575386   40.635492  27.085390
  15   22    2.575208   1.554873   27.832762  23.095141
  15   23    2.480434   1.596502   30.178939   4.559105
  15   24    2.331238   1.525394   37.439488   6.435673
  15   25    2.277775   1.547317   12.275861  29.065857
  15   26    2.190537   1.552201   34.516452  28.379286
  15   27    2.061018   1.526865    8.050402  10.244651
  15   28    1.903872   1.591347    6.811713   6.715329
  15   29    1.879766   1.554090   35.618128  31.662936
  15   30    1.754390   1.567818   13.389674  33.709756
  15   31    1.661011   1.555109   19.284588   3.160842
  15   32    1.545272   1.550928   35.969711  37.618316
  15   33    1.431404   1.589183   38.627343  22.079280
  15   34    1.309371   1.597868    4.055121  20.645253
  15   35    1.289255   1.588638   22.628681  38.700272
  15   36    1.100006   1.553433    8.882907  19.867272
  15   37    1.008051   1.554917    6.565334  37.673184
  15   38    0.941537   1.506115    4.388986   7.212886
  15   39    0.808637   1.535405   33.150554  39.895862
  15   40    0.784615   1.578638   27.797450  30.407517
  15   41    0.689469   1.503875   14.462966  38.264987
  15   42    0.524242   1.574395   38.106608  38.865085
  15   43    0.453455   1.581117   17.485691  25.905241
  15   44    0.398769   1.510399   27.658546  36.827100
  15   45    0.215916   1.561749   13.618288  36.932251
  15   46    0.194948   1.542024   30.143067  20.620597
  15   47    0.021034   1.558206   21.313119  37.499525
  16    0    4.737936   1.625159   27.800872  27.726563
  16    1    4.633945   1.633555   11.026815  18.824953
  16    2    4.545834   1.667351   31.254967  32.420822
  16    3    4.412221   1.671044   12.966588  34.087738
  16    4    4.375910   1.691099    7.313294   6.069652
  16    5    4.293995   1.620204   10.650171  27.531942
  16    6    4.184086   1.669667   23.249664  19.732721
  16    7    4.070359   1.666833   17.087261   6.808129
  16    8    3.960570   1.698608   40.484159   2.546243
  16    9    3.836895   1.697334   15.429381   8.529929
  16   10    3.792716   1.634667   26.248176   1.429566
  16   11    3.643344   1.666642    2.224153   2.217631
  16   12    3.541224   1.667786   18.733402  35.978721
  16   13    3.481385   1.633402   38.949028   9.246234
  16   14    3.397769   1.691671   39.388047  26.980762
  16   15    3.268391   1.696025   36.288579   1.110717
  16   16    3.120898   1.603685   15.437717  37.803063
  16   17    3.099770   1.648955    5.658544  25.266559
  16   18    2.922785   1.695810   36.372395   4.982010
  16   19    2.854101   1.679693   33.768846   6.998903
  16   20    2.701928   1.694989   40.055043   7.655889
  16   21    2.643808   1.644058   28.556882  32.219028
  16   22    2.586362   1.673375    7.271400  15.057044
  16   23    2.409446   1.689675   28.611464  28.782136
  16   24    2.368218   1.676836   17.954626  37.098705
  16   25    2.257948   1.645807    3.246812  32.865748
  16   26    2.173696   1.613537    7.982491   5.162208
  16   27    2.044289   1.661439   36.675098  12.143339
  16   28    1.922520   1.603482    2.358884   8.510618
  16   29    1.892023   1.652909   27.265096  38.933138
  16   30    1.787942   1.614631   28.755465  26.325110
  16   31    1.641027   1.617403   21.663528  24.197340
  16   32    1.572096   1.601512   34.803350  26.180744
  16   33    1.400510   1.679257    3.594802  37.212281
  16   34    1.362268   1.618226   23.188803   6.848607
  16   35    1.271995   1.662317    8.443865   5.925453
  16   36    1.131125   1.699313   40.520923   6.631586
  16   37    1.090464   1.623464   37.265980  39.460538
  16   38    0.988452   1.689165    9.103431  38.011376
  16   39    0.812212   1.639947   37.656270  16.926949
  16   40    0.783204   1.653488   35.156690  25.204608
  16   41    0.655240   1.616317    3.950982   5.635692
  16   42    0.592885   1.624787    2.700160  33.296317
  16   43    0.472099   1.665519   25.521425  27.018672
  16   44    0.322322   1.617931    9.219564  25.939275
  16   45    0.206110   1.623082   39.460655  39.993854
  16   46    0.165840   1.601536   37.407083  33.178031
  16   47    0.049770   1.673390    2.752008  39.214054
  17    0    4.765639   1.726273   26.676987  31.776793
  17    1    4.688873   1.702640   29.047657  29.582388
  17    2    4.524870   1.792150    8.823148  37.500639
  17    3    4.477507   1.744378   16.474425  18.612767
  17    4    4.306460   1.783374    4.098951   2.119810
  17    5    4.247598   1.750383   25.423165  24.659110
  17    6    4.168179   1.711653   17.164188  17.477182
  17    7    4.012022   1.702215   29.067046  31.732276
  17    8    3.950732   1.786596    6.757581  14.779324
  17    9    3.872566   1.776841   14.393199  30.569009
  17   10    3.748853   1.775328    8.617628   9.341842
  17   11    3.693129   1.793585   37.821185  10.812534
  17   12    3.555453   1.722542   28.088545  19.340045
  17   13    3.444565   1.798982   17.020837  10.609723
  17   14    3.375774   1.776891    7.012142   1.686261
  17   15    3.270423   1.791178    9.331102   7.625071
  17   16    3.162332   1.709965   28.920514  18.975468
  17   17    3.062609   1.746144    7.220543  29.417055
  17   18    2.922118   1.720066   37.208502  18.511182
  17   19    2.872580   1.784236   32.519240  11.317728
  17   20    2.795065   1.784554   22.878956  27.743902
  17   21    2.617221   1.707552   13.690893  36.401742
  17   22    2.597253   1.761762   11.617861  10.024673
  17   23    2.468889   1.746026   24.202981  14.826286
  17   24    2.363590   1.746306    4.370484  40.396700
  17   25    2.246369   1.773365   25.091914  38.768752
  17   26    2.112937   1.750058   21.253735  13.218186
  17   27    2.047621   1.792704   11.109146  24.384241
  17   28    1.993674   1.715170    5.554024  21.729959
  17   29    1.886168   1.746221    7.373312  23.650349
  17   30    1.749641   1.765188    2.723923  14.251696
  17   31    1.610853   1.773024   22.242500  36.661969
  17   32    1.575205   1.765685   18.705052  12.510912
  17   33    1.403470   1.725215   32.159820  38.884173
  17   34    1.303886   1.796753    2.568618  34.679171
  17   35    1.260338   1.753335   35.514521  18.066538
  17   36    1.197524   1.736304   10.379145  19.010289
  17   37    1.072435   1.789285    5.099938  11.967598
  17   38    0.972422   1.715332   30.350961  13.545628
  17   39    0.824057   1.787329   32.538657  10.733419
  17   40    0.715180   1.734105   23.781097   3.171877
  17   41    0.632204   1.731935   13.084286  16.719603
  17   42    0.504146   1.721728   21.906287  27.387020
  17   43    0.448043   1.784985   25.498351  19.741334
  17   44    0.362459   1.780607   15.745855  20.450544
  17   45    0.237771   1.724265   39.239847  27.181412
  17   46    0.125580   1.782020    4.156307  40.164197
  17   47    0.053081   1.720176    9.994060  26.081501
  18    0    4.710040   1.869375    4.737519   2.349963
  18    1    4.691180   1.808259    4.606337   8.287161
  18    2    4.520794   1.881650    2.894491  25.162212
  18    3    4.430925   1.841371    7.775535  39.912529
  18    4    4.332145   1.831131   36.272659  10.691298
  18    5    4.215146   1.847275   25.400952   2.835826
  18    6    4.121627   1.856735    4.948881  30.886200
  18    7    4.029598   1.874904   13.265599  38.632196
  18    8    3.927546   1.827068    2.174198  40.644096
  18    9    3.806205   1.885704   24.777741   4.295672
  18   10    3.739064   1.885807   16.128609  12.985093
  18   11    3.652424   1.835256   27.781685   4.297388
  18   12    3.512772   1.816072   40.062111  19.550632
  18   13    3.479513   1.894734    7.987869  14.972480
  18   14    3.341620   1.850191   26.360340  24.234412
  18   15    3.270374   1.881801   15.361370   4.923412
  18   16    3.180896   1.866552    9.487194  18.574970
  18   17    3.092399   1.806190   39.846992  19.072780
  18   18    2.961612   1.896221   23.420920   4.609401
  18   19    2.822346   1.886469   24.098174  34.193973
  18   20    2.794243   1.808588   31.114144  24.207971
  18   21    2.608781   1.861393   13.416027  10.193366
  18   22    2.585153   1.857487    6.672461  23.479731
  18   23    2.452995   1.801785    6.893849  14.113036
  18   24    2.354398   1.847093    5.360207  26.659514
  18   25    2.241548   1.826987   28.801543  22.768321
  18   26    2.156748   1.820341    2.206116  35.957045
  18   27    2.012705   1.843737    5.533435  15.129828
  18   28    1.967847   1.881698   36.895647  32.169174
  18   29    1.885037   1.854701   10.982029   7.004820
  18   30    1.704339   1.840834   10.800794  25.426581
  18   31    1.619331   1.828908   11.989313  38.268246
  18   32    1.500640   1.804052   21.412277  16.266602
  18   33    1.424686   1.886986    5.566298  36.838943
  18   34    1.365663   1.846312   30.103073  14.294129
  18   35    1.256307   1.830362   30.860512  33.791902
  18   36    1.190414   1.868259   21.066303   5.012871
  18   37    1.085999   1.835490    1.390263  30.442767
  18   38    0.971780   1.879864   22.434547  34.979564
  18   39    0.856735   1.841689   36.853520  40.936064
  18   40    0.759140   1.855139   25.001744   1.254017
  18   41    0.659916   1.884309   18.858345  12.813971
  18   42    0.518635   1.870821   29.632869   3.188223
  18   43    0.498066   1.863715   11.210854  23.237741
  18   44    0.344961   1.876019   21.360661   2.918050
  18   45    0.216701   1.894994   12.935763  39.979214
  18   46    0.132510   1.839518    6.332732   5.491354
  18   47    0.006976   1.853277   10.993626  23.995164
  19    0    4.746474   1.986766   37.186451  10.386663
  19    1    4.695464   1.915234   29.697944  34.342530
  19    2    4.510223   1.969522   33.093048   3.246898
  19    3    4.449052   1.998564   35.124369  36.387911
  19    4    4.347813   1.907751   12.626469   9.972899
  19    5    4.231413   1.918196   25.343322  30.709996
  19    6    4.189937   1.905511   20.776558   4.891856
  19    7    4.052901   1.910439   21.096364  32.788928
  19    8    3.967901   1.970462   25.840199  10.536029
  19    9    3.857964   1.924458    6.575761  22.521913
  19   10    3.783441   1.960042   27.588142   8.637490
  19   11    3.693276   1.944225   36.255721   7.799687
  19   12    3.552217   1.936460   35.019257  20.264887
  19   13    3.495797   1.983497    1.262854   7.823768
  19   14    3.375756   1.937370   40.178069  27.598599
  19   15    3.232845   1.991381   17.562465  19.539753
  19   16    3.100459   1.959379   33.925450  20.660903
  19   17    3.015986   1.916683   18.276357   4.507200
  19   18    2.972924   1.907560   40.216434  39.388134
  19   19    2.897207   1.905547   23.736876  23.721978
  19   20    2.798433   1.985679    7.353161   4.752107
  19   21    2.639298   1.948724    5.421000  14.352251
  19   22    2.553855   1.989060   27.845043  32.208390
  19   23    2.432758   1.952390   13.697332  25.044607
  19   24    2.397557   1.914861    2.922287  36.569330
  19   25    2.208785   1.979533   24.357923   5.402126
  19   26    2.157068   1.922969    3.412981   9.470036
  19   27    2.072027   1.997720   15.195905  40.431514
  19   28    1.960317   1.964826    5.608009  18.915863
  19   29    1.847764   1.973452   31.428996  32.201726
  19   30    1.708203   1.947180   38.902131  24.970216
  19   31    1.606080   1.973314   37.557965  18.651839
  19   32    1.565044   1.913108   31.413615  26.461830
  19   33    1.490300   1.967796   23.288265  23.431202
  19   34    1.369160   1.903613   20.448876  10.660998
  19   35    1.238616   1.984916   12.432032  30.850272
  19   36    1.138380   1.909658   26.592648  31.194508
  19   37    1.046308   1.927668   36.246780  16.465777
  19   38    0.964718   1.936740   13.368250   9.039389
  19   39    0.871344   1.951857   16.456136  16.519229
  19   40    0.758764   1.981906    8.826616  17.255861
  19   41    0.638373   1.998998   18.237045  28.393084
  19   42    0.517498   1.966601   11.086770  32.190195
  19   43    0.445275   1.992751   39.746930  19.444166
  19   44    0.349339   1.977787   16.764523  12.198529
  19   45    0.222400   1.936755    2.303356   3.019284
  19   46    0.197131   1.944517   39.390224  19.512952
  19   47    0.037515   1.996717   14.117808  18.153301
  20    0    4.753597   2.017441    4.330458  11.691526
  20    1    4.679213   2.010300   20.524261   3.395190
  20    2    4.564484   2.024705   37.392637  16.164199
  20    3    4.488183   2.044585   24.932273  25.402968
  20    4    4.362150   2.049287   26.205511  24.706890
  20    5    4.239193   2.012805    7.273403  29.393671
  20    6    4.166816   2.009990   26.632682  24.246326
  20    7    4.007061   2.069539   40.498814  21.229876
  20    8    3.933981   2.031186   30.890246  36.218544
  20    9    3.877088   2.026729   30.724988   9.869572
  20   10    3.714706   2.054830    9.703791  28.774256
  20   11    3.684583   2.071641   22.913533  14.101501
  20   12    3.530520   2.082370   27.753998  14.444614
  20   13    3.489084   2.022263    1.510137   8.933399
  20   14    3.346626   2.033847    9.824193  30.451211
  20   15    3.206766   2.025704   14.256778  14.695881
  20   16    3.155925   2.076873    4.477229  19.664455
  20   17    3.039256   2.090735   17.430362  15.870032
  20   18    2.962012   2.009065   32.753157   7.284808
  20   19    2.848712   2.046955    2.050030  36.842059
  20   20    2.771911   2.074142   21.293209   1.641628
  20   21    2.637511   2.039896   33.134424  18.233705
  20   22    2.578696   2.054076   22.459665  17.074737
  20   23    2.496265   2.003944   17.879290  10.152405
  20   24    2.330498   2.007539   38.435254   2.684090
  20   25    2.286124   2.003070   33.664818  27.650496
  20   26    2.145554   2.018310   11.949786  22.803273
  20   27    2.020455   2.093158   13.091229  18.878099
  20   28    1.943025   2.076443    3.195790  13.372843
  20   29    1.806982   2.039091   20.780139  17.859603
  20   30    1.716236   2.039637   40.658984  32.959865
  20   31    1.604324   2.014785   25.468329  11.519001
  20   32    1.578808   2.012648   13.003473  17.990279
  20   33    1.436648   2.025007   10.959575  24.524627
  20   34    1.364829   2.038486   19.815622  38.831066
  20   35    1.296745   2.014083   40.789291  15.719166
  20   36    1.161774   2.016758   20.924636  16.679497
  20   37    1.051343   2.068484   13.995779  26.346127
  20   38    0.999315   2.051700   17.181907  40.787036
  20   39    0.842852   2.077817    3.180938  22.979252
  20   40    0.708464   2.085296   39.995295  21.365815
  20   41    0.658968   2.091878   11.082372  37.006698
  20   42    0.503696   2.089316    2.578522  25.595880
  20   43    0.415683   2.000198   38.167872  37.717078
  20   44    0.325732   2.074209   12.789973  32.471743
  20   45    0.270271   2.064913    1.302323   7.479819
  20   46    0.114618   2.022477   25.599207   6.797071
  20   47    0.048643   2.057795    2.326145  35.207570
  21    0    4.761523   2.169493    2.633594  13.456667
  21    1    4.636265   2.187940   35.423456  28.233712
  21    2    4.513385   2.135690    6.921522  10.165203
  21    3    4.443405   2.157868    3.447169  22.933356
  21    4    4.377075   2.160625   12.862687  10.212484
  21    5    4.214011   2.152700    5.907344  10.861482
  21    6    4.189195   2.101616   14.620061  16.295324
  21    7    4.002855   2.149565   25.118142   9.877254
  21    8    3.983917   2.137518   30.542163  12.346446
  21    9    3.897870   2.132577   12.037818  38.668768
  21   10    3.704481   2.161607   26.888352   2.341103
  21   11    3.613679   2.112453   39.625222  18.287904
  21   12    3.564004   2.156690   21.043904   3.382463
  21   13    3.428344   2.179264    9.075371  25.750168
  21   14    3.368194   2.120189   32.575699  34.937080
  21   15    3.278227   2.161820    3.085704   2.449798
  21   16    3.166372   2.147360    9.893420  16.912112
  21   17    3.065597   2.127822   20.343678  14.085682
  21   18    2.997903   2.186693   10.945212  16.336246
  21   19    2.870233   2.135218   16.715459  28.988947
  21   20    2.748651   2.153169   38.290821  25.726601
  21   21    2.689788   2.137059    1.154500   8.188423
  21   22    2.526572   2.122242   22.059289  15.794205
  21   23    2.464026   2.149682   28.137864   3.245450
  21   24    2.306806   2.130231   28.712359  20.960942
  21   25    2.265308   2.117209   13.477221  16.834854
  21   26    2.184856   2.175295    9.198778   8.231173
  21   27    2.061822   2.144091   16.640500  36.244205
  21   28    1.911470   2.147215    6.998783   8.281582
  21   29    1.881034   2.121841   20.259254  21.408784
  21   30    1.764801   2.113940    4.722087  12.203050
  21   31    1.618726   2.146118   16.285839  36.795013
  21   32    1.544211   2.158162   17.336762  18.148739
  21   33    1.453721   2.105959   18.303586  40.390393
  21   34    1.345779   2.188163   40.770480  29.212830
  21   35    1.240028   2.128230   20.782201   3.253329
  21   36    1.102115   2.143746   36.539620  37.184696
  21   37    1.056618   2.177263   38.609695  29.521520
  21   38    0.938548   2.180274   36.225823  36.393596
  21   39    0.800431   2.142175   24.021201  19.472905
  21   40    0.714023   2.141671    4.033647  17.679300
  21   41    0.610447   2.192485   33.084101   7.178478
  21   42    0.578266   2.126700   21.327012  14.594338
  21   43    0.409793   2.146432   20.187957   9.481582
  21   44    0.386799   2.111912   13.956217  12.263922
  21   45    0.248825   2.175800   36.526788   4.483628
  21   46    0.172346   2.119358   31.351349   3.899859
  21   47    0.025020   2.166051   37.350302  35.411467
  22    0    4.774974   2.207513    5.771979  10.785121
  22    1    4.645261   2.261229    2.799767   9.686983
  22    2    4.583983   2.219792   10.767105  28.616018
  22    3    4.482689   2.249364    8.433246  13.214769
  22    4    4.342137   2.246627   19.813355  26.409268
  22    5    4.263827   2.286001    4.084006   6.349075
  22    6    4.107246   2.244298   39.263528  23.751539
  22    7    4.002038   2.210990   13.484948  10.696515
  22    8    3.957427   2.206513   14.151620  27.989369
  22    9    3.870610   2.286832   12.130998  14.856344
  22   10    3.764558   2.203221    1.064541  25.027672
  22   11    3.682917   2.275621   37.140434  22.395422
  22   12    3.545480   2.285192    9.204782   5.725360
  22   13    3.418063   2.276064   10.415200  16.800296
  22   14    3.332456   2.202641   28.932378  14.446919
  22   15    3.298312   2.262007   35.189324   5.844153
  22   16    3.183202   2.201464   16.488539  27.149089
  22   17    3.089354   2.299624   36.093606  11.751680
  22   18    2.976465   2.241650   24.267421  23.452104
  22   19    2.856051   2.271620   34.153816  13.740228
  22   20    2.711721   2.228986   17.916549  30.465277
  22   21    2.664839   2.203750   40.678701  25.960935
  22   22    2.550962   2.263405    4.710465  25.707017
  22   23    2.479308   2.271439   37.783165  26.558822
  22   24    2.306874   2.285119   32.056263  32.279667
  22   25    2.247741   2.262448   28.331037  22.516158
  22   26    2.194883   2.243192   40.653686   1.529895
  22   27    2.030503   2.285308    4.370923  20.138712
  22   28    1.926598   2.220241   33.746585  36.745642
  22   29    1.861177   2.242616   20.677690  32.489839
  22   30    1.729133   2.221677   32.066544   6.010985
  22   31    1.678218   2.233327    8.801182  12.772615
  22   32    1.528571   2.278244   23.483584  23.160546
  22   33    1.403616   2.208809    7.062855  36.605616
  22   34    1.336552   2.216553   27.042880   2.845432
  22   35    1.281731   2.283715   33.230066   6.333171
  22   36    1.126477   2.223892   32.980533  39.042959
  22   37    1.024891   2.294579    9.136803  16.956303
  22   38    0.980314   2.270803   33.475453  35.912761
  22   39    0.842783   2.206623   40.308734  25.965826
  22   40    0.728243   2.257768   23.308513  35.722186
  22   41    0.659868   2.292353   38.689483   8.304431
  22   42    0.591598   2.220754    5.264170  40.634180
  22   43    0.449181   2.244320   32.854134  32.879851
  22   44    0.374614   2.264506    2.023827  13.471198
  22   45    0.231893   2.238806   17.634995  28.496565
  22   46    0.132402   2.292148   14.464256   7.138970
  22   47    0.009854   2.237229   13.873755  14.768763
  23    0    4.771421   2.364995   15.688488  13.214279
  23    1    4.613105   2.397671   19.053188  17.522638
  23    2    4.514356   2.357429   30.780614  17.271208
  23    3    4.455961   2.370255   10.850646   8.391383
  23    4    4.383907   2.368291    4.190019  21.840636
  23    5    4.203747   2.366942   38.194650   4.751551
  23    6    4.129400   2.312433   19.814632   7.468070
  23    7    4.057678   2.328860   18.194925  18.844798
  23    8    3.936463   2.343902   33.266824  28.155210
  23    9    3.867570   2.362436   32.355314  13.874299
  23   10    3.723169   2.355708    1.469675  39.540966
  23   11    3.681248   2.379336    1.768051  10.060460
  23   12    3.536136   2.360182   31.645366  36.497946
  23   13    3.435444   2.354648   18.526947  25.085864
  23   14    3.316968   2.378653   39.921523  31.390757
  23   15    3.285929   2.312737   39.386095  31.054682
  23   16    3.113278   2.359514    9.195423  15.062771
  23   17    3.064287   2.360864   27.729771   4.037123
  23   18    2.959174   2.399673   26.559995  29.688308
  23   19    2.835433   2.316914    1.208269  32.464776
  23   20    2.747675   2.366001   22.509653   5.947530
  23   21    2.613417   2.319486    4.933462  17.088033
  23   22    2.561944   2.300576    7.308023  36.551615
  23   23    2.473468   2.366110   23.916958  17.902093
  23   24    2.323540   2.346357    4.313727  33.966125
  23   25    2.275442   2.398508   33.472773  22.393333
  23   26    2.154073   2.348389   15.724407  12.250771
  23   27    2.087999   2.342568    2.595500  24.653198
  23   28    1.931704   2.369705   23.113278  21.254113
  23   29    1.873791   2.315120   32.864040  16.352008
  23   30    1.755865   2.310814   23.296521   5.972013
  23   31    1.663834   2.329605   14.209979  38.260448
  23   32    1.512385   2.336988   29.483921   4.699015
  23   33    1.414000   2.368370    8.928819  24.951788
  23   34    1.356888   2.398520   28.329204  16.672097
  23   35    1.298135   2.340609   36.601266  35.513206
  23   36    1.106889   2.375697   35.410581   3.226576
  23   37    1.050865   2.311850   25.130898  39.539899
  23   38    0.952454   2.392474   34.836095  36.054259
  23   39    0.828480   2.373402   16.893564  40.380959
  23   40    0.761588   2.320606    3.082394  11.974233
  23   41    0.608557   2.318354   34.032937   6.551349
  23   42    0.569699   2.339519    2.839658  15.697008
  23   43    0.498077   2.304432   33.225711   7.419571
  23   44    0.302562   2.326235    9.549423  10.383045
  23   45    0.265831   2.313470   37.778991  30.725974
  23   46    0.189111   2.324392   21.486152  30.366998
  23   47    0.057731   2.362242   23.711483  37.181939
  24    0    4.774231   2.481735   23.647437   1.239325
  24    1    4.693421   2.480040   16.509162   1.345503
  24    2    4.542371   2.451399    6.381786  39.547235
  24    3    4.479194   2.444675    6.535152  38.164286
  24    4    4.310373   2.423899    1.597015  27.697231
  24    5    4.205728   2.460463   33.612622  21.021902
  24    6    4.142370   2.493938   32.556324  19.211864
  24    7    4.029485   2.469258    5.088548  39.819356
  24    8    3.980852   2.468995   17.683203   5.313563
  24    9    3.863934   2.408783   16.725278  26.568226
  24   10    3.776254   2.495079   24.460369   5.878790
  24   11    3.630803   2.471226   22.055876  11.167749
  24   12    3.532437   2.409149   36.422001  16.126017
  24   13    3.442621   2.469512    3.378303   1.483249
  24   14    3.367357   2.427403   14.402606   4.971380
  24   15    3.205644   2.488639   16.352535   9.538646
  24   16    3.117075   2.443941   22.619909   1.806150
  24   17    3.047026   2.485149   10.203804  29.581107
  24   18    2.986887   2.445306   30.833218   5.520494
  24   19    2.881715   2.499041    6.824190  13.971193
  24   20    2.775953   2.442959   15.732788   2.918294
  24   21    2.643031   2.459348   14.603866   9.297217
  24   22    2.571219   2.487963    7.879756  33.238107
  24   23    2.406281   2.497119   36.612354   7.807763
  24   24    2.322735   2.459984    4.930294  21.315686
  24   25    2.237002   2.427675   27.789226  18.201713
  24   26    2.175662   2.416165   37.541693  23.993750
  24   27    2.094523   2.427805   22.092717   5.010373
  24   28    1.944319   2.444524   11.272123  32.705049
  24   29    1.817583   2.412927    8.093825   7.251646
  24   30    1.770544   2.491224   15.949927  29.725047
  24   31    1.611545   2.414294   40.292481   4.731490
  24   32    1.512474   2.421396   33.402323   6.410883
  24   33    1.446562   2.466951   13.471489  34.313213
  24   34    1.360495   2.429157   25.097469  38.813570
  24   35    1.262619   2.445408   18.692950  28.670488
  24   36    1.174724   2.434054    3.167925  39.370708
  24   37    1.060901   2.425923    2.080988  16.485250
  24   38    0.982766   2.488341    1.447571  22.957290
  24   39    0.841291   2.411771    1.323624   5.746992
  24   40    0.767830   2.472381   27.568139   1.392523
  24   41    0.623063   2.431039   19.865729  30.755244
  24   42    0.515466   2.473859   12.825555  32.570849
  24   43    0.459946   2.405257   15.054045  38.622372
  24   44    0.372232   2.430632    3.440365  18.705716
  24   45    0.231727   2.491567    4.034318   2.519117
  24   46    0.101551   2.466716   35.000572  12.744919
  24   47    0.062452   2.421139    9.989651  36.600628
  25    0    4.700811   2.566237   21.289273  12.836678
  25    1    4.680005   2.592219    1.348262  31.496030
  25    2    4.569450   2.511160    9.363561  21.795893
  25    3    4.493485   2.527419   37.877875  29.439921
  25    4    4.390337   2.555169   24.665197   1.840382
  25    5    4.223282   2.571798   10.123042  14.569451
  25    6    4.106168   2.518276   13.107644  24.437156
  25    7    4.074145   2.590774    2.430762   6.606001
  25    8    3.938945   2.564584    1.498097  40.919164
  25    9    3.893760   2.525058   24.848818  35.085752
  25   10    3.713733   2.569083   23.317217   1.603191
  25   11    3.608479   2.573580    5.470324  16.498774
  25   12    3.508018   2.588421   33.793337   9.459961
  25   13    3.473858   2.504753   32.337015  38.141565
  25   14    3.354849   2.525328    6.371974   8.957764
  25   15    3.220510   2.541465    2.802914  30.183270
  25   16    3.181823   2.516683   22.095528  21.521261
  25   17    3.015530   2.525808   38.299031   1.391167
  25   18    2.968607   2.581174   34.072136  26.117442
  25   19    2.896388   2.545843   13.728841   4.156249
  25   20    2.753268   2.534091   31.126692   6.800998
  25   21    2.667648   2.598579   13.263332  20.905127
  25   22    2.512124   2.513993   17.891110   8.621697
  25   23    2.481278   2.570880   18.093496  26.679706
  25   24    2.379126   2.568819   13.004984  19.116672
  25   25    2.248541   2.543141   16.737170  21.611477
  25   26    2.158956   2.517473   22.761839   4.680832
  25   27    2.055577   2.559353    4.786233   2.212519
  25   28    1.923110   2.537009   34.450242  39.428910
  25   29    1.875801   2.561576    8.519185  11.850653
  25   30    1.760153   2.525217   11.803107   8.733002
  25   31    1.690086   2.556846    5.593248  18.471493
  25   32    1.580128   2.553774   24.382590  10.439740
  25   33    1.440472   2.570197   26.069131  11.575450
  25   34    1.348820   2.558071    3.392016  33.841557
  25   35    1.254742   2.538744   38.310719  30.653047
  25   36    1.150101   2.506390   28.320369   9.796827
  25   37    1.087722   2.518668   16.840981  33.727253
  25   38    0.944029   2.553357   31.988920  14.963969
  25   39    0.830512   2.509468   13.024442  27.346794
  25   40    0.704693   2.510374    5.983630  38.934905
  25   41    0.641119   2.547976   24.485668  28.319784
  25   42    0.584953   2.559232   34.121045   5.123598
  25   43    0.449071   2.588419   25.462227  12.672268
  25   44    0.365313   2.594169   18.509439  34.585679
  25   45    0.282604   2.564200   37.829695  28.761622
  25   46    0.101077   2.502356   30.931046  16.515528
  25   47    0.059858   2.522069   31.325298  29.170048
  26    0    4.785751   2.683111   21.685257  39.987422
  26    1    4.675292   2.630043   21.535883  29.948734
  26    2    4.599349   2.662103   28.696763  28.577749
  26    3    4.499135   2.686659   25.504942  15.978520
  26    4    4.307804   2.678413   11.606629   2.825537
  26    5    4.291188   2.601065   17.352490  17.658287
  26    6    4.124126   2.609482   28.728413  15.058905
  26    7    4.010652   2.670963   20.090665  26.827535
  26    8    3.933259   2.651845   39.165444  36.935321
  26    9    3.880945   2.658577   14.856964  18.774972
  26   10    3.720773   2.693999   28.049479  12.113891
  26   11    3.642518   2.653556    5.076105  22.380222
  26   12    3.530576   2.601818   19.775008  34.798194
  26   13    3.497763   2.616159   20.600572  11.881100
  26   14    3.308780   2.686653   22.267530  19.458517
  26   15    3.219903   2.614055    5.668940  21.454177
  26   16    3.169651   2.641589   34.738189   7.862622
  26   17    3.062544   2.601733    4.560163  27.741715
  26   18    2.945258   2.612264   32.041245  16.614517
  26   19    2.868175   2.642776   40.111062   5.653313
  26   20    2.753006   2.615272   30.664870  21.721010
  26   21    2.632403   2.642165   12.803303  19.215981
  26   22    2.534658   2.629344   24.549871  26.276127
  26   23    2.436072   2.638266   31.915243  21.941597
  26   24    2.386763   2.662365   33.344975   3.173794
  26   25    2.209666   2.602340   25.273043  10.126086
  26   26    2.115597   2.640713   11.371373   6.829507
  26   27    2.043534   2.607154   20.424564  17.689928
  26   28    1.909775   2.676507    2.483309  26.211995
  26   29    1.803431   2.655662   27.598565   2.614915
  26   30    1.730627   2.643060   14.175526   6.056239
  26   31    1.653790   2.605789   23.600842  32.727423
  26   32    1.574253   2.629143   23.702467  13.949475
  26   33    1.430837   2.687931   15.837957  12.523742
  26   34    1.359819   2.648652   39.638200  18.052156
  26   35    1.244323   2.688107   36.948315  22.928331
  26   36    1.146272   2.653827   24.220054   3.536152
  26   37    1.020121   2.661564   23.059368  12.321194
  26   38    0.974020   2.637399   14.983085  35.392756
  26   39    0.826306   2.649175   22.478826  39.865851
  26   40    0.769495   2.611852    8.606476  11.083426
  26   41    0.652595   2.692089   26.666787  11.114733
  26   42    0.538642   2.622473    5.557107  38.576447
  26   43    0.437137   2.678889   31.624769  21.064097
  26   44    0.310487   2.684908   21.029546  23.633057
  26   45    0.255635   2.613890    5.376711  31.275910
  26   46    0.173834   2.637686    5.845788  34.776873
  26   47    0.005667   2.665243   16.006030  15.379445
  27    0    4.778969   2.765479   10.392156  15.200752
  27    1    4.633801   2.737134   24.751929  31.210631
  27    2    4.551917   2.779832    5.334791  27.935575
  27    3    4.464738   2.711662    9.957184  38.042542
  27    4    4.391384   2.740682   24.769268  13.925706
  27    5    4.200196   2.722855   40.198697  33.805703
  27    6    4.187914   2.764190   40.623915  12.226230
  27    7    4.060638   2.757818   18.721204  39.892195
  27    8    3.921123   2.790238   11.550466  17.357359
  27    9    3.845172   2.728128   36.333532  10.082891
  27   10    3.754058   2.776402   35.199774  10.921726
  27   11    3.684087   2.718402   36.215913   5.332410
  27   12    3.553768   2.744300   29.694329   2.910596
  27   13    3.454490   2.798299   11.625892  37.591751
  27   14    3.324123   2.728914   38.273425  32.695315
  27   15    3.222352   2.779302   26.279445   3.543827
  27   16    3.140729   2.771819   10.500869  10.520670
  27   17    3.064053   2.708218    7.222981  23.072476
  27   18    2.928448   2.755202    4.089178  27.387102
  27   19    2.807115   2.715631   31.300960  27.480797
  27   20    2.719619   2.795167   13.308287   4.529066
  27   21    2.613307   2.779433   28.862935   8.920017
  27   22    2.575497   2.799967   23.110855  13.267111
  27   23    2.407694   2.721070   22.142864  25.185356
  27   24    2.344721   2.751715   12.520292  31.831587
  27   25    2.234429   2.725294   40.782635  12.980722
  27   26    2.170837   2.788512    6.491738  37.826192
  27   27    2.094224   2.762974   33.260776  17.949339
  27   28    1.945931   2.748062   22.370238   3.319884
  27   29    1.889414   2.700921   20.526402   1.212743
  27   30    1.739376   2.783512   35.234458   4.125997
  27   31    1.670422   2.702692   16.927512   9.855894
  27   32    1.509510   2.777631   15.828328  35.647704
  27   33    1.442160   2.759991   33.561815   2.741462
  27   34    1.331723   2.762355   35.447073   4.739302
  27   35    1.250525   2.745554   20.467307   3.231639
  27   36    1.149020   2.797329   24.058137  20.353086
  27   37    1.027666   2.745291   16.608916  26.841191
  27   38    0.970536   2.773293   11.101596  15.311900
  27   39    0.830026   2.709987   20.406555   4.540708
  27   40    0.709797   2.783967   12.828693  17.367771
  27   41    0.655459   2.765004    8.589036  11.374388
  27   42    0.567712   2.753568   35.701201   9.777331
  27   43    0.474810   2.730200   37.447294  35.251952
  27   44    0.325323   2.716157   22.288384  39.945063
  27   45    0.259344   2.731664   18.099507   2.219641
  27   46    0.118285   2.717744   14.262385   9.255694
  27   47    0.028306   2.731903    6.169698  12.210523
  28    0    4.718858   2.852378   26.506928   8.037403
  28    1    4.680603   2.865743    6.320498  13.219677
  28    2    4.551872   2.849441   37.018307  26.667791
  28    3    4.411255   2.845499    3.369822  12.045115
  28    4    4.318681   2.800922   19.191654  17.154897
  28    5    4.246737   2.890825   34.260228  26.180634
  28    6    4.197560   2.854664   36.249584  39.095850
  28    7    4.063708   2.846225    8.938854   4.142083
  28    8    3.930319   2.802415    1.984359  39.736048
  28    9    3.882875   2.872310   33.244819  40.453857
  28   10    3.793060   2.859945   27.648763   9.922086
  28   11    3.653866   2.835665   23.190116  26.717728
  28   12    3.584103   2.870623    1.744973  26.061953
  28   13    3.467949   2.876612   27.559011  11.631464
  28   14    3.344003   2.863488   27.624743  32.776338
  28   15    3.253370   2.804116   14.540074  30.519955
  28   16    3.151418   2.862245   13.228298  21.745198
  28   17    3.022745   2.852800    8.144022   8.886927
  28   18    2.914244   2.872530   27.953391  39.324040
  28   19    2.853647   2.838240   21.449596  24.690590
  28   20    2.798019   2.871389   13.560053   8.824715
  28   21    2.691949   2.863634   26.258779  10.491926
  28   22    2.503015   2.885118   19.180590   2.925777
  28   23    2.472922   2.863473   22.531719   9.319585
  28   24    2.317744   2.869447    4.918498  27.497848
  28   25    2.257281   2.817945    6.010775   7.040723
  28   26    2.139803   2.899501   24.183985  20.199667
  28   27    2.078514   2.835622   38.732169  29.222373
  28   28    1.965016   2.836061   11.827867  25.520871
  28   29    1.893846   2.881326   24.662812  11.913305
  28   30    1.702803   2.859347   33.299674  22.517833
  28   31    1.624010   2.821129   21.488882  13.471608
  28   32    1.579466   2.851886    9.469863  12.309216
  28   33    1.456795   2.867069   19.621869  28.508544
  28   34    1.341811   2.867979   22.420077  39.468199
  28   35    1.275938   2.830427   10.776783  35.214560
  28   36    1.171055   2.848858    9.419483  24.768656
  28   37    1.060410   2.834319   11.016352  33.778627
  28   38    0.961409   2.829849    5.469262  26.312873
  28   39    0.879552   2.893870   16.944064  36.307400
  28   40    0.709044   2.838665   19.211396  21.888700
  28   41    0.686730   2.845380   18.767965   7.596013
  28   42    0.595311   2.802432    2.661953  37.474362
  28   43    0.488319   2.894666   10.246221  31.297626
  28   44    0.333176   2.865120    2.143144  35.129437
  28   45    0.235815   2.859147   23.064470   7.484147
  28   46    0.177722   2.866760   15.952479  18.080863
  28   47    0.056741   2.898283   11.984094  15.285889
  29    0    4.780427   2.951157   13.721410  31.633095
  29    1    4.604770   2.962593    7.139571  18.243203
  29    2    4.592568   2.949791   33.079923  15.601899
  29    3    4.471102   2.942767   11.152155  10.198464
  29    4    4.395687   2.936126   21.157597  37.291551
  29    5    4.257625   2.967284   11.266174  36.002095
  29    6    4.156472   2.956822   11.615700  23.605520
  29    7    4.067767   2.979438   40.503309  14.001610
  29    8    3.969732   2.924116    2.318979  36.701052
  29    9    3.823195   2.922869   16.869283  16.228002
  29   10    3.766308   2.997139    4.419837  39.668350
  29   11    3.663623   2.978410   35.936441  27.389076
  29   12    3.522838   2.988992   10.541669  17.035392
  29   13    3.433013   2.924496    9.664770   5.224671
  29   14    3.317218   2.911119   37.912191   9.469710
  29   15    3.298287   2.938388   33.112973  22.474009
  29   16    3.127410   2.906858   21.711647  12.868793
  29   17    3.086463   2.916100   20.730272  24.650732
  29   18    2.971940   2.931981    4.564854  19.101072
  29   19    2.862688   2.965199   25.208670   8.016495
  29   20    2.737974   2.911647   30.020107  18.979751
  29   21    2.605208   2.916539   34.414475   8.589289
  29   22    2.537305   2.940384    1.022007  27.622100
  29   23    2.463618   2.908506   15.706953  35.718004
  29   24    2.371894   2.994535   28.799377   8.167076
  29   25    2.214030   2.920502   21.991018  22.700023
  29   26    2.178768   2.995091   33.253458   1.894517
  29   27    2.048890   2.971160   10.139965   2.113974
  29   28    1.959179   2.992891    2.845647  21.109404
  29   29    1.860188   2.951170    9.963279   4.985072
  29   30    1.778823   2.947882   20.148129   5.725059
  29   31    1.692673   2.930646   20.683640  30.595790
  29   32    1.554733   2.939469   28.634765  25.299404
  29   33    1.458406   2.966555   21.926295  37.699925
  29   34    1.320178   2.975938   36.953726   5.348758
  29   35    1.215658   2.937067    7.513031  28.093413
  29   36    1.181405   2.967523   28.837353  10.083948
  29   37    1.023597   2.946498   22.892053   9.940592
  29   38    0.949532   2.989880   29.968859   3.283808
  29   39    0.889624   2.977132   10.824129  20.949895
  29   40    0.747211   2.992581   17.539487  34.841488
  29   41    0.628438   2.912257    4.984414  20.438284
  29   42    0.552821   2.900688    3.893846   2.589264
  29   43    0.451042   2.918593   17.428454   4.519044
  29   44    0.355074   2.916552    2.575191  37.327889
  29   45    0.297898   2.955651    3.409914  40.092870
  29   46    0.147791   2.953683   13.246464  33.556820
  29   47    0.023308   2.974579   35.826635  11.017485
  30    0    4.798448   3.024886    1.377006  19.221965
  30    1    4.627837   3.079712    1.610700   3.776355
  30    2    4.574767   3.062788   19.248886   4.867923
  30    3    4.422230   3.052298   23.667250  30.162360
  30    4    4.311183   3.072488   36.750862  35.901982
  30    5    4.289770   3.077783   14.505834  30.937617
  30    6    4.141454   3.003262    3.592065  31.247469
  30    7    4.094361   3.075536    1.497172  27.125926
  30    8    3.914990   3.079076   28.981531  27.484355
  30    9    3.858931   3.003047    8.727237   4.539676
  30   10    3.752656   3.046124   20.483807  19.645322
  30   11    3.612803   3.095431   16.709662  32.338298
  30   12    3.582873   3.079708   30.674882  18.155816
  30   13    3.477722   3.005401    8.756502  27.860725
  30   14    3.330757   3.042448   38.386783  25.976932
  30   15    3.230085   3.028958   31.596475   7.669584
  30   16    3.111873   3.001167   20.743217  20.830276
  30   17    3.041661   3.037658   27.868848   8.690184
  30   18    2.907825   3.090759   32.852736  24.454267
  30   19    2.862719   3.089578   19.410211   3.522670
  30   20    2.773499   3.059902    3.939911  34.161655
  30   21    2.669959   3.058022   32.790436  30.451020
  30   22    2.545198   3.045709    1.859128  21.538341
  30   23    2.457055   3.099517    2.343176  11.367888
  30   24    2.385189   3.002243   12.349625   8.943909
  30   25    2.297801   3.080777   40.975334  19.779588
  30   26    2.111422   3.051251   25.054480  16.544564
  30   27    2.061036   3.098118   15.328994   6.250844
  30   28    1.921177   3.032590   15.240334  30.929523
  30   29    1.802473   3.052163   19.408343  30.094245
  30   30    1.724383   3.006508   18.318648  40.932180
  30   31    1.601460   3.085722   29.573224   3.804630
  30   32    1.556116   3.000262   33.683421  17.097706
  30   33    1.450421   3.053375   23.839963  30.683981
  30   34    1.338506   3.097543    5.044296  38.309038
  30   35    1.241370   3.067527   39.719231   6.297680
  30   36    1.109813   3.040733    6.348089  32.403544
  30   37    1.027367   3.057650   27.359731  20.848315
  30   38    0.932874   3.053233   15.545812  37.182938
  30   39    0.867170   3.086886    8.555562   2.248528
  30   40    0.736447   3.091946    2.876337  24.039359
  30   41    0.688580   3.093388   17.214199  18.619718
  30   42    0.531129   3.008441   16.001907  38.490816
  30   43    0.430082   3.062494   13.171069  34.138705
  30   44    0.376621   3.031404   31.244753  20.239529
  30   45    0.241419   3.090264   28.775772   3.599802
  30   46    0.159012   3.082711   38.338162   9.937008
  30   47    0.041551   3.068909   26.464050  38.755029
  31    0    4.765601   3.104754   15.519373  10.660009
  31    1    4.647255   3.110279   35.568696  23.440528
  31    2    4.520404   3.107659   12.455768  29.171845
  31    3    4.497206   3.124875   17.911625  14.692548
  31    4    4.366124   3.141551   10.409863  15.363814
  31    5    4.204878   3.190711   24.258409   3.501686
  31    6    4.147725   3.161295   12.212699  27.841836
  31    7    4.078999   3.178890   27.505637   1.549367
  31    8    3.969109   3.178925    9.029253  19.443708
  31    9    3.852506   3.150913   33.510530   9.215888
  31   10    3.757555   3.192451   36.563587  38.542673
  31   11    3.660104   3.106472   36.761287   5.344624
  31   12    3.580642   3.138829   30.265503  20.313347
  31   13    3.400494   3.139916   25.625722  40.692343
  31   14    3.317324   3.143536   17.264529  16.706326
  31   15    3.212222   3.158578   30.704788  14.690867
  31   16    3.188600   3.129601   22.171127   4.698135
  31   17    3.081868   3.126780   29.856686   9.090638
  31   18    2.903953   3.104817   34.549091  39.453470
  31   19    2.889864   3.125638   14.746265  22.252061
  31   20    2.777257   3.167514    7.777133   2.357028
  31   21    2.682779   3.160658    6.313536  34.295796
  31   22    2.510279   3.158423   12.181754  13.442487
  31   23    2.441250   3.106635   40.344157  16.018505
  31   24    2.333254   3.139035   29.737533  13.566557
  31   25    2.289989   3.152525    9.363797  13.425853
  31   26    2.130141   3.195286   13.295045  33.746307
  31   27    2.070422   3.197713   23.367385  34.929884
  31   28    1.961268   3.149497   20.210667  17.398295
  31   29    1.867511   3.155515   39.433286  19.703203
  31   30    1.727983   3.113209   28.416616  25.788332
  31   31    1.650177   3.139740   29.061508  33.377715
  31   32    1.502756   3.128869   12.383595  37.821043
  31   33    1.449492   3.145827   22.114124  21.220963
  31   34    1.373831   3.129281   37.092515  32.368680
  31   35    1.260432   3.189291   27.525144  29.118447
  31   36    1.126131   3.190352   40.045804  14.658963
  31   37    1.011466   3.131154    3.486123  19.135605
  31   38    0.999500   3.164817   14.512889  37.812031
  31   39    0.801642   3.102514   13.602891  19.128442
  31   40    0.731722   3.162489    1.618482  36.436925
  31   41    0.657076   3.138587   20.557801  34.817117
  31   42    0.506901   3.186059    4.546391  31.268285
  31   43    0.407856   3.146305   35.101003  37.932114
  31   44    0.389883   3.140487   15.045609  22.144310
  31   45    0.232382   3.158941   35.733281  25.487918
  31   46    0.134294   3.108812   30.589520  21.197313
  31   47    0.059045   3.176277    3.232068  22.934451
  32    0    4.705614   3.227472   39.953113  28.948514
  32    1    4.654854   3.249462   14.211314  17.881809
  32    2    4.561362   3.200231   25.637153   3.069042
  32    3    4.467296   3.245951    9.194940   1.289190
  32    4    4.378044   3.261365   33.482342  12.889418
  32    5    4.219167   3.221874   33.222683  39.454179
  32    6    4.108945   3.235967   12.980524  12.310112
  32    7    4.086490   3.236633   40.796182   2.833883
  32    8    3.998142   3.248090   36.204107  39.586059
  32    9    3.816915   3.267707    2.012240  36.674742
  32   10    3.764319   3.295860   18.938886   4.528374
  32   11    3.670064   3.222433    3.019248  33.623106
  32   12    3.503014   3.246812   34.519537  31.986759
  32   13    3.482329   3.297861   21.471809  19.934037
  32   14    3.337852   3.206396    9.031124  35.046469
  32   15    3.276474   3.209875   36.447685  14.591064
  32   16    3.180145   3.277912   15.953998  32.193964
  32   17    3.051137   3.298369   22.330234   4.594949
  32   18    2.931916   3.263131   28.993551  19.775731
  32   19    2.896974   3.216543   17.448579  39.874844
  32   20    2.789945   3.249401    3.750336   4.395033
  32   21    2.694653   3.229304   10.806798   7.720501
  32   22    2.577912   3.291268   22.050148   9.461684
  32   23    2.455298   3.278235   14.022509  39.329556
  32   24    2.349960   3.222472   27.167681  15.930246
  32   25    2.266218   3.218785   20.634266  10.009163
  32   26    2.172255   3.227614    3.841499  39.332362
  32   27    2.003883   3.299060    1.226251  19.766625
  32   28    1.999104   3.261906   33.892066   3.529255
  32   29    1.872100   3.229031   40.357818   2.468933
  32   30    1.717195   3.232100    6.418665  26.180715
  32   31    1.616221   3.283944   30.074492  29.446471
  32   32    1.535276   3.242017   40.965119  21.747253
  32   33    1.453951   3.296426   34.816104   7.361435
  32   34    1.347316   3.262086   12.708245  34.912346
  32   35    1.249956   3.217985   13.826792  40.356839
  32   36    1.194715   3.203850   30.637067  40.632094
  32   37    1.044952   3.272541   29.710675  12.947289
  32   38    0.997592   3.267629   32.854884   6.589830
  32   39    0.830345   3.282130   25.566052  32.808021
  32   40    0.716466   3.284338   27.550304   9.653624
  32   41    0.636730   3.218063   38.170054  11.564002
  32   42    0.543844   3.290947    3.847475  10.004864
  32   43    0.478670   3.219600   10.974738  16.876224
  32   44    0.310290   3.263113    3.659779  34.926463
  32   45    0.269182   3.226591   18.214671  20.567619
  32   46    0.121458   3.278258    3.835293   8.809503
  32   47    0.085236   3.292545   30.215107  15.226329
