   0    0    4.367373   0.095252   22.754870  31.014256
   0    1    4.251459   0.014583   11.762828   4.207430
   0    2    4.153960   0.060516   38.015610  37.536310
   0    3    4.093911   0.079048    7.483809  35.781535
   0    4    3.933511   0.037592   15.909472  21.687856
   0    5    3.878860   0.055117   12.999148  27.830318
   0    6    3.743204   0.056451    7.161490  39.516437
   0    7    3.653865   0.057048   12.375734  31.644637
   0    8    3.556177   0.035395   10.796556  27.745169
   0    9    3.499130   0.076873   15.863082  40.060357
   0   10    3.391396   0.018884   16.649205  27.546716
   0   11    3.241957   0.006157   31.257962  39.297445
   0   12    3.106788   0.086379   12.138555  12.410470
   0   13    3.097981   0.069124   26.829725  27.209791
   0   14    2.981220   0.010124   31.971775   3.536776
   0   15    2.834551   0.013327   35.270453   7.258471
   0   16    2.719675   0.005152   38.853429  37.012356
   0   17    2.666370   0.089649   38.173101  11.466535
   0   18    2.591701   0.045742   23.942188   4.091390
   0   19    2.405101   0.054713   31.829868   5.808675
   0   20    2.335726   0.019159    7.710405  19.227034
   0   21    2.293184   0.045670   27.682088   7.934457
   0   22    2.131315   0.049679    5.026141  20.068460
   0   23    2.057432   0.009848    4.542024  19.819113
   0   24    1.957688   0.053770   12.691285   9.458822
   0   25    1.820270   0.019887    4.745961   6.881197
   0   26    1.720076   0.080735    3.333472  31.539848
   0   27    1.605551   0.068777   12.687104  20.301726
   0   28    1.535492   0.052209    6.463564  32.389110
   0   29    1.471929   0.018569   11.715823  20.724740
   0   30    1.326447   0.038620   25.674532  30.186276
   0   31    1.299596   0.071594    4.183860  19.214520
   0   32    1.174969   0.001034   20.371619  30.725023
   0   33    1.045972   0.043642   39.448161   5.290020
   0   34    0.939933   0.082787   31.087753  31.157562
   0   35    0.872530   0.044826   25.939085  22.052396
   0   36    0.738295   0.056869   29.352215  18.179042
   0   37    0.628454   0.015751   25.936779  34.866787
   0   38    0.535234   0.022239   26.244653   6.429443
   0   39    0.457188   0.024142    5.488578   2.754873
   0   40    0.379547   0.095088   18.180574  38.710834
   0   41    0.269186   0.000212   36.939364  40.599994
   0   42    0.158787   0.059515    4.138531   1.688227
   0   43    0.098288   0.077813    7.835863  35.461955
   1    0    4.333718   0.126161   15.453262  19.062539
   1    1    4.230151   0.112848   17.504927  31.743958
   1    2    4.143590   0.197068   17.463113  28.774518
   1    3    4.059024   0.170389    1.394921   7.649391
   1    4    3.952546   0.150350   31.714146  11.618760
   1    5    3.893920   0.107630   33.308378   9.311537
   1    6    3.733138   0.139217    8.087375  15.717293
   1    7    3.696832   0.131055   16.943168  29.174581
   1    8    3.555531   0.146483    8.129659  14.622515
   1    9    3.494174   0.173097   10.698474  31.649576
   1   10    3.370350   0.147903   24.032820  26.389540
   1   11    3.257953   0.116098   33.490937  21.764381
   1   12    3.139487   0.115486   12.119641   6.778395
   1   13    3.005463   0.189492   34.365398  21.471872
   1   14    2.982336   0.135432   25.359440  11.816741
   1   15    2.815400   0.179953   14.973717  23.476041
   1   16    2.764989   0.124384    6.349990   3.274175
   1   17    2.604281   0.123581   31.534221  33.880915
   1   18    2.566871   0.102412   10.366621   5.169433
   1   19    2.449936   0.194283   11.673396  32.662550
   1   20    2.313084   0.121480    7.493382  30.252141
   1   21    2.288593   0.163101    1.590487  34.909639
   1   22    2.161427   0.154093    3.515238   2.471101
   1   23    2.048669   0.179532   10.274755  25.973619
   1   24    1.980612   0.118410   21.164303   4.761358
   1   25    1.817911   0.117787   40.044179  10.114449
   1   26    1.750628   0.153314   16.477195  21.052655
   1   27    1.670880   0.138419   26.463469  34.923558
   1   28    1.557512   0.159771   29.434658  37.222167
   1   29    1.411021   0.138946   15.738316  32.750767
   1   30    1.342987   0.193244   23.718653  37.784736
   1   31    1.205691   0.105818   23.971859  15.557303
   1   32    1.104453   0.126039   37.336184   3.434118
   1   33    1.013496   0.134504   10.208425  11.062344
   1   34    0.922785   0.198144    4.023199  39.119103
   1   35    0.821184   0.154475   13.978650  15.745828
   1   36    0.724171   0.140469   34.755937   3.158625
   1   37    0.622069   0.181512   38.099148   4.215594
   1   38    0.557942   0.185338   29.361209  24.970361
   1   39    0.479572   0.121032   18.768983  34.642213
   1   40    0.394851   0.175685   20.131093  12.307567
   1   41    0.228007   0.163038   17.544218   6.410201
   1   42    0.119758   0.146593   32.511653  18.469257
   1   43    0.068043   0.141781   33.560929  18.829599
   2    0    4.308927   0.280658    2.349314   5.769108
   2    1    4.216582   0.281410    9.416076  28.697236
   2    2    4.145364   0.232123   14.842588  23.618822
   2    3    4.069879   0.212629   10.404759   9.692286
   2    4    3.935660   0.273786   27.260937  37.901961
   2    5    3.834735   0.224765   34.351357  38.036053
   2    6    3.748756   0.245420   25.656592   2.884585
   2    7    3.675463   0.212718   18.061216  26.541234
   2    8    3.500837   0.272764    5.209219  17.729368
   2    9    3.414078   0.288844   26.458510   3.121202
   2   10    3.361262   0.282093   14.507396  36.750122
   2   11    3.207781   0.256145   21.765045  40.025201
   2   12    3.151976   0.256965    5.984908   5.864036
   2   13    3.011302   0.281006   12.613795  26.510607
   2   14    2.957311   0.270955   27.893950  37.269191
   2   15    2.812029   0.261246   16.780019  40.358778
   2   16    2.752366   0.283012   17.611374  30.195275
   2   17    2.603129   0.258396   16.251909  32.586270
   2   18    2.596350   0.200524   31.738184  37.645692
   2   19    2.433933   0.251890   19.651727  14.898569
   2   20    2.322335   0.299274   15.366558  27.369600
   2   21    2.247912   0.277231   34.557496  10.878740
   2   22    2.186788   0.239169   11.052709   9.872716
   2   23    2.086398   0.230245   31.064360  19.598764
   2   24    1.921077   0.229955   37.447993   7.096034
   2   25    1.800977   0.255150    7.963773  24.286601
   2   26    1.752803   0.282087    8.204712  12.461921
   2   27    1.679083   0.285455   14.207760  18.877359
   2   28    1.537407   0.224513   13.687131  26.307370
   2   29    1.445837   0.273591   30.864552   1.722239
   2   30    1.359888   0.283325   11.182289  40.294490
   2   31    1.260526   0.227697   22.560957  18.424268
   2   32    1.132816   0.293082   23.719245  10.208642
   2   33    1.078380   0.272135   22.445876  24.715110
   2   34    0.929994   0.256040   13.269469  38.624927
   2   35    0.897418   0.262059   20.998476  25.482582
   2   36    0.755163   0.273627   31.015142  27.244054
   2   37    0.656130   0.211782    6.543542  27.503800
   2   38    0.552120   0.249211   15.536188  33.268929
   2   39    0.490636   0.241693   34.125639  21.134218
   2   40    0.316377   0.201509   29.180948  35.013609
   2   41    0.299707   0.209104   39.432751  40.148085
   2   42    0.169219   0.233996   33.549439  19.006589
   2   43    0.002651   0.264714   25.749126  19.121221
   3    0    4.302535   0.377187   26.932206   4.170700
   3    1    4.208581   0.368233   34.456140  34.192272
   3    2    4.197274   0.357946   19.711879  18.232189
   3    3    4.045913   0.304262    3.389031  15.733949
   3    4    3.959649   0.352741   28.148537  17.331911
   3    5    3.828245   0.362634   22.396432  40.411055
   3    6    3.707407   0.350270   22.634118  11.881815
   3    7    3.656829   0.386225   11.738684   5.297414
   3    8    3.573558   0.382936   13.415123  30.030271
   3    9    3.480899   0.343620   36.499981  18.169145
   3   10    3.376871   0.386367   34.946952  14.670064
   3   11    3.254937   0.354035    8.978467   5.787010
   3   12    3.137250   0.311515   19.457257  30.743212
   3   13    3.046763   0.377558   21.057434   5.925912
   3   14    2.989807   0.344808   30.959786  16.667072
   3   15    2.861889   0.385018   29.849890   9.104887
   3   16    2.773996   0.388430   22.874203  27.026494
   3   17    2.658136   0.338716   12.447772  12.416302
   3   18    2.543593   0.314995   25.571502   3.247136
   3   19    2.429851   0.347736    9.396169  20.548222
   3   20    2.359646   0.338723   24.578627  14.785323
   3   21    2.243294   0.309723   11.551992  38.039276
   3   22    2.191671   0.338683   35.840018  35.440159
   3   23    2.003935   0.314787   11.275556   2.000631
   3   24    1.962448   0.328743   21.347847  17.713941
   3   25    1.832344   0.366562   16.442649  25.985009
   3   26    1.728703   0.393575   36.616779  22.717180
   3   27    1.618260   0.370498   14.553674  23.377981
   3   28    1.593752   0.300413   40.893140  13.934912
   3   29    1.412157   0.350083   14.255548  32.632119
   3   30    1.398908   0.352186   11.652456  30.241235
   3   31    1.200264   0.377984   22.881108  16.859839
   3   32    1.137950   0.369257   26.853379  16.869369
   3   33    1.092460   0.350968   21.149794  36.746158
   3   34    0.983452   0.374198   11.580073  12.614807
   3   35    0.832870   0.395010   29.962499  18.437821
   3   36    0.705023   0.306865   10.119220  27.369472
   3   37    0.620220   0.360108   29.262488  17.010629
   3   38    0.597737   0.315479   20.181828  36.155093
   3   39    0.499115   0.353124   25.223388  31.312083
   3   40    0.324048   0.353531   12.894124  24.144311
   3   41    0.254430   0.361345    9.564291  17.421765
   3   42    0.104463   0.362000   40.345861  21.728370
   3   43    0.008856   0.339493   33.581073  15.667212
   4    0    4.371020   0.431744   21.898427   9.510532
   4    1    4.288384   0.468531    9.522124  10.078335
   4    2    4.123310   0.421834   21.119209  10.174682
   4    3    4.082155   0.445924   33.225705  39.358750
   4    4    3.999361   0.456243   17.122740  17.498907
   4    5    3.881573   0.433860   34.475241  14.897711
   4    6    3.793104   0.433440   17.263200   2.354114
   4    7    3.638964   0.474497    5.317907  34.041625
   4    8    3.516465   0.461340   12.536911   1.348118
   4    9    3.438309   0.479420   11.630936  25.789469
   4   10    3.317330   0.473452   22.717545  35.845891
   4   11    3.219703   0.414274   19.509129  11.271720
   4   12    3.124636   0.491214   35.160798   7.416997
   4   13    3.045168   0.428926   25.586123  22.817738
   4   14    2.998843   0.472152    9.379366  10.331572
   4   15    2.836356   0.428539   29.191019   3.111835
   4   16    2.719789   0.423876   18.903119  12.546470
   4   17    2.654382   0.441577   24.281054  39.883591
   4   18    2.544648   0.469854   32.603418  23.693564
   4   19    2.428685   0.417023   20.380043   1.773299
   4   20    2.316270   0.424511   39.574609  11.902460
   4   21    2.275282   0.475010    4.291404  27.458691
   4   22    2.196592   0.472381   34.829751  30.860222
   4   23    2.075176   0.442556    8.143608  22.824474
   4   24    1.941146   0.448899    7.481748  34.330999
   4   25    1.810899   0.429268   14.364996  19.901458
   4   26    1.718847   0.488855   28.745065   7.428783
   4   27    1.683323   0.436611   24.473941  26.497402
   4   28    1.516334   0.442623   24.007307  12.256796
   4   29    1.451833   0.448781    6.109400   6.887014
   4   30    1.348028   0.459993   31.384002  10.097380
   4   31    1.258863   0.423192   11.515975   1.623846
   4   32    1.121928   0.406751   18.583953   3.156507
   4   33    1.014504   0.484275   10.736656  38.482137
   4   34    0.986810   0.410114   10.576640  15.937390
   4   35    0.828563   0.425512   24.055478   6.731982
   4   36    0.709073   0.425722   12.467180  29.637970
   4   37    0.685887   0.441579   10.771389  23.396494
   4   38    0.596906   0.481066   35.148415  32.537359
   4   39    0.466189   0.444918   35.173700  12.834976
   4   40    0.305758   0.478110    5.713798  15.156643
   4   41    0.211846   0.469286    5.628537   9.941383
   4   42    0.122267   0.431264   30.278742  21.049765
   4   43    0.046232   0.426519    8.974766   2.442714
   5    0    4.333886   0.575995   13.772245  22.400497
   5    1    4.241182   0.562210   19.966971  29.227255
   5    2    4.148351   0.508056   29.424578  24.171860
   5    3    4.025039   0.550968   34.292068  29.327920
   5    4    3.930964   0.503621   30.090963  11.374621
   5    5    3.812479   0.582604   13.725238  30.131249
   5    6    3.778337   0.526613   24.215173  21.091846
   5    7    3.623929   0.516846    3.279925  33.577925
   5    8    3.544801   0.551062   21.151086  24.216779
   5    9    3.445899   0.526078   22.745682   5.566000
   5   10    3.382135   0.513542    3.724263   1.431630
   5   11    3.263918   0.503114    8.796735  16.463323
   5   12    3.144544   0.563592   30.329701  33.775180
   5   13    3.076992   0.584188   28.893195  19.580964
   5   14    2.949045   0.598437   24.525958  40.217412
   5   15    2.876658   0.526067    4.485884  29.654777
   5   16    2.766429   0.552462   36.999925  22.979696
   5   17    2.644661   0.580634   28.574850  14.827511
   5   18    2.549942   0.561554    2.940568   5.909359
   5   19    2.491198   0.530266    1.460660   3.319221
   5   20    2.387608   0.537783   27.274041  32.037798
   5   21    2.220377   0.583023   18.566659   9.919044
   5   22    2.189826   0.570837   10.876618  23.521602
   5   23    2.071185   0.577878    5.499422   7.626698
   5   24    1.996397   0.519230   22.795960  40.486441
   5   25    1.840759   0.517163   28.053711  26.217384
   5   26    1.706614   0.566470   26.675311  24.863829
   5   27    1.652098   0.525898   28.657273  32.199102
   5   28    1.502316   0.595257   23.989243   1.131156
   5   29    1.480627   0.535817   15.789939  13.576669
   5   30    1.347019   0.576183   22.363679   7.935693
   5   31    1.203140   0.505688   39.200478  18.032062
   5   32    1.104278   0.576538   34.166942  32.903607
   5   33    1.078629   0.518895   21.283769  14.576032
   5   34    0.925384   0.569498   38.722672  37.505318
   5   35    0.813394   0.544302    3.769903   6.421213
   5   36    0.710285   0.564323   20.909504  29.668847
   5   37    0.602573   0.507023    8.915888  16.772294
   5   38    0.546333   0.584131   29.576446  28.903126
   5   39    0.476842   0.592038   25.679690  39.424124
   5   40    0.376991   0.589427    1.117001  32.013532
   5   41    0.216546   0.595441   13.895407  32.503925
   5   42    0.147086   0.582736   26.709085   7.062249
   5   43    0.025873   0.545674   33.257449  16.389111
   6    0    4.312491   0.632547    6.141911  39.046344
   6    1    4.286953   0.640196    8.960636  35.777525
   6    2    4.190311   0.623221   26.815019  22.836779
   6    3    4.037870   0.681850    2.132199   1.082199
   6    4    3.960698   0.671608   13.408733  27.241876
   6    5    3.839566   0.653563   40.730749  35.768082
   6    6    3.713363   0.650806   11.889381  38.629088
   6    7    3.614509   0.640026   25.376307   3.943477
   6    8    3.560657   0.626849   20.926651  33.359210
   6    9    3.454714   0.690671   34.614576  16.464236
   6   10    3.314772   0.645055    4.464558  25.357495
   6   11    3.208357   0.619503   35.407695  34.004096
   6   12    3.149177   0.699345   11.101527   8.466468
   6   13    3.062695   0.654267   37.182769   1.989822
   6   14    2.933845   0.680068   29.099180   2.795499
   6   15    2.846387   0.679924   31.558538  24.995166
   6   16    2.750114   0.623672   40.253459  40.102559
   6   17    2.676552   0.669577   34.909605  37.132934
   6   18    2.554232   0.681045   21.525804   5.313858
   6   19    2.475029   0.659736   37.216720  10.179795
   6   20    2.368684   0.680416   20.246145  29.607390
   6   21    2.274293   0.606228   18.190657   2.613751
   6   22    2.137322   0.685416   16.863535   5.056739
   6   23    2.026348   0.652055   20.446299  10.439519
   6   24    1.984157   0.639233    8.634329   1.651775
   6   25    1.817683   0.649168    9.542607  34.622386
   6   26    1.766323   0.641752   38.301845  34.583213
   6   27    1.679972   0.602380   21.993214  30.146385
   6   28    1.509295   0.628153   33.735550  32.998314
   6   29    1.469714   0.645543   24.891425   8.158008
   6   30    1.356894   0.604646   37.661824   1.005314
   6   31    1.270377   0.617627   24.582511   5.351917
   6   32    1.159884   0.649849   11.032466  37.524468
   6   33    1.047850   0.679494   26.855189  33.700480
   6   34    0.965180   0.608787    9.241134  13.653948
   6   35    0.864132   0.600919   27.413310  38.824240
   6   36    0.752737   0.690555   37.311991  14.539094
   6   37    0.625181   0.651808   18.927772   6.745763
   6   38    0.599111   0.630405    8.348892  17.303873
   6   39    0.406723   0.651592   39.757786  26.464587
   6   40    0.325511   0.692346   38.947495  17.423691
   6   41    0.266564   0.666394   39.469669  19.736350
   6   42    0.113829   0.669309   15.936755  12.989015
   6   43    0.013556   0.694876   37.570393  29.634456
   7    0    4.346702   0.784487   40.730328  29.629598
   7    1    4.261893   0.750527   24.412194  15.917957
   7    2    4.147095   0.709718   40.732442  38.439366
   7    3    4.054755   0.730694   17.013602  37.924660
   7    4    3.959184   0.794541   11.656907  25.062402
   7    5    3.893579   0.760815   37.581311  34.653744
   7    6    3.725544   0.743081   20.281945  10.170709
   7    7    3.658362   0.716035    8.806387  16.897526
   7    8    3.575643   0.784952   14.077616  19.884801
   7    9    3.450370   0.751846   17.547345   7.727298
   7   10    3.347643   0.761094   12.306683  19.258437
   7   11    3.231547   0.720357    7.301721  25.333479
   7   12    3.119266   0.785801   32.613777  12.769176
   7   13    3.074605   0.709464   39.906813  36.165640
   7   14    2.924202   0.752121   17.781854   2.826689
   7   15    2.874444   0.718477   18.199314  36.513278
   7   16    2.778056   0.719439   29.248934  40.631120
   7   17    2.605026   0.775623   23.902648   7.113503
   7   18    2.532321   0.759211   27.142216   3.284080
   7   19    2.436206   0.710387   38.799870  28.067150
   7   20    2.316111   0.737691   21.000707  26.875170
   7   21    2.252246   0.716787   22.289040  20.290120
   7   22    2.113609   0.782924   11.021571  37.337256
   7   23    2.037913   0.782462   34.707085  34.922054
   7   24    1.960248   0.717358   26.579461  29.184004
   7   25    1.818985   0.712813    3.347161  23.559794
   7   26    1.722541   0.737170   26.932181   6.813535
   7   27    1.661923   0.749511   26.883659  29.878357
   7   28    1.555321   0.784686   18.440040  23.882334
   7   29    1.452185   0.768275    3.958016  27.147483
   7   30    1.305823   0.791256   23.290385  13.323879
   7   31    1.282275   0.742122   12.967554  26.347140
   7   32    1.156587   0.764542   26.632815  13.906769
   7   33    1.089121   0.773192   22.638679  36.030645
   7   34    0.968613   0.756345   12.194648   8.797444
   7   35    0.885772   0.728746   16.754761   7.779411
   7   36    0.702495   0.774968   30.860308  17.412874
   7   37    0.634594   0.765095   31.448152  10.038620
   7   38    0.558454   0.799541   12.362308   3.918969
   7   39    0.408332   0.786994    9.754815  18.318450
   7   40    0.386238   0.712837    7.145622  24.050691
   7   41    0.281346   0.769405   15.669105  11.190769
   7   42    0.172796   0.793792   13.631260  26.500243
   7   43    0.086231   0.763583   18.725327  39.206561
   8    0    4.319449   0.801304   25.518943  15.939966
   8    1    4.260780   0.820058   40.171742  27.804632
   8    2    4.170947   0.836813   24.432836  31.816904
   8    3    4.096835   0.887379   23.091750   5.477458
   8    4    3.956380   0.894762   25.128356  40.376335
   8    5    3.886116   0.887344   31.366055  14.905367
   8    6    3.746324   0.897249   33.642124  16.941822
   8    7    3.638446   0.825017   16.158669   7.465551
   8    8    3.521934   0.861997   23.181229  11.299716
   8    9    3.425070   0.864906   13.648692  20.467696
   8   10    3.389857   0.871251    8.211975   1.106308
   8   11    3.273855   0.893520   14.018830  11.663376
   8   12    3.161913   0.893254    4.122412   6.556154
   8   13    3.014187   0.892850   29.250722  37.021624
   8   14    2.950416   0.857708   17.996957  24.120417
   8   15    2.837223   0.869391    6.066179   5.458422
   8   16    2.708828   0.801915   25.455507  37.984379
   8   17    2.601923   0.818930   20.392510  28.153185
   8   18    2.573101   0.885292   29.173500   4.883571
   8   19    2.478896   0.858622   11.019160  40.280592
   8   20    2.331646   0.816486    6.613442   1.358318
   8   21    2.282593   0.824746    2.651986  29.431447
   8   22    2.171278   0.849568   37.662476  32.016767
   8   23    2.097759   0.817076   12.360503  17.691574
   8   24    1.912819   0.883603   37.284631   3.216814
   8   25    1.858287   0.868921   28.452538  33.293042
   8   26    1.763198   0.843324   23.960478  28.647626
   8   27    1.685746   0.835692   37.099783  32.947344
   8   28    1.570968   0.827763   11.600930  31.611805
   8   29    1.440869   0.824202    9.576779  17.415464
   8   30    1.379079   0.888367   20.786039  23.379510
   8   31    1.284108   0.829975   11.764966  20.565070
   8   32    1.122568   0.838469    4.593674  27.806204
   8   33    1.081174   0.810442   37.612447   6.110391
   8   34    0.919492   0.801953   34.947035  29.475980
   8   35    0.826054   0.898207   39.529224  16.425658
   8   36    0.751007   0.880505   17.324023  25.952742
   8   37    0.687497   0.850418   11.236689  24.268268
   8   38    0.520921   0.856084   14.835542  24.291834
   8   39    0.415373   0.837856   32.379244  40.943193
   8   40    0.326361   0.848047    7.093879  37.785014
   8   41    0.270491   0.800431   29.244963  13.385415
   8   42    0.159359   0.812850   24.956372  10.981980
   8   43    0.065643   0.834611    2.231293  17.832525
   9    0    4.394268   0.908295    9.143615   9.351987
   9    1    4.226596   0.932647   18.230829  29.204907
   9    2    4.197786   0.944033   38.895558  34.519381
   9    3    4.099644   0.963516    4.901291  33.006252
   9    4    3.927238   0.905346    6.242871  26.827206
   9    5    3.847083   0.971133   33.822861  10.502467
   9    6    3.758403   0.968179   12.135032  34.053346
   9    7    3.683569   0.966644   20.835130   8.132338
   9    8    3.506766   0.920011   12.580671  38.423971
   9    9    3.414843   0.908535    4.384944  18.548633
   9   10    3.375472   0.963323   26.119733  23.639391
   9   11    3.245664   0.996771   26.505509  33.383640
   9   12    3.179616   0.906265    8.361104   9.447702
   9   13    3.026026   0.955360   16.086197  16.778444
   9   14    2.959628   0.938598   24.983421  23.371942
   9   15    2.803892   0.941495   40.381508  13.910567
   9   16    2.706627   0.950044   11.510814  37.516784
   9   17    2.648628   0.998800    8.246773  30.199894
   9   18    2.579512   0.972900   36.339423  12.951109
   9   19    2.402229   0.967269   17.377177  14.568140
   9   20    2.397391   0.921096   22.904572   4.983096
   9   21    2.205152   0.973077   37.865796  14.072406
   9   22    2.141602   0.953842   17.542572  29.714804
   9   23    2.030207   0.947779   35.685376  17.428695
   9   24    1.999189   0.913578   31.515148  35.583516
   9   25    1.841441   0.968229    2.237662  11.386577
   9   26    1.724077   0.975171   38.828591  23.167432
   9   27    1.675322   0.966142   29.903118  16.611482
   9   28    1.583519   0.996104   35.893762  32.353618
   9   29    1.418798   0.929321   38.562988  28.676442
   9   30    1.395600   0.975882    4.737165   8.036415
   9   31    1.232889   0.905357   14.354665  24.960401
   9   32    1.148581   0.916962    8.387344  23.834839
   9   33    1.041498   0.923010   29.460423  29.695505
   9   34    0.924860   0.929201    5.224951  27.887807
   9   35    0.872987   0.966480   30.518629  17.101147
   9   36    0.731095   0.935177   18.498861  15.606344
   9   37    0.606805   0.973439   13.285596  16.487794
   9   38    0.561738   0.914665   37.874792  11.332228
   9   39    0.439081   0.978964   22.465329   3.408986
   9   40    0.395783   0.973152   21.796965  14.172852
   9   41    0.239600   0.994389   28.163446  17.385179
   9   42    0.145957   0.931488   12.607356  12.852389
   9   43    0.027932   0.992627   14.210650  39.418430
  10    0    4.345903   1.011565   30.781205  20.239665
  10    1    4.248738   1.069666    8.640170  11.462220
  10    2    4.174081   1.036425   40.301479  20.283445
  10    3    4.075418   1.065684   12.892653  25.206059
  10    4    3.973174   1.072239   34.109051  38.406162
  10    5    3.817225   1.058656    3.861062  28.979773
  10    6    3.730712   1.014323   16.729442  40.977432
  10    7    3.647864   1.088319   31.677193  39.277738
  10    8    3.540459   1.059690   40.590993  40.308992
  10    9    3.413349   1.029020   36.180473  37.348620
  10   10    3.364748   1.014584    3.213447  28.683037
  10   11    3.213484   1.006236   36.298791   1.491470
  10   12    3.165567   1.057044   34.359946  28.246228
  10   13    3.084853   1.043460    9.110152  32.144375
  10   14    2.966568   1.011720   35.409523  23.171947
  10   15    2.843568   1.033639   29.143010  29.547154
  10   16    2.749533   1.097037   37.621234  36.313725
  10   17    2.673270   1.052534    3.512219   2.704899
  10   18    2.576990   1.073219    1.625137   4.643029
  10   19    2.467996   1.070107   14.776576  23.574485
  10   20    2.367725   1.053799    7.389378  36.084943
  10   21    2.260530   1.070451   30.943010  11.841489
  10   22    2.133882   1.042924    2.076732  14.935598
  10   23    2.084710   1.060804   40.831521  23.350241
  10   24    1.917159   1.026121   22.617959   3.865465
  10   25    1.834941   1.035812    3.054059  39.195089
  10   26    1.737259   1.073115   10.493471  27.583013
  10   27    1.697737   1.064492   38.149561  12.676226
  10   28    1.588358   1.007909   28.128791  16.553479
  10   29    1.438663   1.084248    5.956453   7.768770
  10   30    1.388746   1.063510   29.473411  18.737854
  10   31    1.233382   1.018780   34.092988  15.449097
  10   32    1.105129   1.066536   11.746669  13.137472
  10   33    1.033774   1.084908   18.454818  23.167720
  10   34    0.936260   1.090391   20.998374  20.999933
  10   35    0.859207   1.017082    2.928318  17.953345
  10   36    0.750613   1.074782   21.045923  28.862368
  10   37    0.699050   1.017742   23.057185  25.078023
  10   38    0.529769   1.034041   23.513758  32.178389
  10   39    0.405377   1.036724   27.188935  21.908663
  10   40    0.372968   1.067077   36.115046  39.095384
  10   41    0.244551   1.093546   28.666980  20.515436
  10   42    0.168986   1.037711   36.979540  21.019108
  10   43    0.063023   1.082664   13.922994  22.802962
  11    0    4.339041   1.115745    4.745637  39.922842
  11    1    4.206144   1.143717   13.863402  38.375449
  11    2    4.198864   1.156318   27.298718   1.928733
  11    3    4.009196   1.136259   19.732826  38.042281
  11    4    3.979397   1.147946   36.451906   2.509179
  11    5    3.857053   1.131657    9.676423  34.815863
  11    6    3.783741   1.178065   11.529449  40.726503
  11    7    3.683043   1.123562    8.512101  39.448842
  11    8    3.543051   1.149035    1.727001  28.249425
  11    9    3.448554   1.162809   30.762664  29.003133
  11   10    3.366006   1.127205   35.287124  23.455172
  11   11    3.212801   1.142569   35.786987  14.638499
  11   12    3.155279   1.123027   32.942402   1.746383
  11   13    3.066929   1.195247   13.888409  38.753734
  11   14    2.990140   1.181133   23.742636  30.282262
  11   15    2.868231   1.113896   23.567570  31.808830
  11   16    2.746850   1.105872   33.296620   8.643765
  11   17    2.668775   1.177789   12.625993  35.601794
  11   18    2.547982   1.160027   17.623091   6.522898
  11   19    2.488087   1.144326   19.615777  32.469127
  11   20    2.398052   1.152253   30.219482  35.346538
  11   21    2.231794   1.167594   27.169818  28.824252
  11   22    2.176103   1.172226   35.621207  32.815476
  11   23    2.007248   1.117676    5.036049   6.643528
  11   24    1.915865   1.141602   19.638213  37.659724
  11   25    1.833158   1.104171   18.178248  37.954776
  11   26    1.711118   1.123556   14.619659  26.481410
  11   27    1.683099   1.152450    4.095020  15.078546
  11   28    1.537639   1.174037   37.511595  35.376912
  11   29    1.442567   1.141778   23.547635   3.317712
  11   30    1.383825   1.123806    9.136608  36.100213
  11   31    1.295792   1.190720   20.176451  12.986235
  11   32    1.129647   1.151927    5.038443  19.849719
  11   33    1.092110   1.167152   27.024724  14.113292
  11   34    0.908001   1.148561    1.398683  21.331163
  11   35    0.871981   1.107690   11.777668  39.854262
  11   36    0.723851   1.167788   23.946641  31.569466
  11   37    0.660036   1.154525   37.563685   3.585371
  11   38    0.594738   1.139583    3.447642  20.012792
  11   39    0.456654   1.156402   12.453752  29.854118
  11   40    0.311268   1.144208    8.269000  14.792305
  11   41    0.280536   1.134880    8.334023  30.802922
  11   42    0.198171   1.151954   22.686981  14.571471
  11   43    0.032655   1.187033   28.615735  27.378716
  12    0    4.385270   1.296509   29.012180  26.239060
  12    1    4.266666   1.281397   34.285621  38.586564
  12    2    4.173447   1.281188   32.274736  19.770309
  12    3    4.062523   1.205230   39.089045   2.240652
  12    4    3.903194   1.213848   38.124929  24.901016
  12    5    3.808501   1.238050   37.177159  27.111350
  12    6    3.702812   1.228496   17.768720   3.829655
  12    7    3.602241   1.258949   30.338463  29.062337
  12    8    3.509615   1.279462    8.171887  39.982922
  12    9    3.483634   1.243297   36.974161  32.717077
  12   10    3.320662   1.287431   21.430459  24.950411
  12   11    3.211519   1.268245   11.265829   5.389297
  12   12    3.139643   1.275752   14.119211   4.014450
  12   13    3.092141   1.225826   38.522923  31.457367
  12   14    2.943421   1.260095   35.594062  15.271444
  12   15    2.860208   1.237457    1.486751  13.057850
  12   16    2.795598   1.244922   33.638257  28.161359
  12   17    2.603102   1.274306   12.406571  16.918764
  12   18    2.585108   1.236129    6.506290  14.292322
  12   19    2.405462   1.214259   36.992569  37.348434
  12   20    2.365434   1.200865   12.333592  26.767613
  12   21    2.274803   1.208093   18.889493  31.841106
  12   22    2.114455   1.292674   20.044058  23.792628
  12   23    2.089257   1.285017    7.103826   8.455833
  12   24    1.926258   1.213004   30.301558   8.159717
  12   25    1.885724   1.200852   13.856405  23.070414
  12   26    1.784419   1.298518   30.715636  26.279119
  12   27    1.680873   1.220910   26.621487  19.807540
  12   28    1.551314   1.207791   16.425664  38.744499
  12   29    1.488416   1.234037    5.652294  39.375545
  12   30    1.339974   1.230622   25.351786  38.991953
  12   31    1.263946   1.214263   17.082167  27.761524
  12   32    1.113784   1.258567   26.815037  17.431601
  12   33    1.073387   1.282199    1.729488  21.659875
  12   34    0.985017   1.236238    2.893097   5.501257
  12   35    0.842713   1.269555   21.023613  27.214628
  12   36    0.755770   1.259486   33.792195   7.411933
  12   37    0.605099   1.257053   34.008111   5.099243
  12   38    0.564263   1.298817    1.679750  16.925275
  12   39    0.417038   1.238546   23.166682  27.652877
  12   40    0.365817   1.204201   21.836379   2.323329
  12   41    0.267187   1.262275    1.856157   2.737419
  12   42    0.190980   1.290903   15.649987   4.801345
  12   43    0.050853   1.213982   22.420085   4.174920
  13    0    4.383329   1.315031   36.888709  13.834658
  13    1    4.229008   1.335980    1.595451  10.070340
  13    2    4.126433   1.322236   10.853515  17.640962
  13    3    4.033595   1.321322   28.614127   8.019869
  13    4    3.923245   1.393287    5.425404  17.679651
  13    5    3.820637   1.382817   21.439740  20.150365
  13    6    3.791885   1.316242   23.686101   3.200171
  13    7    3.609281   1.372956   27.869698  31.130786
  13    8    3.589337   1.386486   29.705315  25.171672
  13    9    3.478408   1.322665   10.771153  28.741799
  13   10    3.369019   1.373137   12.251607  28.496540
  13   11    3.222799   1.374354   10.508782  29.285057
  13   12    3.119475   1.393138   35.598029  37.230710
  13   13    3.098115   1.307850   22.661301  19.058943
  13   14    2.919647   1.302824   22.257728  39.603974
  13   15    2.808044   1.396596    5.412701  38.322920
  13   16    2.781232   1.350816   19.398789   7.953816
  13   17    2.607986   1.385859   18.543249   5.617900
  13   18    2.530551   1.335816   38.851651  33.256597
  13   19    2.417507   1.354755   34.734377   8.005381
  13   20    2.311189   1.378216   30.036473  34.760256
  13   21    2.248536   1.309496   13.940619  26.733417
  13   22    2.164331   1.345355   25.801925   2.292978
  13   23    2.067917   1.356568   32.870845  28.032776
  13   24    1.966286   1.366899   33.080902   2.142613
  13   25    1.821400   1.321431   14.160075  25.191984
  13   26    1.772111   1.338954   23.432762  26.971931
  13   27    1.651550   1.310850   23.602263  30.755228
  13   28    1.530591   1.343430   12.955706  36.055106
  13   29    1.444274   1.365104   38.853430   6.632455
  13   30    1.398958   1.302559   26.717031  14.191156
  13   31    1.237819   1.310119   19.303685  25.106248
  13   32    1.195846   1.347612   39.763004  15.970355
  13   33    1.024054   1.398922   24.355637  35.165447
  13   34    0.987884   1.305528   14.934194  36.639952
  13   35    0.864750   1.326866   36.135835   6.290732
  13   36    0.709134   1.397513   37.126160   1.635861
  13   37    0.635300   1.315718    2.704908  35.762744
  13   38    0.563286   1.399635   34.299436  33.917267
  13   39    0.494952   1.387935   29.121129  15.758600
  13   40    0.356053   1.336998   37.456847   1.561440
  13   41    0.266116   1.394417    6.251214  22.947986
  13   42    0.149678   1.370308    4.970228   7.646331
  13   43    0.085690   1.316460    1.011210  35.995332
  14    0    4.322729   1.486468    1.052682  40.268864
  14    1    4.268571   1.435861   36.759406  25.319863
  14    2    4.156585   1.423289   13.836596  12.617121
  14    3    4.097679   1.455822   28.852233  14.660649
  14    4    3.955046   1.442501    5.431673  11.334961
  14    5    3.825765   1.459754    7.913226  25.439091
  14    6    3.735444   1.414935   24.501314  15.987903
  14    7    3.642200   1.415062    2.154148   2.606583
  14    8    3.508443   1.497106   21.309738  13.259419
  14    9    3.422643   1.464662   20.126439   4.610400
  14   10    3.389390   1.459351   25.856304  26.577112
  14   11    3.241141   1.400223   36.570251  40.306198
  14   12    3.156646   1.472292   21.627538  35.188546
  14   13    3.082677   1.478054   16.567345  32.090791
  14   14    2.991767   1.470569   10.661466  26.276813
  14   15    2.849594   1.421055   16.993224  37.224205
  14   16    2.702680   1.490651   20.032872  29.526247
  14   17    2.607520   1.448295   39.302923  28.255320
  14   18    2.544239   1.422963   25.532206   5.618990
  14   19    2.465595   1.487556   13.973938  18.660715
  14   20    2.310537   1.427664    5.224896  18.463442
  14   21    2.231739   1.455584   34.468852   1.251644
  14   22    2.180350   1.438119   23.741903  15.525922
  14   23    2.026628   1.435781    7.369256   4.599397
  14   24    1.950846   1.416428   27.566405  11.457205
  14   25    1.879742   1.443758    5.371659   6.674589
  14   26    1.795399   1.431348   22.245568  37.275886
  14   27    1.667502   1.447389    1.125093  35.091268
  14   28    1.528915   1.400509   24.370427  40.690853
  14   29    1.487003   1.499943    2.429251   9.791989
  14   30    1.358482   1.476054   34.330944   2.715451
  14   31    1.289203   1.452373   23.100977  26.705389
  14   32    1.138495   1.455628   20.267395  31.546245
  14   33    1.022701   1.433976    8.856070  39.853039
  14   34    0.937571   1.469159   19.303295  26.749590
  14   35    0.863341   1.429430   33.842363  34.577701
  14   36    0.759634   1.425873   29.059118  35.119533
  14   37    0.625873   1.434583   30.999132  36.010430
  14   38    0.543482   1.405786   20.610146   4.140887
  14   39    0.471793   1.443418   18.206956  24.589252
  14   40    0.393969   1.445154   33.465840  39.811628
  14   41    0.242199   1.404232   32.231189  34.387487
  14   42    0.173586   1.496404   33.812197  12.649072
  14   43    0.056156   1.484360   23.751285  30.205074
  15    0    4.305831   1.539587   29.172593  29.024617
  15    1    4.223525   1.599651   39.307279  35.821590
  15    2    4.111140   1.584638   35.806700  14.542132
  15    3    4.026615   1.597446   39.783778  18.504951
  15    4    3.912509   1.531536    9.581134   1.995389
  15    5    3.827231   1.529925   40.090894  23.815106
  15    6    3.711077   1.548949   16.709508  38.510263
  15    7    3.654842   1.518482   20.990594  39.937336
  15    8    3.542036   1.590979   17.673690   4.797715
  15    9    3.427561   1.589164   21.556034  12.225098
  15   10    3.378131   1.596383   25.802076  34.013899
  15   11    3.250529   1.554249    9.540462   6.327655
  15   12    3.151862   1.504939    1.394771  28.544044
  15   13    3.026011   1.525661   26.971392  12.223044
  15   14    2.918144   1.581599   12.949652  40.097075
  15   15    2.896165   1.572208   39.574765  11.672262
  15   16    2.776766   1.560660   18.957299   1.818245
  15   17    2.622901   1.574513    1.172907  18.055836
  15   18    2.518421   1.509369   16.896908  40.697370
  15   19    2.489673   1.589027   37.989138  40.249289
  15   20    2.349368   1.563235   30.479302  34.370562
  15   21    2.287227   1.505663    2.830960   1.139292
  15   22    2.187996   1.503761   21.847262   8.483682
  15   23    2.019510   1.572362   25.412812  36.577634
  15   24    1.911605   1.533396    2.357432  39.106025
  15   25    1.836905   1.564287   12.618436  32.015435
  15   26    1.763654   1.552212   13.732143   9.253089
  15   27    1.671836   1.595361   11.291969   1.755348
  15   28    1.510527   1.556160   20.783537  29.397568
  15   29    1.416530   1.505521   16.185928  19.704803
  15   30    1.362585   1.557678   17.576448   8.918038
  15   31    1.244373   1.508326   26.983341  30.708669
  15   32    1.146768   1.576047   40.810561  38.755106
  15   33    1.034733   1.550436   10.850303   7.985014
  15   34    0.937521   1.557080   27.366433  35.115117
  15   35    0.816557   1.517016   30.764326  14.882946
  15   36    0.719060   1.559551   27.374003  19.881813
  15   37    0.698267   1.515260   34.902916  18.126863
  15   38    0.565215   1.589246   29.826312  35.466660
  15   39    0.400582   1.582002   28.665846  24.906708
  15   40    0.383145   1.570595   14.675195  10.148866
  15   41    0.254933   1.590755    8.443689  37.619179
  15   42    0.174123   1.520541   13.509775  24.526432
  15   43    0.072970   1.578572    5.034214  37.760129
  16    0    4.318443   1.629651   20.332647  20.519885
  16    1    4.232431   1.673741   24.647323   4.413709
  16    2    4.192147   1.661409   24.612718   1.440649
  16    3    4.061249   1.681605   26.728258   2.979139
  16    4    3.970838   1.652241   40.707708  34.956343
  16    5    3.835276   1.677695   20.367891   6.221266
  16    6    3.770304   1.632003   20.913403  10.355578
  16    7    3.635372   1.664883   14.857941  12.426425
  16    8    3.514938   1.687510    3.810792  37.335170
  16    9    3.436863   1.674389    4.988057   4.390398
  16   10    3.313173   1.660134    5.246309   5.602967
  16   11    3.228465   1.629291    7.970743  28.160584
  16   12    3.154175   1.602589    6.194424  32.909824
  16   13    3.078810   1.643514   36.419178   1.899831
  16   14    2.921982   1.619720    9.915934  33.694564
  16   15    2.886534   1.699362   30.592043  32.934658
  16   16    2.752095   1.683442   10.239344   1.346066
  16   17    2.664675   1.632251   23.158529  24.995925
  16   18    2.531193   1.642954   33.456776  14.156960
  16   19    2.421721   1.652605   11.025754  37.855330
  16   20    2.363209   1.647899   28.239942   8.363686
  16   21    2.210160   1.651737    1.309909  18.006403
  16   22    2.194454   1.664383    1.145761  11.238019
  16   23    2.018739   1.671097    2.321463  31.733999
  16   24    1.906750   1.691580   29.695243  33.015448
  16   25    1.886917   1.662377   25.473882  40.861596
  16   26    1.750759   1.680105   30.673370  18.516137
  16   27    1.619070   1.629758   10.314327   6.661010
  16   28    1.501709   1.612423   18.211721  37.634479
  16   29    1.472056   1.624961   22.413888   8.854467
  16   30    1.376694   1.630290   14.379691   8.443587
  16   31    1.282564   1.660795   22.643968   4.334274
  16   32    1.156501   1.684497   14.424172  17.481377
  16   33    1.090473   1.619535    6.404485  24.170642
  16   34    0.905616   1.638225   19.461677   8.855193
  16   35    0.801020   1.658738    2.658629  17.673534
  16   36    0.781623   1.676824   11.340905  17.122267
  16   37    0.612099   1.658980   25.167977  38.719719
  16   38    0.569629   1.664088   17.557839  18.473584
  16   39    0.413384   1.615550   22.110826  32.251524
  16   40    0.368667   1.637908   18.519507  30.569067
  16   41    0.241192   1.649251   15.305662  37.799093
  16   42    0.195218   1.656647   25.116630  23.442285
  16   43    0.047157   1.600240   36.550760  22.073272
  17    0    4.354036   1.791661    1.479408  32.213214
  17    1    4.209760   1.773237   36.129962  24.121552
  17    2    4.158399   1.711100   25.954774  26.917889
  17    3    4.085623   1.722447   17.323731   4.234805
  17    4    3.960738   1.715453   12.757529  35.584094
  17    5    3.862254   1.700179   40.803683  11.737892
  17    6    3.780238   1.766253   17.411782  13.752557
  17    7    3.635517   1.744437    4.077801  26.992485
  17    8    3.586607   1.795962   21.013239   6.963426
  17    9    3.493611   1.747614   33.692656   9.385803
  17   10    3.318611   1.799226   11.506910  22.298105
  17   11    3.244729   1.730984   11.687974  15.774251
  17   12    3.182306   1.783555   34.588875  30.886862
  17   13    3.077774   1.747795   32.837999  22.796269
  17   14    2.987052   1.700922   32.504815  25.362918
  17   15    2.894671   1.751562   15.503111  11.664004
  17   16    2.737491   1.790874    5.932086  14.564034
  17   17    2.698795   1.795533   26.454267  35.488748
  17   18    2.506562   1.740422    2.296144  12.352951
  17   19    2.466890   1.774331    8.821868  26.890379
  17   20    2.368474   1.706357   13.286241  28.248314
  17   21    2.271629   1.779424    2.359727  17.586359
  17   22    2.171216   1.751546   14.999318  34.628061
  17   23    2.058566   1.716337   16.503876  31.851169
  17   24    1.975750   1.718383   26.055146  28.587533
  17   25    1.814727   1.723404   19.245008  22.182347
  17   26    1.783460   1.799758   32.189757  26.104916
  17   27    1.696481   1.739414   38.622424  38.204642
  17   28    1.514762   1.770739   10.248341   1.986896
  17   29    1.411537   1.790595   18.686390  38.789068
  17   30    1.389923   1.712629   40.162797  21.137746
  17   31    1.274083   1.706212   28.064909  12.559002
  17   32    1.198239   1.795128   20.413202  15.015372
  17   33    1.073031   1.726387    6.809957   3.400735
  17   34    0.923625   1.782058   40.636548   1.708161
  17   35    0.811247   1.735823   15.987272   5.291241
  17   36    0.723488   1.791408   14.460113  28.886769
  17   37    0.688353   1.742717    4.512898  14.701196
  17   38    0.533442   1.771458   16.300944  15.955320
  17   39    0.411342   1.723447   29.028701   9.026643
  17   40    0.392985   1.751273   17.786957  25.046790
  17   41    0.225711   1.770489   15.148167  15.947967
  17   42    0.156668   1.786108   22.619233  20.077665
  17   43    0.065221   1.713557   12.192834  31.310177
  18    0    4.371634   1.846072   33.109169  38.897273
  18    1    4.220611   1.832094   28.578789  12.063803
  18    2    4.165552   1.889865    7.288159  25.637497
  18    3    4.026732   1.841014   21.301715  36.001033
  18    4    3.999047   1.824476   22.401609  28.688905
  18    5    3.863554   1.810987   10.508032  21.467015
  18    6    3.793664   1.876457    8.763085  24.299629
  18    7    3.659372   1.879588   38.928752  17.921561
  18    8    3.550203   1.890690   17.358502  36.613637
  18    9    3.474293   1.820260   35.991714  12.171831
  18   10    3.322945   1.828548   35.254311  12.035377
  18   11    3.228682   1.862329   17.716937   5.291843
  18   12    3.112859   1.858921   24.777688  29.128052
  18   13    3.024772   1.897181   16.038892   1.690008
  18   14    2.987305   1.822780   15.600826   4.823125
  18   15    2.889996   1.863257    4.988558  34.481170
  18   16    2.725052   1.804797    3.275446  13.538947
  18   17    2.647841   1.875643   36.207172  30.264972
  18   18    2.523627   1.863991   23.427759  27.876728
  18   19    2.496161   1.854810   12.552676  31.607656
  18   20    2.391064   1.859441   37.738129  37.882368
  18   21    2.243875   1.813472   16.098902   6.969729
  18   22    2.176037   1.856831   25.993769  30.432995
  18   23    2.024828   1.880504   25.616599  25.517251
  18   24    1.969213   1.816913    7.916872  11.127354
  18   25    1.872391   1.876561    8.664497  38.199787
  18   26    1.734295   1.847945   19.134622   8.129507
  18   27    1.699921   1.807270   34.707613   6.673398
  18   28    1.599818   1.850708   17.571607  10.735634
  18   29    1.490779   1.806770   28.219136  18.092358
  18   30    1.362180   1.896968   19.709215  25.004007
  18   31    1.256907   1.846911   24.511213  36.488581
  18   32    1.116702   1.860026   20.570652  34.608539
  18   33    1.077256   1.825546   26.079094  30.403073
  18   34    0.946702   1.859496   36.954291  37.146637
  18   35    0.876461   1.861129   23.532096  21.629023
  18   36    0.760598   1.891509   10.352115   4.452362
  18   37    0.650150   1.850231    2.723951   1.371468
  18   38    0.574037   1.890262   34.154091  30.036247
  18   39    0.486153   1.889590    8.484148  17.823773
  18   40    0.387807   1.807153   29.153359  37.593428
  18   41    0.270630   1.824988   15.390928  13.106488
  18   42    0.113005   1.899710   22.031201  31.592035
  18   43    0.004739   1.865462   27.315693  17.709441
  19    0    4.342478   1.994095   23.414794  14.274128
  19    1    4.290979   1.993320   10.007603  17.023265
  19    2    4.161985   1.922173   35.264843  12.971776
  19    3    4.078700   1.907891   34.776241  27.241829
  19    4    3.935860   1.936980   21.764223  37.461150
  19    5    3.885534   1.964118   16.369257  16.862412
  19    6    3.790099   1.978855   33.542847  19.147879
  19    7    3.635607   1.905868   24.430990   5.205702
  19    8    3.550895   1.998612    1.988014  32.197169
  19    9    3.476393   1.948205   15.467100  40.823086
  19   10    3.378547   1.943820   18.553580   1.292527
  19   11    3.253947   1.932933   11.029338  10.353953
  19   12    3.165499   1.979585   23.395335  21.527253
  19   13    3.040997   1.967314   37.873619  32.341074
  19   14    2.942933   1.946201   28.324051  33.003145
  19   15    2.823993   1.957174   27.133638  30.707424
  19   16    2.762905   1.952610   10.981704  26.031212
  19   17    2.663705   1.962474   22.091318  39.043143
  19   18    2.592455   1.966814   40.310468   2.399458
  19   19    2.449355   1.935975   27.914470  19.546603
  19   20    2.372411   1.992228   27.798106  23.993167
  19   21    2.268466   1.953733   11.771070   9.408916
  19   22    2.156812   1.912399   24.647481   2.123373
  19   23    2.013801   1.909963    8.018653  32.626481
  19   24    1.958912   1.945623    1.931931  19.239566
  19   25    1.844690   1.928188   40.706363  36.671513
  19   26    1.786689   1.975677   38.962368   9.272950
  19   27    1.612967   1.935607    4.416276  11.145797
  19   28    1.554556   1.915229    4.505968  33.676916
  19   29    1.453452   1.958274   24.509668  19.488214
  19   30    1.308683   1.914436   26.160416  17.301697
  19   31    1.225562   1.920930   29.132966   5.001928
  19   32    1.100893   1.948839   25.101730  11.560462
  19   33    1.076101   1.977253   27.877182  38.912389
  19   34    0.990513   1.907840   26.587735  31.914457
  19   35    0.873676   1.953771   25.773678  40.862674
  19   36    0.744882   1.957920    1.013331  32.525082
  19   37    0.642418   1.963872    6.348211   1.197949
  19   38    0.547406   1.973173    5.977769  32.991119
  19   39    0.496808   1.937070   33.744220   9.586187
  19   40    0.307099   1.909837   26.738187  40.409636
  19   41    0.250416   1.913128   11.465420  25.967567
  19   42    0.195479   1.951215   30.587752  14.569411
  19   43    0.039213   1.970609   34.076802  37.520297
  20    0    4.315521   2.064679   40.110786  24.906017
  20    1    4.264888   2.095111   18.242223  29.275920
  20    2    4.133009   2.093455   10.931347  24.918034
  20    3    4.025185   2.043686   40.765819  16.212477
  20    4    3.973242   2.052411   11.485766   3.064169
  20    5    3.856825   2.028856   23.843538   1.099195
  20    6    3.705430   2.009346    5.513732  18.731366
  20    7    3.671882   2.028143   11.520155  15.061711
  20    8    3.503468   2.011034   32.376565  37.684304
  20    9    3.420801   2.023177   36.386190   6.782121
  20   10    3.384926   2.056803    5.975375  23.477007
  20   11    3.264301   2.086236    1.838228  31.443496
  20   12    3.190172   2.031466   29.955888  19.627577
  20   13    3.082445   2.061426   22.765170  31.973766
  20   14    2.970477   2.084143   15.050754  11.927402
  20   15    2.892019   2.032776   36.312047  22.839249
  20   16    2.707747   2.079851    3.824239  31.076474
  20   17    2.683097   2.032130   14.412047  40.583355
  20   18    2.589219   2.056684   38.748261   2.906797
  20   19    2.422303   2.016001   21.066520  15.501351
  20   20    2.308031   2.092991   11.452767  36.776147
  20   21    2.203773   2.032462   19.891736  25.287360
  20   22    2.154969   2.026185   24.157557   2.284777
  20   23    2.059195   2.006633   31.240265  14.185090
  20   24    1.908058   2.067605   18.706681  20.287966
  20   25    1.865533   2.096504    3.243913  40.119104
  20   26    1.714791   2.026356   24.290612   6.247633
  20   27    1.613196   2.009579   37.414178   7.478743
  20   28    1.596895   2.089121   21.855482  12.286523
  20   29    1.418372   2.025239   36.975300  14.672140
  20   30    1.389441   2.002612    1.362686  18.878822
  20   31    1.281143   2.037715   24.893999  13.263063
  20   32    1.154917   2.070714   17.476262  27.931341
  20   33    1.005739   2.020245   28.609079  39.448649
  20   34    0.988573   2.009298    9.919505   6.079740
  20   35    0.810894   2.012218   29.753140  38.831396
  20   36    0.753900   2.098263    6.656314  20.344547
  20   37    0.666792   2.048030   29.697688  21.884099
  20   38    0.556546   2.032582   31.216878  37.862097
  20   39    0.400431   2.078894   25.542011  40.201707
  20   40    0.381265   2.001969   29.901316   7.225745
  20   41    0.213504   2.086966   26.205243  22.579438
  20   42    0.179703   2.022208   20.259002   1.043111
  20   43    0.055997   2.054961    4.570100  15.151740
  21    0    4.306854   2.100308   39.155323  17.635347
  21    1    4.294723   2.133779   39.165842  31.272047
  21    2    4.160978   2.140323   16.901712  34.374788
  21    3    4.008857   2.145728    7.667063  14.508576
  21    4    3.985579   2.187030   23.338837  35.977619
  21    5    3.834300   2.171536   14.523996  32.076709
  21    6    3.742688   2.160587   22.426919   8.138537
  21    7    3.665317   2.195636   26.329058  26.223840
  21    8    3.564326   2.156920   13.811178  10.214671
  21    9    3.405390   2.126100   31.063438  17.527862
  21   10    3.333374   2.175746   32.994495  20.236359
  21   11    3.239590   2.163109   31.156592  16.765794
  21   12    3.136451   2.191002    6.163437   1.342667
  21   13    3.078039   2.162993    5.330562  20.954353
  21   14    2.969547   2.196900   31.377843  10.809880
  21   15    2.894128   2.133662   30.490115  24.359582
  21   16    2.762234   2.146906    4.748236   1.161480
  21   17    2.652170   2.101614    2.458742   6.717980
  21   18    2.518200   2.152647   28.389410   7.418452
  21   19    2.487035   2.110736   33.149627   8.606865
  21   20    2.348666   2.125095    6.352554  35.369066
  21   21    2.263063   2.148792   31.799778  27.847037
  21   22    2.100942   2.121314   15.402398   2.807600
  21   23    2.001152   2.148689   39.184526  11.016102
  21   24    1.956900   2.106655   29.419876  19.011782
  21   25    1.821456   2.178596   16.268722  30.596141
  21   26    1.795622   2.154484   19.374905  37.299037
  21   27    1.604444   2.117420   32.539971  30.974726
  21   28    1.580754   2.183354   25.227902   1.321927
  21   29    1.425368   2.110374   34.308335  15.463572
  21   30    1.346292   2.175010   21.782767  27.833526
  21   31    1.266282   2.113063   39.545995  31.694466
  21   32    1.114601   2.125666   37.428076   6.973722
  21   33    1.055747   2.161970   23.379415  34.197384
  21   34    0.987369   2.157731   32.867336  15.697811
  21   35    0.829246   2.154210    7.135620  20.661058
  21   36    0.704029   2.159474   26.353179  10.789013
  21   37    0.643068   2.180068   23.883264  32.321535
  21   38    0.562871   2.126082   22.604454  34.966887
  21   39    0.411038   2.128120   24.698227  39.119606
  21   40    0.347603   2.147146   24.499242  32.923919
  21   41    0.266975   2.174620   12.422530  36.713287
  21   42    0.196564   2.122813   19.800862  13.692852
  21   43    0.086130   2.176355   23.474436  25.126838
  22    0    4.393117   2.293689   19.588021  31.567696
  22    1    4.226086   2.209316   23.306671  37.763131
  22    2    4.143894   2.238008   20.724306   9.871586
  22    3    4.071755   2.234312   17.398727   4.701498
  22    4    3.946673   2.223692   11.616291  40.185052
  22    5    3.890066   2.225032   27.208314   5.648467
  22    6    3.731558   2.202617   38.673584  14.218517
  22    7    3.617842   2.264090   39.296076  35.604148
  22    8    3.587961   2.299742   20.298208   6.333174
  22    9    3.421082   2.298233    5.876724  10.252321
  22   10    3.365578   2.280698   35.894779   1.784720
  22   11    3.275512   2.245155   16.338844  18.277596
  22   12    3.160086   2.278045   29.306981  39.084705
  22   13    3.026739   2.261263   31.814666  24.258319
  22   14    2.963732   2.218578    9.249940   4.444592
  22   15    2.893737   2.212251   38.670161  18.479233
  22   16    2.777316   2.221927   23.722119  22.087934
  22   17    2.681619   2.236489   11.824888  38.953186
  22   18    2.543201   2.234126   31.044454  26.286364
  22   19    2.468786   2.255009    5.100076  36.136510
  22   20    2.369102   2.218931    7.088488  39.295444
  22   21    2.229530   2.261243    3.332490  12.268013
  22   22    2.169297   2.254352   16.419349  33.936694
  22   23    2.046047   2.218716   39.780701   4.956806
  22   24    1.953726   2.272219   14.493437  30.392462
  22   25    1.853559   2.205522   22.389414  18.589545
  22   26    1.746131   2.234533   38.714807  23.850591
  22   27    1.648851   2.270684    3.766615  17.322943
  22   28    1.509945   2.261968   28.068240  22.956166
  22   29    1.476063   2.209397   32.267316  19.872737
  22   30    1.305068   2.217058   24.211099  18.597920
  22   31    1.283898   2.221680   35.366769  19.005602
  22   32    1.189985   2.297474   31.320103  18.377207
  22   33    1.025691   2.292079   11.545072   7.585828
  22   34    0.921851   2.213216   27.653226  14.177746
  22   35    0.847900   2.216875   23.194147  28.223869
  22   36    0.792248   2.205663    8.700992  18.574677
  22   37    0.683546   2.209605   10.597154  35.019192
  22   38    0.568229   2.216104   19.965493  30.391748
  22   39    0.435049   2.235751    5.819428  23.585190
  22   40    0.387085   2.226711   26.819522  10.535795
  22   41    0.295606   2.263085   35.389141  29.489194
  22   42    0.178964   2.277887    9.562278  26.307977
  22   43    0.019912   2.265429   21.934902  15.435964
  23    0    4.364000   2.312480   23.702163  15.711539
  23    1    4.213504   2.384480    7.486608   3.968335
  23    2    4.190077   2.309586    8.661241  12.846188
  23    3    4.065377   2.336878   24.934897  25.154027
  23    4    3.943645   2.348470   22.510017   1.299493
  23    5    3.800786   2.351839   19.183641  17.672898
  23    6    3.779179   2.386617    6.005226  24.516007
  23    7    3.680245   2.338432    5.818949  26.914290
  23    8    3.572960   2.344989   16.117409  20.445149
  23    9    3.416746   2.310981   32.657238   5.139375
  23   10    3.313758   2.368272   37.399103  22.339180
  23   11    3.226087   2.346107   38.323984  36.458763
  23   12    3.196825   2.368249   18.958538  38.392917
  23   13    3.064950   2.305540   22.053826   3.320912
  23   14    2.988285   2.364354   15.467799   9.987157
  23   15    2.847970   2.335130   10.191750  21.402227
  23   16    2.774572   2.307089   32.548458  31.618085
  23   17    2.668569   2.342354    7.414171  36.235016
  23   18    2.505979   2.307158   30.041779  15.165248
  23   19    2.478663   2.362165   14.477754  37.604801
  23   20    2.384729   2.396020    1.084612  36.971000
  23   21    2.209615   2.344139   39.342910   6.693793
  23   22    2.136114   2.312018   40.576206  38.274627
  23   23    2.040934   2.332676   24.807954   6.142652
  23   24    1.936350   2.340316    3.535189  37.864689
  23   25    1.844195   2.366396    3.328962  34.647949
  23   26    1.752709   2.334603   12.010055  40.383398
  23   27    1.647546   2.392872    8.489454  35.408100
  23   28    1.580285   2.313824   18.620549  24.537202
  23   29    1.480902   2.380521    2.623065  11.675806
  23   30    1.335474   2.358181   35.471407  12.538016
  23   31    1.273559   2.310709    1.381450   2.870371
  23   32    1.188759   2.325225    9.093959  15.419904
  23   33    1.084437   2.350051    8.578704  31.148599
  23   34    0.988862   2.369047   25.235193  18.446269
  23   35    0.850555   2.335379   38.432687   1.028236
  23   36    0.746614   2.373437    1.727901  36.642975
  23   37    0.641578   2.352015   37.362650   3.603286
  23   38    0.510086   2.303318   33.339627  32.563103
  23   39    0.407381   2.349754    3.791662  22.085805
  23   40    0.372573   2.337850    9.412189  26.709367
  23   41    0.201610   2.320335    1.941392  16.854121
  23   42    0.111971   2.373301   33.267577   5.610531
  23   43    0.057039   2.355236   34.395837  25.882705
  24    0    4.363884   2.474126   11.770162   3.368473
  24    1    4.278321   2.413232   38.249696  10.374263
  24    2    4.181486   2.406637   34.099130  39.562866
  24    3    4.004312   2.453456   40.946102  25.609915
  24    4    3.932717   2.411240   20.699187  39.720744
  24    5    3.875667   2.431588   34.447533  23.478638
  24    6    3.729833   2.456419   36.541600   4.128542
  24    7    3.623757   2.414292   40.172743  35.842480
  24    8    3.577644   2.470475   27.241727   6.584519
  24    9    3.474232   2.440226   22.171650   6.839331
  24   10    3.364927   2.465492   32.243227  16.759763
  24   11    3.232648   2.444641    2.299165  17.420388
  24   12    3.108601   2.452080   36.193234   8.156314
  24   13    3.090574   2.469049   18.688007  36.864741
  24   14    2.992156   2.493144   17.796813  18.221240
  24   15    2.858504   2.497415    7.609618   3.708820
  24   16    2.718649   2.460287    4.853096   7.995812
  24   17    2.696577   2.495995   38.851353  22.473762
  24   18    2.524255   2.437371    4.839553   5.749253
  24   19    2.475800   2.485200   36.027178   2.769068
  24   20    2.370930   2.462385   32.324912  32.366815
  24   21    2.260918   2.438770    5.778177   3.796229
  24   22    2.156172   2.410941   17.655311  15.832299
  24   23    2.061463   2.488045    3.608230  39.971324
  24   24    1.944159   2.402573   35.772326  27.965397
  24   25    1.849757   2.407297   19.139284  32.330882
  24   26    1.735773   2.454456   39.685578  38.644574
  24   27    1.693775   2.469813   29.859704  35.580636
  24   28    1.555005   2.416270   40.036683  21.066524
  24   29    1.498751   2.493848    9.978255  32.092106
  24   30    1.336249   2.494596   40.355382  16.163529
  24   31    1.294291   2.442577    9.785321  21.847240
  24   32    1.150739   2.415611   17.022742  35.120372
  24   33    1.043521   2.402803   20.962038  11.276685
  24   34    0.911092   2.480777   23.620378   6.002769
  24   35    0.887372   2.443485   14.567084  14.132546
  24   36    0.740498   2.441806   21.258719  33.829602
  24   37    0.670662   2.446992   40.969909   3.981825
  24   38    0.587482   2.458402    9.641394   2.991524
  24   39    0.426949   2.413566   14.788281  20.602019
  24   40    0.308522   2.405090   18.036885   6.738853
  24   41    0.226413   2.462575   12.927070  11.505703
  24   42    0.128963   2.461925   30.992651  40.531959
  24   43    0.015130   2.492925   30.104239   5.016199
  25    0    4.327727   2.557945   10.540985   4.367676
  25    1    4.295098   2.519411    3.789123  22.761778
  25    2    4.173262   2.535920   34.809942   3.765563
  25    3    4.012252   2.571769   19.267076  27.151124
  25    4    3.966977   2.572321    2.366724  19.918188
  25    5    3.834445   2.528870   15.583676   3.338128
  25    6    3.726094   2.517360   32.284986  36.579870
  25    7    3.612996   2.561744   34.410720  35.379383
  25    8    3.560403   2.516530   21.841567  24.588679
  25    9    3.429898   2.576039    6.415316  32.733048
  25   10    3.366843   2.537318    6.912238  34.486763
  25   11    3.238165   2.577004   13.502417  35.943085
  25   12    3.182146   2.552543    4.550107  33.524420
  25   13    3.005015   2.528277   20.340232  19.298178
  25   14    2.996950   2.525282   22.894379   5.403608
  25   15    2.866741   2.539486   34.867005  13.449949
  25   16    2.744864   2.599380   20.471250   9.436939
  25   17    2.600084   2.597079   15.016695  32.420394
  25   18    2.536882   2.524290   25.112754  10.368475
  25   19    2.407829   2.547844   27.690185  27.123807
  25   20    2.315375   2.533291   22.133466  20.922996
  25   21    2.206050   2.555180   26.037681  21.473718
  25   22    2.152541   2.550095   32.069001   6.220684
  25   23    2.087097   2.574481   22.407048  37.340743
  25   24    1.915795   2.520452   20.194353   2.514516
  25   25    1.815868   2.535885   36.851869  21.072503
  25   26    1.766967   2.552551   33.204116   2.277939
  25   27    1.697320   2.580144   34.882106  26.982126
  25   28    1.553523   2.502850    2.850773  33.490734
  25   29    1.430392   2.566545   13.179266  32.157128
  25   30    1.388194   2.562436   32.001217  33.041290
  25   31    1.237640   2.560535    8.287078  32.135792
  25   32    1.198437   2.583086    5.485803  22.483791
  25   33    1.030904   2.513160   10.827713  18.443478
  25   34    0.959129   2.531908    6.278244  18.959180
  25   35    0.841147   2.564383    6.582675  26.676616
  25   36    0.700661   2.578786   26.958748  14.909037
  25   37    0.605409   2.538041   35.816520  27.767423
  25   38    0.510302   2.501793    7.076852  37.281824
  25   39    0.465399   2.547440   23.510649  15.257731
  25   40    0.317266   2.542323   18.944473  30.251299
  25   41    0.290772   2.597496   25.713477  17.855587
  25   42    0.171343   2.553918   27.553747  15.037163
  25   43    0.095478   2.551845   21.002330  19.243643
  26    0    4.391250   2.666559   24.728307  26.238349
  26    1    4.267851   2.631489   11.091499  16.053621
  26    2    4.172069   2.631690    3.280709  26.159665
  26    3    4.084203   2.625317   20.909936  10.116487
  26    4    3.901175   2.622304   33.862754  36.932826
  26    5    3.821692   2.622229    6.011145  12.543255
  26    6    3.739005   2.637114   35.359563  24.803190
  26    7    3.629104   2.619624    3.966872  14.886677
  26    8    3.574807   2.698203    9.092275  21.773875
  26    9    3.453931   2.623634   26.435271  36.579364
  26   10    3.368231   2.637463   17.758335  16.869201
  26   11    3.260763   2.632785   19.883288  28.039209
  26   12    3.135126   2.638743   31.952389  12.599737
  26   13    3.009481   2.688631    5.482053  35.278307
  26   14    2.930398   2.639811   20.274855   1.781550
  26   15    2.892140   2.684456    2.483144  14.546844
  26   16    2.722056   2.601096    3.449335  35.682542
  26   17    2.654645   2.646247   24.422652  24.488784
  26   18    2.538765   2.616602   28.534044  26.539099
  26   19    2.453486   2.638957   33.789024  18.481452
  26   20    2.308291   2.676487   26.226553  15.806570
  26   21    2.218736   2.605428    8.329744  31.276463
  26   22    2.186145   2.690499   12.425151  24.077422
  26   23    2.012455   2.615385   10.960953   1.754734
  26   24    1.902557   2.646803    4.624235  39.421209
  26   25    1.886329   2.687562    5.283190  37.553626
  26   26    1.731580   2.611678   24.385177  37.970836
  26   27    1.654026   2.649272   39.995479   7.519605
  26   28    1.508682   2.672143    9.038184   3.899874
  26   29    1.402255   2.614642   18.039080  24.385085
  26   30    1.392641   2.685801   38.934738   5.506024
  26   31    1.269841   2.695247   10.091242  12.763458
  26   32    1.183830   2.629998   40.984247   9.936134
  26   33    1.026439   2.605029    7.068404  26.501616
  26   34    0.974192   2.635848   14.872626   1.158473
  26   35    0.881569   2.685140   12.587311   4.624579
  26   36    0.714257   2.651792    5.274561  24.108293
  26   37    0.650694   2.653767   13.871608  36.552166
  26   38    0.539474   2.606021   31.535303  12.503014
  26   39    0.497911   2.680993   38.380516  24.962955
  26   40    0.301952   2.627459   25.711865  28.643683
  26   41    0.264582   2.699405    3.475270   8.626077
  26   42    0.104390   2.640933   40.527596  10.589677
  26   43    0.079847   2.687430   37.728042  17.716730
  27    0    4.330517   2.773776   10.708133   5.413907
  27    1    4.232454   2.704271   35.017166  20.576579
  27    2    4.110824   2.798260   24.330826   6.816139
  27    3    4.063737   2.712832   36.341516   3.575548
  27    4    3.953649   2.787151   25.233765  31.192297
  27    5    3.818769   2.700169   19.325955  24.676802
  27    6    3.709877   2.778084    3.194629  38.327999
  27    7    3.666894   2.793780   11.678860  36.502047
  27    8    3.524584   2.726567   35.503604  11.204820
  27    9    3.473809   2.776425   12.401749  26.139566
  27   10    3.360856   2.777118   21.718724  33.978137
  27   11    3.275221   2.722208    3.340139   6.632749
  27   12    3.159861   2.797382    2.806010  28.005701
  27   13    3.066903   2.712266    3.703806  19.032172
  27   14    2.926901   2.701014   16.530866   2.876402
  27   15    2.887536   2.739732   21.473669   4.089583
  27   16    2.705763   2.731708   32.881258  12.708995
  27   17    2.629258   2.780460    8.151614  19.117487
  27   18    2.523087   2.792969   36.467243  37.560886
  27   19    2.466195   2.788598    7.098619   8.233320
  27   20    2.350803   2.786033   17.255500  15.607369
  27   21    2.243511   2.774180   40.745586  23.152524
  27   22    2.147871   2.761815   16.661566  33.822030
  27   23    2.018606   2.733702   28.250384  36.890135
  27   24    1.902596   2.701839   12.936542   3.209344
  27   25    1.892123   2.734052    2.713649  14.175813
  27   26    1.703746   2.717817   37.949099  39.210806
  27   27    1.609265   2.795148   25.854943  20.082576
  27   28    1.522503   2.799872   16.877686  38.726238
  27   29    1.451699   2.777328   38.089957  22.314772
  27   30    1.387952   2.749357   12.991877  32.262240
  27   31    1.276905   2.755773   33.238485  32.796173
  27   32    1.186384   2.703800    1.615895  33.040068
  27   33    1.095374   2.756141    9.631979  20.644367
  27   34    0.909113   2.798731   30.531373  24.465509
  27   35    0.806381   2.733127    3.178531  11.312942
  27   36    0.714826   2.713946    8.490516  23.183666
  27   37    0.640347   2.796798   32.982222   5.628274
  27   38    0.560651   2.720252   39.174849  27.011873
  27   39    0.479891   2.730317   26.402812   7.643030
  27   40    0.391212   2.776805   24.848828  25.364241
  27   41    0.252692   2.797067   17.980828  21.673822
  27   42    0.156844   2.728853    2.121651  34.351696
  27   43    0.007146   2.705216   15.442155   6.585761
  28    0    4.360981   2.821046   21.644647  39.561653
  28    1    4.296540   2.883398   16.035306  19.331953
  28    2    4.112382   2.872413   24.235702  26.591782
  28    3    4.009102   2.822447   17.743615  19.951324
  28    4    3.980446   2.855703   17.836255  32.732648
  28    5    3.889761   2.855045   22.453634   6.673445
  28    6    3.721282   2.885989    2.870420   2.764313
  28    7    3.604855   2.877624   11.950117  22.474350
  28    8    3.558519   2.851257    7.989894  17.652294
  28    9    3.403227   2.867041   12.646997   3.372665
  28   10    3.366020   2.811176    3.852347  26.998604
  28   11    3.226316   2.808294   11.252851  23.950646
  28   12    3.109719   2.849315   39.495072  34.423877
  28   13    3.015801   2.828962    1.108403  37.030085
  28   14    2.962747   2.888778   14.029706  39.626947
  28   15    2.860274   2.831028   27.722669  22.128307
  28   16    2.711805   2.871582   15.797941  11.688502
  28   17    2.612123   2.821460    2.073427  31.264819
  28   18    2.523434   2.858012   11.792152  35.255789
  28   19    2.492448   2.869119   21.526738  30.884489
  28   20    2.336401   2.823842   12.058987  14.565653
  28   21    2.285334   2.857500   20.769329   5.108428
  28   22    2.190820   2.820436   26.967971  19.833481
  28   23    2.003152   2.860345    8.936692  28.219066
  28   24    1.995982   2.815640   19.641291  36.355962
  28   25    1.881835   2.840250   14.158813  13.231246
  28   26    1.777012   2.851807   31.504958   8.745874
  28   27    1.639172   2.859240   33.034547  38.596432
  28   28    1.525553   2.841365    5.835602  21.037427
  28   29    1.400180   2.894598   10.084650  26.532479
  28   30    1.311601   2.870078   32.341252  17.970987
  28   31    1.261463   2.873332   31.022612  14.166705
  28   32    1.192418   2.893455   25.228477  13.586350
  28   33    1.031234   2.874231   23.721442   2.625317
  28   34    0.980158   2.892727   27.872348  10.324009
  28   35    0.843286   2.897803    2.043657  29.397567
  28   36    0.702364   2.803406    9.119740  25.154215
  28   37    0.601690   2.871230   20.240760   5.748317
  28   38    0.508957   2.841626   19.420557   8.823885
  28   39    0.468384   2.838015    9.417583  33.648004
  28   40    0.345637   2.831307   29.395509  10.131792
  28   41    0.258052   2.880149   22.595907   5.634313
  28   42    0.126791   2.878659   39.113163  39.212731
  28   43    0.053809   2.834370    1.200849  16.215186
  29    0    4.301074   2.949584    3.263029   2.131684
  29    1    4.203215   2.993514   33.332570  34.868083
  29    2    4.109753   2.980282    5.575506  13.659336
  29    3    4.097014   2.928941    2.974902   8.385749
  29    4    3.991730   2.991676   15.253586  25.920582
  29    5    3.872718   2.930702    9.331591  34.264045
  29    6    3.789811   2.984232   28.845273  37.677989
  29    7    3.621812   2.938340    6.769859  37.022710
  29    8    3.560383   2.961335    2.899727  12.332490
  29    9    3.412811   2.927157   18.390122   5.795223
  29   10    3.383070   2.966592   35.914221  32.293897
  29   11    3.272818   2.922265   10.029691  34.219289
  29   12    3.108258   2.923252    2.493049  33.194138
  29   13    3.097426   2.935890   36.547407  22.604722
  29   14    2.968559   2.932410   38.303592  13.486424
  29   15    2.882980   2.962192   28.525172  37.550869
  29   16    2.715342   2.920721    1.328807  23.293869
  29   17    2.696169   2.918218   15.061447  15.630988
  29   18    2.523404   2.928078   13.079473  20.941421
  29   19    2.413810   2.989656   37.120815  25.456346
  29   20    2.335637   2.991032   12.843584   6.425221
  29   21    2.280440   2.925698   15.942785  26.378070
  29   22    2.195260   2.908672   18.714345  18.143886
  29   23    2.042919   2.928569    2.302076  22.280137
  29   24    1.935726   2.974309    1.052284  12.536471
  29   25    1.829790   2.900204   24.951679  25.362172
  29   26    1.767847   2.918457   17.201072  15.842204
  29   27    1.648473   2.941046   20.369056  37.506067
  29   28    1.519999   2.936488   10.690681   3.017392
  29   29    1.475630   2.944106   20.964902   5.765702
  29   30    1.350450   2.967762    3.825587  40.915219
  29   31    1.215180   2.991175   25.202957  13.714412
  29   32    1.160898   2.952134   29.469796  11.154451
  29   33    1.094390   2.937495   10.618415  31.830111
  29   34    0.997260   2.914428   16.004510  22.673390
  29   35    0.861404   2.966190   19.511542   7.793332
  29   36    0.727553   2.917820   38.848334  34.785731
  29   37    0.637249   2.904423   27.132177  11.518736
  29   38    0.537387   2.983023    2.593970  38.625279
  29   39    0.462036   2.919508   33.459850  39.935948
  29   40    0.381152   2.991737   39.729435  28.186802
  29   41    0.258538   2.955093   22.223326  12.980923
  29   42    0.171427   2.980047   25.075855  11.740618
  29   43    0.016707   2.925066   24.592415  14.954314
  30    0    4.380417   3.080282    9.488001  30.218797
  30    1    4.279933   3.055960   30.013999  34.348665
  30    2    4.165442   3.088305   32.027763   1.241212
  30    3    4.087981   3.057425   22.953237  10.441536
  30    4    3.915541   3.017281   36.734827  35.769950
  30    5    3.802532   3.004704   31.840018  26.397007
  30    6    3.748188   3.048675   18.282890  38.950924
  30    7    3.609108   3.037096   35.309758  36.313282
  30    8    3.563940   3.006589   10.223807  27.521840
  30    9    3.453947   3.012015   40.866719  17.599477
  30   10    3.392487   3.062455   30.186113  33.235983
  30   11    3.235969   3.005525   32.387094  20.259937
  30   12    3.136191   3.023745    8.308457  35.071587
  30   13    3.032503   3.017146   15.418146   1.109781
  30   14    2.936565   3.072505    8.352510  32.566890
  30   15    2.892810   3.019205   33.018768  23.640657
  30   16    2.755505   3.097399   25.353998  18.441265
  30   17    2.685660   3.089200   19.925886  13.201021
  30   18    2.576251   3.006381   29.334572  30.733143
  30   19    2.436381   3.077367   29.120195  22.350561
  30   20    2.389100   3.016202    1.511259  23.005759
  30   21    2.234764   3.091082   22.403773   2.693681
  30   22    2.133864   3.089665   37.604360  25.742047
  30   23    2.038083   3.022694   25.391179  37.192322
  30   24    1.924827   3.031877   12.258649  22.870344
  30   25    1.833251   3.008090    7.354729  20.903632
  30   26    1.784674   3.062697    9.256854  14.432862
  30   27    1.658738   3.079517   37.653655   8.283401
  30   28    1.561419   3.054163    4.118437  39.729206
  30   29    1.420383   3.068087   13.015980  31.641405
  30   30    1.396772   3.058904   18.840734  14.837523
  30   31    1.265588   3.018951   23.730939  18.030176
  30   32    1.155716   3.058336   32.953614  14.236182
  30   33    1.007659   3.005204   31.848898  10.793992
  30   34    0.915237   3.027945   10.722863  18.319202
  30   35    0.816136   3.065415   10.774732  37.200215
  30   36    0.745219   3.051013   11.251550  36.918949
  30   37    0.609992   3.044040    3.179730  15.020403
  30   38    0.596427   3.011852    6.392709  23.519944
  30   39    0.408431   3.083991   12.946129  18.623942
  30   40    0.339346   3.064950   20.800737  35.667926
  30   41    0.208757   3.006303   16.897448  29.092256
  30   42    0.173282   3.007397    9.112953  34.148641
  30   43    0.072421   3.013083   23.356876  13.056955
  31    0    4.347739   3.178515   17.166839  26.831127
  31    1    4.208840   3.166842   17.114981  11.410625
  31    2    4.107478   3.172860   37.322545  32.640584
  31    3    4.051959   3.131817   14.177140  31.734225
  31    4    3.988990   3.180560    2.374305   6.946228
  31    5    3.826768   3.111035   24.700077   7.230418
  31    6    3.759309   3.162431    8.198449  31.719849
  31    7    3.602102   3.176649    8.816025  30.147452
  31    8    3.598128   3.126394   32.199809  12.141085
  31    9    3.422066   3.170469   27.582041   9.123515
  31   10    3.381132   3.196417    2.782325  35.895766
  31   11    3.201283   3.146615   20.081097  37.576813
  31   12    3.126254   3.155539   34.483749   2.233962
  31   13    3.058909   3.138888   17.740608  14.211932
  31   14    2.915266   3.100489   14.078413  34.924716
  31   15    2.852989   3.161704   18.223158  26.908345
  31   16    2.700656   3.167005   24.866062  36.564715
  31   17    2.660218   3.195341   23.783186  17.702252
  31   18    2.552177   3.172146    9.528846   1.268514
  31   19    2.426539   3.163774   22.772531   9.268240
  31   20    2.388783   3.172751   36.352607  18.588183
  31   21    2.291276   3.186490   38.016733  12.252578
  31   22    2.179820   3.157614   29.272664  33.580623
  31   23    2.061577   3.174491   22.073090   8.005264
  31   24    1.984425   3.175071    9.118369  16.261039
  31   25    1.885000   3.145037   26.920516  32.703249
  31   26    1.730001   3.147378   11.594763  38.251449
  31   27    1.635887   3.149735   34.420305  16.552590
  31   28    1.509463   3.138579   16.953721  15.253341
  31   29    1.495958   3.146218   23.925991  15.702584
  31   30    1.302608   3.123556    6.971042  31.043970
  31   31    1.271150   3.194915   34.709525  14.700260
  31   32    1.199553   3.152508   16.760008  12.016050
  31   33    1.045255   3.129317   33.410070  13.758892
  31   34    0.923583   3.117304   12.115983  30.850944
  31   35    0.826234   3.130670   40.500785   7.809553
  31   36    0.717095   3.104034   37.500697   3.735744
  31   37    0.693389   3.136152    4.808010  33.249996
  31   38    0.567479   3.159473   25.438929   7.604953
  31   39    0.402638   3.123384   21.406349  23.500489
  31   40    0.309849   3.108315   15.014340   2.207800
  31   41    0.253185   3.143492   25.752187  15.921537
  31   42    0.150477   3.132706   15.315303  36.372523
  31   43    0.061703   3.119987   25.707267  10.343733
  32    0    4.308565   3.265946    9.095609   8.659271
  32    1    4.229931   3.291348   13.142992  13.405291
  32    2    4.174715   3.258191   22.579015  19.663585
  32    3    4.028187   3.251481    8.105184  33.088142
  32    4    3.931971   3.243557   29.250641  16.552735
  32    5    3.850800   3.234107   31.058114  14.288756
  32    6    3.779780   3.275261   28.642310  29.987508
  32    7    3.629828   3.294662   12.515649   8.955204
  32    8    3.542493   3.298223   25.532954  39.402335
  32    9    3.420695   3.266440   14.406447  13.267256
  32   10    3.332243   3.297056   30.649314  14.686974
  32   11    3.297484   3.206462   13.809185  39.531627
  32   12    3.171063   3.291418   10.866180  10.633287
  32   13    3.016606   3.200961    7.232873   1.909825
  32   14    2.959076   3.250434   15.069516  15.080926
  32   15    2.825488   3.270402   12.406355   2.791317
  32   16    2.704364   3.263199   11.259857  12.516094
  32   17    2.607595   3.299572   34.580182  10.570097
  32   18    2.505823   3.233359   11.137437  21.947851
  32   19    2.466798   3.219577   25.633089  39.778002
  32   20    2.302886   3.262331   30.324550  21.206710
  32   21    2.262526   3.285454   16.814366  20.973475
  32   22    2.175377   3.247938   15.544754  39.380651
  32   23    2.012573   3.225637   29.742508  20.479755
  32   24    1.993145   3.253054   24.492525   4.923919
  32   25    1.882633   3.287658   25.319538  19.011815
  32   26    1.778228   3.292340   29.791101  19.044339
  32   27    1.680771   3.268229   36.509512   3.426654
  32   28    1.552424   3.244192   15.350250  22.295166
  32   29    1.471053   3.295254   28.468741  27.276882
  32   30    1.300038   3.219777   21.599822  16.867815
  32   31    1.213387   3.224333   18.304356  33.542843
  32   32    1.179395   3.211314   35.488955  17.902100
  32   33    1.026422   3.222970    6.776873   6.863824
  32   34    0.967402   3.297766   31.804906  14.200983
  32   35    0.856934   3.241956    5.551501  32.784232
  32   36    0.718984   3.207645   14.279512  22.057066
  32   37    0.622644   3.215306    6.142001   7.975913
  32   38    0.567660   3.225867   18.115373  15.468446
  32   39    0.475782   3.287642   10.479945  28.093100
  32   40    0.384842   3.284428   39.977884  31.841814
  32   41    0.211948   3.241050   28.081300  38.861815
  32   42    0.153607   3.295097   37.163344   4.351027
  32   43    0.022958   3.282237    1.071331  11.200830
  33    0    4.397768   3.366451    4.567383  20.439656
  33    1    4.263339   3.355159   25.867867  12.616618
  33    2    4.138979   3.397237   16.242058  30.526380
  33    3    4.068027   3.364375   39.112041  14.810051
  33    4    3.933460   3.353425    7.744001  11.792337
  33    5    3.823553   3.329960    5.474674  21.377885
  33    6    3.765554   3.317218   16.140074  28.999932
  33    7    3.656644   3.346133   26.255554  39.687416
  33    8    3.547942   3.342933   26.451054   7.612856
  33    9    3.462622   3.382621   40.231888  37.447977
  33   10    3.397740   3.366803   16.477921  24.057403
  33   11    3.251414   3.350306   32.001306  37.198279
  33   12    3.124025   3.395646    6.369395   3.785503
  33   13    3.041167   3.350847   18.103829  30.873895
  33   14    2.975513   3.342759   24.953434  19.870161
  33   15    2.878642   3.343756   27.496299   1.814514
  33   16    2.757180   3.388500   21.769441  23.184346
  33   17    2.611514   3.393750   30.491802  23.015891
  33   18    2.531548   3.317725    1.902037   9.784657
  33   19    2.480598   3.306298   19.065721  38.126734
  33   20    2.374152   3.326560   40.131267  21.941424
  33   21    2.239763   3.319849    1.469061   5.636098
  33   22    2.153417   3.396985   21.578211  26.327196
  33   23    2.047909   3.399557   25.378817  36.892141
  33   24    1.952701   3.309245   37.939015  16.195905
  33   25    1.810897   3.369162    6.354149  25.038430
  33   26    1.746712   3.399338   21.564410   3.955285
  33   27    1.681668   3.325267   32.156260   4.649289
  33   28    1.585819   3.371649   24.055877  26.355445
  33   29    1.454055   3.301320   18.528869  20.791003
  33   30    1.329941   3.345274   21.713660  36.586818
  33   31    1.209898   3.387454   28.325285  21.430979
  33   32    1.108779   3.346627   17.085882   5.901003
  33   33    1.000078   3.366681   33.407131  18.562323
  33   34    0.967072   3.360666   24.032111  21.938338
  33   35    0.857954   3.397966   37.528815  11.106549
  33   36    0.782380   3.318382   33.128758  11.766365
  33   37    0.658426   3.362384    8.460935   6.602496
  33   38    0.518570   3.329163   14.907768  14.703633
  33   39    0.447485   3.389784   28.894852  38.884815
  33   40    0.300748   3.363228   30.334111   3.323630
  33   41    0.275587   3.300301   28.209723  35.400705
  33   42    0.166803   3.351511   21.091673  20.603918
  33   43    0.073570   3.327599   40.972365  20.508901
  34    0    4.367052   3.498256    6.661165  27.005892
  34    1    4.212087   3.438827   33.079368  10.050209
  34    2    4.146652   3.494979   20.837774  13.340843
  34    3    4.084624   3.430074   22.739937  17.674218
  34    4    3.955488   3.483586   17.250319  33.598391
  34    5    3.850200   3.455491   21.037036  14.852111
  34    6    3.787214   3.441119    1.607734   6.483586
  34    7    3.664692   3.443268   25.593408  24.200830
  34    8    3.552899   3.448925    7.812779  25.229361
  34    9    3.419480   3.462302   40.908184  19.689141
  34   10    3.345431   3.465042   25.746936  22.321276
  34   11    3.292743   3.429659   30.218782  37.491473
  34   12    3.148390   3.440115   10.444495  39.091842
  34   13    3.002212   3.490819   26.281927  27.700717
  34   14    2.987524   3.404426   15.537927   9.712004
  34   15    2.828564   3.462238   22.256628  19.806467
  34   16    2.714288   3.406401   18.270670   4.927695
  34   17    2.655905   3.498872    8.911046  13.790521
  34   18    2.549073   3.401454   19.037549  12.959658
  34   19    2.449873   3.438106   20.664244   3.886763
  34   20    2.396816   3.474090   25.327085   3.305078
  34   21    2.264928   3.475905   20.512861  13.497840
  34   22    2.179624   3.425885    8.104024  23.749845
  34   23    2.040249   3.451041   12.681820   7.456401
  34   24    1.909838   3.477334    8.084492  21.720620
  34   25    1.808392   3.448880    1.877248  11.763935
  34   26    1.752663   3.412462   30.020213  38.176142
  34   27    1.602507   3.487486   39.308851  31.135596
  34   28    1.500032   3.441719   35.022319  35.557569
  34   29    1.406404   3.415707    8.188022  11.124675
  34   30    1.396825   3.470863   24.119331  10.887934
  34   31    1.247103   3.435404    5.197066  24.295733
  34   32    1.126851   3.441373   20.657946  10.931125
  34   33    1.081792   3.458145    9.463954  28.860691
  34   34    0.979201   3.451394   24.819347   8.391079
  34   35    0.880200   3.420462   36.866096  33.387494
  34   36    0.775634   3.475294   10.437794  36.452250
  34   37    0.649408   3.411131   35.025673  22.636296
  34   38    0.546590   3.474626    2.472327  33.532656
  34   39    0.490992   3.408998   23.148158  37.273387
  34   40    0.397225   3.433602   12.896481  40.941175
  34   41    0.220123   3.490488   20.894682  34.158436
  34   42    0.105572   3.458184    3.434963   3.201047
  34   43    0.012897   3.442209   21.767987  24.095918
  35    0    4.342455   3.549415    5.490300   4.121860
  35    1    4.281626   3.505969    9.030770  10.386895
  35    2    4.197247   3.598891   20.766556  11.272601
  35    3    4.008237   3.591031   25.964272  34.212658
  35    4    3.934855   3.557055   30.511251  17.328676
  35    5    3.893129   3.511583   37.314041  11.827031
  35    6    3.797506   3.593465   36.960677  18.836125
  35    7    3.600999   3.546159   35.058848  23.729453
  35    8    3.599954   3.502291   27.487904   1.256527
  35    9    3.406096   3.570165   29.177823   7.436278
  35   10    3.348692   3.505971   10.116776   3.726466
  35   11    3.257300   3.582651   22.879891  13.163029
  35   12    3.144516   3.575309   18.479317  17.785689
  35   13    3.098092   3.534139    1.798716  25.675666
  35   14    2.903516   3.515247   24.957981  11.398417
  35   15    2.888163   3.563582    7.945365  35.764240
  35   16    2.754094   3.562129   32.668278   2.912605
  35   17    2.681881   3.569417    1.750004   1.237611
  35   18    2.537072   3.500481   40.101342  39.172209
  35   19    2.424201   3.572192   39.312977  10.033218
  35   20    2.352231   3.535158    6.660106  37.817886
  35   21    2.226864   3.574412   27.024708  26.981228
  35   22    2.157830   3.548170   32.986759  15.881832
  35   23    2.086839   3.586986    2.002885  30.957656
  35   24    1.939701   3.528591   26.893279   5.102768
  35   25    1.804974   3.571090    4.334511  10.606409
  35   26    1.723453   3.588637   33.870858  28.957443
  35   27    1.655666   3.539238   35.899401  24.505493
  35   28    1.507122   3.569359   10.568115   7.225273
  35   29    1.448142   3.570038   20.590816  25.597925
  35   30    1.342300   3.595335   30.292055  40.973102
  35   31    1.206533   3.517351   12.037966  39.903245
  35   32    1.189312   3.559331   11.499782  14.167340
  35   33    1.079434   3.536478   17.474181  15.970789
  35   34    0.916476   3.505121   13.413062  27.691091
  35   35    0.870013   3.507523   40.183610  24.231223
  35   36    0.704751   3.529464   27.301864  17.364145
  35   37    0.654975   3.509204    7.998379   4.348151
  35   38    0.557294   3.542715    7.647088  39.634065
  35   39    0.434813   3.585186   31.607178  13.866903
  35   40    0.398498   3.511617   34.306754  16.926890
  35   41    0.228765   3.549376    3.975347   2.902952
  35   42    0.178992   3.557536   14.973974  19.216286
  35   43    0.095774   3.596650   30.965555   7.307687
  36    0    4.381935   3.698721   26.629103  19.190300
  36    1    4.227503   3.621136   13.287254  36.694606
  36    2    4.151583   3.606140   15.352525  15.465186
  36    3    4.021045   3.695423    1.192146  33.904307
  36    4    3.937683   3.689019    5.778591  31.616065
  36    5    3.897520   3.630992   35.871953  18.931940
  36    6    3.768685   3.638428   14.635284   8.364518
  36    7    3.688052   3.622650   35.303862  23.036129
  36    8    3.533059   3.635063   37.228266  12.083506
  36    9    3.460935   3.677925   37.328061  27.693667
  36   10    3.361197   3.670867   21.391994   4.850333
  36   11    3.212868   3.646128   19.030855   8.259596
  36   12    3.160437   3.643189   20.344693  19.598680
  36   13    3.093147   3.691181    9.045914  23.637619
  36   14    2.962677   3.654893    4.048000  38.491040
  36   15    2.872600   3.697355   18.175260  10.961068
  36   16    2.797858   3.694165   28.086177  23.453209
  36   17    2.608758   3.657677   33.770662  18.230005
  36   18    2.507280   3.673722    9.743852  34.882802
  36   19    2.495393   3.671049   34.605193  38.045306
  36   20    2.358263   3.680708    2.875297  37.864055
  36   21    2.218063   3.666011    5.503727  32.025932
  36   22    2.116121   3.625761   36.322335  34.791512
  36   23    2.067657   3.676614   24.790249  38.190851
  36   24    1.970698   3.682589    5.052007  19.125502
  36   25    1.891180   3.618988   22.648903  32.532454
  36   26    1.702919   3.677823   18.849205  37.072596
  36   27    1.683150   3.655986    4.784755  31.203548
  36   28    1.511859   3.625015   20.313555  12.304603
  36   29    1.441968   3.691653    3.309331  11.185385
  36   30    1.304775   3.696355   22.073854  13.399907
  36   31    1.233495   3.607324   35.565030  34.999461
  36   32    1.181330   3.690999   22.547472   4.511328
  36   33    1.018810   3.636753    1.641598   8.971133
  36   34    0.918962   3.689878   20.236174  16.834945
  36   35    0.814761   3.678994   12.626890  24.748440
  36   36    0.788873   3.683418   38.463867  31.774670
  36   37    0.664391   3.664604   34.173222  30.224800
  36   38    0.501561   3.620834   15.625863  36.267659
  36   39    0.499715   3.623299   33.749673   8.709574
  36   40    0.397136   3.657461   10.433298  16.555955
  36   41    0.281570   3.649300   34.989764  34.135811
  36   42    0.158823   3.670067   17.300413  18.760085
  36   43    0.000346   3.624411    8.832999  35.289793
