   0    0    4.220821   0.069096   10.938489  25.846348
   0    1    4.189292   0.064122   20.401534   3.734866
   0    2    4.031998   0.051033   22.862751  32.600032
   0    3    3.956234   0.034704   39.641588  11.782919
   0    4    3.827764   0.046688    1.541469  11.272426
   0    5    3.760599   0.001252   17.036986  34.479663
   0    6    3.600135   0.058788   22.411893  14.079588
   0    7    3.574597   0.034138   37.934220  36.340139
   0    8    3.461831   0.038270    6.174028  34.665108
   0    9    3.349934   0.068348   39.731549   3.707595
   0   10    3.274108   0.007280    1.612905  23.436574
   0   11    3.137734   0.072898   28.556123  13.155090
   0   12    3.032862   0.078163    2.686038  36.995255
   0   13    2.910241   0.056619   17.501819  36.297802
   0   14    2.818576   0.046401   18.539375   5.092827
   0   15    2.779671   0.056475   35.891884  10.328803
   0   16    2.644467   0.000780   24.529153  39.369294
   0   17    2.524317   0.040231    9.069577  27.536341
   0   18    2.412900   0.025002   22.991106  25.196574
   0   19    2.343629   0.056511   29.509042  17.256009
   0   20    2.212676   0.061577   14.412541  31.272514
   0   21    2.172495   0.082248   12.577702  10.156477
   0   22    2.059251   0.071010   22.826863   1.180428
   0   23    1.990312   0.049982   34.070545  27.452783
   0   24    1.896233   0.047134   33.664195  16.949566
   0   25    1.762683   0.085663   21.675724  26.586492
   0   26    1.639699   0.042913   27.955798  26.722207
   0   27    1.552715   0.051331   38.819953  40.107335
   0   28    1.456932   0.020091   33.704051  26.953422
   0   29    1.334850   0.066492   36.881252  25.936268
   0   30    1.228117   0.060814   23.393830   4.139837
   0   31    1.137075   0.076997   20.545649   4.885190
   0   32    1.043320   0.069625    6.035178  31.894038
   0   33    0.927083   0.050865   31.123524  35.253882
   0   34    0.837788   0.050260   32.791208  26.251596
   0   35    0.744560   0.006812    3.930304  24.520021
   0   36    0.666152   0.063182   17.159281  25.417978
   0   37    0.565322   0.023076   38.375349  24.583478
   0   38    0.460540   0.057053   23.837514  39.732929
   0   39    0.363322   0.031699   13.191845  19.721364
   0   40    0.208941   0.020160    4.822775  33.450240
   0   41    0.113876   0.076550   24.279667  15.355655
   0   42    0.028306   0.016234   16.950366  12.001097
   1    0    4.255505   0.102137   18.922175  30.930494
   1    1    4.191978   0.153255   21.999667  16.729547
   1    2    4.098833   0.144670    7.676995  31.641624
   1    3    3.902933   0.183458    8.654055  33.658916
   1    4    3.838837   0.116839   34.029906  21.455678
   1    5    3.783156   0.148162   25.017515   3.668333
   1    6    3.691478   0.113420   31.939996  23.802388
   1    7    3.575127   0.161953   11.054374  38.528816
   1    8    3.437397   0.116103    2.693331  16.518088
   1    9    3.323991   0.177344   32.232694  40.568700
   1   10    3.213817   0.142804   35.021430  24.064185
   1   11    3.128377   0.183271   38.815892  33.308493
   1   12    3.051183   0.169283   16.229912  22.739597
   1   13    2.914172   0.168561    9.661235  36.225568
   1   14    2.803331   0.148984   37.121735   3.551458
   1   15    2.798723   0.125030    5.047917  18.879387
   1   16    2.669069   0.170837   39.788517  22.603725
   1   17    2.573007   0.173881    9.971478  27.948298
   1   18    2.449060   0.124100   34.882485  30.308592
   1   19    2.336228   0.173855   17.505403  35.299241
   1   20    2.224790   0.184400   23.770664  28.420982
   1   21    2.171137   0.109850   21.244789   6.032004
   1   22    2.086119   0.195712    1.011978  17.841663
   1   23    1.949013   0.166719   16.511040  12.509999
   1   24    1.870537   0.199344    3.887011  30.329848
   1   25    1.700856   0.164548   31.910598   3.709836
   1   26    1.610780   0.152837   38.249202   3.711474
   1   27    1.585710   0.168880   26.004799  38.792276
   1   28    1.417781   0.189267    3.755364   2.864652
   1   29    1.328413   0.192225   28.261999   9.617466
   1   30    1.253204   0.190510   26.572429  27.709088
   1   31    1.187198   0.171636   19.127157  28.997670
   1   32    1.069946   0.186876    3.946421  24.621599
   1   33    0.946651   0.141208   10.958171  29.801025
   1   34    0.819941   0.149845   32.558691   9.145153
   1   35    0.713483   0.118077    9.742267  24.590149
   1   36    0.646523   0.114707   11.383537  15.554184
   1   37    0.521336   0.185809    6.919861  36.299760
   1   38    0.493314   0.155528   39.800381  32.784227
   1   39    0.326574   0.190058   31.307323   7.527772
   1   40    0.273244   0.136137   33.002732   6.429256
   1   41    0.199542   0.157910   23.024187  29.334632
   1   42    0.049792   0.177721    9.285240  22.955388
   2    0    4.285213   0.214582   34.494361  40.015996
   2    1    4.187926   0.216152    7.579205  24.974974
   2    2    4.023456   0.298944   18.005003  10.134137
   2    3    3.934450   0.270294    8.645959  35.370352
   2    4    3.882338   0.272804   24.970752  32.163808
   2    5    3.786589   0.206307   39.626607  13.251909
   2    6    3.667945   0.277975   18.965086  31.428570
   2    7    3.503651   0.262382   39.185680   6.180367
   2    8    3.431107   0.219855   12.744643   9.573942
   2    9    3.309463   0.293340    9.275310  40.778541
   2   10    3.295266   0.246567   38.906387  22.644005
   2   11    3.123032   0.205176   39.585603   7.803128
   2   12    3.080372   0.248690   34.481581   2.898434
   2   13    2.941493   0.275902    2.035937   7.942397
   2   14    2.895264   0.226162   21.684592  16.827232
   2   15    2.782921   0.200940   35.200994  31.050954
   2   16    2.615443   0.256170   40.198582  11.390748
   2   17    2.576938   0.258832   12.354389   4.228088
   2   18    2.454416   0.248661   10.794264  16.332892
   2   19    2.368287   0.266174   11.851805   3.091491
   2   20    2.275012   0.294565    5.741893  22.485741
   2   21    2.172701   0.279459   24.864636  15.793486
   2   22    2.072098   0.295908   28.390786  24.304081
   2   23    1.995337   0.205905   23.014181  40.772181
   2   24    1.890087   0.216697    2.454690  39.438710
   2   25    1.789972   0.205362   27.245498   6.925301
   2   26    1.617407   0.208790   40.955382  18.977656
   2   27    1.501861   0.201037    9.319095  28.839756
   2   28    1.425806   0.247922    5.440977  39.054771
   2   29    1.398804   0.268050   38.587693   9.905300
   2   30    1.294925   0.261647   38.009445  17.845490
   2   31    1.153448   0.235722   19.264361  22.585992
   2   32    1.081984   0.243147   31.831917  31.539815
   2   33    0.995239   0.222017    7.177382  27.818416
   2   34    0.862768   0.222703   20.284438  28.702953
   2   35    0.702668   0.216711   10.046277  24.450994
   2   36    0.683251   0.212092   10.460855   4.504302
   2   37    0.555581   0.243620    1.602470   4.834008
   2   38    0.421279   0.246211   23.753613  14.615826
   2   39    0.313337   0.261625   17.417145  14.115240
   2   40    0.264645   0.221003   34.353294  23.151135
   2   41    0.127430   0.209239    9.087907   8.491514
   2   42    0.065730   0.267026   35.931786   9.836946
   3    0    4.236978   0.358114   13.474919   1.611651
   3    1    4.133517   0.304009   17.438042   8.678866
   3    2    4.032086   0.317161   24.966250  18.521748
   3    3    3.971401   0.393302   30.849439  13.703789
   3    4    3.803573   0.320835   21.291238   2.988929
   3    5    3.763607   0.342333   26.885824   6.931483
   3    6    3.627944   0.342661    7.189724   6.735088
   3    7    3.554367   0.318021   39.107387  19.548271
   3    8    3.463735   0.398238   25.284083   8.057412
   3    9    3.352154   0.394561   12.481566   9.326029
   3   10    3.259459   0.340707   39.790037   2.507815
   3   11    3.126387   0.395051   19.418253  25.650002
   3   12    3.094395   0.306070   26.241308  19.748706
   3   13    2.945888   0.386171   24.436629  38.089307
   3   14    2.891330   0.335769   19.192201   8.397843
   3   15    2.737231   0.350438   28.041021   5.264247
   3   16    2.655112   0.389584   39.901316  14.620325
   3   17    2.516785   0.391516   21.047237  17.834913
   3   18    2.402477   0.363161   27.288605  40.421091
   3   19    2.372811   0.324646   32.514896  22.755846
   3   20    2.257134   0.341392    7.997091   4.036610
   3   21    2.143418   0.366484   17.605336   5.511849
   3   22    2.089447   0.351389    5.179592  17.519755
   3   23    1.952476   0.366428    6.098736  12.870340
   3   24    1.882295   0.326915   40.669884  25.557166
   3   25    1.728784   0.315020   17.968161  40.755975
   3   26    1.603838   0.359946   31.486794  34.753723
   3   27    1.543835   0.324048   29.322300  30.173551
   3   28    1.463871   0.394385   19.158756  24.064063
   3   29    1.360459   0.397716   20.192725   8.675536
   3   30    1.223367   0.312009   39.145462   4.746379
   3   31    1.188453   0.304549   15.055558  25.690875
   3   32    1.016509   0.371351   37.672263  32.159063
   3   33    0.993936   0.315685   37.641513  37.102028
   3   34    0.831179   0.386493   14.582062  21.916060
   3   35    0.706802   0.396773    3.502321  17.777529
   3   36    0.677322   0.374648   13.348514  29.362114
   3   37    0.515011   0.327905    6.965617  40.337638
   3   38    0.453013   0.358920   13.183363  14.024402
   3   39    0.325800   0.378838   23.524440  14.251002
   3   40    0.295275   0.385776    3.209866  29.642362
   3   41    0.112079   0.385245   24.371551  31.430522
   3   42    0.076831   0.305545   14.963285  15.572832
   4    0    4.247320   0.455765    6.702816  12.816968
   4    1    4.180964   0.468635   17.018483  36.812935
   4    2    4.064192   0.489383    1.578021  35.009164
   4    3    3.954526   0.410197   14.333753   7.578453
   4    4    3.851014   0.497974   10.541476  16.819905
   4    5    3.703898   0.431591    4.939039  37.320745
   4    6    3.625741   0.409797    2.868881   2.707065
   4    7    3.560304   0.438298   27.885799  38.260580
   4    8    3.499820   0.476336   17.220973  13.349667
   4    9    3.399394   0.460803   28.914793   9.962563
   4   10    3.263621   0.417057   14.648525  23.209014
   4   11    3.155370   0.467495   34.087174  29.169158
   4   12    3.091504   0.414503   24.307345  30.735268
   4   13    2.922194   0.476779   36.663293  22.058604
   4   14    2.877746   0.415611   28.905981   8.950197
   4   15    2.783508   0.489370   28.802708   1.286341
   4   16    2.674606   0.404193   33.822894   2.457121
   4   17    2.558919   0.491106   27.197956  11.614895
   4   18    2.410762   0.484259   11.993937  11.499379
   4   19    2.397173   0.421682   30.543677  25.632447
   4   20    2.222135   0.454161   36.085027  14.508985
   4   21    2.186453   0.465309    6.781788  25.005653
   4   22    2.027820   0.457533   20.128964   7.657423
   4   23    1.988710   0.495589   39.352426  12.907577
   4   24    1.831390   0.468537   14.719421   3.240865
   4   25    1.738388   0.498802   24.219469   9.706934
   4   26    1.622276   0.406180   13.019179   8.302391
   4   27    1.576296   0.407300    3.228490  26.700111
   4   28    1.493248   0.475253    9.253749  20.714125
   4   29    1.316625   0.497862   24.394075  31.612804
   4   30    1.278169   0.499948    7.025597  32.012479
   4   31    1.169225   0.448623   16.002477  14.793361
   4   32    1.049301   0.450242    1.698221  34.600055
   4   33    0.960247   0.402602   28.954679  36.465280
   4   34    0.895339   0.460884   19.263429  15.498026
   4   35    0.712144   0.455847   20.563947  23.101609
   4   36    0.630171   0.408130    3.519197  39.653145
   4   37    0.558760   0.473886    3.061077   4.929284
   4   38    0.458047   0.440339   24.049568  22.873864
   4   39    0.382841   0.441425   21.349549   6.766800
   4   40    0.243394   0.455114    9.412112  27.790314
   4   41    0.171840   0.467136   17.091897  40.843876
   4   42    0.002952   0.477896   33.102516   5.803248
   5    0    4.293208   0.597896   19.997660   2.947121
   5    1    4.154210   0.524732   14.279967  13.807351
   5    2    4.092660   0.544986    2.222330  22.181000
   5    3    3.917309   0.525409   20.901005  16.544613
   5    4    3.817975   0.588516   18.075784  39.828727
   5    5    3.777630   0.542226   19.823643   3.763811
   5    6    3.666936   0.505751    8.777753  14.243002
   5    7    3.573239   0.544369   26.607558  25.932419
   5    8    3.450837   0.564035   40.786943   6.391861
   5    9    3.375131   0.588211    7.150271   3.067613
   5   10    3.254783   0.529631    6.269465  14.630165
   5   11    3.178946   0.509791   13.963242  28.323323
   5   12    3.062570   0.570089   25.561334  37.462624
   5   13    2.924348   0.557332   21.805928  11.290605
   5   14    2.897496   0.569642   34.018814   9.509519
   5   15    2.702720   0.578831   40.559859   5.538939
   5   16    2.610755   0.534641   29.439484  18.581629
   5   17    2.505115   0.532638    7.638892  40.746327
   5   18    2.426372   0.539196    1.275946  10.716162
   5   19    2.300606   0.507332   17.895836  11.836426
   5   20    2.225720   0.549946   19.153158  25.220810
   5   21    2.120217   0.521356   35.899721   5.861233
   5   22    2.025670   0.573301    5.739439  33.218362
   5   23    1.953578   0.522507   33.622048  11.938156
   5   24    1.872300   0.588476   37.810273  40.879618
   5   25    1.744211   0.522779   25.984391  20.370626
   5   26    1.636825   0.565331    9.383058  22.477665
   5   27    1.595098   0.584956   17.383837  34.151719
   5   28    1.462035   0.517263   32.090068  28.591868
   5   29    1.368677   0.523967   24.226752   9.370543
   5   30    1.266030   0.506306   40.495897  31.235285
   5   31    1.184902   0.598223   21.665474  10.611508
   5   32    1.065407   0.500117   33.854772  40.374473
   5   33    0.987261   0.543961   37.146558  33.256848
   5   34    0.832288   0.578660   20.842142  35.256007
   5   35    0.759882   0.549103   39.043305   6.673134
   5   36    0.648734   0.502175   40.084033  19.149330
   5   37    0.538860   0.572223   25.559302  10.582787
   5   38    0.468041   0.581425    6.846722  27.560859
   5   39    0.367922   0.586885    7.253848  31.491929
   5   40    0.235320   0.536212   25.038342  37.669595
   5   41    0.102320   0.571999   35.954123  16.866243
   5   42    0.059497   0.588803    3.713080  40.679803
   6    0    4.265543   0.674754   23.483074  31.816770
   6    1    4.165480   0.615203    8.557722   8.981607
   6    2    4.010997   0.644299   15.546033  26.377955
   6    3    3.988756   0.669062    1.379329  36.455706
   6    4    3.835223   0.671538   39.283135   1.030498
   6    5    3.705042   0.600558   34.401912  32.953700
   6    6    3.630549   0.673221   27.408703  13.941938
   6    7    3.514844   0.615730   11.219033  12.930814
   6    8    3.453246   0.627020   37.522776  25.468160
   6    9    3.326942   0.660498    2.538308  33.403169
   6   10    3.218309   0.698291   32.094072  23.779366
   6   11    3.105763   0.668018   12.392871   7.847006
   6   12    3.013943   0.699000   22.777698  20.044338
   6   13    2.965515   0.678021   29.283908  30.352623
   6   14    2.857606   0.684556   12.145016  22.427154
   6   15    2.708680   0.622443    6.757427   8.291069
   6   16    2.691181   0.625324    6.567103  35.220805
   6   17    2.518096   0.672917   19.207513   1.946982
   6   18    2.435386   0.686098   25.907339   2.762505
   6   19    2.320345   0.662592   31.237357  26.016232
   6   20    2.292962   0.609080   18.842689  27.345768
   6   21    2.143539   0.627271   22.698425  20.562376
   6   22    2.006507   0.623707   27.047329  16.164662
   6   23    1.994856   0.658986   26.567190   7.971232
   6   24    1.839990   0.600153   27.136327  34.395943
   6   25    1.782261   0.628927    3.107909  37.638182
   6   26    1.663043   0.622383   16.181128  19.845110
   6   27    1.500891   0.616000   31.309005  21.568144
   6   28    1.474067   0.681368   14.772691  29.152703
   6   29    1.397423   0.672349    7.369650  21.763457
   6   30    1.201984   0.679400   21.022168  36.377499
   6   31    1.115492   0.667781   20.052236   4.220226
   6   32    1.077175   0.692388   39.553067  11.843576
   6   33    0.911861   0.681338   24.005467   4.549015
   6   34    0.859668   0.658611   11.452932  12.458510
   6   35    0.716536   0.650129   34.701859  16.681042
   6   36    0.657107   0.649608   24.316613  34.280303
   6   37    0.590368   0.643066   22.422534  38.816402
   6   38    0.456320   0.631713   25.927269  13.930935
   6   39    0.310984   0.600292   27.761205  29.716097
   6   40    0.230497   0.645215   40.785307  17.524749
   6   41    0.191938   0.667862   37.408353   3.635011
   6   42    0.069048   0.612168   35.609532   4.100213
   7    0    4.211031   0.761616    6.515650   3.638249
   7    1    4.109129   0.733643   18.098832  35.113876
   7    2    4.091591   0.714226   12.729723  40.738594
   7    3    3.926666   0.752482    2.656786  22.375677
   7    4    3.845249   0.795024   37.023444  30.238134
   7    5    3.770354   0.738611   17.445663  23.875070
   7    6    3.646378   0.743502    7.741981  16.852421
   7    7    3.594686   0.700553   39.050320  30.267746
   7    8    3.466856   0.724257   36.819905  36.640863
   7    9    3.367503   0.738948   24.196583  14.363026
   7   10    3.255177   0.793680   20.914724  16.462323
   7   11    3.193855   0.735781   22.382744  21.772339
   7   12    3.096196   0.766841   15.241251  40.620240
   7   13    2.911143   0.716415   18.946901  22.949489
   7   14    2.836892   0.786769   14.180308  39.556895
   7   15    2.770594   0.730652   35.006882   5.173738
   7   16    2.609558   0.727739   30.274309  36.901747
   7   17    2.527026   0.773727   18.873604  37.597055
   7   18    2.426667   0.709202   12.011331   8.874084
   7   19    2.312684   0.708490    2.952747  33.297155
   7   20    2.261436   0.757617   20.838352   3.985551
   7   21    2.171613   0.755967   30.813705  19.348322
   7   22    2.064716   0.729723   39.133386   1.183419
   7   23    1.978580   0.793092    1.018826  29.242264
   7   24    1.802333   0.702709    3.405317  11.020777
   7   25    1.761011   0.733605   27.470029  11.561611
   7   26    1.627384   0.744203   30.779303  27.135143
   7   27    1.583692   0.770933   20.443930   4.628936
   7   28    1.429231   0.798212   11.864647  14.262304
   7   29    1.344194   0.730331   28.150694  18.924526
   7   30    1.225053   0.761852   19.391158  14.207488
   7   31    1.162011   0.711665    5.565866  37.386428
   7   32    1.080831   0.782165    9.539017  22.641330
   7   33    0.926366   0.703883   15.448529   8.276593
   7   34    0.866487   0.772265   31.676280  17.283339
   7   35    0.796419   0.717593   15.873166  26.117288
   7   36    0.664666   0.731783   12.257188   1.980955
   7   37    0.523318   0.713099   29.266689  33.272228
   7   38    0.464248   0.757768   19.923510  11.387547
   7   39    0.386066   0.797841   19.856147   8.067204
   7   40    0.278208   0.749173   31.390236  17.388035
   7   41    0.102651   0.729379   29.596705  14.915296
   7   42    0.030767   0.740506    1.485966  31.116138
   8    0    4.294148   0.887913   37.063520  37.732074
   8    1    4.161067   0.848414   15.757419   3.352552
   8    2    4.042715   0.875766    9.455232  39.996493
   8    3    3.989699   0.878736   30.336565  31.288665
   8    4    3.894469   0.860349   34.770830  33.133521
   8    5    3.790403   0.820921   21.307909   1.085762
   8    6    3.615124   0.801848    9.385731   9.464815
   8    7    3.502167   0.851772   34.602545  13.354948
   8    8    3.410131   0.897171   35.666954   6.794125
   8    9    3.306647   0.881082    7.484665  32.628351
   8   10    3.271707   0.827687   14.931352  38.764358
   8   11    3.182496   0.898033    3.985239  12.087472
   8   12    3.012712   0.819843   22.964918  28.443604
   8   13    2.931654   0.819090   29.176681  31.259870
   8   14    2.891764   0.814974    8.485247  22.167695
   8   15    2.753052   0.895660   20.971359  27.090666
   8   16    2.625304   0.897427   39.343283  36.487206
   8   17    2.516387   0.812944    3.165862  17.740685
   8   18    2.420470   0.848614   16.924584  23.137099
   8   19    2.362802   0.800134   39.742031  33.658338
   8   20    2.247754   0.878646    6.124340  25.267559
   8   21    2.130245   0.876562   37.974779   1.917697
   8   22    2.004292   0.836948    6.434498   2.744830
   8   23    1.969192   0.878369    6.685831  17.510492
   8   24    1.897481   0.818561   39.095380  25.151225
   8   25    1.779150   0.845959    6.021551  19.225085
   8   26    1.604293   0.863808    5.928236   8.183765
   8   27    1.557964   0.803721    6.422080  27.940804
   8   28    1.434215   0.895564    7.379275  22.471214
   8   29    1.314489   0.830452    6.988113   1.611309
   8   30    1.243159   0.850616   10.469735  33.399612
   8   31    1.150505   0.801371    7.240639  13.905981
   8   32    1.012035   0.839378   11.760630  16.356701
   8   33    0.970036   0.880832   21.308105  32.423648
   8   34    0.816820   0.811726   26.104906  13.875947
   8   35    0.723361   0.858530   29.864460  17.588267
   8   36    0.677044   0.815789   28.873741  19.481204
   8   37    0.538950   0.851470   22.680645  24.781490
   8   38    0.476533   0.811211   27.507846  27.603338
   8   39    0.339507   0.838924   13.441138  29.962352
   8   40    0.204063   0.838793   17.658636  19.760470
   8   41    0.177966   0.858293   28.516225  32.969656
   8   42    0.062267   0.854299    9.848250  24.263804
   9    0    4.265983   0.966015   22.669726  22.897909
   9    1    4.140680   0.905873   34.491417  10.031310
   9    2    4.000890   0.959608   17.220996  16.382987
   9    3    3.943264   0.971663    6.286259  14.661851
   9    4    3.827520   0.964400    9.969038   2.329044
   9    5    3.702036   0.977103   33.395175   2.742654
   9    6    3.698498   0.911696   11.225670   5.553447
   9    7    3.596633   0.979769   32.501001  22.433342
   9    8    3.420747   0.973851   36.593720  17.021877
   9    9    3.334689   0.943785   37.737725  36.690048
   9   10    3.296958   0.976159   34.665309  29.791006
   9   11    3.129832   0.925480    9.659078  30.063449
   9   12    3.088602   0.975448   26.604321  27.471523
   9   13    2.942930   0.957325   19.822400  32.824872
   9   14    2.841881   0.980951   24.616244  15.969532
   9   15    2.727896   0.948123    7.229235   1.244937
   9   16    2.629549   0.994255   17.597614  29.459719
   9   17    2.545896   0.914040   34.778165   6.169505
   9   18    2.470109   0.962061   24.796362  37.988956
   9   19    2.381283   0.917220   37.049479  31.608030
   9   20    2.291212   0.967988    2.103423  36.804339
   9   21    2.108849   0.916617    5.155299  30.869702
   9   22    2.006348   0.937788   40.635036  26.444963
   9   23    1.925182   0.929091   40.052886   9.853109
   9   24    1.873042   0.996143   23.554210  17.832062
   9   25    1.766987   0.957910    2.632889   5.415428
   9   26    1.696762   0.992573   24.618924  18.037440
   9   27    1.596148   0.970526   37.058351  21.317493
   9   28    1.437611   0.909021   40.733653  10.105430
   9   29    1.335122   0.997784    3.244396  35.061394
   9   30    1.266632   0.972337   30.819902  34.248955
   9   31    1.186932   0.982730   25.032521  16.007551
   9   32    1.005161   0.921112    4.610490   7.935547
   9   33    0.971612   0.928716   22.527532  18.478560
   9   34    0.864187   0.918272   27.511372   8.824501
   9   35    0.755346   0.983751   10.229188  33.127392
   9   36    0.681002   0.958285    1.463864  27.211681
   9   37    0.539892   0.950847   27.004709  35.667834
   9   38    0.427726   0.991049   26.779203  33.583756
   9   39    0.318045   0.932584   19.612350   4.135400
   9   40    0.240374   0.973249    6.206416   2.079006
   9   41    0.185959   0.902191   28.400297  24.167233
   9   42    0.088130   0.962388   40.033549   2.097120
  10    0    4.235070   1.043159   21.969234   6.359832
  10    1    4.170393   1.088720   39.811386  17.995733
  10    2    4.025189   1.014706   17.000956  40.583755
  10    3    3.993876   1.075941   18.327794  20.756763
  10    4    3.866010   1.081420   20.119497   9.204767
  10    5    3.743666   1.032768   14.749973  35.700898
  10    6    3.606819   1.091928   40.565280  14.481200
  10    7    3.520670   1.004457   26.390878   6.773952
  10    8    3.453660   1.003695   25.626874   4.977622
  10    9    3.373210   1.055776    2.345190  30.624034
  10   10    3.299483   1.028870   25.189006  31.655203
  10   11    3.102800   1.055161   29.279255  22.633890
  10   12    3.066014   1.019548   37.419518  26.369509
  10   13    2.973265   1.043482   25.948477   2.267990
  10   14    2.816132   1.019899   24.532049  33.826726
  10   15    2.798315   1.000311   40.554720  26.539327
  10   16    2.602462   1.087346   35.725276   2.619673
  10   17    2.525626   1.065542   13.845318  38.096149
  10   18    2.471725   1.025271   33.813588  31.785247
  10   19    2.375155   1.034894   30.894380   8.374192
  10   20    2.245050   1.075709   12.728166  16.395256
  10   21    2.126093   1.024089   35.796115  26.455285
  10   22    2.042022   1.092061   34.981481  19.012924
  10   23    1.980324   1.088390    6.038987  10.718493
  10   24    1.810664   1.049073   31.352285  13.417652
  10   25    1.760644   1.091705   37.118555  23.065316
  10   26    1.666871   1.050154   29.462243  22.820943
  10   27    1.529227   1.042590   32.985916  24.445733
  10   28    1.434991   1.060554   33.579413  26.866686
  10   29    1.335962   1.053302   14.217748   5.607207
  10   30    1.216311   1.029033   24.897835  20.029345
  10   31    1.127273   1.032385    3.333005  38.434106
  10   32    1.094124   1.060322    9.706563  28.593880
  10   33    0.963897   1.091333   25.470352  40.940255
  10   34    0.812890   1.066043   32.275531  14.221546
  10   35    0.710861   1.031516   12.679544  12.922700
  10   36    0.644663   1.052689   29.949713   9.176049
  10   37    0.574496   1.078798    1.368963  19.480034
  10   38    0.478521   1.001852   19.857087  21.604817
  10   39    0.369848   1.050205    4.990623  36.043979
  10   40    0.238179   1.060111    9.799986  18.840482
  10   41    0.107193   1.069498    7.833002   1.268220
  10   42    0.049260   1.083793   20.313487   2.507975
  11    0    4.288622   1.196645   20.831121  13.063779
  11    1    4.140894   1.177307   10.538522  31.292946
  11    2    4.004786   1.199993   26.592363  28.265574
  11    3    3.976359   1.122812   37.471504  25.547527
  11    4    3.817876   1.179283   38.375573   7.860075
  11    5    3.764438   1.123702    6.316283  22.479787
  11    6    3.609791   1.142710    6.550059  27.399308
  11    7    3.506942   1.174708    9.078323   1.493524
  11    8    3.464197   1.151866    6.100161   6.171769
  11    9    3.388550   1.127393   19.205064  26.315350
  11   10    3.237793   1.174656   30.030124  38.896104
  11   11    3.112686   1.141375   11.990483  13.866366
  11   12    3.059589   1.128194   36.063086  40.148748
  11   13    2.931562   1.198843   13.625929  19.405984
  11   14    2.877410   1.151195    7.817019  14.432018
  11   15    2.709842   1.112749   26.193386   3.295824
  11   16    2.648022   1.118526   16.679574  23.734455
  11   17    2.599557   1.177509   31.561352  16.801884
  11   18    2.441464   1.199337    6.892792  39.630544
  11   19    2.388973   1.195163   24.057622  12.673511
  11   20    2.201126   1.164615   33.897750  18.412241
  11   21    2.120024   1.159596   19.957289  10.808013
  11   22    2.068978   1.169991    4.778240   5.440054
  11   23    1.947759   1.196811    1.238361  10.130061
  11   24    1.850148   1.175297   39.681654  18.846725
  11   25    1.740904   1.140158   11.721451  34.885348
  11   26    1.652606   1.113636   34.384328   2.921896
  11   27    1.595236   1.166029   15.624057  36.868268
  11   28    1.496261   1.189608   16.707622  37.951429
  11   29    1.350858   1.127733   11.724009   4.673722
  11   30    1.241108   1.168873   13.280112   5.980382
  11   31    1.170816   1.103086   30.740727  36.883431
  11   32    1.036347   1.119374   18.180311  40.913937
  11   33    0.951635   1.114723   29.206999  38.167488
  11   34    0.841474   1.178291    1.283411  16.565919
  11   35    0.796462   1.191205   10.018038  15.602156
  11   36    0.616373   1.148227   31.674589   7.709813
  11   37    0.588390   1.111722   28.008660   7.075267
  11   38    0.420311   1.171116   40.280489  16.882539
  11   39    0.355371   1.117497   38.323464  24.470861
  11   40    0.299441   1.189001   25.909562  13.636545
  11   41    0.118817   1.178989   16.008973   1.395030
  11   42    0.079103   1.177097   20.180986   3.131067
  12    0    4.265515   1.279529   17.170760  38.525246
  12    1    4.110652   1.226461   29.360979  27.398761
  12    2    4.076951   1.213281   25.202630  39.235760
  12    3    3.952947   1.261070   24.914356  25.319189
  12    4    3.891421   1.298214   10.009003   3.971964
  12    5    3.795873   1.297321   19.618263  16.275959
  12    6    3.662504   1.273236   23.805706   3.916948
  12    7    3.557379   1.292660   22.374060   7.669663
  12    8    3.412526   1.282744    3.998444  22.813751
  12    9    3.306528   1.284499   12.392424  37.904009
  12   10    3.261584   1.251518   11.802265  40.377170
  12   11    3.182906   1.290578   12.215757  14.157926
  12   12    3.041484   1.218247   24.679436  11.549260
  12   13    2.997511   1.227563   29.081099   8.201674
  12   14    2.879675   1.226921    1.337158  12.922995
  12   15    2.711833   1.205962   35.415756  33.710340
  12   16    2.660772   1.271890   29.940667  20.978860
  12   17    2.500347   1.276327   31.796970   4.973400
  12   18    2.442719   1.254642   33.361266  36.349475
  12   19    2.307024   1.234212   19.495966   9.594337
  12   20    2.220965   1.238121   19.692969  14.147632
  12   21    2.108688   1.239544    4.765817  16.719629
  12   22    2.097165   1.277923   31.935429  22.463473
  12   23    1.997176   1.269777    3.321607   7.531713
  12   24    1.819031   1.268756    7.654940  29.456829
  12   25    1.788276   1.205649   11.000440  16.185877
  12   26    1.614850   1.269258   27.599325  34.041061
  12   27    1.558238   1.243344   15.377913  27.066304
  12   28    1.450010   1.258618   31.656628  25.975042
  12   29    1.398468   1.237512   23.156717   8.181834
  12   30    1.283569   1.234382   11.211530   8.250263
  12   31    1.165570   1.205892    9.432106  10.717319
  12   32    1.000433   1.282421   28.867540  37.980319
  12   33    0.987439   1.268143   17.478041  31.201733
  12   34    0.839183   1.237236    9.667024  21.570372
  12   35    0.766465   1.249040   31.486856  15.449560
  12   36    0.626845   1.203614   12.355212  35.764495
  12   37    0.598162   1.249312   29.734383  22.377238
  12   38    0.470144   1.229107   24.898396  38.239100
  12   39    0.397628   1.276176    1.931508  40.991792
  12   40    0.237786   1.200876   35.380592  19.730980
  12   41    0.197294   1.230035    2.062231  25.294100
  12   42    0.000277   1.290162    7.566975  14.258812
  13    0    4.247230   1.363785   26.797307  19.534501
  13    1    4.172593   1.382978   39.836500   4.817249
  13    2    4.014059   1.366873   19.611671  30.203841
  13    3    3.930688   1.316560    6.850162  38.993093
  13    4    3.836151   1.377463    2.022875   1.338301
  13    5    3.745386   1.387709   15.235394   2.273294
  13    6    3.651242   1.393010   25.906827  26.161695
  13    7    3.596662   1.311362    7.731209   6.384893
  13    8    3.468012   1.332035    4.636202  20.784236
  13    9    3.397583   1.385560   24.652707  35.827281
  13   10    3.205410   1.398040   35.825949  14.622075
  13   11    3.170399   1.362428   17.197672  37.827508
  13   12    3.072605   1.310269   14.759376  17.397224
  13   13    2.977322   1.333888   24.032002  39.269660
  13   14    2.808465   1.395449   35.107366  24.022812
  13   15    2.715451   1.315511   10.754825   8.719639
  13   16    2.642341   1.379599    2.342330  36.373898
  13   17    2.539137   1.352249   11.258186  12.486995
  13   18    2.477634   1.379714    5.287577  14.889411
  13   19    2.373730   1.375761   40.660251  20.735788
  13   20    2.236317   1.371341   22.531836  23.146087
  13   21    2.132251   1.314607   11.405055  22.976733
  13   22    2.036010   1.399991    2.977718  14.990573
  13   23    1.940925   1.395813   17.285880  31.843232
  13   24    1.801614   1.311843   13.582003  16.511200
  13   25    1.720846   1.379119   14.563386   9.874193
  13   26    1.640760   1.302337   32.384651  34.076239
  13   27    1.561216   1.333700    5.013720  26.096831
  13   28    1.436427   1.320022    1.212534  34.860742
  13   29    1.354669   1.301214   32.655861  37.523009
  13   30    1.231092   1.317426   19.982946  37.729411
  13   31    1.147112   1.388762    4.071528  35.242917
  13   32    1.094657   1.310735   23.320981  40.038240
  13   33    0.983330   1.300642   11.645053  15.620278
  13   34    0.883110   1.395697   10.243980  29.862979
  13   35    0.705298   1.348774   39.714668  14.163514
  13   36    0.606551   1.368458   18.955256  13.357798
  13   37    0.582661   1.378224   25.540723  32.967667
  13   38    0.433649   1.316915   31.328419  23.392826
  13   39    0.324342   1.306485   30.160419  22.192147
  13   40    0.265016   1.380701   15.452647  28.314559
  13   41    0.136479   1.302988   28.612692  21.859726
  13   42    0.010211   1.326061    9.648331   8.618453
  14    0    4.255117   1.428780   34.680965  12.332470
  14    1    4.102202   1.445627   37.651587  14.518304
  14    2    4.092134   1.415399   12.215521  40.140656
  14    3    3.979113   1.472539    2.205172  38.842369
  14    4    3.889798   1.486657   13.261336  20.410989
  14    5    3.755982   1.493325   13.082427  37.381448
  14    6    3.683179   1.417396   22.631265  27.960792
  14    7    3.598940   1.454635   25.609910   2.759505
  14    8    3.420306   1.479238   39.228531  36.195111
  14    9    3.300921   1.485191   37.043464   8.092682
  14   10    3.287539   1.444916   26.336539  26.264031
  14   11    3.141433   1.496177   10.691517  23.147894
  14   12    3.032037   1.409997   36.258091   8.507772
  14   13    2.993352   1.480864   11.468470  28.407504
  14   14    2.864527   1.443632   19.100150  14.037477
  14   15    2.716907   1.407363   21.600101  31.391871
  14   16    2.663757   1.498427    1.164355   6.369905
  14   17    2.555165   1.487184    1.491976  24.786904
  14   18    2.489075   1.493603   25.317549  11.354541
  14   19    2.316316   1.406705    8.310906  37.369047
  14   20    2.239507   1.435340    3.880666   8.201984
  14   21    2.195925   1.428604   23.618565  16.415435
  14   22    2.076527   1.453516    3.988346  25.242740
  14   23    1.957071   1.406035   11.435450  24.232294
  14   24    1.853380   1.414999   26.035760   1.115901
  14   25    1.747914   1.403529   29.402409  11.629931
  14   26    1.666375   1.420266    7.743141  25.407469
  14   27    1.594717   1.485536   28.246039   7.618012
  14   28    1.463041   1.402296   29.532606   2.328428
  14   29    1.363730   1.416030   18.543320  17.290120
  14   30    1.208269   1.424532   31.325925  26.842960
  14   31    1.137592   1.410744   38.819905   8.811898
  14   32    1.022834   1.418168   16.535924  24.727506
  14   33    0.901020   1.497374   25.305548  15.622386
  14   34    0.868683   1.408084   35.938297   6.361718
  14   35    0.776554   1.468479   21.209230  21.403505
  14   36    0.662341   1.451470   12.274662  18.622621
  14   37    0.593992   1.456838   12.165585  13.067914
  14   38    0.451592   1.453513    5.851742  30.073649
  14   39    0.316913   1.423654   34.543297  20.960803
  14   40    0.291260   1.430480   32.065645  31.710508
  14   41    0.186285   1.426261   34.595224  35.666493
  14   42    0.001505   1.462083   23.694231  18.846151
  15    0    4.274657   1.523922   18.969016  37.256020
  15    1    4.186443   1.512277   23.964682  39.287441
  15    2    4.074827   1.587765   10.886121  35.507203
  15    3    3.932237   1.500413   40.817386  28.776414
  15    4    3.874083   1.504104   11.336082  38.573997
  15    5    3.791982   1.573160   28.451357  26.739351
  15    6    3.689278   1.599130   40.922113   2.777253
  15    7    3.599757   1.561694   29.150459  13.707175
  15    8    3.458960   1.567359    5.533016  27.634318
  15    9    3.338166   1.508329    6.553757  36.341030
  15   10    3.206676   1.556251   27.805533  27.940213
  15   11    3.112482   1.512140   10.947385   6.817175
  15   12    3.004306   1.545045   16.380323  38.658454
  15   13    2.960203   1.574038   37.819402  20.395664
  15   14    2.875887   1.557140    6.243787  28.574882
  15   15    2.747385   1.518381   32.833137  28.317584
  15   16    2.690917   1.562229   35.987046  15.113178
  15   17    2.572545   1.530395   39.538609  32.745947
  15   18    2.401474   1.556930   31.602433  25.406066
  15   19    2.315253   1.576489   40.555665  36.285621
  15   20    2.279732   1.560792   21.476929  37.661503
  15   21    2.129680   1.568052    8.626546  20.688032
  15   22    2.011597   1.528323   13.531010  22.058485
  15   23    1.993479   1.588359   20.849636   7.666642
  15   24    1.898161   1.557090   22.990479  21.852385
  15   25    1.779256   1.526946   37.570236   9.319561
  15   26    1.609546   1.566947    8.067874  33.065086
  15   27    1.519733   1.556132   26.818252   6.475926
  15   28    1.425478   1.536115   10.869140  15.080448
  15   29    1.388386   1.540330    5.846744  40.353025
  15   30    1.283517   1.506067   12.130288  14.660994
  15   31    1.114869   1.590373   33.239374  26.231425
  15   32    1.039390   1.509121   10.927856  32.346979
  15   33    0.999011   1.562275   18.218807  37.425710
  15   34    0.824249   1.530106   34.296015  22.894358
  15   35    0.778446   1.552701   18.202226   3.648714
  15   36    0.660888   1.586655    6.722262  20.353437
  15   37    0.543154   1.561851   31.314161  19.937471
  15   38    0.475124   1.501428   25.782667  13.585345
  15   39    0.375198   1.578574   37.480897  10.629405
  15   40    0.209495   1.543955   37.716748  29.458744
  15   41    0.123952   1.592198   39.894799  17.447594
  15   42    0.014336   1.539841   25.531053  28.664529
  16    0    4.205830   1.650942   28.050930   1.574266
  16    1    4.156018   1.680668   12.259658   3.031579
  16    2    4.043307   1.667680    4.222436   6.661983
  16    3    3.943755   1.619264    3.298785   3.421915
  16    4    3.830492   1.620456    7.155208  23.052292
  16    5    3.734912   1.601833    4.271865   3.728957
  16    6    3.632020   1.607328   29.926395   3.041932
  16    7    3.534066   1.671020   14.670389  39.197872
  16    8    3.488290   1.692951   23.325422   2.856991
  16    9    3.353366   1.672094   12.554978  26.232317
  16   10    3.213274   1.627785    1.780204   9.065733
  16   11    3.150829   1.608205   11.890166  36.047198
  16   12    3.031200   1.629887   25.765345   5.481119
  16   13    2.909222   1.620088   11.625423  35.972382
  16   14    2.805312   1.693933    2.793122  11.174357
  16   15    2.761038   1.610578   24.424058  29.907588
  16   16    2.665738   1.632482   28.502180  11.041131
  16   17    2.504832   1.694960   12.980653   3.374043
  16   18    2.444187   1.660434   20.022861  27.432478
  16   19    2.394802   1.634447   33.156772  28.803740
  16   20    2.270737   1.605203   35.712216   4.682580
  16   21    2.118973   1.601966   25.703747  33.152507
  16   22    2.082422   1.662365    8.515748  17.936068
  16   23    1.911765   1.636972   32.130400  32.618362
  16   24    1.834620   1.619344    4.627059  13.497729
  16   25    1.773911   1.669109   15.312622  18.191970
  16   26    1.694463   1.638163   34.780580  39.997835
  16   27    1.596855   1.629373   21.730801  10.961319
  16   28    1.430490   1.622390   12.426674  17.986619
  16   29    1.309743   1.621764    9.760139  17.538049
  16   30    1.294764   1.693077   31.202420  40.141733
  16   31    1.184986   1.698468    7.227983  23.668174
  16   32    1.022424   1.663861    3.525495  35.092841
  16   33    0.953118   1.667251   31.491327   8.035250
  16   34    0.849373   1.636331   22.802583   4.937809
  16   35    0.789321   1.661007    6.576737  38.459378
  16   36    0.671323   1.633345   23.657851  39.845268
  16   37    0.542437   1.616298   24.463989  29.140690
  16   38    0.436884   1.650208   17.751062   2.708635
  16   39    0.382701   1.640258    1.383780  10.291350
  16   40    0.283671   1.631426   17.168960   2.636996
  16   41    0.146659   1.693354   35.038944  30.445345
  16   42    0.089595   1.674244    3.037653  18.138564
  17    0    4.256846   1.779288   14.947648  36.930705
  17    1    4.121566   1.719206   33.917736   9.172734
  17    2    4.089813   1.712706   35.646132  21.434073
  17    3    3.920755   1.712751   16.708011  11.817076
  17    4    3.858952   1.730402   31.277591  15.282874
  17    5    3.767392   1.717121   22.197667  40.115913
  17    6    3.668321   1.722351   30.132870  13.015643
  17    7    3.518744   1.798863   38.070906   6.747451
  17    8    3.480278   1.785182   38.997731  33.006369
  17    9    3.311476   1.748768   34.082005  37.466738
  17   10    3.223252   1.742573    9.700463  10.354049
  17   11    3.164050   1.773303    7.282916  13.852026
  17   12    3.046334   1.734598   14.042714  19.943942
  17   13    2.906095   1.750422   39.599526  14.702460
  17   14    2.804608   1.751185   18.335463   6.532329
  17   15    2.799899   1.761092   15.716809  18.505284
  17   16    2.633297   1.773615   25.051119  33.901894
  17   17    2.504200   1.791975   36.147103  17.711099
  17   18    2.439754   1.792385   36.641795  16.580167
  17   19    2.362409   1.754383   38.519875  20.126023
  17   20    2.210235   1.789784   15.362874   5.308768
  17   21    2.176205   1.779977   29.545348  33.549872
  17   22    2.093105   1.711175    2.980022   1.396503
  17   23    1.951106   1.734637   30.768442   6.859862
  17   24    1.881778   1.700236   25.526922  15.284697
  17   25    1.773207   1.738492   33.143570  34.059580
  17   26    1.679171   1.740311   20.819977  21.098422
  17   27    1.595685   1.792338   18.624834  37.383324
  17   28    1.480821   1.726562   30.225393  31.652640
  17   29    1.379996   1.788471    1.380299  31.366207
  17   30    1.266079   1.791714   11.213032   7.327552
  17   31    1.149862   1.727449   26.903023  11.860750
  17   32    1.035887   1.722008   13.520531  37.422767
  17   33    0.976213   1.771348   24.205626  32.300968
  17   34    0.881674   1.729318   39.290246  34.045245
  17   35    0.718175   1.738820   14.449222   4.085305
  17   36    0.612746   1.790456   36.330618  16.281233
  17   37    0.599011   1.787556   38.771609  28.770066
  17   38    0.409313   1.725293   33.692639  16.347766
  17   39    0.396599   1.735742   38.743669  36.835299
  17   40    0.204910   1.761630   20.041163  29.614600
  17   41    0.175590   1.745667    4.796998  11.105413
  17   42    0.035459   1.726605   27.839846  16.832753
  18    0    4.282835   1.829849    1.129850  32.477111
  18    1    4.122603   1.811994   20.157588  29.601155
  18    2    4.068954   1.842870   20.012524   1.427550
  18    3    3.986180   1.883856   21.943398  29.048207
  18    4    3.887130   1.890590   14.077418  40.845925
  18    5    3.704822   1.845781   13.905665  22.900373
  18    6    3.655253   1.822470   22.093002  34.052023
  18    7    3.564678   1.819373   14.670886  37.555236
  18    8    3.449481   1.872444    1.885049  16.435560
  18    9    3.354103   1.875621   35.685965   9.471764
  18   10    3.226077   1.879132   13.482510  19.970476
  18   11    3.176937   1.836479    3.367251   4.135832
  18   12    3.044099   1.847107   36.229494  26.928631
  18   13    2.968583   1.867201   24.288556  11.054383
  18   14    2.884041   1.807557   35.518871   2.437691
  18   15    2.707614   1.896920    1.739452  39.676907
  18   16    2.626974   1.898841   37.967067  25.098287
  18   17    2.520995   1.837439   35.774204  33.838218
  18   18    2.475050   1.815308    8.263711  40.695840
  18   19    2.383273   1.818382   13.910767  31.261857
  18   20    2.257408   1.866193    6.593827   6.112785
  18   21    2.109175   1.820590    5.928331  19.858728
  18   22    2.075573   1.845470    2.444334   8.867193
  18   23    1.935084   1.869065   33.750967   4.000892
  18   24    1.899386   1.838283   28.770706  22.274148
  18   25    1.777717   1.841772   16.193976  11.645783
  18   26    1.628310   1.879868   39.913654   7.046530
  18   27    1.548076   1.861263   28.388627  27.131382
  18   28    1.483622   1.838871    7.319818  17.222147
  18   29    1.385368   1.862340   26.990008   4.658234
  18   30    1.294594   1.818529    9.034453  11.624518
  18   31    1.159080   1.870898   34.811805   3.919478
  18   32    1.086158   1.856394   22.098220  11.634873
  18   33    0.967779   1.886568   12.320846  12.035391
  18   34    0.866899   1.856107   11.394201   1.873285
  18   35    0.740441   1.834968   28.463361  14.894252
  18   36    0.654370   1.803195    4.155358  22.457138
  18   37    0.520224   1.844101   39.583928  36.196640
  18   38    0.459805   1.800951   26.256694   9.825461
  18   39    0.381640   1.803861   32.737149  13.945604
  18   40    0.286233   1.812126   14.580455  27.687960
  18   41    0.199887   1.887617    8.481191  11.820449
  18   42    0.072787   1.807553   29.156757  30.477914
  19    0    4.255909   1.950482   28.281336   6.817186
  19    1    4.143721   1.903740   29.446096  18.758374
  19    2    4.022335   1.970162   12.940800  34.734030
  19    3    3.993177   1.918043   31.044264  19.351459
  19    4    3.833960   1.963156   31.015106  11.525606
  19    5    3.756180   1.982283   22.254243  32.530832
  19    6    3.601791   1.991607   19.955381   1.244887
  19    7    3.582673   1.933456   34.383724  14.437755
  19    8    3.481946   1.974251   37.764989  30.237138
  19    9    3.344552   1.943664   25.290954  24.951433
  19   10    3.259794   1.928674    9.243007  32.445512
  19   11    3.165743   1.960475   32.615685  29.564679
  19   12    3.055736   1.901479   28.427066  32.133213
  19   13    2.972300   1.903632   21.296039  18.386232
  19   14    2.801883   1.988002    7.637194  28.022475
  19   15    2.713282   1.904341   29.386205  16.211388
  19   16    2.678650   1.903831   23.561314  36.795920
  19   17    2.503893   1.979354    6.853900   4.672887
  19   18    2.436898   1.946687   22.112146  24.101155
  19   19    2.389890   1.903636   23.950632  40.804355
  19   20    2.264736   1.979087    6.324313  37.644787
  19   21    2.126717   1.982584   18.911824  15.918878
  19   22    2.088510   1.969756    5.349500  39.657372
  19   23    1.908131   1.927655   39.157962  34.525599
  19   24    1.824699   1.954871    7.646600  34.956071
  19   25    1.767262   1.907652    5.831959  25.077572
  19   26    1.623593   1.919031   37.752835  26.027162
  19   27    1.508116   1.982055   38.422005   2.664379
  19   28    1.466619   1.950189   23.560888  17.995823
  19   29    1.307453   1.922453   34.383237  28.333359
  19   30    1.297041   1.992841   39.816175  24.045938
  19   31    1.155793   1.993485   28.085619  30.543593
  19   32    1.078525   1.909413    3.587418  25.797974
  19   33    0.981980   1.995650   14.079484  31.327120
  19   34    0.887648   1.961012   18.752755   3.348310
  19   35    0.728285   1.968916   11.584263  33.052135
  19   36    0.654975   1.935663   39.082698  26.118687
  19   37    0.512487   1.918296   10.269974  31.253288
  19   38    0.474652   1.984621   23.290282  28.359786
  19   39    0.329642   1.950351   31.815116   4.814457
  19   40    0.204727   1.975530   10.457854   2.098229
  19   41    0.109477   1.903069   27.388674  16.859727
  19   42    0.079559   1.934940   30.538956   5.511628
  20    0    4.255365   2.010639   28.118006  18.028589
  20    1    4.151610   2.032111    2.172880   6.161615
  20    2    4.047799   2.069334   33.768430  18.381703
  20    3    3.972853   2.051039   38.838492  36.210093
  20    4    3.899072   2.061082    4.274417  25.003869
  20    5    3.715724   2.008289    4.412998  30.689268
  20    6    3.696572   2.047222    9.426342   9.441182
  20    7    3.520199   2.000490   10.490398  10.091327
  20    8    3.469641   2.066546   13.930801  12.429626
  20    9    3.337055   2.007231   30.353412  34.988953
  20   10    3.259399   2.058945    8.226588  32.942715
  20   11    3.117754   2.032639   38.281756   3.093152
  20   12    3.062218   2.088772   39.852463  24.406069
  20   13    2.978630   2.042039   27.918680  38.100226
  20   14    2.855748   2.060539   35.826929  12.997145
  20   15    2.741191   2.038883   39.706756  14.874987
  20   16    2.601425   2.003602   13.414263  21.268639
  20   17    2.521318   2.031522   14.942971  36.962655
  20   18    2.449338   2.052238   34.815164   4.904410
  20   19    2.308052   2.059418   12.792233  30.117182
  20   20    2.250147   2.062807   30.734378  31.237064
  20   21    2.137376   2.084032   36.637453  39.479061
  20   22    2.004406   2.090689   38.441774   5.226667
  20   23    1.928025   2.000903   17.433464  38.230981
  20   24    1.852240   2.096235   31.857388  21.920367
  20   25    1.704869   2.096319   34.271050  32.005025
  20   26    1.625707   2.061205    4.355003  13.983001
  20   27    1.590769   2.054500   16.146461  16.010386
  20   28    1.452538   2.074974   19.392923   8.709094
  20   29    1.300054   2.019368    3.970837  30.795921
  20   30    1.213103   2.093264    9.744635  10.996969
  20   31    1.115897   2.028736   38.143020   7.757164
  20   32    1.012497   2.081233   23.016129   7.085981
  20   33    0.979853   2.068152   34.548312  16.942712
  20   34    0.836615   2.027452   19.300713  38.428223
  20   35    0.764708   2.036644   20.634780   7.410252
  20   36    0.614853   2.055651   26.236202   5.886346
  20   37    0.541508   2.077273   23.257796   4.327767
  20   38    0.412775   2.067055    7.393449  31.519466
  20   39    0.388299   2.001640   11.272528  37.210800
  20   40    0.225647   2.017724    1.839231  28.539423
  20   41    0.121547   2.029434   38.393209  20.131952
  20   42    0.038159   2.072507   25.880567   9.589989
  21    0    4.261655   2.171577   25.627011  27.434115
  21    1    4.156977   2.180070   12.411617  39.321915
  21    2    4.071150   2.108699   27.629481  27.424236
  21    3    3.910947   2.181892   18.948355   9.307043
  21    4    3.828327   2.155444   23.617502  31.719746
  21    5    3.748828   2.102224   22.350304  21.654996
  21    6    3.620043   2.155484   21.014837  29.365067
  21    7    3.546372   2.165705   36.392639  32.266289
  21    8    3.455311   2.122153   38.794371   2.530962
  21    9    3.363360   2.154662   37.766073   5.476020
  21   10    3.216014   2.125256   27.520214   4.554767
  21   11    3.166923   2.149075   26.745962   8.912582
  21   12    3.072735   2.125871   24.381910   1.274881
  21   13    2.959987   2.188775   40.686160  30.716196
  21   14    2.802170   2.177864   34.052053  13.058202
  21   15    2.723155   2.159654    1.657198  30.832337
  21   16    2.647961   2.147348   29.987657   7.614487
  21   17    2.594630   2.133476   33.962433   3.915460
  21   18    2.469043   2.149475    5.834725  22.636963
  21   19    2.375965   2.184374   12.929862  33.448731
  21   20    2.218717   2.165697   12.884480  22.503792
  21   21    2.161490   2.164155    3.291390  15.005808
  21   22    2.093648   2.184060   37.068831  14.720326
  21   23    1.946201   2.143277   33.625355   1.150977
  21   24    1.884869   2.100074   37.771662   9.477399
  21   25    1.770699   2.114681   12.752223  11.294335
  21   26    1.652614   2.126388   10.771636  19.646218
  21   27    1.512452   2.113614    4.637404  16.888940
  21   28    1.433427   2.185725   28.921241  28.725702
  21   29    1.330220   2.128161   20.269195  15.677236
  21   30    1.271481   2.103477   16.705877  20.703472
  21   31    1.112893   2.162432   38.143947   8.264329
  21   32    1.046421   2.173827    8.615852   8.486981
  21   33    0.975345   2.167144    9.404588   6.116005
  21   34    0.847293   2.146452   26.303201  36.506580
  21   35    0.782027   2.170832   19.342704  12.149725
  21   36    0.616230   2.169605    5.784325   8.287651
  21   37    0.564152   2.128986    3.888463  23.407098
  21   38    0.456576   2.129775   13.488487  21.234233
  21   39    0.328196   2.158114   17.876689  29.866689
  21   40    0.267990   2.148159   28.741289  38.561891
  21   41    0.132288   2.137082   21.291494   4.276301
  21   42    0.035825   2.129787   40.311290  32.262871
  22    0    4.232724   2.239015   10.355920  34.954201
  22    1    4.163689   2.212463   25.937019  31.181931
  22    2    4.075421   2.203653   32.247105   6.829057
  22    3    3.996604   2.229523   36.290665   4.726506
  22    4    3.826526   2.272228   25.381560  25.558684
  22    5    3.737543   2.282983    8.623806   5.430224
  22    6    3.602743   2.284802    1.629188  25.387994
  22    7    3.512363   2.221750   10.379625   2.534061
  22    8    3.475085   2.283419   32.478763  23.476857
  22    9    3.387290   2.233374   39.345060   3.944766
  22   10    3.279863   2.273545   18.091628   1.748915
  22   11    3.189094   2.287185    4.455473  25.375484
  22   12    3.077608   2.270945   26.344447  11.882670
  22   13    2.920978   2.211703   40.153431  23.168815
  22   14    2.854461   2.201508    8.375899   9.886499
  22   15    2.706924   2.249836   27.242267  21.247879
  22   16    2.661259   2.227460    7.816271  13.769576
  22   17    2.533893   2.211655   24.464182  12.836244
  22   18    2.433056   2.245005   22.792972   1.140947
  22   19    2.394757   2.236435   17.571656   4.032904
  22   20    2.226313   2.235637   12.969041   3.139378
  22   21    2.165198   2.283172    6.450058  29.023799
  22   22    2.052253   2.256193    8.285795  26.916848
  22   23    1.975084   2.291903   15.888355  25.656690
  22   24    1.873082   2.221186   31.744821  30.968916
  22   25    1.758927   2.296984   11.883920  35.301496
  22   26    1.662827   2.265014   35.478584  25.925490
  22   27    1.591049   2.227801   12.906491   2.363536
  22   28    1.416490   2.271387   27.522974  37.985823
  22   29    1.328919   2.202477   24.335374  16.512415
  22   30    1.219997   2.222611   36.119187  33.001893
  22   31    1.102909   2.205732   34.323086   4.634610
  22   32    1.069145   2.252331   39.036400  36.284633
  22   33    0.902312   2.243356   30.627658  39.713133
  22   34    0.848260   2.281948   37.320753  36.527781
  22   35    0.715967   2.282631   30.494907  30.282934
  22   36    0.648769   2.283080   36.040215  31.814447
  22   37    0.591209   2.220558   19.461032  26.806062
  22   38    0.424134   2.236315    9.008984   1.491778
  22   39    0.377115   2.269909   29.984958  10.255876
  22   40    0.240848   2.249941   10.139121  29.769456
  22   41    0.117117   2.216860   37.108923  13.394922
  22   42    0.095179   2.261418   10.981187  25.218046
  23    0    4.252077   2.383395   25.884842   6.676422
  23    1    4.122358   2.369068   32.179714  34.913523
  23    2    4.087770   2.322648   14.093073  38.394610
  23    3    3.928644   2.331790   15.983402   2.794644
  23    4    3.870469   2.386037   33.819253  12.654463
  23    5    3.727433   2.330580   17.613991   8.870115
  23    6    3.600957   2.327284    6.743939  18.926720
  23    7    3.558115   2.307178   35.211844  29.232834
  23    8    3.400783   2.350310   10.538854  13.399347
  23    9    3.310821   2.382416   31.240291  36.408804
  23   10    3.224943   2.365543   27.552601  15.031951
  23   11    3.171506   2.309652   22.644911  15.388598
  23   12    3.092415   2.392281   12.007772  18.164958
  23   13    2.940006   2.337116   12.727930   2.759612
  23   14    2.880117   2.333553    8.220423  18.730659
  23   15    2.758764   2.337117    4.612011   4.677612
  23   16    2.696822   2.354297   19.891985  22.558564
  23   17    2.521839   2.309731   14.331780  13.986425
  23   18    2.421455   2.313706    9.312710  11.962810
  23   19    2.312647   2.383930   11.005450   7.614923
  23   20    2.254947   2.338231   35.354825  30.744676
  23   21    2.144543   2.320084   12.203034   2.450751
  23   22    2.096419   2.372991   40.422635   7.938572
  23   23    1.950924   2.364336   34.541639  21.210593
  23   24    1.812997   2.316259    9.065871  37.075188
  23   25    1.790959   2.317556    2.702421   9.397051
  23   26    1.627899   2.324190   24.751652  40.430800
  23   27    1.503372   2.359423   14.477872  30.252539
  23   28    1.403702   2.371102   26.329465  36.677028
  23   29    1.353876   2.311627   25.122100   6.690910
  23   30    1.246811   2.364412   12.012677  35.540676
  23   31    1.181916   2.333288   11.190914  37.507835
  23   32    1.005148   2.342698   16.239104  24.528583
  23   33    0.959323   2.316356    2.222507   9.741280
  23   34    0.873948   2.330394   33.562264  30.467727
  23   35    0.727278   2.389138   28.023657  19.873721
  23   36    0.664303   2.383258   23.763973  32.556142
  23   37    0.578668   2.342015   19.990386   3.638068
  23   38    0.425707   2.335041    3.668041  13.815507
  23   39    0.300493   2.361008   26.806096  37.509570
  23   40    0.247351   2.347649   13.673842  24.281608
  23   41    0.185387   2.392074   38.024268  14.536291
  23   42    0.093300   2.374648   40.817643  31.964151
  24    0    4.262652   2.461810   13.456864  12.981057
  24    1    4.153922   2.471068   25.208600  36.552732
  24    2    4.087371   2.448741   31.953634  28.318080
  24    3    3.920045   2.421261   32.975408  16.041098
  24    4    3.861230   2.433417   40.071594  27.447795
  24    5    3.707355   2.410951   26.398669   7.887113
  24    6    3.640617   2.455266   19.298022  28.563747
  24    7    3.576366   2.439626   40.693068  34.021187
  24    8    3.416359   2.469485   19.904336  30.925665
  24    9    3.308084   2.455082   26.942545  22.961219
  24   10    3.225170   2.428199   30.172333  35.863202
  24   11    3.107091   2.493188   21.980698   2.487413
  24   12    3.075404   2.406704   21.648299  33.655112
  24   13    2.912256   2.422839   18.547712  32.775679
  24   14    2.839177   2.457820   14.244564  40.498941
  24   15    2.700680   2.428582   12.844173  22.583567
  24   16    2.679206   2.405203   39.422154  15.606650
  24   17    2.572709   2.411546    1.641198  40.028093
  24   18    2.441906   2.479936    5.352243  10.531869
  24   19    2.304970   2.453076   27.395368  34.690028
  24   20    2.258346   2.463788    4.868160   1.154813
  24   21    2.154396   2.464871    7.355997  29.224615
  24   22    2.051596   2.427244   35.183805   7.321203
  24   23    1.989058   2.444421   31.441373  16.353943
  24   24    1.852795   2.440739   17.768345  35.951825
  24   25    1.711381   2.465234   33.699625  11.061543
  24   26    1.678990   2.493482   17.431155  10.509715
  24   27    1.525936   2.457549   33.458958  38.005060
  24   28    1.423296   2.475853   21.585018  13.032220
  24   29    1.387507   2.477175   24.811060  40.608201
  24   30    1.252421   2.468539   33.819673  24.505544
  24   31    1.145476   2.417594   26.860537  20.988445
  24   32    1.097862   2.434436   40.331835  25.179668
  24   33    0.977855   2.493620   32.212301  38.822317
  24   34    0.865296   2.427764   23.421914   8.491854
  24   35    0.782378   2.413660    7.457896  12.445353
  24   36    0.671722   2.418968   23.181686  10.587268
  24   37    0.563086   2.462033   26.960814  16.929185
  24   38    0.451855   2.483647    6.661247  21.995560
  24   39    0.318696   2.432822   20.029912   1.573488
  24   40    0.254095   2.419109   33.217653  28.842535
  24   41    0.103800   2.492366    1.609101  33.195844
  24   42    0.072045   2.433091   25.411685  28.046401
  25    0    4.295549   2.598781   37.900541  31.797907
  25    1    4.130140   2.595783    6.733276  34.268352
  25    2    4.056998   2.573789   10.877653  21.631523
  25    3    3.961382   2.558478   30.600157   5.957582
  25    4    3.843617   2.504650    9.433295  13.383826
  25    5    3.781444   2.520027   39.488390  23.651127
  25    6    3.651772   2.552146    9.947531   2.145606
  25    7    3.576662   2.565720   38.717470  35.759253
  25    8    3.457047   2.554317   15.348485  11.022560
  25    9    3.383411   2.512300    6.326780   5.387406
  25   10    3.236324   2.545080   39.278820  31.694374
  25   11    3.143366   2.567516    8.644219  26.316074
  25   12    3.010365   2.551826   10.769460  30.921865
  25   13    2.972906   2.552978   10.561900   7.080197
  25   14    2.883426   2.596797   34.861221  25.947753
  25   15    2.785632   2.545000   20.197876   9.160106
  25   16    2.693014   2.503254   35.904102  21.931921
  25   17    2.554519   2.559721    9.536905  28.616245
  25   18    2.416434   2.599405   32.803014  31.007347
  25   19    2.394649   2.546001   25.807334  10.070287
  25   20    2.211115   2.520510   29.267829  15.238211
  25   21    2.188801   2.552411   12.765257  17.755519
  25   22    2.092958   2.532797   27.164656  14.706975
  25   23    1.966329   2.503097   16.721132  40.429739
  25   24    1.881078   2.541530   27.354344  17.152548
  25   25    1.780841   2.551385   19.058144  35.264154
  25   26    1.658302   2.500015   29.943252  17.026991
  25   27    1.514122   2.579691   15.155628  40.392157
  25   28    1.414650   2.506310   24.660398  39.533484
  25   29    1.362533   2.579647   29.044961  26.622098
  25   30    1.255786   2.560069   12.114163  29.153618
  25   31    1.137832   2.577291   33.789359  15.888533
  25   32    1.070031   2.553233   17.970794  22.367384
  25   33    0.936899   2.564769   39.493114  27.336721
  25   34    0.856049   2.585135   14.635982  20.714545
  25   35    0.704286   2.562203   34.009844  21.505456
  25   36    0.618652   2.525147    8.809909  13.041371
  25   37    0.527830   2.561185   15.833390  38.893630
  25   38    0.442460   2.594119    8.325150  24.722057
  25   39    0.370731   2.594855    4.319083  11.266251
  25   40    0.252234   2.599636   27.965959  16.839437
  25   41    0.153591   2.538577    9.297134  22.375932
  25   42    0.064724   2.539510   11.506443  39.754924
  26    0    4.256797   2.669927   10.303986  29.346193
  26    1    4.129729   2.682952   15.994275  23.192932
  26    2    4.017472   2.607068   35.071508  26.783221
  26    3    3.947813   2.649496   24.345591  38.910314
  26    4    3.845909   2.600516   37.578007  22.753060
  26    5    3.738762   2.632048    3.605826   2.216710
  26    6    3.683915   2.674902   17.879052  39.081503
  26    7    3.518319   2.652283   28.770276  25.056972
  26    8    3.471989   2.604525   19.100210   8.004263
  26    9    3.321173   2.694179    5.847254  36.062160
  26   10    3.283506   2.659342    1.387820  33.015344
  26   11    3.185341   2.634582   32.885760   1.920924
  26   12    3.022314   2.676483    8.278028  13.831809
  26   13    2.987281   2.678503   13.978655  39.618386
  26   14    2.865170   2.696467   27.858329  23.713468
  26   15    2.788018   2.611200   28.791387  20.534948
  26   16    2.662394   2.653002   29.259967  31.946348
  26   17    2.518460   2.699162   38.955372  15.092783
  26   18    2.488937   2.620584   24.433574  25.119058
  26   19    2.396817   2.607713   22.704220  30.583059
  26   20    2.263715   2.605066   25.824500  17.891551
  26   21    2.132663   2.654271   10.420031  35.002256
  26   22    2.027643   2.608949    2.478365  17.276023
  26   23    1.930679   2.683143   26.296055  36.171276
  26   24    1.890232   2.615363   20.271398  34.020068
  26   25    1.762475   2.630288   25.111096  38.106327
  26   26    1.620912   2.612512    6.374220  40.502465
  26   27    1.527144   2.644625   28.150061  25.555893
  26   28    1.474438   2.623862    3.721759  36.622322
  26   29    1.370329   2.646202    8.594161  12.813402
  26   30    1.299789   2.618373   18.176085  23.482606
  26   31    1.177553   2.630988   14.243300  34.360536
  26   32    1.088899   2.649835    9.232974  19.239382
  26   33    0.900476   2.677006   24.222261  32.591416
  26   34    0.875384   2.614670   34.537112   2.308425
  26   35    0.714441   2.667228   36.361380  31.813224
  26   36    0.694092   2.623527   29.134885  34.191166
  26   37    0.542331   2.620894   33.231425  17.914132
  26   38    0.459878   2.653588   22.307763  37.502242
  26   39    0.313234   2.616800   17.351484   9.534711
  26   40    0.218425   2.685684    7.993387  24.351235
  26   41    0.154794   2.699654   39.877740  29.274332
  26   42    0.063260   2.633196   29.215466  26.051521
  27    0    4.245357   2.783712   32.120025  22.409342
  27    1    4.101277   2.738126   32.607719   7.199408
  27    2    4.076168   2.706689    5.522171  25.795155
  27    3    3.984145   2.743825   16.031105  15.487123
  27    4    3.894851   2.741344   13.281184  21.069678
  27    5    3.704933   2.753595   10.447696   3.183463
  27    6    3.619267   2.742131    5.569372  33.970822
  27    7    3.588039   2.749666   26.628562  37.036268
  27    8    3.425631   2.789974   40.362576   5.526146
  27    9    3.376273   2.778050   17.937136  30.421179
  27   10    3.226337   2.799502   33.166768   1.068017
  27   11    3.141412   2.701327    2.343581   4.881454
  27   12    3.061479   2.769935   21.474294  39.472953
  27   13    2.914064   2.783640   29.989721  17.773941
  27   14    2.833401   2.793375   23.570130  17.719153
  27   15    2.744925   2.700011   37.038200  38.556582
  27   16    2.615876   2.782382   26.347583  34.801519
  27   17    2.572722   2.755530   32.203558  18.323196
  27   18    2.468614   2.742474    3.081905   4.238785
  27   19    2.384196   2.759059   39.276999  15.511537
  27   20    2.283804   2.794607   19.649391  25.852687
  27   21    2.108404   2.720818    7.120678  35.280981
  27   22    2.084277   2.747691   36.468552   5.194421
  27   23    1.991431   2.733522   18.021408  10.876484
  27   24    1.882603   2.731858   33.479051  22.938941
  27   25    1.748285   2.752710   15.957724  22.365783
  27   26    1.697074   2.729452   16.763133   6.762972
  27   27    1.586310   2.713499   18.248342  11.457107
  27   28    1.404008   2.782620   27.953344  24.667907
  27   29    1.338882   2.708179    7.214081  30.674987
  27   30    1.286184   2.713893   31.359408   1.404103
  27   31    1.139467   2.701922   22.899392  20.992070
  27   32    1.014474   2.769299   18.786181  18.598361
  27   33    0.904287   2.782310   33.563703   4.085149
  27   34    0.873843   2.782302    8.303674  34.381723
  27   35    0.776935   2.722501   27.566843   3.703924
  27   36    0.615891   2.761284   20.769179   9.760014
  27   37    0.520161   2.787520    8.436876  15.211354
  27   38    0.487990   2.723276   36.690628  16.664870
  27   39    0.318910   2.728528   24.322746   3.174724
  27   40    0.253801   2.732313    6.059351   6.568315
  27   41    0.184352   2.790868   23.698171  23.956910
  27   42    0.081587   2.752045    5.069462  18.739246
  28    0    4.221190   2.808246    1.097319  23.577608
  28    1    4.135234   2.889121    6.180186  23.665523
  28    2    4.040005   2.867661   19.826842  10.684616
  28    3    3.958245   2.886422   11.766477   9.860639
  28    4    3.862661   2.807482   33.012903  30.295575
  28    5    3.793262   2.823301   16.642353  11.219297
  28    6    3.682009   2.854547   10.005916  26.040869
  28    7    3.528733   2.893825   11.030444  17.281495
  28    8    3.497174   2.815257   32.079747  36.958727
  28    9    3.310387   2.863351   13.090283  30.210060
  28   10    3.252643   2.810306   29.526224  29.463849
  28   11    3.198021   2.848830    8.906973   9.981881
  28   12    3.063182   2.883061   11.659844  15.931215
  28   13    2.987868   2.828848   37.880883   3.238378
  28   14    2.807297   2.817540   31.911618  38.407038
  28   15    2.757423   2.865704   12.748130  21.436098
  28   16    2.619499   2.873509   12.105098  19.279138
  28   17    2.523100   2.813703    6.000626  20.383607
  28   18    2.406101   2.883469    3.171637  40.309320
  28   19    2.331485   2.895373   28.263566  35.946178
  28   20    2.250525   2.859073    3.976048  27.250660
  28   21    2.132154   2.850456    9.227273  29.645071
  28   22    2.062346   2.823031   15.587858   9.342915
  28   23    1.904205   2.801282    8.019392  13.073541
  28   24    1.859313   2.816601   15.247414  11.299572
  28   25    1.729583   2.832558   27.442471  31.496992
  28   26    1.653535   2.832489   32.440196  19.970389
  28   27    1.524206   2.853587   25.291062  34.700029
  28   28    1.441834   2.888318   18.906703  28.683565
  28   29    1.352609   2.896598    6.001482  27.088456
  28   30    1.275944   2.886755    5.079388  19.342007
  28   31    1.163461   2.806150   37.176510   9.249600
  28   32    1.010790   2.805016    7.352140  15.668469
  28   33    0.991799   2.891423   28.066286  19.619637
  28   34    0.898534   2.818621   13.751920  30.564656
  28   35    0.779197   2.845781   10.875792  17.601907
  28   36    0.612345   2.892140    9.996157  36.369683
  28   37    0.565336   2.886106   40.808326  18.425545
  28   38    0.447087   2.863121   13.583650   8.873610
  28   39    0.303562   2.828170   37.043475  35.229023
  28   40    0.254125   2.804461   20.480704  34.262075
  28   41    0.148998   2.893723    4.387111   5.298549
  28   42    0.024418   2.875201   37.128366  22.738367
  29    0    4.260691   2.939987   24.120040  15.086566
  29    1    4.137859   2.960053    9.910624  23.389581
  29    2    4.048954   2.912878   22.610970  32.580904
  29    3    3.947520   2.953922   34.887542   1.933829
  29    4    3.885761   2.951578   17.548533   5.790459
  29    5    3.764998   2.969272   12.511345  26.305769
  29    6    3.679481   2.913935   24.186169  32.558568
  29    7    3.557514   2.931390   25.207528  24.608057
  29    8    3.495653   2.949726   37.782718  29.610596
  29    9    3.358704   2.979435   40.117139  35.776602
  29   10    3.282725   2.921923   13.460663   7.687520
  29   11    3.133250   2.909615   34.960437   5.377858
  29   12    3.035826   2.964923   20.992989  14.812642
  29   13    2.920531   2.980912   31.896196   7.276661
  29   14    2.802597   2.973038   39.568728   1.183859
  29   15    2.714422   2.953503    2.414974  16.483458
  29   16    2.603023   2.932609   16.376284   6.879233
  29   17    2.515186   2.945320   15.718764  19.310077
  29   18    2.499925   2.946729    2.882722  17.508919
  29   19    2.315059   2.973189   23.703450   4.033502
  29   20    2.218397   2.952829    3.976252  13.141821
  29   21    2.151721   2.991541   27.574611  28.587420
  29   22    2.070976   2.900294   27.678216  32.280654
  29   23    1.983255   2.953907   14.291243  31.371643
  29   24    1.800696   2.937765   26.919922   5.354411
  29   25    1.704511   2.900249   25.446043  17.089791
  29   26    1.606439   2.957958   19.918770   1.142540
  29   27    1.537985   2.916605   26.854953  31.595955
  29   28    1.464085   2.961587   21.977134  14.740444
  29   29    1.392373   2.922661    4.042749  18.051372
  29   30    1.203000   2.931366   39.066574  27.121250
  29   31    1.188878   2.917504   36.975486  21.262432
  29   32    1.040238   2.952094   22.348963  24.044074
  29   33    0.909207   2.954209    6.804705  37.891690
  29   34    0.814600   2.973473    2.825224  16.004349
  29   35    0.719803   2.919812   18.052347  17.303823
  29   36    0.699301   2.988573   16.591403  11.117088
  29   37    0.574494   2.968843   21.579400  21.128828
  29   38    0.405501   2.992750   13.720875  39.269252
  29   39    0.392120   2.995785   16.845357  29.195038
  29   40    0.219330   2.995354   37.580556  28.572727
  29   41    0.147022   2.934653   36.379622  15.304851
  29   42    0.042257   2.979691    6.428027  34.094712
  30    0    4.298476   3.042348   31.050076  28.396400
  30    1    4.128824   3.045496   25.425575  14.037640
  30    2    4.020197   3.056534   21.628068  22.954681
  30    3    3.936703   3.022546   24.746183  39.986065
  30    4    3.872973   3.018471   20.313158   7.105969
  30    5    3.721954   3.014070   18.235600  35.533247
  30    6    3.692304   3.016584   15.295012  37.649689
  30    7    3.527078   3.014262    7.133640  21.545510
  30    8    3.438603   3.037512   32.093898   8.352197
  30    9    3.321099   3.045477   34.646968   6.517731
  30   10    3.280068   3.007936   17.335299  11.147237
  30   11    3.159384   3.077553    9.704662  16.918641
  30   12    3.047779   3.072724   33.778229  19.458178
  30   13    2.936307   3.024275   22.016909  35.119938
  30   14    2.818875   3.082737    9.830895  28.677425
  30   15    2.706089   3.060083    5.596272   1.448513
  30   16    2.646843   3.059123   12.451399  30.908711
  30   17    2.546272   3.063947   14.190002  22.096414
  30   18    2.468029   3.059969   29.245263  19.398305
  30   19    2.334290   3.076691    9.610939  26.068471
  30   20    2.270397   3.099941   33.735596  12.651464
  30   21    2.100457   3.053078   12.743639  12.042837
  30   22    2.014377   3.063821   27.195798  19.050792
  30   23    1.910445   3.000629    7.041372  39.964996
  30   24    1.846325   3.010844    1.098763   9.863456
  30   25    1.716957   3.023386   35.618740  12.391099
  30   26    1.642685   3.088308   26.150583  11.844538
  30   27    1.503770   3.030753   15.583717  17.041829
  30   28    1.467358   3.060127   27.040855  10.214124
  30   29    1.325721   3.029061   27.041967   4.723273
  30   30    1.216114   3.008849    6.455710  28.606007
  30   31    1.125437   3.086626   19.245362  15.716608
  30   32    1.060047   3.088098   17.563787   4.656233
  30   33    0.981738   3.051876   12.645697   2.933734
  30   34    0.885151   3.086500   11.099415  28.220016
  30   35    0.715649   3.008487    3.153635  11.581271
  30   36    0.657001   3.013839    1.331323  33.775850
  30   37    0.547794   3.071501   13.692004  22.770669
  30   38    0.418369   3.035546    4.619286  19.395975
  30   39    0.365734   3.064039    8.171624  32.457492
  30   40    0.253250   3.062555   24.925154  21.732663
  30   41    0.121412   3.065496    4.306882  37.288235
  30   42    0.023362   3.050161   32.558778   9.790088
  31    0    4.237341   3.189001   14.227377  15.378371
  31    1    4.102594   3.171717    5.603424   9.821880
  31    2    4.055594   3.128424    5.630981   2.740605
  31    3    3.901214   3.110831   37.879304  19.514758
  31    4    3.815860   3.113395   31.262736  15.027655
  31    5    3.784789   3.159194   22.967942  11.688955
  31    6    3.697953   3.124535   20.793096   9.449169
  31    7    3.552877   3.116247   20.734134   6.066456
  31    8    3.410185   3.150500   26.708038   3.167722
  31    9    3.349444   3.161586   20.946336   2.228401
  31   10    3.247860   3.113485    4.612661  22.174120
  31   11    3.130796   3.111377   38.010369  37.703285
  31   12    3.085899   3.150437    8.388960  28.587586
  31   13    2.917476   3.175952   21.495401   2.197934
  31   14    2.806221   3.113534   31.937489   4.521687
  31   15    2.704158   3.107405   29.045221  22.303516
  31   16    2.694028   3.145349   31.771731  37.102176
  31   17    2.595984   3.163144    1.431883  30.579197
  31   18    2.467469   3.191677   38.523025  31.918268
  31   19    2.381113   3.114256   23.922869  28.736316
  31   20    2.232443   3.138098   30.452978  21.134126
  31   21    2.137414   3.195944   33.796963  26.716318
  31   22    2.078406   3.195164   38.359348   7.682701
  31   23    1.906335   3.131404   20.758126   7.775945
  31   24    1.852035   3.111468   18.800450  18.409342
  31   25    1.748851   3.160216   25.160674  14.263550
  31   26    1.663493   3.163867   11.352183   6.727930
  31   27    1.527273   3.167656   28.373177   9.590654
  31   28    1.494770   3.159806   25.650874   9.297585
  31   29    1.332319   3.142263   30.272515  28.973241
  31   30    1.291195   3.187926   25.264155   1.423320
  31   31    1.197460   3.185640   20.773625   4.837539
  31   32    1.025730   3.170051    7.971183  12.329325
  31   33    0.911942   3.160602   15.464501  22.355391
  31   34    0.830996   3.100162    5.822560  14.148864
  31   35    0.760236   3.191673   39.830111  26.394609
  31   36    0.696256   3.104124    3.389379   7.420113
  31   37    0.578815   3.125360   32.212912   3.240031
  31   38    0.425689   3.117675   18.899881  31.072531
  31   39    0.331240   3.116726   12.571752  38.761300
  31   40    0.250285   3.159611   30.501271   6.333724
  31   41    0.159461   3.133488   12.264977   9.273699
  31   42    0.078556   3.172102   18.673311  21.682017
  32    0    4.273042   3.259193   19.497636  32.158709
  32    1    4.161023   3.210708   15.859347  39.915320
  32    2    4.088722   3.233000    5.736749  30.381233
  32    3    3.930040   3.292981   25.669533  18.602130
  32    4    3.830257   3.285151   40.312640   8.360774
  32    5    3.760025   3.256364   36.550020   1.625877
  32    6    3.642945   3.214443   13.588430  16.224154
  32    7    3.573527   3.233678   28.600998  22.229079
  32    8    3.468523   3.206837   13.493818  15.287667
  32    9    3.395822   3.227599   17.265501  16.909142
  32   10    3.264329   3.212795   15.883374  29.686884
  32   11    3.134834   3.254316   33.899960  24.712902
  32   12    3.035674   3.285022   16.093593  37.392641
  32   13    2.934184   3.230926   30.776561  17.922351
  32   14    2.882280   3.227997    7.237047  18.422035
  32   15    2.715033   3.201186   16.856515  17.819290
  32   16    2.638499   3.226000   20.186032  38.873588
  32   17    2.587145   3.229843   40.712411  13.161965
  32   18    2.412648   3.297322   20.862161   6.486041
  32   19    2.371199   3.247063   18.266895  19.202055
  32   20    2.203419   3.268889   12.362419  26.740550
  32   21    2.132885   3.291350   15.553966  31.515689
  32   22    2.090693   3.277787   12.616265  38.096369
  32   23    1.984701   3.281902   40.498261   1.617496
  32   24    1.864458   3.283953   32.682415  10.770437
  32   25    1.763582   3.249435   32.746737  10.271990
  32   26    1.668649   3.221807    6.458021  15.541556
  32   27    1.541653   3.268358    6.876257  19.611902
  32   28    1.496861   3.227638   19.487011  27.380208
  32   29    1.373358   3.262488    1.839604  26.618404
  32   30    1.283737   3.254292   32.718415  23.275336
  32   31    1.125118   3.201585   18.301561  38.213457
  32   32    1.089721   3.225034   36.479572   4.449749
  32   33    0.973399   3.266596    5.555712   2.159851
  32   34    0.877490   3.284400   40.593175  20.226098
  32   35    0.793687   3.237764   31.001698  18.159789
  32   36    0.625968   3.275467   28.481175  14.125719
  32   37    0.596392   3.251675   27.701753  19.988222
  32   38    0.422255   3.210138   16.262613  32.352917
  32   39    0.396037   3.280817    9.324346  22.192404
  32   40    0.213093   3.201911   22.266532  30.637593
  32   41    0.127361   3.212377    6.821876   3.834489
  32   42    0.085718   3.299020   28.045171  27.479432
  33    0    4.246078   3.341764   17.478406  36.949281
  33    1    4.182947   3.389945   18.886712  40.157171
  33    2    4.073024   3.350752    4.502467  38.834578
  33    3    3.939330   3.352986    9.990902  24.436792
  33    4    3.858302   3.310159    4.129070  14.986844
  33    5    3.753994   3.386930   33.884949  39.732785
  33    6    3.656785   3.332589    7.234070  23.440269
  33    7    3.591469   3.390780   25.321148  38.546943
  33    8    3.417938   3.302087    3.753146  11.462591
  33    9    3.324367   3.357140   31.811747  32.329473
  33   10    3.201455   3.324409   10.736679  32.006358
  33   11    3.101222   3.305996    1.120649  35.477494
  33   12    3.035522   3.374142    8.660887  20.009615
  33   13    2.939080   3.313528   31.445564  15.006350
  33   14    2.836827   3.363060    5.654663  17.585347
  33   15    2.703636   3.383991   15.688356  35.499413
  33   16    2.610501   3.317866   15.590569   2.334264
  33   17    2.549775   3.371832   28.125309   7.262444
  33   18    2.444208   3.334856   13.527568  14.460894
  33   19    2.352284   3.385870   29.953180  40.178809
  33   20    2.203466   3.374086   40.782078  16.068200
  33   21    2.160341   3.397742   29.600904  16.582235
  33   22    2.025008   3.366228   11.943046   9.951292
  33   23    1.960037   3.332745    4.360926  23.534043
  33   24    1.891638   3.331614   27.435752  35.406104
  33   25    1.726785   3.342801   31.808162   8.212151
  33   26    1.655519   3.352829   37.778168  25.014209
  33   27    1.593866   3.348472   32.638680  39.689424
  33   28    1.457203   3.399748   19.462719  29.060274
  33   29    1.354694   3.389780   10.974237  36.199274
  33   30    1.264965   3.379054    7.435363  33.183955
  33   31    1.154559   3.344071   13.842881  29.056731
  33   32    1.033114   3.369042   25.433000  30.063362
  33   33    0.912663   3.353193   18.459884  22.723497
  33   34    0.848957   3.304918    2.979233  37.372511
  33   35    0.747202   3.352026   34.097333  35.075828
  33   36    0.605969   3.399792    6.627607  21.950517
  33   37    0.555047   3.305682   34.744784   2.754397
  33   38    0.405445   3.322262   23.080501  34.065585
  33   39    0.323283   3.343678   39.427412  33.545597
  33   40    0.250569   3.302689   33.100898  35.852161
  33   41    0.122384   3.325965    8.962197  21.064057
  33   42    0.055286   3.307221    7.673340   4.444934
  34    0    4.250282   3.487898   31.096713  26.576466
  34    1    4.145773   3.401094   21.659436  23.028669
  34    2    4.062862   3.489049   40.389166  38.627098
  34    3    3.984532   3.420918   35.232324   1.968202
  34    4    3.839604   3.434267   24.852387  23.195758
  34    5    3.796248   3.489393   39.663604  37.378185
  34    6    3.693183   3.444411   28.298549  15.439168
  34    7    3.520555   3.435337    1.575262  15.937537
  34    8    3.438713   3.428942   25.485426  18.637133
  34    9    3.359737   3.426873    8.558218  32.448837
  34   10    3.292188   3.452858    6.579112  26.785141
  34   11    3.129105   3.486324   19.098160  20.588214
  34   12    3.068328   3.496427   38.112126  14.345353
  34   13    2.954447   3.431586   11.038402  27.486601
  34   14    2.895589   3.477758   29.529941  39.988267
  34   15    2.794426   3.480674   25.348567  29.228544
  34   16    2.660550   3.445443   27.583007  10.727633
  34   17    2.596166   3.463647   15.756959   7.050050
  34   18    2.435191   3.451352    5.235417  28.671532
  34   19    2.319531   3.409251   19.843538  22.962287
  34   20    2.228753   3.482107   27.425414  34.682821
  34   21    2.189714   3.412415    3.479500   8.723253
  34   22    2.040937   3.461850    2.927011  31.562476
  34   23    1.958737   3.443097   38.038490  33.524843
  34   24    1.875131   3.438621    9.726060  33.939668
  34   25    1.774357   3.427022    8.593580  23.458068
  34   26    1.699158   3.432009   10.738143  12.872721
  34   27    1.569596   3.414490   21.353174  29.764463
  34   28    1.416736   3.450668   17.359768  40.235421
  34   29    1.397763   3.454693   39.878078  23.077081
  34   30    1.235372   3.484904   10.258360  31.283445
  34   31    1.146295   3.409891   32.161037  27.299724
  34   32    1.085880   3.441726   29.970648  13.366001
  34   33    0.968141   3.476308   14.439094  39.468436
  34   34    0.864995   3.417587    4.293077  34.568076
  34   35    0.771668   3.426741   32.648205  10.884531
  34   36    0.635749   3.497506    5.111961  28.139014
  34   37    0.509143   3.453677    8.718587  30.003811
  34   38    0.430333   3.428344    4.235135   6.883434
  34   39    0.399906   3.471066   16.448350  29.011878
  34   40    0.257103   3.438701   25.950939  36.260845
  34   41    0.117161   3.427957   20.482028  33.710793
  34   42    0.017198   3.468249   33.454431   5.760587
  35    0    4.257091   3.597824   11.959681  30.287643
  35    1    4.186909   3.525267   16.944781   5.189082
  35    2    4.095622   3.533680    5.691299  12.730886
  35    3    3.919523   3.512717   13.111857  35.826656
  35    4    3.821644   3.520980    6.250318  21.105639
  35    5    3.764768   3.550429   18.894099   5.981522
  35    6    3.615879   3.517840    4.169098  23.594428
  35    7    3.595322   3.573766    6.803806  36.288834
  35    8    3.421822   3.545219    8.458295  14.155189
  35    9    3.368004   3.507623   24.780054  32.173010
  35   10    3.229323   3.578498   17.961103  12.843642
  35   11    3.132364   3.598683   30.443503  29.211860
  35   12    3.062345   3.596295    1.592437   7.292477
  35   13    2.931264   3.538561   27.791432  21.711359
  35   14    2.830322   3.562343   36.302131  21.535086
  35   15    2.716920   3.525800    3.785389   5.620198
  35   16    2.667292   3.551933   21.640372   2.306908
  35   17    2.531494   3.595643   22.947911   3.983604
  35   18    2.444582   3.585681   11.092558  33.152746
  35   19    2.373933   3.593086   29.998834  16.456175
  35   20    2.201342   3.500260   12.889920   3.113746
  35   21    2.194150   3.576910   33.725773  23.963838
  35   22    2.092564   3.568293   36.791241  29.463025
  35   23    1.921980   3.520257   39.697410  25.425324
  35   24    1.806509   3.577703   38.370108  22.904264
  35   25    1.751501   3.516729    5.092303  25.513874
  35   26    1.652545   3.594619   38.631189  28.842874
  35   27    1.561386   3.510102    5.829979  10.760191
  35   28    1.466434   3.563322   34.318065  19.784674
  35   29    1.358886   3.540439   14.355133   5.867999
  35   30    1.222938   3.541719    3.064249  11.612323
  35   31    1.188836   3.539733   25.839850  12.933835
  35   32    1.085392   3.531515   27.578051  10.435063
  35   33    0.949783   3.516136   21.232773   3.333052
  35   34    0.858497   3.538467   34.341034   6.902646
  35   35    0.706866   3.537464   17.498258  35.354302
  35   36    0.644085   3.590063   24.838857  21.319611
  35   37    0.585549   3.561815   28.552589  10.235089
  35   38    0.429983   3.545429   11.132363  25.591433
  35   39    0.371569   3.566020   24.818394  35.071293
  35   40    0.269344   3.555458   32.615841  26.979320
  35   41    0.130692   3.591070   14.982468  33.143875
  35   42    0.031933   3.569885   27.098449  13.835801
  36    0    4.296893   3.657769   20.456270  10.526294
  36    1    4.129863   3.642470   36.883837  34.938519
  36    2    4.059532   3.605546   11.202428  12.406464
  36    3    3.938127   3.655427    9.312097  11.734993
  36    4    3.808887   3.672706   21.004636   3.377413
  36    5    3.745047   3.669909   21.267197   6.756382
  36    6    3.675116   3.667362   20.922412   3.021104
  36    7    3.579353   3.610621   38.442151  31.653636
  36    8    3.418242   3.674857   21.586219   1.430177
  36    9    3.369110   3.609529   32.693209  34.754720
  36   10    3.296232   3.609695   18.152537  28.882733
  36   11    3.193105   3.666149   24.603446  20.736880
  36   12    3.054501   3.647844   26.152532  19.705527
  36   13    2.987510   3.630038   33.415149   3.953292
  36   14    2.843405   3.668726   22.132019  32.431301
  36   15    2.769796   3.674912    2.779518   2.148686
  36   16    2.680298   3.695275   19.894493   6.676281
  36   17    2.537848   3.613150    8.311203  18.743886
  36   18    2.429711   3.645174   21.323051  31.734170
  36   19    2.395111   3.694533    1.724310  19.564515
  36   20    2.278969   3.696702   20.171111  32.703294
  36   21    2.142333   3.643650    6.365529   3.834415
  36   22    2.037283   3.628585    7.875865   7.033857
  36   23    1.963110   3.616716   10.249141  39.449651
  36   24    1.883909   3.614813   32.362496  27.702586
  36   25    1.713916   3.600415    5.237686  18.994288
  36   26    1.635360   3.642614   33.971240   8.792352
  36   27    1.509680   3.632916   14.801169  15.654425
  36   28    1.493036   3.674590   27.053425  25.074666
  36   29    1.373219   3.600345   17.826704  37.132300
  36   30    1.270744   3.694482   11.446701  29.263266
  36   31    1.190956   3.650772   12.239618  10.857582
  36   32    1.086706   3.660120   24.953729  38.927318
  36   33    0.988347   3.672160   29.736023  25.238286
  36   34    0.836526   3.636814   26.112654  29.623068
  36   35    0.706313   3.600755   31.716003  39.389044
  36   36    0.642457   3.699767   25.961753  31.623098
  36   37    0.524714   3.662016    6.545566  17.719804
  36   38    0.499930   3.675072   28.164724   4.692648
  36   39    0.340543   3.697488    9.564608  25.963313
  36   40    0.214924   3.635405    8.777119  38.682779
  36   41    0.166974   3.697886   19.797189   1.665076
  36   42    0.045143   3.678768   10.098517  17.280465
  37    0    4.274825   3.745184   11.109472   4.854774
  37    1    4.124300   3.796425   37.469063   8.076013
  37    2    4.050180   3.764671   30.599763   3.563460
  37    3    3.961994   3.779683   33.533093  24.178528
  37    4    3.891098   3.701662   23.294126  14.046140
  37    5    3.771694   3.724203    1.406595  40.930441
  37    6    3.612273   3.766988   39.760130  17.014682
  37    7    3.586329   3.765269   36.349365   5.842452
  37    8    3.469440   3.740390   32.040334  28.881290
  37    9    3.374739   3.717750    4.956710  10.690516
  37   10    3.255009   3.781581    3.346191  20.958095
  37   11    3.172953   3.700463    1.549697   1.786859
  37   12    3.053077   3.775017   28.242092   9.753754
  37   13    2.991828   3.796229   33.356928  27.757281
  37   14    2.875442   3.726324    2.588373  27.953202
  37   15    2.756987   3.736095   39.244944  23.727346
  37   16    2.630612   3.735824   36.301123  28.362093
  37   17    2.578322   3.799062   11.168394  26.640352
  37   18    2.405062   3.797758    7.025726  32.042701
  37   19    2.334517   3.787103   23.175174  28.500298
  37   20    2.260102   3.712583   29.110132   7.063422
  37   21    2.193087   3.769309   19.715800   2.653367
  37   22    2.068709   3.754108   19.802891  15.729300
  37   23    1.968372   3.788765   33.170349  22.791775
  37   24    1.834579   3.703238    3.390068  15.856324
  37   25    1.748738   3.791037    9.920365  35.184125
  37   26    1.650354   3.745763    4.024212  25.597551
  37   27    1.599909   3.764133   24.957176  21.706733
  37   28    1.463634   3.732894   19.287626   1.524420
  37   29    1.373927   3.776383   36.932141   4.570702
  37   30    1.227881   3.720127   39.071211  16.111952
  37   31    1.122654   3.760886   38.718418  33.209829
  37   32    1.020661   3.732547   18.139272  33.471816
  37   33    0.931053   3.722999   12.967878  39.614756
  37   34    0.813959   3.752840    5.789700  11.122571
  37   35    0.748663   3.740806   27.810886  10.469056
  37   36    0.680387   3.792016    2.308006  40.781713
  37   37    0.507738   3.787597   24.760708  22.763305
  37   38    0.415122   3.782289   29.452774  22.609440
  37   39    0.373461   3.730065   39.048375   4.133459
  37   40    0.246281   3.726527   10.999135  25.029399
  37   41    0.175442   3.746295   32.027898   9.990198
  37   42    0.096166   3.749378   39.405928  16.196960
  38    0    4.220414   3.863551    5.955791  36.576188
  38    1    4.142466   3.821406   15.961304  23.380889
  38    2    4.083564   3.837460   13.362913  32.408554
  38    3    3.911970   3.869504   14.300553  22.969594
  38    4    3.820407   3.881406   26.400720  30.134128
  38    5    3.719729   3.844331   30.979024  26.508461
  38    6    3.632398   3.807753   35.958054  36.645399
  38    7    3.543855   3.888701   11.822064  27.120056
  38    8    3.457666   3.861009    6.008692  11.375359
  38    9    3.300251   3.839596   19.062955  25.854336
  38   10    3.243303   3.807090   15.563905  11.009770
  38   11    3.152583   3.800886   11.818905  28.961290
  38   12    3.087605   3.892584   38.768376  23.425709
  38   13    2.960656   3.843842   31.244199  14.773752
  38   14    2.819431   3.803206   23.091848  34.485516
  38   15    2.735113   3.828188   11.738687  12.833456
  38   16    2.607546   3.831647   26.232978  28.385627
  38   17    2.528001   3.887706   20.878841  18.088681
  38   18    2.465399   3.811535    4.265899  35.580060
  38   19    2.347222   3.891285   23.277692  39.437190
  38   20    2.236166   3.886497    6.724076  11.868641
  38   21    2.138300   3.872847   27.368991  34.583442
  38   22    2.009243   3.861106   28.730104  18.060373
  38   23    1.929089   3.821721   29.150027  12.124386
  38   24    1.832547   3.823947   35.944141  31.692657
  38   25    1.782208   3.838788   33.206591  26.973463
  38   26    1.645016   3.842164   35.017756  40.607398
  38   27    1.545973   3.893149    8.882634  36.677740
  38   28    1.460674   3.801499   30.404011   2.755325
  38   29    1.337457   3.859047    8.246217  23.878426
  38   30    1.289401   3.806207    7.788678   7.420182
  38   31    1.131073   3.873456   32.542449  24.110322
  38   32    1.080247   3.859176   35.071543  20.124748
  38   33    0.962675   3.830992   25.113134   8.331071
  38   34    0.820690   3.814153   13.740816  16.800968
  38   35    0.792694   3.824714   31.301926  36.016410
  38   36    0.619661   3.829202   26.647719  32.376773
  38   37    0.502173   3.848886   19.652862  37.352882
  38   38    0.443481   3.853336   12.602410  24.752496
  38   39    0.322820   3.802929   23.749193   2.004853
  38   40    0.262020   3.846735   13.876434   7.210105
  38   41    0.126331   3.874565   20.328491   7.127925
  38   42    0.097473   3.869032    9.610972  30.618752
  39    0    4.219206   3.934519   26.849096   8.746192
  39    1    4.150046   3.969867    6.294229  21.370513
  39    2    4.007178   3.945214   40.472000   8.306077
  39    3    3.903699   3.981228    5.885333   1.800433
  39    4    3.808101   3.971490   10.461355  10.164809
  39    5    3.790727   3.942080   32.826219  36.915364
  39    6    3.603781   3.982679   37.295829  25.966904
  39    7    3.516562   3.982320   13.097007   4.576364
  39    8    3.429708   3.952254   24.322117  18.307342
  39    9    3.315582   3.955368    1.634454  15.849737
  39   10    3.207053   3.993781   31.570964  28.775424
  39   11    3.125038   3.936458    8.847123  18.062127
  39   12    3.023492   3.920055   36.395126   4.418621
  39   13    2.927392   3.997230    2.624979  35.165372
  39   14    2.868590   3.976081   11.877759  21.861030
  39   15    2.721404   3.926236   39.155170  38.337142
  39   16    2.625440   3.975931   31.498772  29.756374
  39   17    2.539262   3.989733   24.019832  34.313701
  39   18    2.413134   3.968548   17.335777   7.950789
  39   19    2.330842   3.917431    4.465808   9.771453
  39   20    2.264395   3.968200    9.115279  15.675948
  39   21    2.186864   3.953848   24.400233  37.144209
  39   22    2.009301   3.911579    2.718880  11.288401
  39   23    1.970293   3.937487   35.580004  10.583482
  39   24    1.819563   3.945387    9.288260  12.516305
  39   25    1.769733   3.957267   31.627219  20.339376
  39   26    1.648144   3.905838   19.861820   8.870045
  39   27    1.579906   3.988465   15.916721   9.659978
  39   28    1.476298   3.924575   25.514906  36.818539
  39   29    1.352463   3.928898   30.045961  10.377461
  39   30    1.254191   3.984348   19.264587  23.528370
  39   31    1.145450   3.940135   16.511433   1.669430
  39   32    1.092291   3.952114   33.539058  36.408150
  39   33    0.931676   3.948248    7.380033   1.054349
  39   34    0.828562   3.937309   25.800760   3.395882
  39   35    0.705048   3.973945   20.157706  17.500184
  39   36    0.661260   3.958647   14.951401  32.872358
  39   37    0.549608   3.942886   22.721866  13.595751
  39   38    0.498753   3.954074   12.436112   2.278978
  39   39    0.308585   3.973542    1.098087  37.054519
  39   40    0.236247   3.935414   24.503037  20.963665
  39   41    0.110184   3.952206    7.025646  31.390971
  39   42    0.024732   3.971757    5.863719  25.473865
  40    0    4.273163   4.082560   36.670572   1.429926
  40    1    4.149645   4.083771   40.038698  14.460951
  40    2    4.028433   4.040674   17.508898  31.379512
  40    3    3.985920   4.044913    7.961824  35.555636
  40    4    3.852945   4.075391   17.316881  11.518851
  40    5    3.742053   4.014890   23.955819  38.019338
  40    6    3.619112   4.068778   37.369024  24.121761
  40    7    3.548699   4.075745    6.980702  22.671734
  40    8    3.416765   4.011611   11.358801  10.058142
  40    9    3.387073   4.001592   35.095759  34.540065
  40   10    3.205383   4.054875   22.221017  24.585010
  40   11    3.189023   4.069293    2.364782  13.871056
  40   12    3.001846   4.069793   30.948849  14.159446
  40   13    2.974159   4.009256   39.973389  27.591640
  40   14    2.803423   4.086140   24.662626   5.676053
  40   15    2.719781   4.003061   17.116271  25.999966
  40   16    2.687007   4.081402   35.601499  15.351824
  40   17    2.586620   4.057772    2.251310   8.413515
  40   18    2.413801   4.061825   38.373211  16.551623
  40   19    2.347478   4.025531    1.606531  16.696433
  40   20    2.203690   4.010460   19.711223  34.167818
  40   21    2.186904   4.091479   39.364956  27.033515
  40   22    2.025510   4.077021   13.152538  17.737900
  40   23    1.957881   4.023010   22.741464  18.013581
  40   24    1.878195   4.049712   40.463604  26.304224
  40   25    1.796246   4.059047    5.204823  17.030307
  40   26    1.613490   4.080136   22.305765  35.090363
  40   27    1.505212   4.019287   22.387148   7.203875
  40   28    1.473464   4.028966   12.545761  27.388823
  40   29    1.330815   4.030254   27.762069  13.472123
  40   30    1.285508   4.062288   13.780872   4.625218
  40   31    1.154521   4.097522   38.961975  39.195198
  40   32    1.073778   4.056337   26.062340  13.384319
  40   33    0.931455   4.001612   20.643758  33.563007
  40   34    0.809268   4.061818   26.464778  10.253656
  40   35    0.701823   4.058843   36.101546  15.290087
  40   36    0.630729   4.038079   34.063328   3.660738
  40   37    0.599131   4.067796   37.363970  19.527836
  40   38    0.425585   4.092118    3.044406  26.450196
  40   39    0.371628   4.057097   12.302572  32.619342
  40   40    0.263825   4.047718    6.089922  23.767525
  40   41    0.123194   4.060830   27.317046  13.267355
  40   42    0.028505   4.025993   20.838931   7.886363
