   0    0    0.096675   0.093677   30.978097  32.152380
   1    0    0.021623   0.153992   10.453069  33.338455
   2    0    0.048841   0.242392    9.499866   4.001922
   3    0    0.027339   0.359136   27.112725   3.813366
   4    0    0.001333   0.446807    5.445398  22.132947
   5    0    0.058853   0.516222   25.869434  20.765256
   6    0    0.052633   0.610183   37.920767  14.468913
   7    0    0.030701   0.730117   40.220930  19.641174
   8    0    0.086232   0.801524   24.478395  26.903774
   9    0    0.067633   0.980801    4.837813   3.946844
  10    0    0.093776   1.052005   30.814324  13.013453
  11    0    0.044841   1.141219    9.115666  38.023268
