   0    0    0.150123   0.067521   19.161716  26.984472
   0    1    0.059456   0.003532   19.091776  32.865891
   1    0    0.126879   0.132908   34.347008  39.065644
   1    1    0.089662   0.114792   19.270504  19.814750
   2    0    0.195586   0.255903   31.077395  11.717516
   2    1    0.040591   0.262357   29.907272  27.414601
   3    0    0.109564   0.312519   13.171170  29.032064
   3    1    0.051433   0.307206   25.779417  24.336676
   4    0    0.191886   0.404399   19.855866  33.823713
   4    1    0.018438   0.472276   28.706280   7.594083
