   0    0    0.103571   0.041366    7.345334  21.816564
   0    1    0.097289   0.053071   27.730482  32.393327
   1    0    0.104917   0.123424   19.194149  34.129366
   1    1    0.051985   0.170448   11.428283  35.816134
   2    0    0.189839   0.264999   16.709391   1.302085
   2    1    0.022330   0.208492   33.945111  34.063947
   3    0    0.166496   0.314855   28.421574   3.595215
   3    1    0.072165   0.384296   11.337904  29.032177
   4    0    0.197541   0.407274   15.233337  40.743652
   4    1    0.069242   0.463751   12.574746  11.241321
   5    0    0.159200   0.528798   40.741726   4.793169
   5    1    0.036396   0.574702    3.711988  25.738557
   6    0    0.158634   0.680976   15.825639  27.030093
   6    1    0.004494   0.656492   33.632079  14.410060
   7    0    0.115123   0.717048   16.161786   2.438034
   7    1    0.062542   0.792028   10.806216   4.016773
   8    0    0.139474   0.895861   40.746542  15.935805
   8    1    0.015034   0.854194   30.584983  13.211689
   9    0    0.121680   0.927235   40.165152  11.721007
   9    1    0.068287   0.999665   13.809222  11.992024
  10    0    0.159459   1.079601   15.263810  40.364044
  10    1    0.075970   1.060104   10.072431  23.484942
  11    0    0.129725   1.182941   10.044181  27.867667
  11    1    0.079423   1.113212   22.755048  10.660854
  12    0    0.121330   1.287869   17.014028  36.727432
  12    1    0.080610   1.264277   27.990048  19.513571
  13    0    0.110634   1.335184   18.891621  31.098802
  13    1    0.084659   1.332609   26.008346  35.441943
  14    0    0.171496   1.449271    7.475727  16.496908
  14    1    0.044949   1.416664   40.851535  31.012923
  15    0    0.168212   1.593470    8.656984  19.025308
  15    1    0.036569   1.506669   13.228594  20.981283
