   0    0    0.257019   0.015210   35.528953  16.648657
   0    1    0.135122   0.002611   36.369188  31.920763
   0    2    0.082956   0.013940    4.041291  29.193088
   1    0    0.214308   0.126104    3.586062  11.817518
   1    1    0.184092   0.174096    2.341388  30.886655
   1    2    0.004069   0.154627   37.982949  40.713292
   2    0    0.223428   0.217191    3.671977  18.158366
   2    1    0.192897   0.261386   36.896391  33.727679
   2    2    0.003195   0.210149   10.610808   7.663592
   3    0    0.220047   0.355226   36.443213  14.888560
   3    1    0.141913   0.317195   25.705427  40.683027
   3    2    0.032173   0.341444    1.010149  39.596202
   4    0    0.284707   0.472760    6.373122  11.614878
   4    1    0.116755   0.443987   24.304173  23.498071
   4    2    0.052479   0.453325    2.729386   3.994084
   5    0    0.207661   0.535176   11.427646   7.087105
   5    1    0.164266   0.591489   26.422266  18.292743
   5    2    0.072980   0.504776    1.481458  29.281496
   6    0    0.242879   0.606494   39.214071  32.826191
   6    1    0.106814   0.601463   11.488396  23.439358
   6    2    0.036409   0.622019   21.965946  12.409525
   7    0    0.255282   0.796681   34.968045  25.706962
   7    1    0.157662   0.704271   27.844903   8.979636
   7    2    0.012303   0.753346   12.283569  18.294524
   8    0    0.259875   0.881233   37.986938   4.218176
   8    1    0.123024   0.830052    4.919812  39.218865
   8    2    0.030256   0.897361    3.513947  26.281160
   9    0    0.231824   0.915162   12.141196  15.247551
   9    1    0.192936   0.917153   34.716214  11.061220
   9    2    0.007870   0.964588   26.016963  36.224451
  10    0    0.269883   1.015664    6.376282  32.978870
  10    1    0.174048   1.012072   29.590383   6.651954
  10    2    0.052102   1.084417    7.624128  21.119413
  11    0    0.254835   1.131427   23.007587  24.350409
  11    1    0.184153   1.137100   35.377566  23.602466
  11    2    0.045314   1.156459   13.710774   6.210641
  12    0    0.262573   1.221008   32.335922   6.391369
  12    1    0.187020   1.206205   29.339589   7.500746
  12    2    0.093210   1.227424    3.659042  32.320070
  13    0    0.216677   1.320623    5.773519   3.883640
  13    1    0.143798   1.346943   30.877793  21.935389
  13    2    0.031131   1.385014   27.787257  24.247176
  14    0    0.266285   1.434207   17.246239  29.822869
  14    1    0.185920   1.410249   16.079995  37.643961
  14    2    0.048479   1.430610   25.659785  38.404744
