   0    0    3.510467   0.089055   23.712571  11.480749
   0    1    3.472956   0.052150    5.007894  31.448198
   0    2    3.360994   0.004457   28.888433  24.256811
   0    3    3.276631   0.081760   35.743841  27.818902
   0    4    3.178345   0.083192   27.973385  20.471224
   0    5    3.085808   0.000762    2.020788   7.362637
   0    6    2.980359   0.019528   18.922381  32.721517
   0    7    2.813629   0.038476   22.454878  38.423180
   0    8    2.708850   0.013024    5.988280  14.583531
   0    9    2.670851   0.046701   20.311679  18.535798
   0   10    2.524625   0.005591   10.669128  36.572885
   0   11    2.427951   0.008186   38.308310  13.453846
   0   12    2.310781   0.064544   36.920605  36.199663
   0   13    2.229015   0.031482   14.976267  32.586082
   0   14    2.189835   0.089602   29.296987   5.550135
   0   15    2.052781   0.078324   12.049077  10.157437
   0   16    1.989058   0.087118   12.097991  20.649681
   0   17    1.830927   0.055357   12.377933   5.351302
   0   18    1.764078   0.085754   38.262989  13.931376
   0   19    1.645342   0.003261    9.167570  34.886692
   0   20    1.513358   0.064436   28.668082  24.455005
   0   21    1.434593   0.033258   19.863659  27.928981
   0   22    1.385598   0.025602    5.645625  30.091604
   0   23    1.245183   0.093481    1.812089  25.928194
   0   24    1.198421   0.074597   18.959847  11.708921
   0   25    1.065438   0.095828   21.849575  18.924160
   0   26    0.949878   0.059539   28.136273  21.463518
   0   27    0.878988   0.097715   38.274045  35.053160
   0   28    0.714376   0.085036   21.956700   5.625532
   0   29    0.670791   0.012512   11.182392   1.435978
   0   30    0.571554   0.037858    4.095581   6.932431
   0   31    0.411527   0.017475    5.952172  32.322624
   0   32    0.320453   0.053009   33.287686  22.288428
   0   33    0.235945   0.038650   14.682949  14.314270
   0   34    0.182007   0.004574   37.081021  18.696501
   0   35    0.017344   0.018445   31.701993   8.678266
   1    0    3.590430   0.127322   20.142987  13.630305
   1    1    3.423888   0.113530    1.778158  37.217437
   1    2    3.318517   0.162239    1.251904  25.623555
   1    3    3.222811   0.128180   13.476786  20.850131
   1    4    3.173192   0.172014   17.519994  16.674795
   1    5    3.075821   0.161353   15.127561  39.002837
   1    6    2.935804   0.190926   30.058074  40.135740
   1    7    2.843136   0.134573   27.166307  33.112499
   1    8    2.706739   0.157704   32.206190  36.071751
   1    9    2.684568   0.172053   32.150774  28.980939
   1   10    2.545851   0.129603   19.618547  40.653251
   1   11    2.413956   0.124534    2.539518  20.419148
   1   12    2.379021   0.191291   10.905110  36.957244
   1   13    2.227992   0.163954   36.362063  40.564502
   1   14    2.166841   0.153093    8.196345  31.628404
   1   15    2.092101   0.127338   32.197565   7.449256
   1   16    1.903956   0.179720   18.911607  35.169505
   1   17    1.824525   0.155176   27.418289  26.844023
   1   18    1.737085   0.102822   23.175763  13.201276
   1   19    1.675162   0.152098    7.443260   8.095205
   1   20    1.555973   0.148521   25.742687   1.852090
   1   21    1.447914   0.195781   28.786493  17.620704
   1   22    1.324788   0.154567   36.948335   2.508190
   1   23    1.264454   0.133809    4.973324  39.923522
   1   24    1.181471   0.160807   24.130166  29.475490
   1   25    1.013308   0.137587    1.937350  17.428184
   1   26    0.939525   0.131390    3.113741  18.674273
   1   27    0.870996   0.127430   18.299625  38.140225
   1   28    0.780520   0.107452   18.781388  16.308453
   1   29    0.621779   0.143618   25.970759  14.074302
   1   30    0.526267   0.194981   34.401899  33.521350
   1   31    0.439102   0.114433   37.805675  23.591801
   1   32    0.327189   0.164149   31.314259  16.370262
   1   33    0.225397   0.164132   31.579809  37.234115
   1   34    0.197843   0.173602   33.722505  20.022420
   1   35    0.037216   0.111300   13.344628   9.333089
