   0    0    0.563915   0.062899  100.000000 100.000000
   0    1    0.454199   0.089211  100.000000   2.580825
   0    2    0.332746   0.007051    4.048384 100.000000
   0    3    0.207712   0.031513    2.131974 100.000000
   0    4    0.153103   0.012647  100.000000 100.000000
   0    5    0.078136   0.082932  100.000000 100.000000
   1    0    0.534361   0.115566  100.000000   1.264835
   1    1    0.447042   0.185496  100.000000   1.045719
   1    2    0.321343   0.178344  100.000000 100.000000
   1    3    0.225072   0.186516    4.288936   5.699404
   1    4    0.198315   0.163145    3.816372   3.473056
   1    5    0.084735   0.158724  100.000000 100.000000
   2    0    0.569431   0.272809  100.000000 100.000000
   2    1    0.444983   0.202099  100.000000 100.000000
   2    2    0.394061   0.255686    3.552638   5.137307
   2    3    0.285278   0.265014    5.538988 100.000000
   2    4    0.183869   0.205059  100.000000 100.000000
   2    5    0.027122   0.209693  100.000000   5.296277
   3    0    0.543884   0.325509    5.304779 100.000000
   3    1    0.466384   0.375852    5.070233 100.000000
   3    2    0.332039   0.397332  100.000000 100.000000
   3    3    0.260885   0.392149    4.080181   5.703682
   3    4    0.165353   0.330499  100.000000 100.000000
   3    5    0.047082   0.320493    5.898730   5.013426
   4    0    0.550285   0.466288    4.021771   1.705938
   4    1    0.446715   0.442483    2.338790 100.000000
   4    2    0.378399   0.444878    3.807180 100.000000
   4    3    0.254128   0.413396  100.000000 100.000000
   4    4    0.174635   0.420138    4.602384   2.598817
   4    5    0.082625   0.449673    1.531290 100.000000
   5    0    0.579144   0.533042    4.241766 100.000000
   5    1    0.402946   0.594612  100.000000 100.000000
   5    2    0.373964   0.571055    2.786838   5.602078
   5    3    0.296330   0.531896    5.870680 100.000000
   5    4    0.152355   0.504675    2.181076 100.000000
   5    5    0.018153   0.599647    3.944876   4.447630
   6    0    0.546693   0.669697  100.000000   5.239915
   6    1    0.475476   0.611344  100.000000 100.000000
   6    2    0.329016   0.685436    5.153179 100.000000
   6    3    0.209632   0.689103    1.401060 100.000000
   6    4    0.166400   0.674450    4.487195 100.000000
   6    5    0.057631   0.684482    5.558525 100.000000
   7    0    0.589419   0.705037    3.514461 100.000000
   7    1    0.475117   0.726853  100.000000 100.000000
   7    2    0.379824   0.704888    2.909480   3.390029
   7    3    0.244289   0.775748  100.000000   1.264137
   7    4    0.144727   0.776357    5.837536 100.000000
   7    5    0.041176   0.744164  100.000000   2.071355
   8    0    0.567126   0.881877  100.000000   4.598516
   8    1    0.489286   0.832140  100.000000   1.515182
   8    2    0.376869   0.819510  100.000000 100.000000
   8    3    0.282453   0.873492    5.112332 100.000000
   8    4    0.109984   0.861427    5.791068   4.886040
   8    5    0.092393   0.815994    1.320031   4.811477
   9    0    0.564203   0.939030    2.712193   4.368504
   9    1    0.425422   0.952568  100.000000 100.000000
   9    2    0.310832   0.905625    5.595255   5.959073
   9    3    0.241774   0.915882    4.107365   3.034273
   9    4    0.117247   0.995234    2.322971   4.424478
   9    5    0.080885   0.988222    2.769596 100.000000
  10    0    0.555620   1.051769    5.758466   3.782450
  10    1    0.493962   1.064046    5.376982   1.700188
  10    2    0.349211   1.023449    2.882548   1.394640
  10    3    0.290013   1.035865    2.263800 100.000000
  10    4    0.116953   1.053975  100.000000   1.392165
  10    5    0.079639   1.017489  100.000000 100.000000
  11    0    0.502380   1.143967  100.000000 100.000000
  11    1    0.428311   1.173788    4.898878 100.000000
  11    2    0.349702   1.117569    3.597243   4.707829
  11    3    0.224760   1.124190    4.134084 100.000000
  11    4    0.163639   1.184275    5.633399 100.000000
  11    5    0.028821   1.143578    3.734801   4.507839
  12    0    0.537755   1.235612    4.452065 100.000000
  12    1    0.437308   1.260367    5.554145 100.000000
  12    2    0.342195   1.272966    2.781155 100.000000
  12    3    0.272360   1.260465  100.000000 100.000000
  12    4    0.144841   1.239234    4.466238   4.626210
  12    5    0.080243   1.235207    3.307421 100.000000
  13    0    0.548233   1.303672  100.000000 100.000000
  13    1    0.488560   1.379584  100.000000   1.466675
  13    2    0.316651   1.339153    1.506923   2.797658
  13    3    0.270344   1.369249    1.749067   2.427956
  13    4    0.178817   1.364331  100.000000   4.526584
  13    5    0.027557   1.376182  100.000000   1.716555
  14    0    0.502609   1.401124    2.683716 100.000000
  14    1    0.448662   1.480570  100.000000 100.000000
  14    2    0.382762   1.484312  100.000000 100.000000
  14    3    0.276730   1.491801  100.000000   5.006327
  14    4    0.192159   1.459355  100.000000 100.000000
  14    5    0.063363   1.446954  100.000000 100.000000
  15    0    0.560011   1.512282    4.846864 100.000000
  15    1    0.496898   1.525475  100.000000   5.507718
  15    2    0.331271   1.598114  100.000000 100.000000
  15    3    0.237352   1.562268    3.604078   2.713988
  15    4    0.129070   1.585409  100.000000 100.000000
  15    5    0.031360   1.577052  100.000000   2.070173
  16    0    0.571477   1.622471  100.000000   1.881166
  16    1    0.494381   1.641572    2.012431 100.000000
  16    2    0.384194   1.678786  100.000000 100.000000
  16    3    0.294032   1.666731    5.081708   3.289058
  16    4    0.127573   1.642078    1.369419   2.453016
  16    5    0.067038   1.630173    4.267313   3.969634
  17    0    0.598256   1.735962  100.000000   2.133383
  17    1    0.477924   1.756698    5.068029 100.000000
  17    2    0.392928   1.703340  100.000000   5.717902
  17    3    0.271587   1.739037    4.762152 100.000000
  17    4    0.147969   1.731639    3.054847   5.937334
  17    5    0.093085   1.745402  100.000000 100.000000
  18    0    0.519408   1.834991    5.798750   4.971502
  18    1    0.451700   1.878025    3.977519   2.688633
  18    2    0.309559   1.815472    2.983679 100.000000
  18    3    0.277857   1.851257    4.297844 100.000000
  18    4    0.158789   1.892209    4.532143 100.000000
  18    5    0.065092   1.894726    5.532752   3.457241
  19    0    0.552993   1.990830  100.000000 100.000000
  19    1    0.485700   1.969215    2.046185 100.000000
  19    2    0.347369   1.981021  100.000000 100.000000
  19    3    0.233879   1.901635    4.651087   1.619824
  19    4    0.158038   1.959170  100.000000 100.000000
  19    5    0.035852   1.969922  100.000000 100.000000
  20    0    0.574170   2.036878    4.064699 100.000000
  20    1    0.485530   2.065354  100.000000   1.073290
  20    2    0.308895   2.064632  100.000000 100.000000
  20    3    0.230856   2.076104  100.000000   3.910374
  20    4    0.190919   2.013958    5.939242   3.023777
  20    5    0.054408   2.028734  100.000000   3.936946
  21    0    0.517891   2.109528  100.000000   4.568895
  21    1    0.444745   2.138745  100.000000   3.765470
  21    2    0.354432   2.172309    3.298321   1.810179
  21    3    0.259678   2.130146  100.000000   3.667929
  21    4    0.196755   2.134119  100.000000   4.688480
  21    5    0.027518   2.134208  100.000000 100.000000
  22    0    0.530365   2.231390  100.000000 100.000000
  22    1    0.402133   2.234655    2.645286 100.000000
  22    2    0.377873   2.261163  100.000000   1.156501
  22    3    0.221194   2.246973  100.000000 100.000000
  22    4    0.199318   2.268943  100.000000   3.858390
  22    5    0.035053   2.224827  100.000000   3.117561
  23    0    0.556796   2.398436  100.000000   1.804750
  23    1    0.476885   2.328719    5.230792   1.131109
  23    2    0.367068   2.312376  100.000000   2.707014
  23    3    0.265798   2.300489    2.483229   5.308963
  23    4    0.180975   2.308625    5.239555   1.010173
  23    5    0.049200   2.329673  100.000000 100.000000
  24    0    0.510716   2.487809  100.000000 100.000000
  24    1    0.442369   2.463228  100.000000   5.413150
  24    2    0.321572   2.424643  100.000000   2.621204
  24    3    0.217558   2.449924    3.638633 100.000000
  24    4    0.195584   2.412912    1.273606 100.000000
  24    5    0.083041   2.496823    2.335137   3.695733
  25    0    0.529655   2.576185    3.732211   4.442558
  25    1    0.488862   2.503968    1.253771   4.498433
  25    2    0.333758   2.560766    2.827141   5.086124
  25    3    0.266746   2.555753    1.725134 100.000000
  25    4    0.194203   2.534204  100.000000 100.000000
  25    5    0.023483   2.581333  100.000000 100.000000
  26    0    0.542747   2.656573    2.047224 100.000000
  26    1    0.442240   2.641199  100.000000   2.176187
  26    2    0.374144   2.684242  100.000000   3.891715
  26    3    0.213199   2.640244    2.507315   3.769704
  26    4    0.171237   2.649899  100.000000   4.352395
  26    5    0.079856   2.699460  100.000000 100.000000
  27    0    0.507830   2.711415    4.647036 100.000000
  27    1    0.444230   2.711943    5.259808   3.798060
  27    2    0.315064   2.727520  100.000000 100.000000
  27    3    0.262475   2.759648  100.000000 100.000000
  27    4    0.152726   2.745368    5.471349 100.000000
  27    5    0.077103   2.746336    5.670041 100.000000
  28    0    0.531776   2.816767  100.000000   3.820171
  28    1    0.451287   2.814813  100.000000   3.583097
  28    2    0.392569   2.857170    4.343202 100.000000
  28    3    0.266191   2.892305  100.000000 100.000000
  28    4    0.122717   2.828304  100.000000 100.000000
  28    5    0.062419   2.883512  100.000000 100.000000
  29    0    0.583245   2.934764    2.269115   4.656845
  29    1    0.437571   2.957008  100.000000   1.828339
  29    2    0.369529   2.955528  100.000000 100.000000
  29    3    0.218645   2.964172  100.000000 100.000000
  29    4    0.145219   2.924834    4.693503 100.000000
  29    5    0.055554   2.952605  100.000000   2.893570
  30    0    0.590091   3.087752  100.000000   4.607457
  30    1    0.495377   3.055611    3.020139   1.151425
  30    2    0.346790   3.094124  100.000000   4.269921
  30    3    0.256517   3.087461  100.000000   2.331264
  30    4    0.114698   3.088591  100.000000 100.000000
  30    5    0.035516   3.086940  100.000000 100.000000
