   0    0    1.826242   0.082637    2.837194 100.000000
   0    1    1.714511   0.093957    2.673032   3.561462
   0    2    1.601277   0.093072  100.000000   3.352709
   0    3    1.550847   0.033149  100.000000   5.779672
   0    4    1.478942   0.052120    3.535726 100.000000
   0    5    1.318570   0.017035  100.000000 100.000000
   0    6    1.220159   0.018775    5.467903   3.245371
   0    7    1.131618   0.027540  100.000000   4.381077
   0    8    1.020238   0.000423    1.497543 100.000000
   0    9    0.951889   0.042539    1.546154 100.000000
   0   10    0.893529   0.088301  100.000000 100.000000
   0   11    0.737844   0.003580  100.000000 100.000000
   0   12    0.635379   0.030730  100.000000 100.000000
   0   13    0.508773   0.061358    4.918725   4.045445
   0   14    0.455727   0.088402    2.892718   3.826051
   0   15    0.322397   0.006857  100.000000   3.097670
   0   16    0.267257   0.049272  100.000000 100.000000
   0   17    0.121711   0.006784  100.000000   4.581861
   0   18    0.050327   0.000489    3.926458 100.000000
   1    0    1.875512   0.161325    3.488208   5.452904
   1    1    1.750265   0.127379  100.000000 100.000000
   1    2    1.615839   0.110877    5.194768 100.000000
   1    3    1.511406   0.184385    2.334159 100.000000
   1    4    1.448717   0.127148  100.000000 100.000000
   1    5    1.303665   0.184599  100.000000 100.000000
   1    6    1.271719   0.194189  100.000000   2.255259
   1    7    1.157155   0.190192    1.451850 100.000000
   1    8    1.001280   0.119711    1.091748   5.629209
   1    9    0.933289   0.131534  100.000000 100.000000
   1   10    0.813107   0.167770  100.000000 100.000000
   1   11    0.771819   0.164138    2.956352 100.000000
   1   12    0.668131   0.188594  100.000000 100.000000
   1   13    0.556706   0.169708  100.000000 100.000000
   1   14    0.431215   0.168019    2.107829   1.644201
   1   15    0.363296   0.149404  100.000000   1.701486
   1   16    0.279153   0.157624  100.000000 100.000000
   1   17    0.123259   0.111892    1.537375   3.121533
   1   18    0.076445   0.178068  100.000000   2.436864
   2    0    1.882421   0.235464  100.000000 100.000000
   2    1    1.708720   0.250141  100.000000   1.871685
   2    2    1.623109   0.275534    5.078162   3.987905
   2    3    1.593255   0.252841    3.459077   2.641293
   2    4    1.458558   0.265294  100.000000   2.338422
   2    5    1.334902   0.236190    5.729463   2.334155
   2    6    1.270197   0.222614    3.343053 100.000000
   2    7    1.145328   0.249565  100.000000   2.918921
   2    8    1.060916   0.256349    1.738249   3.597485
   2    9    0.965993   0.292947  100.000000   2.688102
   2   10    0.824067   0.294559  100.000000 100.000000
   2   11    0.761376   0.219085  100.000000   1.124674
   2   12    0.678240   0.274277  100.000000   5.741736
   2   13    0.582830   0.279296  100.000000   1.186770
   2   14    0.440466   0.247346    1.168699 100.000000
   2   15    0.379768   0.248484    2.574893 100.000000
   2   16    0.266832   0.217162    3.702750   4.913032
   2   17    0.132525   0.258570    2.616197 100.000000
   2   18    0.095266   0.229444    2.812708 100.000000
   3    0    1.831019   0.312995    1.866052 100.000000
   3    1    1.786145   0.386350  100.000000   5.303441
   3    2    1.645100   0.365670  100.000000 100.000000
   3    3    1.594415   0.393555    4.745243 100.000000
   3    4    1.434048   0.378434  100.000000   2.545717
   3    5    1.300407   0.379387  100.000000   5.307977
   3    6    1.253048   0.376184  100.000000 100.000000
   3    7    1.156006   0.301184  100.000000 100.000000
   3    8    1.020735   0.358056    3.766324 100.000000
   3    9    0.904662   0.311801  100.000000 100.000000
   3   10    0.861334   0.351729  100.000000 100.000000
   3   11    0.742423   0.362731  100.000000   3.953594
   3   12    0.611161   0.342585  100.000000   4.454802
   3   13    0.581712   0.322525  100.000000 100.000000
   3   14    0.471613   0.355357    5.928114   5.505684
   3   15    0.346956   0.369746  100.000000 100.000000
   3   16    0.288141   0.368898    4.802924   3.952029
   3   17    0.154465   0.329290  100.000000   4.990171
   3   18    0.016947   0.328083    5.763604 100.000000
   4    0    1.810310   0.466707  100.000000 100.000000
   4    1    1.703942   0.463069  100.000000 100.000000
   4    2    1.646432   0.498135    2.926187 100.000000
   4    3    1.537519   0.415361    3.237133 100.000000
   4    4    1.486596   0.481897  100.000000 100.000000
   4    5    1.385409   0.429090  100.000000   4.577987
   4    6    1.207048   0.492665    4.184653 100.000000
   4    7    1.140679   0.414486  100.000000   3.954342
   4    8    1.008749   0.418592    4.946095 100.000000
   4    9    0.911835   0.486832    3.364399 100.000000
   4   10    0.892715   0.483960  100.000000 100.000000
   4   11    0.700372   0.422463  100.000000   5.605716
   4   12    0.619827   0.443674    3.090106 100.000000
   4   13    0.552997   0.491971  100.000000 100.000000
   4   14    0.412502   0.401775    4.285819 100.000000
   4   15    0.391346   0.498293  100.000000 100.000000
   4   16    0.214646   0.416176    3.270283 100.000000
   4   17    0.182359   0.456636    4.668723   1.783512
   4   18    0.050993   0.480709    1.028228   2.504939
   5    0    1.885572   0.594563    1.071340 100.000000
   5    1    1.777446   0.563522    2.672419 100.000000
   5    2    1.637041   0.538593    2.231819 100.000000
   5    3    1.501429   0.552092    1.388734 100.000000
   5    4    1.479683   0.517285    4.241205 100.000000
   5    5    1.356214   0.564185    2.276409 100.000000
   5    6    1.251423   0.550064  100.000000 100.000000
   5    7    1.115129   0.557231    1.109754   2.373883
   5    8    1.015362   0.531185  100.000000 100.000000
   5    9    0.940274   0.542364    1.025344 100.000000
   5   10    0.869630   0.514139    1.198939   1.073909
   5   11    0.733864   0.564371    1.664868 100.000000
   5   12    0.656275   0.585697  100.000000 100.000000
   5   13    0.579262   0.500354  100.000000   3.441496
   5   14    0.433109   0.523779    2.832338 100.000000
   5   15    0.382171   0.581523    5.220872 100.000000
   5   16    0.247111   0.593547    3.293634   1.075795
   5   17    0.181975   0.541910  100.000000   5.757727
   5   18    0.033796   0.560570    1.424880 100.000000
   6    0    1.842559   0.694403    2.712885   3.750310
   6    1    1.777131   0.632070    2.385760 100.000000
   6    2    1.675691   0.660442  100.000000   2.081906
   6    3    1.557340   0.663287    3.014819   2.356653
   6    4    1.476164   0.611118  100.000000 100.000000
   6    5    1.313568   0.690687  100.000000   5.966959
   6    6    1.239645   0.638704    3.681787   4.052315
   6    7    1.129076   0.616320  100.000000 100.000000
   6    8    1.070693   0.661469  100.000000   5.194086
   6    9    0.980846   0.695627    3.093498 100.000000
   6   10    0.862573   0.687645  100.000000 100.000000
   6   11    0.708610   0.671497  100.000000 100.000000
   6   12    0.601118   0.624403    5.550182   2.601490
   6   13    0.522647   0.692600  100.000000 100.000000
   6   14    0.446626   0.673415  100.000000 100.000000
   6   15    0.394846   0.650353    1.683472 100.000000
   6   16    0.273492   0.684645    2.681906 100.000000
   6   17    0.133165   0.630851    3.239189 100.000000
   6   18    0.054705   0.693644  100.000000   4.525528
   7    0    1.894485   0.703204    2.237273 100.000000
   7    1    1.762307   0.784782    3.701110   4.361831
   7    2    1.668311   0.791902  100.000000 100.000000
   7    3    1.551606   0.755919  100.000000 100.000000
   7    4    1.444173   0.792460    5.705011   1.741731
   7    5    1.348291   0.745356  100.000000   1.223697
   7    6    1.226665   0.716701    2.734223 100.000000
   7    7    1.181671   0.780865  100.000000 100.000000
   7    8    1.027246   0.761840  100.000000 100.000000
   7    9    0.949767   0.763386    3.805071   1.733925
   7   10    0.847591   0.728867    3.560295   5.495850
   7   11    0.738300   0.797262    5.451584 100.000000
   7   12    0.606579   0.716280    1.309713   2.357461
   7   13    0.561035   0.747429    3.021369 100.000000
   7   14    0.484634   0.701638    1.760298   4.847299
   7   15    0.328575   0.796567    2.467509   3.916728
   7   16    0.208514   0.707403    1.154394   2.571932
   7   17    0.162823   0.729027  100.000000 100.000000
   7   18    0.079943   0.701739    2.529308 100.000000
   8    0    1.873786   0.867624    5.420196   2.498089
   8    1    1.792005   0.856050    2.607439 100.000000
   8    2    1.661976   0.855499  100.000000 100.000000
   8    3    1.597857   0.890446    4.557425   2.484290
   8    4    1.470202   0.889506  100.000000 100.000000
   8    5    1.356654   0.812537    4.730530 100.000000
   8    6    1.269413   0.895429  100.000000 100.000000
   8    7    1.120856   0.845250  100.000000   5.721771
   8    8    1.047454   0.803308    2.960394   4.249558
   8    9    0.903896   0.892344    2.006915   2.777245
   8   10    0.803674   0.847873  100.000000 100.000000
   8   11    0.705299   0.898390  100.000000   1.924630
   8   12    0.615048   0.844504    1.760026 100.000000
   8   13    0.536420   0.840110  100.000000 100.000000
   8   14    0.495815   0.809591    4.452813 100.000000
   8   15    0.341303   0.879962    5.291352 100.000000
   8   16    0.253253   0.851765    3.569876   4.508999
   8   17    0.197920   0.883012    4.393109 100.000000
   8   18    0.052685   0.886628  100.000000 100.000000
   9    0    1.862360   0.997384    5.348925 100.000000
   9    1    1.717335   0.920926    5.780416 100.000000
   9    2    1.610865   0.937043  100.000000   2.073882
   9    3    1.518718   0.985171  100.000000 100.000000
   9    4    1.410872   0.930133  100.000000   2.878397
   9    5    1.376499   0.944569    4.230473 100.000000
   9    6    1.220239   0.914093  100.000000   4.074393
   9    7    1.103298   0.970657    1.117074 100.000000
   9    8    1.088057   0.924896  100.000000   5.210492
   9    9    0.945891   0.907956    2.494664   4.341376
   9   10    0.890473   0.923678  100.000000 100.000000
   9   11    0.753599   0.991270  100.000000   5.410238
   9   12    0.695985   0.938789  100.000000   4.725583
   9   13    0.502146   0.920894    3.774134   2.055097
   9   14    0.428334   0.997320  100.000000 100.000000
   9   15    0.379113   0.906915    4.869569   3.889961
   9   16    0.212654   0.977805  100.000000   1.804556
   9   17    0.132518   0.903754    5.944114 100.000000
   9   18    0.043597   0.978131  100.000000   5.549237
