   0    0    2.327424   0.029189  100.000000   4.407928
   0    1    2.243925   0.021120  100.000000   1.038439
   0    2    2.163600   0.048728    2.402147   1.244553
   0    3    2.034223   0.038896  100.000000   3.983672
   0    4    1.911473   0.068976  100.000000 100.000000
   0    5    1.854674   0.028774  100.000000   2.326804
   0    6    1.725813   0.021650    4.890087   2.208771
   0    7    1.641894   0.076736  100.000000   2.364635
   0    8    1.526993   0.035067    2.361934 100.000000
   0    9    1.460105   0.018908    4.619252 100.000000
   0   10    1.306034   0.064981  100.000000 100.000000
   0   11    1.201567   0.069999  100.000000 100.000000
   0   12    1.188140   0.007769  100.000000   3.296054
   0   13    1.089832   0.031402    2.828294   2.015646
   0   14    0.976467   0.086024    5.530866 100.000000
   0   15    0.860924   0.008655  100.000000   4.528587
   0   16    0.744206   0.091689  100.000000 100.000000
   0   17    0.668931   0.027473  100.000000   2.693812
   0   18    0.576506   0.019573    2.529637 100.000000
   0   19    0.445311   0.002196    5.147644 100.000000
   0   20    0.384974   0.007321    5.657739   5.630006
   0   21    0.254625   0.089181    2.683748   3.303666
   0   22    0.159824   0.021303    5.434168   4.539808
   0   23    0.009366   0.019483    3.022340 100.000000
   1    0    2.364906   0.170837  100.000000 100.000000
   1    1    2.241216   0.173196    4.099434 100.000000
   1    2    2.192553   0.120725    4.015860   3.900732
   1    3    2.062297   0.124429  100.000000 100.000000
   1    4    1.914132   0.166566  100.000000 100.000000
   1    5    1.804765   0.113419  100.000000   3.313038
   1    6    1.733316   0.182576    1.566752 100.000000
   1    7    1.641213   0.150851    5.448323 100.000000
   1    8    1.594325   0.138625  100.000000   3.055824
   1    9    1.431266   0.175186    5.505424 100.000000
   1   10    1.392454   0.148563  100.000000   3.781926
   1   11    1.281519   0.138987  100.000000   4.509097
   1   12    1.119522   0.135766    1.469294   1.208372
   1   13    1.053392   0.163884    3.430559   4.806027
   1   14    0.992407   0.129148    5.236431 100.000000
   1   15    0.878699   0.140243    3.382871   5.066172
   1   16    0.717519   0.171120  100.000000 100.000000
   1   17    0.609336   0.172302  100.000000   5.001007
   1   18    0.583452   0.164296  100.000000 100.000000
   1   19    0.474948   0.188834  100.000000   4.315622
   1   20    0.356581   0.122984  100.000000   1.582655
   1   21    0.209861   0.107149  100.000000 100.000000
   1   22    0.173950   0.123360    2.876721   3.924039
   1   23    0.043755   0.174539  100.000000   5.802216
   2    0    2.360857   0.227455    1.713902   1.464896
   2    1    2.238961   0.252403    3.286027   4.507962
   2    2    2.152411   0.256620    1.222090 100.000000
   2    3    2.058547   0.258088  100.000000   3.266040
   2    4    1.910849   0.210973    2.642878   3.829756
   2    5    1.843617   0.230539    5.764699 100.000000
   2    6    1.737013   0.242563  100.000000 100.000000
   2    7    1.603089   0.220300    3.663165   5.799667
   2    8    1.516863   0.220203    2.103975   4.027539
   2    9    1.450596   0.201251  100.000000 100.000000
   2   10    1.354994   0.212434  100.000000   2.174335
   2   11    1.262421   0.255522  100.000000 100.000000
   2   12    1.170392   0.281121  100.000000   5.180165
   2   13    1.063512   0.205626    5.657398   5.964548
   2   14    0.938585   0.237813  100.000000   3.812676
   2   15    0.839108   0.200666    5.834206 100.000000
   2   16    0.748268   0.240555  100.000000   2.017018
   2   17    0.631866   0.283097  100.000000 100.000000
   2   18    0.535190   0.205299    1.513821 100.000000
   2   19    0.496478   0.221937    3.720727 100.000000
   2   20    0.383427   0.286277    2.374110 100.000000
   2   21    0.264526   0.272934  100.000000 100.000000
   2   22    0.130273   0.255218    2.462005 100.000000
   2   23    0.005781   0.297421  100.000000   3.396219
   3    0    2.371175   0.322968    1.757527   3.270817
   3    1    2.204202   0.399461  100.000000 100.000000
   3    2    2.102208   0.353269  100.000000 100.000000
   3    3    2.068349   0.380718    4.923033 100.000000
   3    4    1.962189   0.310421  100.000000   2.569354
   3    5    1.882701   0.378813    3.408913   4.315077
   3    6    1.727771   0.391353    4.272648   2.591619
   3    7    1.667109   0.389939    2.719989 100.000000
   3    8    1.520979   0.323074  100.000000 100.000000
   3    9    1.472586   0.390082  100.000000 100.000000
   3   10    1.359285   0.388837  100.000000   5.429759
   3   11    1.213886   0.352481  100.000000 100.000000
   3   12    1.172876   0.354618    3.106353   1.406097
   3   13    1.062402   0.301865  100.000000 100.000000
   3   14    0.901690   0.312733  100.000000   1.151719
   3   15    0.870658   0.337476  100.000000   4.335247
   3   16    0.704013   0.314260    4.251320 100.000000
   3   17    0.645826   0.306362  100.000000   5.188593
   3   18    0.527510   0.331763    1.952927   5.451190
   3   19    0.442905   0.357146  100.000000 100.000000
   3   20    0.344109   0.328627    2.464323   4.075719
   3   21    0.295353   0.366587  100.000000 100.000000
   3   22    0.125822   0.341636  100.000000 100.000000
   3   23    0.042721   0.300134  100.000000   4.860498
   4    0    2.360521   0.468619    5.085642   1.504744
   4    1    2.264985   0.492998  100.000000 100.000000
   4    2    2.187437   0.472270  100.000000 100.000000
   4    3    2.048864   0.430423    1.924651   1.445209
   4    4    1.972336   0.407075  100.000000   4.105876
   4    5    1.827887   0.402977  100.000000 100.000000
   4    6    1.794429   0.468052  100.000000 100.000000
   4    7    1.650756   0.407638    1.151936   4.838259
   4    8    1.598162   0.434384    4.650943   5.107768
   4    9    1.485710   0.438144  100.000000 100.000000
   4   10    1.357270   0.431489    4.032153 100.000000
   4   11    1.215174   0.495528  100.000000   3.315075
   4   12    1.106834   0.456228    5.551229   1.636822
   4   13    1.027996   0.498829    1.557654 100.000000
   4   14    0.907356   0.435521  100.000000   2.537934
   4   15    0.879314   0.430698  100.000000   3.508966
   4   16    0.738610   0.441574    3.318612   3.202776
   4   17    0.609382   0.414219  100.000000 100.000000
   4   18    0.593958   0.485976    1.388999   5.023910
   4   19    0.435604   0.463305    4.960994   4.171782
   4   20    0.368542   0.426756  100.000000   2.917627
   4   21    0.219972   0.468977  100.000000 100.000000
   4   22    0.122263   0.444768  100.000000 100.000000
   4   23    0.081004   0.494818  100.000000   4.076969
   5    0    2.378264   0.561643    3.983725   4.773564
   5    1    2.227045   0.590840    5.113706 100.000000
   5    2    2.113334   0.525490    1.511097   3.771701
   5    3    2.041017   0.594916  100.000000   3.335540
   5    4    1.951046   0.576256    5.948955 100.000000
   5    5    1.898763   0.542315  100.000000   5.798329
   5    6    1.782189   0.557238  100.000000 100.000000
   5    7    1.671469   0.515814    4.913418 100.000000
   5    8    1.556399   0.565233    2.223716 100.000000
   5    9    1.442857   0.575810    5.383127   5.405116
   5   10    1.327711   0.533254  100.000000   1.943309
   5   11    1.203495   0.594753  100.000000 100.000000
   5   12    1.191751   0.561665    4.068661 100.000000
   5   13    1.087696   0.513971    1.629408   5.269792
   5   14    0.928316   0.566074  100.000000   5.101922
   5   15    0.866455   0.528137  100.000000   1.835480
   5   16    0.774244   0.591051    5.766817   1.423790
   5   17    0.604608   0.577793    2.028193   1.415504
   5   18    0.509223   0.547880  100.000000   5.002214
   5   19    0.439379   0.537904  100.000000   1.182814
   5   20    0.370842   0.518639    1.023736 100.000000
   5   21    0.218477   0.562865    3.309282   4.878698
   5   22    0.182859   0.580071  100.000000   1.188168
   5   23    0.013107   0.559059  100.000000   2.502714
   6    0    2.332497   0.683818  100.000000   4.332726
   6    1    2.282831   0.691390  100.000000 100.000000
   6    2    2.143748   0.611625    1.245326   4.221127
   6    3    2.054858   0.600190    1.200205 100.000000
   6    4    1.923224   0.670169  100.000000   1.921327
   6    5    1.814941   0.644052    4.307856 100.000000
   6    6    1.705671   0.682353  100.000000   4.812178
   6    7    1.664649   0.617041  100.000000 100.000000
   6    8    1.560868   0.622829    4.596345 100.000000
   6    9    1.418636   0.609809  100.000000   2.670044
   6   10    1.356576   0.654023    5.174627 100.000000
   6   11    1.226005   0.671379    2.850207 100.000000
   6   12    1.169870   0.645306  100.000000   4.881826
   6   13    1.068451   0.688784  100.000000 100.000000
   6   14    0.950775   0.645234    2.643673   3.439071
   6   15    0.804230   0.639509    3.455221   5.561225
   6   16    0.740151   0.617311    5.354328 100.000000
   6   17    0.614060   0.601501  100.000000 100.000000
   6   18    0.515663   0.603886    2.980549 100.000000
   6   19    0.436588   0.626169  100.000000   5.733200
   6   20    0.387608   0.632651    5.335893   2.389592
   6   21    0.257361   0.642688  100.000000 100.000000
   6   22    0.122759   0.630789  100.000000 100.000000
   6   23    0.065589   0.657579    3.891227 100.000000
   7    0    2.397109   0.754694    1.847066 100.000000
   7    1    2.292502   0.799538  100.000000 100.000000
   7    2    2.126215   0.735525    1.414204   4.227245
   7    3    2.052769   0.787998    2.085840 100.000000
   7    4    1.945753   0.734195  100.000000 100.000000
   7    5    1.859690   0.756106  100.000000   3.033810
   7    6    1.792442   0.726483    3.781677   1.611903
   7    7    1.614215   0.755750    1.073418 100.000000
   7    8    1.531563   0.708226  100.000000   3.689069
   7    9    1.449385   0.705005    5.873063   5.498577
   7   10    1.347824   0.702911  100.000000   3.149904
   7   11    1.227370   0.710247  100.000000 100.000000
   7   12    1.196594   0.721968    5.457156   1.921096
   7   13    1.011421   0.716842  100.000000   4.840273
   7   14    0.966996   0.799849    1.358944   2.958277
   7   15    0.827796   0.769480  100.000000 100.000000
   7   16    0.769032   0.748928    4.384900 100.000000
   7   17    0.618408   0.738311    2.747720 100.000000
   7   18    0.538444   0.769470  100.000000   2.720935
   7   19    0.457561   0.708760  100.000000   1.206538
   7   20    0.380075   0.719279  100.000000   4.553225
   7   21    0.235567   0.725068    4.033361 100.000000
   7   22    0.172627   0.722828    3.049023 100.000000
   7   23    0.012320   0.768961  100.000000   4.787449
   8    0    2.313816   0.852246    3.757332 100.000000
   8    1    2.294453   0.888955    3.601452   1.636649
   8    2    2.164796   0.861351    4.089965   1.166580
   8    3    2.098887   0.891443  100.000000 100.000000
   8    4    1.908849   0.844759  100.000000   5.422523
   8    5    1.855728   0.809755  100.000000   3.624280
   8    6    1.730464   0.821098    1.794503   3.466410
   8    7    1.632927   0.863791  100.000000 100.000000
   8    8    1.594303   0.829045    1.014535 100.000000
   8    9    1.492198   0.858251  100.000000 100.000000
   8   10    1.365855   0.840259  100.000000   5.739543
   8   11    1.271175   0.801591    1.102884   5.923155
   8   12    1.167506   0.828665    5.730225 100.000000
   8   13    1.085562   0.888281    5.485125 100.000000
   8   14    0.913007   0.877552    1.643576 100.000000
   8   15    0.824857   0.802829    2.779942   3.743278
   8   16    0.792674   0.862774  100.000000   1.202608
   8   17    0.633522   0.880817  100.000000 100.000000
   8   18    0.547235   0.807864  100.000000   5.952504
   8   19    0.423684   0.806215    5.464069 100.000000
   8   20    0.375722   0.821656  100.000000   4.380968
   8   21    0.294084   0.889970  100.000000 100.000000
   8   22    0.126014   0.892840    1.548069 100.000000
   8   23    0.003381   0.843847  100.000000   4.726994
   9    0    2.339006   0.955323    4.993618   5.402232
   9    1    2.205250   0.925673  100.000000   3.902855
   9    2    2.133648   0.900642  100.000000 100.000000
   9    3    2.000537   0.921914    4.550279   5.647622
   9    4    1.995545   0.964552  100.000000   2.784486
   9    5    1.854241   0.907828  100.000000 100.000000
   9    6    1.788112   0.927529    5.632411 100.000000
   9    7    1.692326   0.902414  100.000000 100.000000
   9    8    1.548134   0.959093    1.160235 100.000000
   9    9    1.417671   0.973040    3.714574   5.597051
   9   10    1.360652   0.908034  100.000000 100.000000
   9   11    1.274386   0.900531  100.000000 100.000000
   9   12    1.117154   0.917339    2.388453 100.000000
   9   13    1.058594   0.960869    4.393353   4.016197
   9   14    0.918968   0.944253  100.000000 100.000000
   9   15    0.851937   0.907554  100.000000 100.000000
   9   16    0.796598   0.953063    1.404814   5.354813
   9   17    0.658098   0.910643  100.000000   4.167139
   9   18    0.504362   0.925629    5.156065   3.856128
   9   19    0.403042   0.920716  100.000000   3.674767
   9   20    0.394223   0.942191  100.000000   2.494125
   9   21    0.241875   0.903428    2.629457 100.000000
   9   22    0.144632   0.975294    1.080600 100.000000
   9   23    0.049068   0.901690  100.000000 100.000000
