   0    0    1.124259   0.084433   16.447046  30.809118
   0    1    1.024288   0.050308   39.562719  29.557942
   0    2    0.973147   0.066522    8.276999   4.511700
   0    3    0.825923   0.004384    4.374957  11.824437
   0    4    0.755358   0.019577   10.501372  18.809500
   0    5    0.612763   0.085302   18.172142  33.960017
   0    6    0.508086   0.028872   39.923994  10.974122
   0    7    0.496557   0.046836    4.688825  17.205187
   0    8    0.331468   0.024525   27.498165   2.263288
   0    9    0.274069   0.012602   35.785545  33.124753
   0   10    0.155474   0.059178   30.523931  20.132318
   0   11    0.011061   0.075153   27.500954  28.884424
   1    0    1.115077   0.131679   39.110539  14.538803
   1    1    1.078057   0.181461   17.664644  28.938125
   1    2    0.939260   0.134709   15.567389  11.774336
   1    3    0.833259   0.150917   14.534799  22.438765
   1    4    0.788226   0.169631   34.800889  30.077432
   1    5    0.662713   0.157685   15.963834  29.630527
   1    6    0.548875   0.102793   34.458664  18.352115
   1    7    0.499452   0.110453   39.884267  40.676028
   1    8    0.321155   0.134107   15.476627  32.636927
   1    9    0.251839   0.179568   39.446113  36.817059
   1   10    0.197344   0.110924   36.848511  34.539477
   1   11    0.076701   0.154019   39.926173  16.462872
   2    0    1.152604   0.248053   22.851486   1.671899
   2    1    1.035092   0.258930    9.568629  17.745340
   2    2    0.928367   0.208251    6.625577   2.192951
   2    3    0.867646   0.227928   22.805444  34.275595
   2    4    0.700137   0.256566   10.918647  23.882780
   2    5    0.622474   0.204207   31.844105  22.282087
   2    6    0.578236   0.226634   34.972773  22.746676
   2    7    0.461442   0.239087   31.399330  15.005307
   2    8    0.393858   0.227376   15.941918  26.964488
   2    9    0.260385   0.267540   21.384399  14.169714
   2   10    0.173426   0.274468    3.894838  39.072640
   2   11    0.005465   0.266388   23.666868  18.548765
   3    0    1.101858   0.352574   11.371250   2.586047
   3    1    1.071360   0.342831   11.532437  36.084200
   3    2    0.919744   0.301498   31.623348  38.837498
   3    3    0.847347   0.358408    4.289854   8.716095
   3    4    0.790769   0.372299    4.088797  35.632418
   3    5    0.654582   0.366707    4.488775  18.025481
   3    6    0.513881   0.317802    1.305413   1.387223
   3    7    0.472003   0.331871   31.511558  14.986654
   3    8    0.339779   0.366081   18.391809  26.739783
   3    9    0.259296   0.399343   32.839048  28.571603
   3   10    0.183222   0.375164   24.382315  20.190841
   3   11    0.033205   0.310333   13.079459  35.644298
   4    0    1.101462   0.482541   24.118587   5.155538
   4    1    1.018225   0.487113   30.888535  18.527904
   4    2    0.934796   0.444037   20.064341   2.874494
   4    3    0.854363   0.467528   15.198216  36.823282
   4    4    0.777797   0.403163   35.323747  18.954244
   4    5    0.603095   0.434002    4.710114  36.502460
   4    6    0.569193   0.444292    2.308051  40.877089
   4    7    0.448082   0.464838   18.399159  11.996068
   4    8    0.354712   0.460823   15.909064  39.640785
   4    9    0.239388   0.433749   39.811841  25.939049
   4   10    0.190337   0.412957   35.702245  30.758775
   4   11    0.079129   0.497344   24.232525  36.434260
   5    0    1.113542   0.558795   38.616118   8.171981
   5    1    1.092423   0.539662   15.330406   3.138891
   5    2    0.916955   0.517164   31.668870  19.193509
   5    3    0.870412   0.587896   26.688696  21.173955
   5    4    0.712732   0.560929   33.787019  39.427907
   5    5    0.611880   0.574065   23.656725  25.802400
   5    6    0.576613   0.545483    6.385108  33.676942
   5    7    0.426574   0.593677   12.254700   1.016717
   5    8    0.308163   0.548703   34.299437  12.164174
   5    9    0.296877   0.504331   24.399903  11.622213
   5   10    0.138171   0.535867   31.832921  10.980904
   5   11    0.024822   0.514690    2.512207   1.097464
   6    0    1.155452   0.665852   33.082210  21.476415
   6    1    1.018696   0.637446   31.595828  36.458731
   6    2    0.913516   0.623398    1.382280   5.385701
   6    3    0.897596   0.618637    3.183286  16.550484
   6    4    0.712590   0.696291   19.617760  20.808223
   6    5    0.613297   0.610069   23.066650  31.629436
   6    6    0.534445   0.616049   21.314329  28.721513
   6    7    0.406683   0.621647   13.530156   9.804859
   6    8    0.336273   0.646006   11.837574  30.533804
   6    9    0.230691   0.676025   10.837381   9.843223
   6   10    0.185535   0.631648    9.690755   4.250111
   6   11    0.083395   0.689282   20.015206  40.040525
   7    0    1.140287   0.724652   29.817013  20.146582
   7    1    1.003314   0.718205    1.515876  39.311004
   7    2    0.948883   0.754267   13.975585   6.418162
   7    3    0.884409   0.747306   28.127502   9.336225
   7    4    0.759311   0.747526    7.675674  21.085012
   7    5    0.670494   0.736808   25.542446  35.563834
   7    6    0.591558   0.793220    8.815683   8.513363
   7    7    0.487885   0.716646   36.282062  40.040618
   7    8    0.336487   0.703650   10.089575  37.226851
   7    9    0.271124   0.790886   24.215348  10.509795
   7   10    0.101633   0.752895   25.386189  10.254661
   7   11    0.029477   0.712009   25.698124  27.897769
   8    0    1.128127   0.860642    9.821409  10.083134
   8    1    1.091656   0.895145   33.398401  28.260919
   8    2    0.953657   0.846598   33.707141  27.347801
   8    3    0.852831   0.868604   10.162679   5.458290
   8    4    0.793912   0.802088   12.675106  25.723111
   8    5    0.631509   0.898954   32.816987   7.261359
   8    6    0.559416   0.812630    9.337547  35.037458
   8    7    0.424194   0.886424   39.585497  40.307378
   8    8    0.315937   0.818130    6.280970  40.461385
   8    9    0.223031   0.899516   39.848675  38.248099
   8   10    0.134860   0.815798   25.853146   7.687201
   8   11    0.035733   0.806546   21.251912   2.640993
   9    0    1.164975   0.994944   19.117626  12.338514
   9    1    1.018083   0.966151   36.714727  17.575416
   9    2    0.989038   0.942555   24.514108   6.418538
   9    3    0.897186   0.958889   32.679614  26.721431
   9    4    0.707306   0.973846   26.177040  15.426313
   9    5    0.628394   0.977651    9.978735   5.434378
   9    6    0.515908   0.922981    2.528928  36.840296
   9    7    0.490435   0.945899    9.985686  20.743542
   9    8    0.320473   0.975697    7.678848   3.989118
   9    9    0.281773   0.999650   31.258629   8.498598
   9   10    0.144887   0.937801   11.320761   8.899575
   9   11    0.036631   0.951598   25.670158  29.642846
  10    0    1.161334   1.011334   37.240256  23.532259
  10    1    1.031290   1.053975   38.058325  16.527516
  10    2    0.980988   1.093646    6.202445  20.885548
  10    3    0.800470   1.090466   19.722301  25.376789
  10    4    0.704754   1.023719    5.907755  35.768979
  10    5    0.629543   1.056918   23.625240  12.458445
  10    6    0.540413   1.074769   38.866473  39.617329
  10    7    0.431222   1.035597   17.955932  29.210395
  10    8    0.346314   1.032511   38.456906  14.537075
  10    9    0.255116   1.028388   34.739947   5.518643
  10   10    0.162460   1.004397   14.096148  18.847179
  10   11    0.015145   1.090592    1.479977  40.537562
  11    0    1.137377   1.176758   28.366434  19.696484
  11    1    1.053338   1.198904   26.344202  26.888648
  11    2    0.953597   1.173946    2.104186  27.910298
  11    3    0.888865   1.194627    1.210526  16.769257
  11    4    0.795888   1.176433    7.872892   6.039083
  11    5    0.628446   1.166363   31.913603  37.448134
  11    6    0.594568   1.123288   27.905005  12.652441
  11    7    0.438355   1.175168    1.330655  38.819844
  11    8    0.311255   1.158487   39.512149  14.241943
  11    9    0.299277   1.179557   38.481121  27.135542
  11   10    0.116396   1.180282   29.126958  20.666622
  11   11    0.083110   1.187776    5.604244   6.722825
  12    0    1.136676   1.218143    5.553930  40.895291
  12    1    1.005580   1.250379    5.217776  35.452723
  12    2    0.926125   1.292755    3.670761  12.870145
  12    3    0.820131   1.207451   30.450047  19.907203
  12    4    0.737276   1.211137    1.735682  14.636426
  12    5    0.627072   1.221672   34.476671  32.645854
  12    6    0.538182   1.211164   18.620355  33.453226
  12    7    0.477322   1.260978   38.682277   6.665762
  12    8    0.337397   1.297586   11.702005  35.420851
  12    9    0.252335   1.242682   34.206672  11.093875
  12   10    0.142198   1.205113    1.812463  40.230434
  12   11    0.000924   1.214721   37.823931  17.346475
  13    0    1.185420   1.383211   28.555901   3.961848
  13    1    1.009680   1.329060   20.641957   6.435693
  13    2    0.913161   1.321952    7.471092  27.426228
  13    3    0.876576   1.357324   16.899129   5.798312
  13    4    0.729467   1.328610   39.928081  18.369777
  13    5    0.647065   1.309370   20.173701  17.967405
  13    6    0.544760   1.320641   17.313221   2.925811
  13    7    0.458626   1.341763    5.610702  13.602695
  13    8    0.372346   1.322270   22.970600   5.022312
  13    9    0.223197   1.385053   19.310130   7.840795
  13   10    0.161770   1.339102   28.531930  32.022583
  13   11    0.057299   1.376214   29.809288   1.621847
  14    0    1.149093   1.438047   25.681049  20.696905
  14    1    1.046918   1.455810   21.631216   8.594346
  14    2    0.942344   1.478242   30.063229   9.693411
  14    3    0.808322   1.478177   27.160173  23.395281
  14    4    0.745479   1.422798   20.963572  32.996691
  14    5    0.676979   1.487334   40.644242  18.548020
  14    6    0.556073   1.410867   38.542816  33.432989
  14    7    0.424635   1.431326   36.914151   4.915686
  14    8    0.350836   1.484869   29.832939  36.101108
  14    9    0.269329   1.423381   27.446500  14.593068
  14   10    0.198668   1.448679   15.359034  18.678529
  14   11    0.004774   1.409515   27.688620   5.315461
  15    0    1.113565   1.579153   20.167945   8.872472
  15    1    1.034002   1.569092   22.101364  21.908093
  15    2    0.979127   1.525569   16.208272   8.856032
  15    3    0.847553   1.557420   17.165197   2.995141
  15    4    0.742675   1.509415   17.420370  32.349757
  15    5    0.638743   1.597549   27.634000  30.132649
  15    6    0.590247   1.580393   14.559050   2.079395
  15    7    0.497648   1.542247   27.610081  21.724961
  15    8    0.373727   1.593583   33.685757  13.660838
  15    9    0.271453   1.556509   35.552943  35.529598
  15   10    0.168339   1.547457   10.431047   6.533592
  15   11    0.021685   1.515972   31.123414  21.250830
  16    0    1.192538   1.662713   31.542257  33.384433
  16    1    1.048578   1.677262    1.803816  18.667493
  16    2    0.922999   1.687894    5.895327   6.573199
  16    3    0.889464   1.652560    8.523909  26.935931
  16    4    0.784990   1.689333   29.063789  23.393010
  16    5    0.631557   1.612576   22.061415  37.154226
  16    6    0.592811   1.620144   38.701999  11.567489
  16    7    0.409895   1.649627   15.774969  22.969231
  16    8    0.356333   1.665862   22.413766  12.207893
  16    9    0.288416   1.655681    5.266435  22.953199
  16   10    0.157821   1.632740   35.441570   9.523366
  16   11    0.046291   1.608976    1.858567  23.672128
  17    0    1.138303   1.778819   12.425643  24.897834
  17    1    1.012641   1.717233   34.313064   3.813263
  17    2    0.914660   1.787609   15.646244  17.517383
  17    3    0.810594   1.735489   12.003131  27.434491
  17    4    0.777454   1.749506   31.576520  14.552281
  17    5    0.686431   1.762236   12.793718  38.343679
  17    6    0.595159   1.747077   28.237405  30.968083
  17    7    0.411171   1.718804   20.171677   7.811350
  17    8    0.373034   1.736891   37.760075  12.360617
  17    9    0.250428   1.733841    6.707138   4.265342
  17   10    0.184329   1.782795   11.725548   3.779931
  17   11    0.003774   1.787238    4.716451  26.311478
  18    0    1.107776   1.823376   31.265053  13.328592
  18    1    1.017057   1.816011   20.036137  29.369531
  18    2    0.968558   1.849779   19.568896   1.390072
  18    3    0.870275   1.848419   11.106322   1.409115
  18    4    0.789963   1.829164    1.365574   4.663219
  18    5    0.639566   1.811978   33.101206   4.715428
  18    6    0.519883   1.833775   22.096966  38.749177
  18    7    0.424790   1.856066   35.633180  38.310092
  18    8    0.300128   1.825920   38.929513  33.857381
  18    9    0.223881   1.840456   22.596262  29.597653
  18   10    0.197202   1.805146   26.405316   5.267616
  18   11    0.021799   1.867372   14.003590  34.003594
  19    0    1.110744   1.945436    1.451189  23.505386
  19    1    1.045394   1.976568   12.212771   7.815070
  19    2    0.920284   1.937492   25.627740   8.758212
  19    3    0.815869   1.980455    8.721945   2.130822
  19    4    0.722261   1.904000    6.914623   9.880733
  19    5    0.607775   1.989426   12.758495  24.772115
  19    6    0.547430   1.974193   18.992159  40.406836
  19    7    0.497593   1.966319   19.171377  12.201794
  19    8    0.333863   1.988173    2.893613  12.307340
  19    9    0.255941   1.953335   40.677130  24.943891
  19   10    0.162655   1.951092   34.066437  32.802070
  19   11    0.005353   1.934774    8.298672   7.691548
  20    0    1.142287   2.072676   27.294878  30.355470
  20    1    1.030264   2.034554   13.875058  39.236281
  20    2    0.953242   2.008512   12.600412  33.055216
  20    3    0.887518   2.098790   29.809434  17.546984
  20    4    0.737076   2.066088   27.150512  35.893619
  20    5    0.624158   2.080586   13.761489  21.772334
  20    6    0.533529   2.050817   31.370344  23.041878
  20    7    0.464681   2.026705   29.779761   5.635602
  20    8    0.335617   2.005066   31.866010  37.027614
  20    9    0.282125   2.063941   12.408228   5.636171
  20   10    0.145791   2.036711   19.432072   8.796377
  20   11    0.016549   2.096777   26.590666  12.667384
  21    0    1.176331   2.142781    7.330105  20.958161
  21    1    1.050389   2.157321   13.735321  17.105655
  21    2    0.944075   2.108491   23.189108  11.090256
  21    3    0.893101   2.193500   23.091510  15.121073
  21    4    0.763370   2.102281    7.292682  32.788104
  21    5    0.667222   2.142189    7.628827  37.905086
  21    6    0.541850   2.193439   40.681914  39.226103
  21    7    0.424603   2.110158   14.898681  15.706093
  21    8    0.331177   2.190471    8.416992  17.310644
  21    9    0.255067   2.177673   25.896976  35.009165
  21   10    0.179320   2.135577   16.504632  20.077971
  21   11    0.080119   2.147064   28.735786   9.891364
  22    0    1.172276   2.293439   25.412451  20.809757
  22    1    1.051575   2.281749   38.970951   7.529475
  22    2    0.941278   2.240975   38.755503  24.409617
  22    3    0.899102   2.219937   14.721588   3.032268
  22    4    0.746650   2.298796   32.654238  39.904075
  22    5    0.691657   2.201674    2.256548  10.214731
  22    6    0.531345   2.244813   29.427217  22.501833
  22    7    0.495683   2.217867   26.511952  22.626999
  22    8    0.366057   2.215764   28.695972  14.465477
  22    9    0.227666   2.275603   11.042966   3.096055
  22   10    0.183457   2.233411   29.643471  11.120105
  22   11    0.010276   2.275328   13.202047  40.233562
