   0    0    4.477707   0.058278    4.630664  25.641211
   0    1    4.362122   0.099848    8.201425  29.085378
   0    2    4.251186   0.057038   33.124141  39.575422
   0    3    4.188246   0.060040   36.532736  27.825821
   0    4    4.049611   0.028674   36.133369   8.394069
   0    5    3.994502   0.031437   22.209980  40.609362
   0    6    3.865018   0.031208   15.174397  25.537273
   0    7    3.717289   0.023926   30.247312  21.900688
   0    8    3.637123   0.027400   22.875636   9.183228
   0    9    3.524873   0.004077   19.654012  36.771991
   0   10    3.438186   0.047574   15.487632  16.022176
   0   11    3.306839   0.041895   24.799115   2.742069
   0   12    3.241150   0.023463   29.658022  39.123588
   0   13    3.190318   0.068955    8.336738  38.026136
   0   14    3.076616   0.070986    2.134989  13.330386
   0   15    2.978379   0.094065   15.156229  25.509097
   0   16    2.813018   0.065260   20.476614  32.434370
   0   17    2.720659   0.008266   26.860309   5.700333
   0   18    2.670074   0.082053   33.507582  39.457299
   0   19    2.537979   0.012252   37.563441  12.123362
   0   20    2.498105   0.076525   22.178763   4.682407
   0   21    2.331150   0.016145   24.341727  39.039078
   0   22    2.225280   0.032254   14.649233  15.651445
   0   23    2.109581   0.094154   29.454694  24.096542
   0   24    2.091149   0.041417    3.824396   9.162643
   0   25    1.977506   0.024706   26.498393  37.450635
   0   26    1.847990   0.070429   31.247903  37.375309
   0   27    1.714810   0.010482    8.938294  14.081203
   0   28    1.621577   0.024448   38.159133  18.447092
   0   29    1.585395   0.052131   17.009534  27.493615
   0   30    1.479907   0.048828   32.692071  36.700237
   0   31    1.398921   0.044491    7.761119  40.675977
   0   32    1.262209   0.095967    1.605476  28.133503
   0   33    1.141495   0.074762   13.059762   4.133575
   0   34    1.071280   0.041942    5.598292  34.166675
   0   35    0.977495   0.028374    1.658087  21.016390
   0   36    0.829715   0.058887   39.178316   9.824983
   0   37    0.708228   0.050156   23.971006  25.800891
   0   38    0.645051   0.036313   29.216209  32.140984
   0   39    0.553482   0.065965   11.993121  25.682586
   0   40    0.420163   0.097371   30.730997  30.371824
   0   41    0.399272   0.043045   31.829079  32.781141
   0   42    0.283400   0.074521   14.117248  11.700094
   0   43    0.129219   0.056195    2.597871  10.455193
   0   44    0.098039   0.093175   24.938214  24.406791
   1    0    4.427978   0.131166   23.011116  28.469269
   1    1    4.342565   0.161554   15.573257  25.075239
   1    2    4.213017   0.156783    5.714444   9.450585
   1    3    4.132073   0.180354   17.421956  37.205111
   1    4    4.015783   0.192903   29.520153  33.018755
   1    5    3.976785   0.166773   23.031340  25.686017
   1    6    3.894928   0.152576   40.948379  24.166789
   1    7    3.746257   0.134024   19.426782   4.900429
   1    8    3.622738   0.103709   29.033070  28.917069
   1    9    3.527221   0.179659   17.091123   7.796042
   1   10    3.441311   0.118023    1.138134  12.971283
   1   11    3.329397   0.113898   13.450658  29.087959
   1   12    3.237256   0.193241    2.568178   8.018636
   1   13    3.106724   0.102555   15.390723  37.821421
   1   14    3.032798   0.188227    9.047325  35.561945
   1   15    2.921560   0.108292    2.237606  32.846104
   1   16    2.837201   0.140180   18.678670  39.566568
   1   17    2.786312   0.188608   38.807652   9.323317
   1   18    2.645266   0.178013   38.785964  16.932387
   1   19    2.570786   0.149299    7.538426  15.207770
   1   20    2.409406   0.106677   23.078217   8.734425
   1   21    2.364200   0.158108   19.380910   3.715841
   1   22    2.248442   0.113488    5.866956   5.372946
   1   23    2.128407   0.194841    5.045732  11.112652
   1   24    2.089746   0.139381   22.604926   5.219238
   1   25    1.973253   0.151433    1.360526  28.720525
   1   26    1.871723   0.165537   19.804102   9.038557
   1   27    1.726354   0.198307   31.909551  33.871713
   1   28    1.660879   0.189011    2.429941  31.417053
   1   29    1.557727   0.101790   36.790784  36.598636
   1   30    1.461851   0.199696   23.157848  25.614780
   1   31    1.354788   0.111460   33.239746   7.175129
   1   32    1.219742   0.125410    5.416915  29.712245
   1   33    1.125144   0.135982   27.033398  14.192559
   1   34    1.032022   0.181878   10.935044   9.613215
   1   35    0.933437   0.191346   24.001498  23.674939
   1   36    0.801937   0.150041   12.538614  38.411856
   1   37    0.754167   0.136368   11.636869  26.807523
   1   38    0.677067   0.104386   34.248955  11.827567
   1   39    0.544978   0.106876   32.710107  37.173647
   1   40    0.425098   0.132888   33.256897  15.856192
   1   41    0.314339   0.122256   15.958292  27.964901
   1   42    0.204291   0.121678    2.145779  15.481600
   1   43    0.173839   0.165812   23.331363  25.450041
   1   44    0.088362   0.125692   24.772329   2.236950
   2    0    4.428532   0.233901   18.943848  17.058348
   2    1    4.304595   0.210324   25.503910   3.600242
   2    2    4.268772   0.207840    1.793725  30.753460
   2    3    4.140040   0.228503   29.049670  18.654109
   2    4    4.083984   0.227330   12.474240  16.944018
   2    5    3.963478   0.292632   16.912218   2.135076
   2    6    3.822556   0.234444    3.518577  14.997772
   2    7    3.700610   0.211478    6.525494  32.942845
   2    8    3.672766   0.213195   13.681326  33.496113
   2    9    3.586543   0.288360   30.433571  13.375486
   2   10    3.437200   0.271286   28.374790  36.686307
   2   11    3.303129   0.218888   15.404186  11.801706
   2   12    3.217548   0.297845   21.642179   9.159015
   2   13    3.189102   0.284010   35.159867   4.176688
   2   14    3.017987   0.283779   39.463860  26.599002
   2   15    2.988189   0.207294   35.448570   8.753319
   2   16    2.813522   0.209839   39.856854  32.527250
   2   17    2.774501   0.234115   26.464822   3.535910
   2   18    2.614738   0.291579   32.141854   9.272995
   2   19    2.565508   0.294826   25.171412   7.468857
   2   20    2.492336   0.220084   15.916089  35.984533
   2   21    2.300760   0.234007   28.860751  14.047968
   2   22    2.203636   0.252681   29.684429  27.307935
   2   23    2.129279   0.223538   11.334056   9.987532
   2   24    2.088911   0.288816   39.765193  23.433146
   2   25    1.910156   0.228494   34.365619  11.771483
   2   26    1.877991   0.212832   32.001162  35.527239
   2   27    1.789384   0.261781   19.658438  29.362352
   2   28    1.666984   0.297622   31.970389  40.144900
   2   29    1.571344   0.245917   10.286584  39.036993
   2   30    1.491286   0.240955   33.805450   2.026569
   2   31    1.355577   0.298551   25.658726  16.263400
   2   32    1.234245   0.249698    3.393831  26.764923
   2   33    1.158633   0.272027   40.326295   4.728215
   2   34    1.070870   0.296303   38.646227  23.140751
   2   35    0.986749   0.206761   34.498843  39.069885
   2   36    0.852939   0.246562   17.683579  29.499535
   2   37    0.768015   0.203143   32.918200  16.567691
   2   38    0.695667   0.298027    5.207744  29.360412
   2   39    0.592387   0.277397    8.782114   6.982210
   2   40    0.426758   0.274410   37.984752   8.519456
   2   41    0.344580   0.243040   40.697101  39.938090
   2   42    0.206243   0.292873   32.283667  29.229574
   2   43    0.148330   0.251506   13.179301  35.685305
   2   44    0.019930   0.258333    9.278132  16.609592
   3    0    4.470896   0.333025    5.011219   7.770396
   3    1    4.390606   0.341714   18.831742   8.255444
   3    2    4.263936   0.301967   34.801253   5.094491
   3    3    4.139315   0.367579   17.752453  10.096655
   3    4    4.040985   0.329650   29.382009  36.030245
   3    5    3.964084   0.370601    5.515279   9.861675
   3    6    3.812773   0.342007   28.222449  28.715103
   3    7    3.785413   0.380086   18.616636   4.085866
   3    8    3.619503   0.369509   15.817978   9.333657
   3    9    3.536658   0.357067   14.137693  15.416325
   3   10    3.413929   0.362406   24.061658   4.147136
   3   11    3.353103   0.339463   33.758212  14.037986
   3   12    3.260719   0.385594   27.888762  11.223407
   3   13    3.136092   0.347353   11.376374  10.365779
   3   14    3.026070   0.324348   30.025990  24.266162
   3   15    2.938008   0.362653   10.654189  35.717939
   3   16    2.836918   0.364631   34.465700   3.637296
   3   17    2.730227   0.325291   33.222114  33.505868
   3   18    2.691336   0.359874   23.324565  38.611766
   3   19    2.579312   0.381450   23.940606   5.546250
   3   20    2.400827   0.359880   18.035169  10.099567
   3   21    2.366806   0.378517   36.530354  16.421458
   3   22    2.241207   0.356882   23.358064   4.514747
   3   23    2.144918   0.326093   31.047038  13.384584
   3   24    2.081683   0.398835    1.490918  27.166709
   3   25    1.924168   0.332745   14.090498  30.125740
   3   26    1.851417   0.330637    3.590415  17.494350
   3   27    1.739788   0.384140    3.302278   9.786604
   3   28    1.689541   0.350273   37.311657  18.658916
   3   29    1.541198   0.349786   39.619542   5.930471
   3   30    1.408060   0.308734   11.508850  40.456751
   3   31    1.393329   0.392809   23.917474  19.745414
   3   32    1.277441   0.340124   13.030152  37.208429
   3   33    1.169869   0.310021   39.086270   7.578435
   3   34    1.021972   0.381477   35.578594  21.226079
   3   35    0.956687   0.348009   34.252952   4.968840
   3   36    0.886038   0.330598   16.900070   7.656029
   3   37    0.768751   0.325033   14.772264  21.669349
   3   38    0.603513   0.394624    8.098434  37.939190
   3   39    0.515802   0.338250   39.774975   6.713783
   3   40    0.470305   0.302030   17.666831  36.826927
   3   41    0.330831   0.351099   18.475988   3.410482
   3   42    0.284843   0.386441   22.863415   1.835479
   3   43    0.101098   0.336642   37.108706  11.210911
   3   44    0.082923   0.301889   22.348714   4.217291
   4    0    4.414023   0.499247   20.266178   4.723232
   4    1    4.351822   0.496035   16.540917  16.972944
   4    2    4.249643   0.409186   13.593597  29.710933
   4    3    4.163960   0.450418    5.934465  38.122673
   4    4    4.017714   0.462579   29.190804  21.736907
   4    5    3.922628   0.494908   12.666357  26.401784
   4    6    3.850664   0.422552   20.747486  15.183701
   4    7    3.761452   0.417343   36.903660  11.739582
   4    8    3.623698   0.406563   32.347853   8.700961
   4    9    3.585204   0.418689   37.164776  24.326755
   4   10    3.480258   0.459564   13.045617   7.701399
   4   11    3.382502   0.409115   32.476072   3.771443
   4   12    3.294884   0.492998    8.724165  35.346948
   4   13    3.180649   0.400993   24.304550   3.789554
   4   14    3.006172   0.475573   33.420873  30.537058
   4   15    2.949489   0.431126   27.496292  38.070209
   4   16    2.800110   0.433359    4.208601  14.731415
   4   17    2.794663   0.436369    1.989480  19.402469
   4   18    2.618496   0.453942   16.891426  29.009659
   4   19    2.511015   0.414371   10.859851  26.844869
   4   20    2.408435   0.492216   24.185767  38.591019
   4   21    2.394142   0.424274   15.295513  34.664545
   4   22    2.217143   0.443833   13.722103  34.107063
   4   23    2.132193   0.420988   33.387103  11.968087
   4   24    2.071269   0.486438   30.116557   7.241093
   4   25    1.921055   0.471054   17.158344  33.391530
   4   26    1.861970   0.488500    3.525671  22.918029
   4   27    1.763876   0.468144   21.051104   8.912253
   4   28    1.685697   0.450885   16.511765  11.048919
   4   29    1.530687   0.451847    5.118139   4.790826
   4   30    1.466396   0.477302    1.710333  37.904557
   4   31    1.365449   0.434716   17.465748   7.846168
   4   32    1.207356   0.466283   34.705008  10.512961
   4   33    1.136381   0.459398   13.027646  21.712724
   4   34    1.090375   0.479625    9.679649  17.045820
   4   35    0.930793   0.440216   29.540411  16.423623
   4   36    0.856228   0.469998   39.831222  11.979300
   4   37    0.797871   0.491712   16.629931   1.609148
   4   38    0.663600   0.443925   10.191160  36.884920
   4   39    0.542018   0.410416   20.207340  38.795128
   4   40    0.433707   0.495396    7.416972  26.026533
   4   41    0.365320   0.455519   21.911988  29.731175
   4   42    0.244771   0.470088   19.279947  40.509736
   4   43    0.150589   0.469133    2.128055  15.374033
   4   44    0.044295   0.410510   15.988821  25.550374
   5    0    4.466185   0.587483   15.140489  14.096569
   5    1    4.397811   0.588325   16.153385  12.499092
   5    2    4.260440   0.520614   36.284999  37.888294
   5    3    4.190290   0.551706    2.106031  10.579212
   5    4    4.096991   0.520132   23.485903  11.758588
   5    5    3.940869   0.502781   22.463336  12.865522
   5    6    3.862706   0.511982   29.364694   4.249128
   5    7    3.782832   0.573045   24.223814  16.851880
   5    8    3.657156   0.544434   25.141247  15.907314
   5    9    3.598991   0.583089   12.362036  12.025850
   5   10    3.446655   0.590198   33.838651   7.767827
   5   11    3.387651   0.557067    1.793410  35.188877
   5   12    3.236950   0.546003   17.841720   3.334742
   5   13    3.166291   0.512045   24.747917  38.830867
   5   14    3.086455   0.592984    4.648285   5.251946
   5   15    2.998890   0.557673   26.005228  18.688298
   5   16    2.846712   0.516861    4.691458  11.794902
   5   17    2.758514   0.522630   19.107631   3.685333
   5   18    2.678367   0.538174   16.400080  38.512155
   5   19    2.509356   0.570825   28.581304   4.777721
   5   20    2.449429   0.569729   26.203676  26.790236
   5   21    2.311817   0.582570   26.360506   8.789557
   5   22    2.277990   0.500925   34.977261  13.810973
   5   23    2.120562   0.553770    5.023325  29.153306
   5   24    2.033786   0.506784   17.460431  27.315510
   5   25    1.958654   0.509632   36.111698   7.533819
   5   26    1.862143   0.593264   27.474221  13.784653
   5   27    1.710914   0.538467   38.722465  38.637340
   5   28    1.639800   0.519851   39.298274  30.090481
   5   29    1.586614   0.525878   31.720283   5.076867
   5   30    1.415027   0.585410    4.359949   6.369456
   5   31    1.355405   0.509957   22.337300  19.985500
   5   32    1.224146   0.523969    2.426018  21.812595
   5   33    1.161060   0.584062   34.588542   2.139747
   5   34    1.013240   0.533323   37.776713  25.263576
   5   35    0.965183   0.545344   22.846024  11.675067
   5   36    0.827277   0.551293   13.380898  38.960947
   5   37    0.767457   0.524379   29.078682  14.046220
   5   38    0.659288   0.501948   29.880248  26.455953
   5   39    0.590334   0.534113    6.679243  35.705351
   5   40    0.479466   0.557283    1.229348  24.682764
   5   41    0.304213   0.544773    9.463261  27.040998
   5   42    0.288174   0.598585   15.127697  35.353238
   5   43    0.104261   0.525480   11.339577  36.441566
   5   44    0.057853   0.516129   13.918670  22.293655
   6    0    4.431925   0.693006   40.315535   3.917083
   6    1    4.346688   0.655862   30.419554   9.036144
   6    2    4.263005   0.673471   19.914338   3.533421
   6    3    4.181632   0.607375   23.185817  34.922887
   6    4    4.059866   0.613680   31.746016  20.983415
   6    5    3.920016   0.628741   37.001865   8.176449
   6    6    3.807866   0.675451    4.887512  25.939664
   6    7    3.707470   0.620680    6.929567  10.834922
   6    8    3.625586   0.608435   20.891461  28.404119
   6    9    3.555247   0.695031   28.034929   3.145886
   6   10    3.454691   0.624786   17.657321  34.089828
   6   11    3.362277   0.630685    7.952320  23.958476
   6   12    3.298476   0.692508    1.062550  15.940578
   6   13    3.106429   0.673843   25.734756   8.848188
   6   14    3.088189   0.623350   10.165591  37.214444
   6   15    2.925427   0.618931   37.977776   9.154353
   6   16    2.813166   0.655869   29.956514  16.127586
   6   17    2.700743   0.601456    1.993528  12.805518
   6   18    2.654622   0.624587    5.045188  32.874952
   6   19    2.547554   0.644780   25.850741  21.753294
   6   20    2.413609   0.662128   38.340948  26.914836
   6   21    2.300436   0.629034    6.385311  11.030545
   6   22    2.221244   0.602818   40.691777  15.724577
   6   23    2.168015   0.692293   18.825311  40.895091
   6   24    2.063705   0.643419   10.615070  25.804989
   6   25    1.910100   0.631657   35.463274  36.215421
   6   26    1.845834   0.669505    7.666142   2.531405
   6   27    1.768143   0.645024   15.847687  26.200231
   6   28    1.655341   0.674467   18.654665  17.519575
   6   29    1.553922   0.643111   27.254665  32.768894
   6   30    1.474697   0.682170   22.833320  40.494918
   6   31    1.372394   0.665674   21.739870  27.305302
   6   32    1.219690   0.634042   40.346976  27.223978
   6   33    1.122505   0.655897   14.859780   3.232822
   6   34    1.062481   0.616677   37.644807  15.887239
   6   35    0.984494   0.682566    1.190477  35.793421
   6   36    0.822634   0.686993   24.221785   1.342749
   6   37    0.763871   0.650909    3.061199  20.609329
   6   38    0.682176   0.698581   26.970079  10.050334
   6   39    0.520703   0.609889   21.458949  39.050929
   6   40    0.400178   0.645078   31.584934  27.996502
   6   41    0.368262   0.646234   21.849520  31.129854
   6   42    0.268647   0.614233   34.883677  39.780413
   6   43    0.177299   0.653666    2.699374  25.581611
   6   44    0.064700   0.689784   17.560542  19.091650
   7    0    4.471337   0.779524   20.771841  21.997346
   7    1    4.314071   0.747366    3.814109  29.130801
   7    2    4.244396   0.780399   24.810202  21.309679
   7    3    4.187906   0.765348   22.448154   6.094207
   7    4    4.075385   0.763403   38.009259  18.632857
   7    5    3.908630   0.711853    3.460824  29.664503
   7    6    3.853202   0.750345   29.716076   6.402780
   7    7    3.741352   0.775170   34.801090  11.518938
   7    8    3.663154   0.778352    8.089611  25.957772
   7    9    3.594818   0.776330    5.885489  36.187736
   7   10    3.418827   0.742373    7.988054  12.146270
   7   11    3.350378   0.739840   37.632236  28.165084
   7   12    3.253916   0.792524   22.141724  38.242940
   7   13    3.178724   0.701413    3.183852  34.995663
   7   14    3.015749   0.722361    8.708449  27.400009
   7   15    2.992335   0.799957   39.153516   8.129916
   7   16    2.826370   0.722962   24.597420  12.055947
   7   17    2.716659   0.735192   34.144400  11.661587
   7   18    2.698055   0.732079    1.486559  34.168924
   7   19    2.544941   0.771971   19.455320  13.631376
   7   20    2.407987   0.777637   20.247524  26.837784
   7   21    2.370468   0.737702   16.300102  15.400845
   7   22    2.251558   0.700516   29.531515  21.818598
   7   23    2.165644   0.790226   14.532110  11.671051
   7   24    2.005425   0.742801   35.558123  27.640159
   7   25    1.999900   0.730099    9.779456  27.040671
   7   26    1.839895   0.704605   22.688516  39.467114
   7   27    1.757844   0.793425    9.060476   4.568722
   7   28    1.625606   0.705069    8.153331  34.554703
   7   29    1.535397   0.789214   29.363108  27.627255
   7   30    1.481738   0.731291    9.344688  36.084438
   7   31    1.354826   0.738712   39.335882  38.399754
   7   32    1.212064   0.722718   28.370813  33.365322
   7   33    1.149644   0.733210   11.152287  34.701262
   7   34    1.071193   0.717910   36.110826   7.830554
   7   35    0.927284   0.751572   37.774348   1.366561
   7   36    0.896191   0.785626    6.796299  11.954945
   7   37    0.721267   0.769030   30.255302   3.273067
   7   38    0.628534   0.772810   34.185260  22.163629
   7   39    0.595265   0.744761   40.385331  14.135405
   7   40    0.437971   0.728325   11.683372  16.997909
   7   41    0.359008   0.797355   35.898364  18.528929
   7   42    0.243346   0.703196    1.306105  18.249444
   7   43    0.100430   0.764461   28.622042  24.169780
   7   44    0.005824   0.785614   10.164738  35.469252
   8    0    4.429764   0.895762   20.366967  17.299390
   8    1    4.347211   0.802125   38.198136  13.203348
   8    2    4.269453   0.846865    7.015460  26.091625
   8    3    4.120157   0.805180   37.161270  35.502134
   8    4    4.008829   0.825785   28.184085   5.321121
   8    5    3.928044   0.871618   28.420546  33.695970
   8    6    3.874442   0.893398    7.998276  20.101619
   8    7    3.760249   0.856689   25.895040  31.124667
   8    8    3.645706   0.834593   21.931444  27.323477
   8    9    3.573167   0.883842   40.521826  22.453969
   8   10    3.471243   0.897774    5.325045  30.489806
   8   11    3.309063   0.801799   23.912615   5.407382
   8   12    3.213853   0.846983   31.120100  36.971009
   8   13    3.103261   0.807312   21.408031  19.187038
   8   14    3.071462   0.883095    7.494765  36.267813
   8   15    2.985601   0.814535    8.524852  16.552590
   8   16    2.887716   0.868381   20.516588  23.693188
   8   17    2.734284   0.850064   39.830672   5.472435
   8   18    2.679093   0.832188   12.582154  35.953882
   8   19    2.589413   0.866501    5.569448  21.456893
   8   20    2.465408   0.844570    4.330892   3.432574
   8   21    2.379468   0.896759   28.900488  13.128278
   8   22    2.297596   0.819400   35.883869  38.542001
   8   23    2.156869   0.816366   25.402497   1.278084
   8   24    2.030395   0.848844   22.672471  10.342705
   8   25    1.978515   0.841665   26.533343  25.606870
   8   26    1.888283   0.877026   31.785913  22.686357
   8   27    1.703795   0.868077   20.025295  23.537693
   8   28    1.620557   0.892277    6.680610  36.466938
   8   29    1.516085   0.844473    2.734509  11.939280
   8   30    1.435883   0.854607   21.258484  36.132373
   8   31    1.304097   0.887264   35.252653   5.290430
   8   32    1.247963   0.877832    8.735337  36.429494
   8   33    1.166702   0.860897   12.627568   2.762455
   8   34    1.052129   0.854271   26.384521  17.425580
   8   35    0.928971   0.890282   21.828964  31.891772
   8   36    0.887745   0.843998    4.155147   4.169963
   8   37    0.778170   0.825018   24.134204   7.960094
   8   38    0.623243   0.850341   23.328182  11.929568
   8   39    0.546311   0.845339   19.398273  15.894940
   8   40    0.429401   0.868663   40.787809  18.752517
   8   41    0.380628   0.885317   19.211119  25.448545
   8   42    0.282170   0.826399   15.149523  24.184270
   8   43    0.154930   0.850170   37.234598  10.608524
   8   44    0.058922   0.828926    2.900470   6.281078
   9    0    4.483335   0.921355   17.550320  40.638972
   9    1    4.361413   0.988023   15.871608  38.635828
   9    2    4.203192   0.975716    5.638760  22.846005
   9    3    4.115063   0.937550   25.775342  14.951695
   9    4    4.096307   0.993050    1.649053   6.107037
   9    5    3.957349   0.934382   27.206324  30.769292
   9    6    3.816675   0.990241   21.907967  19.398418
   9    7    3.738154   0.901762    7.417198  10.273374
   9    8    3.688908   0.999512   12.155596   1.001361
   9    9    3.511862   0.996913   19.345121  40.675398
   9   10    3.434472   0.903360    4.784392  31.761409
   9   11    3.304780   0.975099   33.778932   7.488622
   9   12    3.272508   0.949374   12.397196  19.721991
   9   13    3.192170   0.978267   17.220957  31.082682
   9   14    3.028734   0.994424    1.289021  33.647939
   9   15    2.916716   0.998004   23.911439   8.224940
   9   16    2.869318   0.969589   10.996377   9.400149
   9   17    2.724697   0.949730    3.647682  21.886174
   9   18    2.657073   0.914713   39.846992  35.817881
   9   19    2.587449   0.947884   31.444064  18.408529
   9   20    2.404507   0.904636   21.481878  25.710495
   9   21    2.313848   0.990337   40.743103   3.203922
   9   22    2.272421   0.977891   33.610692  12.755763
   9   23    2.144673   0.944314    8.801861  34.471449
   9   24    2.033718   0.983087    7.800474  26.547159
   9   25    1.951553   0.975851   21.042005  18.992605
   9   26    1.889976   0.978178    7.886858   5.727903
   9   27    1.742099   0.980109   10.565924  14.883492
   9   28    1.693080   0.953498   14.635921  33.094791
   9   29    1.598435   0.950850   29.705354  23.253466
   9   30    1.485817   0.900691   15.573934  36.750192
   9   31    1.348943   0.973960   22.383029  24.039999
   9   32    1.233845   0.916564   11.441280  37.825890
   9   33    1.192459   0.942088   29.231943  40.859843
   9   34    1.076825   0.913411   34.515929  37.997769
   9   35    0.960454   0.965334   11.830850  25.536900
   9   36    0.878732   0.905505   29.090874   8.955639
   9   37    0.715933   0.996356   28.078733  15.037515
   9   38    0.606496   0.955218   30.679029  11.187838
   9   39    0.547843   0.997345    7.644983  11.864198
   9   40    0.412116   0.991623   18.058123  30.885518
   9   41    0.326700   0.951043   24.596133  13.529144
   9   42    0.236268   0.959462   21.057216   1.466887
   9   43    0.140966   0.958295   23.714040   7.549167
   9   44    0.091151   0.916991   27.025502  30.166937
  10    0    4.434399   1.070587   27.684466  35.474042
  10    1    4.316975   1.077508   20.213136  40.333546
  10    2    4.212125   1.077602   14.249065  12.780505
  10    3    4.139948   1.081226   30.832886  26.516132
  10    4    4.077653   1.007041   25.577888  31.034519
  10    5    3.990024   1.091725    4.360474  22.128340
  10    6    3.804344   1.096789   16.533505   4.544692
  10    7    3.763907   1.034300   26.670519  18.411590
  10    8    3.633022   1.067934   24.161989  35.800068
  10    9    3.542913   1.032355   36.894084   8.621586
  10   10    3.422486   1.061277    7.660005   2.305812
  10   11    3.396325   1.052334   27.422863  22.805233
  10   12    3.261615   1.099644    6.231340  12.000631
  10   13    3.118700   1.037729   29.274121  26.230690
  10   14    3.080558   1.003644   11.660272  15.260074
  10   15    2.964377   1.098346   31.069575  38.478631
  10   16    2.874190   1.019492   33.093228  38.560189
  10   17    2.754028   1.022271   21.170427  30.398078
  10   18    2.673576   1.014087    3.434246  18.196292
  10   19    2.536591   1.094880   15.049869  32.575478
  10   20    2.470614   1.054736   39.923834  22.021949
  10   21    2.395322   1.041754   33.773419   1.661035
  10   22    2.217339   1.018766    5.884846  32.993576
  10   23    2.188912   1.060499   14.496496  19.841590
  10   24    2.084547   1.071696    6.283105  30.376348
  10   25    1.917758   1.070257   40.177738  27.944675
  10   26    1.874479   1.011751   26.664526   2.787476
  10   27    1.701482   1.087066   33.245609  34.103672
  10   28    1.639199   1.003193   33.194566   1.823149
  10   29    1.546622   1.028270    6.744893  37.609317
  10   30    1.460148   1.011263   10.939906  35.835834
  10   31    1.373229   1.059794   26.528764   1.518109
  10   32    1.295024   1.007520   28.196316  30.498863
  10   33    1.155659   1.026413    9.351163  17.783496
  10   34    1.095684   1.035911   36.580709   6.115597
  10   35    0.916388   1.046990    4.253282  15.121015
  10   36    0.845218   1.017130   29.769481   1.200759
  10   37    0.792039   1.014210   38.427006   2.513878
  10   38    0.653644   1.021647   28.179270  27.681827
  10   39    0.568048   1.011474   33.777258  40.210817
  10   40    0.489860   1.060266   12.550341  35.138700
  10   41    0.352525   1.048376   36.694214   5.263308
  10   42    0.212537   1.025116   36.306863   9.820178
  10   43    0.130855   1.020601   11.085442  10.094593
  10   44    0.094584   1.063721   24.732412  18.746066
  11    0    4.410471   1.120072    3.507083  40.288265
  11    1    4.314629   1.184119   18.413090  30.024079
  11    2    4.229955   1.156858   39.272242   1.729445
  11    3    4.114610   1.169929   39.064713  17.581002
  11    4    4.068256   1.105579    9.703823  27.426953
  11    5    3.995182   1.130896   27.774591  31.827868
  11    6    3.848316   1.155980   23.238117  30.790125
  11    7    3.740022   1.126606   28.852475  27.349261
  11    8    3.684752   1.129842   16.874486  24.829289
  11    9    3.526476   1.178920    6.899316   4.527135
  11   10    3.477504   1.124538   19.505593  15.694196
  11   11    3.393131   1.132131   30.366541   4.079861
  11   12    3.202454   1.157343    4.951637   4.160036
  11   13    3.194983   1.128912   31.792613  11.817529
  11   14    3.096059   1.113955   10.061161  30.115953
  11   15    2.983796   1.144868    3.067709   5.484843
  11   16    2.873865   1.149750    2.030036  32.806330
  11   17    2.705047   1.164778   23.491393   6.383262
  11   18    2.662550   1.152904   19.129298  13.520367
  11   19    2.503555   1.189646   29.052268   5.534345
  11   20    2.461752   1.154799   20.321569  17.620853
  11   21    2.377430   1.135178   33.272593  17.466577
  11   22    2.285431   1.165035   21.784873  39.248294
  11   23    2.114428   1.119589    3.124970  34.278268
  11   24    2.062889   1.115858   32.151687  14.731896
  11   25    1.986090   1.141416   17.942224  28.449419
  11   26    1.806819   1.123996   23.310181   9.684212
  11   27    1.763250   1.116497   14.905698  24.945772
  11   28    1.679879   1.116634    9.903597  39.951573
  11   29    1.551533   1.177367   31.611221  31.478567
  11   30    1.412272   1.122682   18.202852  18.037723
  11   31    1.327398   1.137993   34.376075  40.353850
  11   32    1.240685   1.100467   23.816452   4.313425
  11   33    1.184124   1.192145   10.364369  36.165469
  11   34    1.053713   1.158688   27.740896  26.270069
  11   35    0.972761   1.144629    2.272259  40.656238
  11   36    0.840462   1.128668    1.543810   9.270670
  11   37    0.745693   1.171195   16.228541  19.392034
  11   38    0.647584   1.162901   25.011115  38.696928
  11   39    0.579828   1.165155   36.730190   4.463909
  11   40    0.455311   1.167358    3.378574   6.086348
  11   41    0.372807   1.156543   16.846502  13.253638
  11   42    0.285347   1.123195    6.307159  40.798723
  11   43    0.168736   1.183162   37.589519  25.368391
  11   44    0.052559   1.117255   37.050711  33.946606
  12    0    4.480067   1.251879    7.262533  18.170576
  12    1    4.368443   1.280171   37.803450  22.769698
  12    2    4.229150   1.253293   19.762480  15.899176
  12    3    4.197173   1.225863    6.003951  21.328389
  12    4    4.036787   1.283197   10.226118  38.199233
  12    5    3.954820   1.296911   36.411238  17.337025
  12    6    3.835834   1.280227   37.073958  20.946455
  12    7    3.728926   1.246519   35.057762  25.152760
  12    8    3.685413   1.210677   21.419946  25.574198
  12    9    3.579132   1.229687   13.723037  11.381167
  12   10    3.405760   1.218645    7.978993  32.680438
  12   11    3.359910   1.233755   27.360810  32.255127
  12   12    3.245042   1.212533   16.018485  11.512602
  12   13    3.183724   1.251577    1.951686  40.888769
  12   14    3.027629   1.277372    4.563981   8.998506
  12   15    2.917022   1.289411   36.542187  17.703610
  12   16    2.818412   1.286506   22.983370  30.311895
  12   17    2.772516   1.205950   10.770299  28.769312
  12   18    2.669656   1.235910   16.237810   7.531442
  12   19    2.529017   1.298979    7.966631   4.496800
  12   20    2.495697   1.239725    3.501852  13.772347
  12   21    2.374884   1.291770   13.959330  15.066799
  12   22    2.246481   1.206550    9.519191  37.240000
  12   23    2.132746   1.222600   13.000015  39.172167
  12   24    2.023491   1.262633   39.974573   2.975492
  12   25    1.981655   1.207666   14.767024  39.097693
  12   26    1.801059   1.200281   35.326432  39.633047
  12   27    1.748194   1.230200   30.191321   7.856362
  12   28    1.682332   1.207673   31.958900  34.449788
  12   29    1.590332   1.206729    8.889503  23.046390
  12   30    1.432403   1.279687   25.175900  21.638546
  12   31    1.346907   1.295187   17.277385  27.288656
  12   32    1.291114   1.218453   25.474079  27.754731
  12   33    1.171639   1.238986   33.976717  16.549450
  12   34    1.075019   1.207046    7.695426  12.158617
  12   35    0.913441   1.286185   27.916636  35.348789
  12   36    0.831771   1.280072   32.074452  11.514675
  12   37    0.744520   1.283504   24.570536  11.799858
  12   38    0.610912   1.220825    6.858901   4.339930
  12   39    0.574429   1.221249   17.058091  15.620445
  12   40    0.462566   1.286337    4.096997  34.933610
  12   41    0.321673   1.297072    1.381216  28.702545
  12   42    0.270008   1.298776   13.348317  15.590680
  12   43    0.144876   1.274012   28.851856  20.521638
  12   44    0.063359   1.244546    2.489426   1.822150
  13    0    4.462761   1.331432   13.808493  19.612435
  13    1    4.349859   1.390845   30.449488   7.375394
  13    2    4.216297   1.346218   31.007381   7.533229
  13    3    4.131219   1.363563    3.625104  34.167971
  13    4    4.047381   1.395985   24.613555  33.186258
  13    5    3.960492   1.330081    5.887729  16.818823
  13    6    3.886297   1.346104   29.505712  33.056850
  13    7    3.719716   1.395871    1.511037  22.280964
  13    8    3.654912   1.367948   15.648152   6.879386
  13    9    3.575248   1.354765   31.009714  22.150159
  13   10    3.404224   1.337071   27.572009  38.433462
  13   11    3.390284   1.329322   31.795171  28.544337
  13   12    3.213358   1.376907    3.547071   7.618931
  13   13    3.143493   1.399951   38.717780  34.018844
  13   14    3.082470   1.346100    2.814554  32.653812
  13   15    2.918984   1.349269   33.979259  21.802934
  13   16    2.854280   1.315715   24.290249  30.184376
  13   17    2.796036   1.341623    1.562920  34.713201
  13   18    2.698066   1.346371    6.436528   6.292036
  13   19    2.577047   1.316804   38.243546  29.419999
  13   20    2.485945   1.354692   35.540766  32.826960
  13   21    2.349131   1.301677    1.402722  37.313154
  13   22    2.284155   1.353539   18.426778   1.193657
  13   23    2.178552   1.333783   13.289521   4.033659
  13   24    2.071777   1.361087   15.664959  19.659094
  13   25    1.987918   1.346929   32.030494  26.808277
  13   26    1.885963   1.300112    2.635846  10.449217
  13   27    1.763586   1.390363    1.606983  32.044355
  13   28    1.676248   1.350738   28.340922  29.345042
  13   29    1.585154   1.340344    6.181836  35.212425
  13   30    1.430872   1.377390   15.643500  33.184825
  13   31    1.360269   1.315732   18.571672  40.864485
  13   32    1.215295   1.323901   31.661633  19.624119
  13   33    1.186104   1.327703    8.324895  12.706198
  13   34    1.037216   1.359416   33.324019  18.700823
  13   35    0.943975   1.377757    1.779723  11.961501
  13   36    0.823384   1.362194   20.638959   7.197666
  13   37    0.765449   1.367902    4.640572   6.838489
  13   38    0.661389   1.348396    9.015480   4.489869
  13   39    0.587139   1.302236   27.025178  36.725714
  13   40    0.424328   1.388598   22.014789  32.511037
  13   41    0.337064   1.340086   31.598914  11.818358
  13   42    0.257901   1.306037    7.199302   2.665654
  13   43    0.167977   1.307468   17.326822   2.194060
  13   44    0.067966   1.317495   30.285547   8.961861
  14    0    4.472538   1.485825   14.537945  19.928493
  14    1    4.301958   1.460253   26.596293  39.333512
  14    2    4.281505   1.474834   21.410581  23.661068
  14    3    4.169818   1.446665   23.846340   6.065816
  14    4    4.059276   1.469533   17.651197  17.091505
  14    5    3.999215   1.401706   16.585449   1.434180
  14    6    3.871209   1.401103   28.053735  31.208282
  14    7    3.765818   1.468219   10.160969   6.111186
  14    8    3.604064   1.465334   16.790173  34.620297
  14    9    3.582272   1.409614   40.851758  35.591951
  14   10    3.474709   1.403161   12.697204   7.183403
  14   11    3.369242   1.400412   18.864088  23.833421
  14   12    3.262942   1.403580   16.488010  19.183773
  14   13    3.168556   1.471302   32.169260  13.498468
  14   14    3.051806   1.470865    2.732142  21.660372
  14   15    2.991931   1.467280   11.701729   8.640979
  14   16    2.853250   1.435212   22.610575  13.019124
  14   17    2.729169   1.484926   32.225607  28.363418
  14   18    2.638244   1.488724   37.867104  22.911672
  14   19    2.566931   1.478076    8.216458  38.923683
  14   20    2.478702   1.497192   32.041259  26.421949
  14   21    2.393340   1.459848   20.394380  16.963364
  14   22    2.243561   1.472114   31.982028  29.924081
  14   23    2.184646   1.483439   16.083415   7.974846
  14   24    2.073355   1.487182   10.805709  34.545459
  14   25    1.988062   1.454088    5.361409  11.819981
  14   26    1.886388   1.488734   32.875280  23.989136
  14   27    1.729623   1.410253    5.003480  11.058419
  14   28    1.645324   1.480689    2.042753  20.540006
  14   29    1.587548   1.413335   23.511348  18.038926
  14   30    1.435548   1.460993   26.310018   6.399547
  14   31    1.380075   1.402158   13.059814  13.152407
  14   32    1.276106   1.448879   35.227766  37.064204
  14   33    1.122103   1.400943   17.980750  39.340608
  14   34    1.000321   1.470038   40.766125  19.282828
  14   35    0.907251   1.417655    4.444033  26.899803
  14   36    0.806378   1.460251   38.054726  28.198873
  14   37    0.771015   1.433382   22.283899  27.814103
  14   38    0.688233   1.407141   39.303952  16.603377
  14   39    0.586759   1.462767   27.458265  40.298293
  14   40    0.414115   1.474391    2.383213   3.795073
  14   41    0.339092   1.460595    2.417648  21.925464
  14   42    0.223726   1.443112   14.946133   2.364267
  14   43    0.108965   1.460200   31.699325  23.659982
  14   44    0.065902   1.460995   25.656602   8.287463
  15    0    4.491441   1.555709    1.351506  27.311671
  15    1    4.396072   1.511483   35.983716  23.039992
  15    2    4.250556   1.581967   33.331280  35.372387
  15    3    4.197286   1.502375   19.197688  16.004247
  15    4    4.096103   1.503556   39.809232   4.891479
  15    5    3.979881   1.526139   37.612856  11.271420
  15    6    3.844392   1.597424    7.352633  15.991948
  15    7    3.753043   1.562640    4.788015  15.004949
  15    8    3.699151   1.502456   37.248185  20.824411
  15    9    3.546585   1.579098    6.308326   7.854207
  15   10    3.459762   1.513662   15.764396  30.201317
  15   11    3.393200   1.531763   10.937137  31.477271
  15   12    3.231863   1.518719   26.942668  22.849145
  15   13    3.160225   1.589169   13.340102  19.051913
  15   14    3.080123   1.510228   10.545285   6.161654
  15   15    2.945690   1.577741   30.248074  16.724286
  15   16    2.824579   1.558315   29.077541  37.532542
  15   17    2.725926   1.597158    3.839252  16.265076
  15   18    2.640474   1.595112   40.340295  31.791204
  15   19    2.561486   1.565034   29.285210   8.773206
  15   20    2.476849   1.545164   35.758326  32.960576
  15   21    2.334413   1.528350   17.819400  35.087496
  15   22    2.261437   1.533952   39.768904  37.501385
  15   23    2.103085   1.522507   12.350881  30.636990
  15   24    2.008488   1.520502   11.844069  21.402402
  15   25    1.920922   1.567957    9.560003  20.780975
  15   26    1.892180   1.529426   30.259159  24.921653
  15   27    1.772182   1.569068   30.576904  37.260029
  15   28    1.691132   1.502781   25.509209  26.478819
  15   29    1.531863   1.520240    1.757696  37.199758
  15   30    1.449269   1.552767   11.313886  11.144379
  15   31    1.357424   1.530196   37.737301  33.179163
  15   32    1.234928   1.572545   32.440698  29.366381
  15   33    1.167612   1.547009   40.851954  26.195942
  15   34    1.013586   1.554368   31.115283  28.021001
  15   35    0.958070   1.503586   24.188456  12.931284
  15   36    0.879946   1.571738    7.576626  18.568402
  15   37    0.744770   1.506199   29.931315  34.537084
  15   38    0.622394   1.505413   15.374141   6.040692
  15   39    0.514441   1.557085   30.342977  26.238766
  15   40    0.416929   1.531911    8.292597  37.784101
  15   41    0.396262   1.536230    5.626428  35.367266
  15   42    0.268679   1.547507   23.329939  22.322804
  15   43    0.151005   1.567153   11.083482  40.003982
  15   44    0.037000   1.570760    2.942114  16.407148
  16    0    4.402625   1.656855   35.396160   1.242873
  16    1    4.394865   1.652247    9.808078   2.254321
  16    2    4.212970   1.631022   12.522597  39.144146
  16    3    4.184919   1.621459   28.657216  17.184848
  16    4    4.022863   1.682192    1.613024  15.774321
  16    5    3.943021   1.617682   22.240483  14.303590
  16    6    3.852223   1.610775   12.515374  18.297749
  16    7    3.765515   1.684247   12.315615  25.569228
  16    8    3.668200   1.666653   28.854172  20.904999
  16    9    3.598667   1.653633   11.555843  27.541569
  16   10    3.493502   1.692552   26.330416   6.433812
  16   11    3.327888   1.614711   38.580592  15.291256
  16   12    3.237120   1.629462   40.804202   6.858659
  16   13    3.140280   1.632802    5.845721  11.401845
  16   14    3.086634   1.669062    8.885938  36.395232
  16   15    2.927004   1.688219   18.919896  34.689470
  16   16    2.805030   1.628478   23.176034  21.786524
  16   17    2.781623   1.609651    5.712802  27.210669
  16   18    2.625718   1.678630   14.957018  21.407458
  16   19    2.537280   1.604968    5.509894  28.324235
  16   20    2.436920   1.679013   19.056105  28.145344
  16   21    2.368995   1.633973   10.207514  11.018264
  16   22    2.291102   1.658972    8.760291  30.583744
  16   23    2.167781   1.625084    3.931226  38.408912
  16   24    2.066373   1.638358   13.080123   2.837662
  16   25    1.970519   1.611139   32.259281  37.262650
  16   26    1.845012   1.698897    4.322337  25.458242
  16   27    1.703623   1.648239   28.562220  40.589154
  16   28    1.659285   1.601717   30.845646   8.145540
  16   29    1.569572   1.685952   12.508648  22.797240
  16   30    1.486706   1.696143   28.038002   9.578168
  16   31    1.373207   1.677236   34.576298  38.601612
  16   32    1.255656   1.680246   29.967720  10.488988
  16   33    1.149472   1.652065   30.446549  40.813456
  16   34    1.047992   1.654551    4.824924  33.186308
  16   35    0.915886   1.630007   10.449650  12.343274
  16   36    0.857811   1.656915    9.183837  34.040352
  16   37    0.731523   1.613930   21.766937  24.189612
  16   38    0.684989   1.678784   39.280484  25.025102
  16   39    0.599668   1.689488    4.885403   3.882704
  16   40    0.408407   1.640877   11.914460   6.225907
  16   41    0.303535   1.653216   20.839057   7.797318
  16   42    0.296973   1.649782   13.247463  33.293563
  16   43    0.113580   1.605820   32.060545  35.944427
  16   44    0.076592   1.666065   30.685364  22.145911
  17    0    4.450927   1.776646   37.205589  29.296655
  17    1    4.378186   1.789166   31.194634  27.788269
  17    2    4.234288   1.790323    9.101855   7.397704
  17    3    4.145668   1.704707   28.818041   4.944361
  17    4    4.077522   1.747230    5.012923  17.951367
  17    5    3.983448   1.745795   14.818542  25.259702
  17    6    3.841588   1.765709    9.697090  40.280953
  17    7    3.770625   1.791469   25.794424  29.159713
  17    8    3.678138   1.725819   14.279815  10.995327
  17    9    3.563444   1.762671   38.272733  30.015157
  17   10    3.432381   1.761977    7.747665   2.893066
  17   11    3.348897   1.778928    2.702177  24.087797
  17   12    3.200090   1.774949    2.910669   7.081513
  17   13    3.100546   1.707405    5.430668  11.799485
  17   14    3.057731   1.772441   14.969099  23.482873
  17   15    2.922705   1.770075   34.166800  24.188206
  17   16    2.805716   1.701924   18.359695  16.344765
  17   17    2.751019   1.774435   40.588581  32.984925
  17   18    2.682629   1.709355    6.345460  19.067990
  17   19    2.506347   1.798559   23.176804  23.565376
  17   20    2.423029   1.743094    7.852205  36.609554
  17   21    2.374477   1.792214   14.014532   7.101259
  17   22    2.243063   1.723585   37.344062  33.914328
  17   23    2.106794   1.752361   25.208196  21.555631
  17   24    2.046603   1.716278   26.069281  15.274024
  17   25    1.906459   1.793558   33.749893  20.737554
  17   26    1.850002   1.777767    6.796666  32.207479
  17   27    1.780941   1.761621   38.054535  16.451436
  17   28    1.625812   1.793282   39.202070  26.401551
  17   29    1.504955   1.732364   25.069534  40.846737
  17   30    1.464913   1.787427    9.353442  39.447259
  17   31    1.347891   1.796297   23.768809  34.394104
  17   32    1.252523   1.769473   34.281967  22.551075
  17   33    1.176778   1.754900    9.006942  39.484245
  17   34    1.046408   1.769498   31.415923  17.096642
  17   35    0.949617   1.744385   19.123365  10.466208
  17   36    0.835359   1.732358   32.692914  10.877446
  17   37    0.764610   1.758868   21.350543  18.012019
  17   38    0.642646   1.762695   34.455226  25.016335
  17   39    0.528367   1.766381   40.994169  29.014959
  17   40    0.422627   1.756120   16.772094  33.033047
  17   41    0.350605   1.798448   23.517450  22.799069
  17   42    0.279078   1.709202   39.621763  36.216256
  17   43    0.164170   1.746700   23.075625  40.237778
  17   44    0.011047   1.774064   28.405236  18.401931
  18    0    4.407386   1.818520    6.710919  14.449874
  18    1    4.366170   1.812120   37.552722  18.455141
  18    2    4.290800   1.887756   30.332212  20.061336
  18    3    4.152362   1.805932   28.522816  30.197725
  18    4    4.002322   1.826270   20.767732  22.591870
  18    5    3.926688   1.808130   37.283534  27.219568
  18    6    3.883570   1.817398    7.593188  30.345297
  18    7    3.744954   1.842031   36.403371  33.956565
  18    8    3.635917   1.833385   29.101780  28.253259
  18    9    3.517173   1.819828   18.169611  24.613604
  18   10    3.487288   1.805409    8.696612   6.442015
  18   11    3.372581   1.811133   37.690207   7.956287
  18   12    3.270189   1.827036   21.150086  25.862413
  18   13    3.193210   1.877178   38.724573  28.690357
  18   14    3.027770   1.809778   22.588926  29.143446
  18   15    2.927326   1.884102   40.027723  25.093147
  18   16    2.877893   1.852861   23.727518   6.900097
  18   17    2.743093   1.822550    6.281241   7.756675
  18   18    2.625241   1.898437    2.786362   8.046507
  18   19    2.528887   1.890191   25.223625  25.747306
  18   20    2.418445   1.818129   22.696440  17.235786
  18   21    2.389506   1.838771   21.381628  24.182233
  18   22    2.202995   1.817170   36.604410  33.368149
  18   23    2.127297   1.847980   36.843258  11.168334
  18   24    2.021409   1.848326   16.357567  10.179303
  18   25    1.933824   1.864673   20.802181  22.244267
  18   26    1.859673   1.899405   40.561603  23.241389
  18   27    1.751209   1.837884   12.142325  36.911989
  18   28    1.633405   1.855323   31.968241  27.279050
  18   29    1.592644   1.887569   13.120536  24.539201
  18   30    1.448516   1.838575   18.363871  23.523537
  18   31    1.338826   1.868209   17.244232  35.859508
  18   32    1.259298   1.800362   26.794421   8.898059
  18   33    1.151157   1.827111   10.730016  31.492427
  18   34    1.081958   1.868772    7.875706   7.147897
  18   35    0.963612   1.811690   34.468314  30.350673
  18   36    0.803529   1.860048    5.102598  26.599137
  18   37    0.732964   1.850005   12.208144   8.497463
  18   38    0.654907   1.824380   13.484402  30.050158
  18   39    0.541877   1.814478   20.715185  22.961896
  18   40    0.492445   1.828551   12.497905  19.370337
  18   41    0.360956   1.880002   38.945398  35.215775
  18   42    0.255089   1.874399   30.263599  10.700758
  18   43    0.184346   1.804513    5.815471  25.460569
  18   44    0.033486   1.814227   39.014675   5.722006
  19    0    4.458860   1.992651   39.940482  21.568477
  19    1    4.303794   1.952159   36.342411  10.274442
  19    2    4.228835   1.951258    9.748172  15.466940
  19    3    4.142094   1.913856   32.365684  33.686678
  19    4    4.018063   1.909242    8.668342   4.951185
  19    5    3.945408   1.926133   39.886350  20.488283
  19    6    3.866124   1.953725    7.634901  20.354755
  19    7    3.742196   1.972696   32.756335  20.753037
  19    8    3.629317   1.929410   25.927190  13.203263
  19    9    3.579073   1.982545   37.096332  36.139412
  19   10    3.446151   1.958761   21.416251  17.921918
  19   11    3.321130   1.963576   10.670040   5.765217
  19   12    3.253948   1.966839   32.570779   7.862712
  19   13    3.100830   1.915476   27.631993  39.373700
  19   14    3.026635   1.936544   27.116548  33.362423
  19   15    2.994858   1.943198   39.031032  24.818686
  19   16    2.884163   1.977534   26.032188  32.237957
  19   17    2.799630   1.945183    3.865573  12.716651
  19   18    2.601223   1.965233   16.603221  22.070808
  19   19    2.514349   1.968886    1.150882  33.183956
  19   20    2.417078   1.995098   24.545352  18.827777
  19   21    2.325542   1.910318   40.372614  27.897747
  19   22    2.219296   1.901741    2.747061  17.810370
  19   23    2.118962   1.983957    5.864950  25.289382
  19   24    2.042067   1.912479   32.970604  40.620624
  19   25    1.923535   1.904761   20.065728  27.499509
  19   26    1.884514   1.940571    6.889605  35.776411
  19   27    1.717717   1.904942   11.265021  34.794289
  19   28    1.616039   1.974637   14.130466  40.804599
  19   29    1.501195   1.954766   23.377677   6.462506
  19   30    1.494235   1.987673   37.523899  30.085744
  19   31    1.354289   1.968831    8.434400  26.783681
  19   32    1.276270   1.971579   39.561945   5.419309
  19   33    1.173720   1.957121   16.900026  30.477572
  19   34    1.056900   1.901274   39.094890  15.223721
  19   35    0.986605   1.923578    6.591680  24.115782
  19   36    0.815374   1.946226    3.591584  33.480877
  19   37    0.704576   1.924036    7.883604  18.296490
  19   38    0.699505   1.976641   39.825696  30.980036
  19   39    0.586888   1.970041   31.049463  19.953663
  19   40    0.418046   1.956552   14.639519   9.111345
  19   41    0.335147   1.905443    1.007040  24.992370
  19   42    0.252258   1.976713   17.476009  40.404540
  19   43    0.143014   1.988574   35.394267  38.512193
  19   44    0.034169   1.956458   27.658782  30.203718
  20    0    4.471764   2.084432   23.819608  13.200988
  20    1    4.372541   2.035581   11.938872  20.314329
  20    2    4.217044   2.008479   39.293878  36.051584
  20    3    4.137903   2.084832   11.616116  38.153909
  20    4    4.073454   2.066511   17.264642  29.374341
  20    5    3.945283   2.086737   23.582084  33.883351
  20    6    3.891783   2.003501   13.338390  24.148753
  20    7    3.797367   2.077244   35.920541  23.190822
  20    8    3.658773   2.008400   37.689769  32.077644
  20    9    3.571844   2.093080    6.240492   4.845784
  20   10    3.411230   2.021596    2.321188   7.277778
  20   11    3.354514   2.039734   29.705923  29.835833
  20   12    3.225092   2.057059   26.750204  29.361046
  20   13    3.134541   2.080603   33.765403   2.844434
  20   14    3.095781   2.082149   28.366125  16.730683
  20   15    2.989818   2.049143   17.873799  37.022914
  20   16    2.848677   2.094659   15.611367  32.237299
  20   17    2.798900   2.002726    9.037381  19.455395
  20   18    2.688037   2.098866    5.307133  12.909803
  20   19    2.521380   2.069442    7.802703  37.410655
  20   20    2.408943   2.010189   39.857059  21.296631
  20   21    2.390761   2.087236   14.348666  24.420239
  20   22    2.260084   2.011529   25.726534  38.022980
  20   23    2.163060   2.098513   30.630250  10.417423
  20   24    2.055220   2.043414   11.509462  13.490082
  20   25    1.960339   2.042772   12.061482  21.616971
  20   26    1.888097   2.034826   32.058289  11.212847
  20   27    1.741240   2.084828   11.014220  13.510927
  20   28    1.609417   2.071873    4.567201   6.112539
  20   29    1.520352   2.026818   14.448463  34.301001
  20   30    1.475136   2.057454   13.162433   8.151434
  20   31    1.344844   2.078493   29.278895  26.283415
  20   32    1.272911   2.036641   20.467722  25.016740
  20   33    1.120321   2.002149   11.621469  39.147390
  20   34    1.077983   2.049701   37.776965  37.131371
  20   35    0.958200   2.006095   29.852907  31.843775
  20   36    0.881048   2.027530   29.880243  34.089472
  20   37    0.794162   2.033699   36.455018  38.625613
  20   38    0.668893   2.062704    6.253410  13.684907
  20   39    0.501379   2.083815   39.904834  30.057776
  20   40    0.423603   2.073459   17.235507  33.021235
  20   41    0.393163   2.002785   35.410609  31.238090
  20   42    0.238099   2.027599   11.982343   5.762019
  20   43    0.177602   2.008256   12.082797   7.167703
  20   44    0.024557   2.008680    4.398621  40.400608
  21    0    4.491471   2.140648   24.168168   9.153742
  21    1    4.317955   2.187755   13.915088  31.498857
  21    2    4.202326   2.189440   15.264322  16.322640
  21    3    4.149556   2.110570   39.891194  29.164575
  21    4    4.026193   2.108272   16.970872   2.767809
  21    5    3.984550   2.122292   11.587871  21.607760
  21    6    3.863634   2.115432   27.222691  13.550647
  21    7    3.784410   2.129683   30.069051  11.436057
  21    8    3.609214   2.174418   28.589606   1.719198
  21    9    3.567679   2.144103    4.054650   8.420116
  21   10    3.438516   2.163028   33.116063  23.704076
  21   11    3.302985   2.157784   18.661761  39.779903
  21   12    3.222849   2.168845   17.813293  31.896587
  21   13    3.175001   2.180565   24.134905  13.613293
  21   14    3.064666   2.193987   23.705585  20.909289
  21   15    2.917861   2.104546   11.080230  21.908582
  21   16    2.886441   2.112650   11.371360  37.964558
  21   17    2.711276   2.170153   29.382601  36.652911
  21   18    2.642404   2.101228   17.208763  38.052015
  21   19    2.582094   2.178623    9.898614  15.868840
  21   20    2.456000   2.152700   17.194580  30.941001
  21   21    2.348513   2.133156    1.182605  35.981693
  21   22    2.216321   2.194481   38.694342  29.829605
  21   23    2.185471   2.193814   17.916795   2.740557
  21   24    2.094012   2.152098   25.920538  10.357029
  21   25    1.977898   2.199697   13.380787   4.986145
  21   26    1.861266   2.139804   40.924926  23.901432
  21   27    1.763587   2.145995   15.209672  23.879066
  21   28    1.621510   2.113636    9.549983  20.530669
  21   29    1.549373   2.103264    1.854071  14.772320
  21   30    1.472285   2.192462   40.553618  24.668678
  21   31    1.313122   2.131544    6.569525  19.732178
  21   32    1.239526   2.138191   36.160307  30.485570
  21   33    1.179701   2.172956   16.426664  25.781916
  21   34    1.033115   2.187584   33.580901  24.214780
  21   35    0.981675   2.102954    5.747690  37.263162
  21   36    0.882034   2.145022   29.582398  17.045985
  21   37    0.784902   2.182637   26.538742  40.279958
  21   38    0.612848   2.178078   23.978034   4.937753
  21   39    0.575506   2.182342   32.901800   3.010933
  21   40    0.437483   2.105910   32.947132  40.639262
  21   41    0.367898   2.140217    2.073814  17.745299
  21   42    0.215369   2.134240   29.383187  28.405672
  21   43    0.103558   2.178538   11.654846  28.818697
  21   44    0.051047   2.170100    5.007732  33.337119
  22    0    4.467246   2.225244   40.751036  25.195224
  22    1    4.381183   2.244521   17.776600  34.966542
  22    2    4.251105   2.278495   22.172302  27.262306
  22    3    4.194682   2.282006   28.144264  28.666925
  22    4    4.047797   2.208034    3.488712  24.475366
  22    5    3.916237   2.281895   19.040975  28.643810
  22    6    3.851396   2.208678   16.663566  23.809565
  22    7    3.767111   2.218610   16.956512  12.724260
  22    8    3.689160   2.208516    9.145241  28.546216
  22    9    3.597349   2.225296   25.313390  11.848781
  22   10    3.498650   2.287173   33.713971   2.741749
  22   11    3.360850   2.298538   26.351474  26.117989
  22   12    3.202818   2.278016   30.043747   8.797463
  22   13    3.178850   2.250558   24.034952   4.441166
  22   14    3.020761   2.212194   37.853608  13.868575
  22   15    2.908370   2.239742   28.031749  36.279109
  22   16    2.883763   2.212172   39.686660  25.421411
  22   17    2.700047   2.230326   37.604465  11.669038
  22   18    2.605071   2.257706   40.769214  37.067886
  22   19    2.594515   2.267745   34.291040  29.664612
  22   20    2.477501   2.228188   14.066484  22.876737
  22   21    2.368125   2.207387   13.542347  15.519419
  22   22    2.245577   2.271861   10.565388  31.681286
  22   23    2.197287   2.201422   18.023047  23.387623
  22   24    2.018293   2.264623   17.979004  22.473820
  22   25    1.966089   2.230871   19.071047  34.010771
  22   26    1.854923   2.298947    5.481355   7.796985
  22   27    1.794098   2.268237    7.849983  25.805050
  22   28    1.669492   2.286933   17.745189  14.112911
  22   29    1.510357   2.269780    4.018229  22.958629
  22   30    1.459543   2.270562   18.469563   6.451098
  22   31    1.345609   2.225923   27.276968  25.594010
  22   32    1.271830   2.206949   31.748032  19.206383
  22   33    1.157618   2.243291    5.948942   4.745629
  22   34    1.071306   2.236707   29.042340   5.778661
  22   35    0.944253   2.292526   36.778555  18.848274
  22   36    0.880519   2.249511   40.190588   6.816308
  22   37    0.735555   2.232296    1.433060  18.627177
  22   38    0.604039   2.232509    8.792863  20.145587
  22   39    0.589570   2.211801    7.723636  13.725974
  22   40    0.447020   2.224456    5.481444  35.038623
  22   41    0.347055   2.261624   17.354215  17.104016
  22   42    0.278260   2.201270   36.996699  29.292848
  22   43    0.127436   2.205876   27.044973   2.179842
  22   44    0.076349   2.287156    4.653891  39.665126
  23    0    4.472503   2.367401    6.166490   2.892939
  23    1    4.332517   2.319551   12.700164  24.524095
  23    2    4.265329   2.392167   21.559608  18.301207
  23    3    4.165768   2.395819    5.225027  22.154547
  23    4    4.069779   2.389003   39.005113  31.026891
  23    5    3.934651   2.394988   19.701742  28.968005
  23    6    3.850707   2.366484   20.846406  12.809018
  23    7    3.705730   2.398752   25.901059  38.943965
  23    8    3.646561   2.350047   20.557406  30.615722
  23    9    3.561379   2.332554   10.832825  38.946567
  23   10    3.474637   2.379278    7.586976   3.215134
  23   11    3.398929   2.309789   33.535043   4.131793
  23   12    3.254547   2.317890   19.600240  10.798829
  23   13    3.189537   2.389953    7.944019   3.480585
  23   14    3.037767   2.356992   14.276214   9.197138
  23   15    2.928319   2.355085   17.743317   7.563603
  23   16    2.830202   2.356070   39.110235  25.420946
  23   17    2.717337   2.367865   24.003265   8.963638
  23   18    2.690748   2.345462   15.208736  12.709909
  23   19    2.579969   2.399488   14.586874  20.352032
  23   20    2.481645   2.309151   19.852979  40.962327
  23   21    2.309023   2.305742    3.712027   6.035742
  23   22    2.236234   2.377322   12.647429  32.367232
  23   23    2.101591   2.385678   20.723927  29.862019
  23   24    2.096276   2.384429    1.357487  22.254573
  23   25    1.931253   2.378847    9.045795  25.687974
  23   26    1.854550   2.390371    6.080393  11.624656
  23   27    1.752627   2.344285   29.439915  16.192621
  23   28    1.618769   2.319945   14.182169  40.513357
  23   29    1.524596   2.317252    6.125159   1.629298
  23   30    1.490146   2.348843   23.472497  30.294892
  23   31    1.376735   2.358196   29.961202  32.186669
  23   32    1.224015   2.353260    7.378556  18.219289
  23   33    1.128476   2.392495   19.823694   5.946855
  23   34    1.010948   2.344556    3.417829  38.926965
  23   35    0.902544   2.389235   21.458715  18.999499
  23   36    0.884653   2.330452    5.059024  15.378179
  23   37    0.752948   2.342598   32.518914  35.090953
  23   38    0.627706   2.379864    7.099261   5.580394
  23   39    0.553534   2.300438   23.147776  39.258015
  23   40    0.407771   2.319770   15.974772  11.691939
  23   41    0.365648   2.331139   13.392544  13.216018
  23   42    0.235466   2.359384    8.961407  14.525636
  23   43    0.122894   2.332114   31.890372  19.841340
  23   44    0.090415   2.319426   30.010310  29.171391
  24    0    4.437279   2.461104   34.686352   9.908751
  24    1    4.314253   2.442455    5.003196  26.402060
  24    2    4.244231   2.414902    8.706119  26.314294
  24    3    4.118485   2.473949    5.500695   9.722205
  24    4    4.064005   2.489205    1.319806  39.334741
  24    5    3.901093   2.433262   27.596337  19.364673
  24    6    3.863979   2.428021   25.598171  21.044953
  24    7    3.708652   2.438574    1.277771  32.235242
  24    8    3.660089   2.411362   10.275794  17.834790
  24    9    3.520474   2.410600   25.735901  40.750885
  24   10    3.496373   2.435927   34.100308  27.037548
  24   11    3.367895   2.456115   17.351668  23.712537
  24   12    3.289159   2.415076    6.160655  27.002185
  24   13    3.135357   2.424212   19.629288  28.798528
  24   14    3.016833   2.461563    6.951482  29.511933
  24   15    2.920261   2.435765   38.133797   8.960182
  24   16    2.877449   2.419370    9.344785  39.272187
  24   17    2.755849   2.409674   28.529828  33.946402
  24   18    2.624648   2.479420   14.304040  37.260898
  24   19    2.525476   2.448290   22.107611  33.379341
  24   20    2.427366   2.448018    3.090055  33.054975
  24   21    2.317641   2.498757   40.721247  39.248594
  24   22    2.280785   2.436611    5.871899  15.816558
  24   23    2.188995   2.477065   31.853353  23.386674
  24   24    2.024766   2.406755   16.070292  34.443291
  24   25    1.917329   2.427246   24.559275  29.433803
  24   26    1.801702   2.435150   40.424904  14.457071
  24   27    1.738115   2.489398   28.333075  18.995401
  24   28    1.608273   2.460185   26.691089  32.526047
  24   29    1.566723   2.467141   29.476628   8.140953
  24   30    1.465025   2.433648   34.035635  19.084946
  24   31    1.313757   2.417606   23.342150  23.088250
  24   32    1.244019   2.429067    5.615163   5.339142
  24   33    1.103248   2.435218   35.857617  32.862306
  24   34    1.057938   2.451632   28.484897  33.008173
  24   35    0.902519   2.464293   14.033539   1.913569
  24   36    0.824155   2.453709   22.899546  23.484728
  24   37    0.768561   2.454882   22.688640  27.125364
  24   38    0.674149   2.484679   31.232161  17.655447
  24   39    0.508624   2.471276   13.421069  21.335814
  24   40    0.482491   2.494153   36.150831   8.450189
  24   41    0.342472   2.473285   11.890798  19.444775
  24   42    0.240303   2.463581    8.357189  15.256714
  24   43    0.140358   2.416621   20.767956  33.371693
  24   44    0.095636   2.462861   26.104742  12.658077
  25    0    4.494305   2.560644   18.240894  28.575515
  25    1    4.327681   2.515732   21.879103  25.520302
  25    2    4.260612   2.529239   25.766837  37.543200
  25    3    4.112980   2.510610   36.036268  18.278250
  25    4    4.088779   2.543727    3.787060  24.598591
  25    5    3.980060   2.511948   32.859145  18.337887
  25    6    3.826145   2.535498   30.417556  31.578798
  25    7    3.733894   2.511292    1.406607  21.833474
  25    8    3.658547   2.550446   25.665262   5.370509
  25    9    3.563591   2.506927   21.693381  34.548536
  25   10    3.415165   2.577289    2.508949  15.993984
  25   11    3.325494   2.516320   26.153191  21.629727
  25   12    3.230476   2.567526   16.222936  37.867768
  25   13    3.119542   2.506532    7.001591  16.793089
  25   14    3.017846   2.566029    4.610891   7.082519
  25   15    2.949342   2.574356   12.029011  15.042458
  25   16    2.867803   2.538189    4.355996   3.957614
  25   17    2.775790   2.520132   34.518605  22.490113
  25   18    2.639389   2.562021   32.482840  22.849533
  25   19    2.540430   2.537051   37.397520   2.690064
  25   20    2.465250   2.551813   36.965482  40.126325
  25   21    2.347891   2.581172   17.394328  40.964700
  25   22    2.240229   2.593647   26.805139  16.417784
  25   23    2.156812   2.596505   11.889347   6.525811
  25   24    2.009232   2.502522   29.440079  30.696254
  25   25    1.935612   2.544193   39.308712   6.761335
  25   26    1.813013   2.555841   12.139315  21.438314
  25   27    1.793245   2.525152   23.327078  38.879468
  25   28    1.690251   2.518648   24.070767   4.062902
  25   29    1.595778   2.591513   21.807906  11.172107
  25   30    1.470941   2.552285    7.023646  24.036742
  25   31    1.327201   2.513768    3.324357   9.479900
  25   32    1.229589   2.590032   25.303848  11.483254
  25   33    1.147279   2.507739   27.267865   4.011492
  25   34    1.097090   2.570800   39.110216   5.826455
  25   35    0.940598   2.528314   27.965548   7.489863
  25   36    0.857414   2.545114   30.738606  37.946634
  25   37    0.739119   2.505359   38.891636   7.668978
  25   38    0.679328   2.506369    9.249732  12.519947
  25   39    0.535621   2.531303   19.972217   5.584263
  25   40    0.454407   2.554754    6.775844  24.659336
  25   41    0.387350   2.509571   29.146593  35.470763
  25   42    0.230427   2.571252   38.430348  32.669545
  25   43    0.137988   2.538413   28.762679   3.103111
  25   44    0.044010   2.564756    7.823547  12.674265
  26    0    4.461758   2.635594   18.047861  36.381790
  26    1    4.367981   2.656647   21.476734   1.068789
  26    2    4.256020   2.606030   34.810864  35.310448
  26    3    4.197422   2.684026    7.965931  27.196859
  26    4    4.078158   2.616626   32.694182  38.079365
  26    5    3.903751   2.635347    1.415655  11.345697
  26    6    3.838872   2.670435   34.710742   5.790468
  26    7    3.788435   2.680338   24.002110  12.098520
  26    8    3.627153   2.665686    9.462472  30.429603
  26    9    3.567023   2.619845   28.414307  32.279178
  26   10    3.452294   2.684342   13.352576  29.012100
  26   11    3.310228   2.660652   38.760655  14.168819
  26   12    3.245227   2.679518   10.267319  21.397957
  26   13    3.161614   2.615347   17.197644  32.369847
  26   14    3.065265   2.621472   19.617231  20.093300
  26   15    2.941232   2.637929    3.596270  26.637723
  26   16    2.809027   2.617772   14.291675  27.425084
  26   17    2.731123   2.632143    6.850974  27.196471
  26   18    2.615881   2.644894   11.994805  38.796298
  26   19    2.522163   2.611414    8.974855  31.499086
  26   20    2.408677   2.615663   36.594985  10.299285
  26   21    2.382027   2.646776   36.914052  14.089320
  26   22    2.299830   2.659803   30.533823  24.785049
  26   23    2.181348   2.612322    2.053195  30.166666
  26   24    2.031021   2.613312   15.005011  22.556786
  26   25    1.989254   2.626491   23.672924   8.651657
  26   26    1.899841   2.696470   21.527252  11.176147
  26   27    1.720438   2.691894   40.159525  21.993904
  26   28    1.658609   2.609971   36.699596  33.441088
  26   29    1.583826   2.656388   30.555780   7.660628
  26   30    1.449445   2.694045   11.341579  33.414440
  26   31    1.347628   2.653772   39.081230  20.188730
  26   32    1.265322   2.676332    5.884621  37.452669
  26   33    1.197179   2.633745   16.539060  32.878788
  26   34    1.099417   2.680925   15.795203  40.504609
  26   35    0.920491   2.657637   25.065922   4.654634
  26   36    0.864478   2.683131   23.974398  17.520244
  26   37    0.711784   2.618974   36.470060  20.307532
  26   38    0.630262   2.672392    1.492401   5.629947
  26   39    0.535533   2.646076   29.442140   1.289254
  26   40    0.440275   2.629239    3.680765  24.824880
  26   41    0.342668   2.657634   37.212298   9.413661
  26   42    0.229087   2.631214   25.519104   3.189598
  26   43    0.176580   2.671631   14.765935   7.271744
  26   44    0.068450   2.677458    8.417108   7.308173
  27    0    4.449442   2.712991    3.519879  16.860348
  27    1    4.324246   2.761927    9.906740  29.285505
  27    2    4.209107   2.725965   31.399586  11.870149
  27    3    4.106983   2.731211   18.423589  28.895774
  27    4    4.053459   2.773550   17.547117  29.273748
  27    5    3.946091   2.734487   17.270395  32.690312
  27    6    3.882614   2.798127   13.428688  12.300059
  27    7    3.712742   2.710334   35.019806  11.467485
  27    8    3.609689   2.725022    5.899657  39.576500
  27    9    3.557201   2.758007   24.027543  33.327475
  27   10    3.478168   2.713839   32.823872  14.165775
  27   11    3.314891   2.709177    4.391145  21.605192
  27   12    3.257948   2.701181   38.133357  21.419379
  27   13    3.170451   2.750271   37.603586  15.294827
  27   14    3.013209   2.732780   40.753406  16.015252
  27   15    2.950950   2.745214   12.315078  14.149883
  27   16    2.853065   2.753061   10.607167  26.242333
  27   17    2.748273   2.773737   14.030466  11.462854
  27   18    2.690738   2.705817   14.952922  27.540055
  27   19    2.546350   2.731360   11.233652  34.598988
  27   20    2.448611   2.700950   39.596268  37.496174
  27   21    2.351470   2.733728    2.344591   6.678928
  27   22    2.254989   2.719117    2.058524  20.951589
  27   23    2.193351   2.730215   31.078411  12.375313
  27   24    2.083802   2.758628   17.571710  26.556161
  27   25    1.980949   2.759515   32.190326  16.608740
  27   26    1.890704   2.777126   33.809524   5.064845
  27   27    1.760172   2.773411   35.254022   6.998798
  27   28    1.698165   2.744303   36.552808  24.858724
  27   29    1.530720   2.713991   31.035306  29.246202
  27   30    1.478111   2.701335   26.027053  21.620920
  27   31    1.336206   2.754290   33.186832  19.192362
  27   32    1.273605   2.717712   32.438539  36.792584
  27   33    1.145533   2.702654   27.403807  26.123044
  27   34    1.090718   2.746812   19.274810  33.379553
  27   35    0.994165   2.727110   30.844622   8.953074
  27   36    0.878459   2.707811   14.224194  27.875522
  27   37    0.751507   2.777575   26.534440  30.249375
  27   38    0.698034   2.763432   10.108183   3.512929
  27   39    0.525031   2.770966   10.633802  12.619911
  27   40    0.463159   2.720543   12.009533  32.748036
  27   41    0.303106   2.757088   34.868412  17.816451
  27   42    0.210326   2.753780   31.817998  35.832010
  27   43    0.176653   2.701656   22.080293  20.969351
  27   44    0.032106   2.741107    7.704698  37.515146
  28    0    4.464829   2.806871   39.774594  20.692897
  28    1    4.377515   2.804658   33.575153  15.376625
  28    2    4.201864   2.839672   34.700359  10.370035
  28    3    4.191375   2.870193    2.340121  20.967594
  28    4    4.020972   2.853151   40.917671  36.745638
  28    5    3.929335   2.894164   36.882375  38.900588
  28    6    3.896978   2.867530   14.467618   9.027779
  28    7    3.746843   2.858648   23.886697  29.213688
  28    8    3.681814   2.823715   39.675592  15.016785
  28    9    3.518843   2.801297   18.239358  14.783084
  28   10    3.486510   2.834642   15.282510  10.352152
  28   11    3.302369   2.829998    9.492454   8.253039
  28   12    3.229593   2.837439   23.012598  32.787732
  28   13    3.106415   2.870024   16.927532  21.897568
  28   14    3.084997   2.892931    6.850440  35.475896
  28   15    2.982624   2.805309   26.041974   9.023442
  28   16    2.822639   2.888039   28.214060  31.561705
  28   17    2.796308   2.804784   16.820708  26.969446
  28   18    2.641772   2.871390   10.374875  16.958423
  28   19    2.580177   2.869817   22.944831  29.452156
  28   20    2.450998   2.892742   24.889390   8.996024
  28   21    2.312931   2.899369    1.127853   9.953761
  28   22    2.249546   2.822798    3.471626  25.704650
  28   23    2.101459   2.845799    1.059264   8.042826
  28   24    2.011941   2.801590   40.649258  13.815314
  28   25    1.978901   2.826136   28.974245  36.964160
  28   26    1.872667   2.800776   25.710576  13.130407
  28   27    1.761202   2.861118   11.657373  13.529295
  28   28    1.648686   2.888063    6.863388  20.736934
  28   29    1.532017   2.837511   32.727253  30.284375
  28   30    1.425905   2.850410    6.191091  10.605682
  28   31    1.349971   2.827915    9.338053   5.127572
  28   32    1.270709   2.866743   10.905159  12.439848
  28   33    1.193252   2.856725    4.973001  34.993475
  28   34    1.009629   2.820633    4.557385  18.206954
  28   35    0.974395   2.870885   32.793945  27.917178
  28   36    0.849008   2.808711   11.289279   5.608221
  28   37    0.772873   2.859748   14.050159  31.736136
  28   38    0.682236   2.831558    6.860061  24.809844
  28   39    0.544702   2.869607   37.338628  37.883154
  28   40    0.454656   2.850379    2.108776   8.080956
  28   41    0.376799   2.875370   17.047110  35.169185
  28   42    0.225688   2.854990   27.670111  11.553363
  28   43    0.159176   2.804359   33.100330   1.149950
  28   44    0.084036   2.816471   23.177551  24.138449
  29    0    4.450307   2.955372    9.168750  27.615658
  29    1    4.335014   2.991298   39.851590  40.706978
  29    2    4.210141   2.919894   32.788376   1.938469
  29    3    4.189082   2.902844   22.284750  34.957793
  29    4    4.071196   2.991763   18.379167   7.457627
  29    5    3.937644   2.950860   23.399247  21.971775
  29    6    3.811080   2.946610    2.938655  23.777495
  29    7    3.705916   2.989856   25.967201  11.267697
  29    8    3.679509   2.983007   24.226443   1.799058
  29    9    3.523430   2.973285   34.747332  38.246941
  29   10    3.419500   2.943587   22.544330  38.500772
  29   11    3.350218   2.981991    5.206170  25.234354
  29   12    3.205948   2.976220    9.755844  22.929920
  29   13    3.141215   2.942611    7.955859   2.892832
  29   14    3.005149   2.952926   22.978062   7.560982
  29   15    2.922703   2.994432   32.454684  18.609523
  29   16    2.836054   2.937273    5.417630  38.122830
  29   17    2.792798   2.981683    9.180552  30.521879
  29   18    2.688208   2.979854   13.111974  10.191854
  29   19    2.543055   2.932296   16.401663  34.172063
  29   20    2.422292   2.925760   33.875749  32.293460
  29   21    2.330181   2.933917   35.832732  33.348568
  29   22    2.247045   2.938044   23.541634   2.949681
  29   23    2.105683   2.933227   30.879127   7.494178
  29   24    2.031142   2.976782   34.623660  13.055962
  29   25    1.936924   2.965650   21.835400  25.129755
  29   26    1.870158   2.924607   13.820284   5.165475
  29   27    1.725656   2.969052   24.318716  26.063613
  29   28    1.687297   2.916511   17.313534  17.704667
  29   29    1.549499   2.947282   40.381760  24.726566
  29   30    1.401910   2.914201   36.609569  34.839014
  29   31    1.318178   2.927210   26.163775  12.793066
  29   32    1.252081   2.963460   22.705082  31.653302
  29   33    1.149476   2.996407   25.602427  21.319122
  29   34    1.006669   2.986719    2.653032   9.506045
  29   35    0.929958   2.917643   16.643260  40.948049
  29   36    0.848212   2.992450   40.140263  17.862977
  29   37    0.732417   2.991147   24.547589  33.305356
  29   38    0.650952   2.928008   40.478601  36.609864
  29   39    0.515839   2.975861   36.313703  17.524460
  29   40    0.417989   2.963193   40.450125  26.790186
  29   41    0.334331   2.986881   40.890348  22.915151
  29   42    0.278198   2.968065   14.736335   7.908558
  29   43    0.129047   2.957892    1.775501   2.107111
  29   44    0.077042   2.940464   13.200018   6.386086
