   0    0    2.931155   0.032122   32.814283  20.473303
   0    1    2.899955   0.049387   16.840131  28.612814
   0    2    2.729224   0.047555   17.971282  34.639144
   0    3    2.650569   0.015696   28.690515   3.827205
   0    4    2.543864   0.037770   21.765366  37.978639
   0    5    2.476241   0.077572   26.247819   7.258708
   0    6    2.321950   0.033545   30.424801  40.100424
   0    7    2.238021   0.001016   15.805799  26.596190
   0    8    2.142777   0.030275   18.253107  16.103167
   0    9    2.075678   0.095552    3.522478  40.419230
   0   10    1.920898   0.035971   40.451333  11.912034
   0   11    1.802616   0.008637   22.097276  16.599713
   0   12    1.767224   0.015247   20.205506  23.708373
   0   13    1.602579   0.056450   39.008832   7.114146
   0   14    1.513972   0.007263   28.702590  14.886436
   0   15    1.423499   0.037213   15.777660  28.579430
   0   16    1.337810   0.060888    6.152338  34.791308
   0   17    1.278606   0.058848   37.756785  21.770139
   0   18    1.191273   0.061312   32.556501  20.562484
   0   19    1.076506   0.014050   35.242616  23.570696
   0   20    0.975054   0.018943   28.880899  16.727888
   0   21    0.810462   0.052722    9.237341   1.261098
   0   22    0.753217   0.053585   32.449954  36.763413
   0   23    0.642461   0.034288   18.983215  31.730212
   0   24    0.529695   0.034781   24.797306  16.653387
   0   25    0.419920   0.090482    3.428156  17.155930
   0   26    0.367612   0.032607   15.870229  32.557667
   0   27    0.261974   0.093035   35.071143  33.886812
   0   28    0.143017   0.092331   25.399620  13.011404
   0   29    0.048316   0.000054    2.174962  32.705142
   1    0    2.981577   0.171022   30.411369  10.653799
   1    1    2.836400   0.149894   24.122908  26.346648
   1    2    2.730560   0.164559   27.269034  29.302518
   1    3    2.622605   0.181985    4.735124  34.097436
   1    4    2.569135   0.109416    7.301747  29.260710
   1    5    2.449525   0.190360   19.649306  23.484015
   1    6    2.357572   0.165200   26.985381  17.063919
   1    7    2.245096   0.157482   36.409576  15.517582
   1    8    2.170358   0.171128   26.809070  25.444469
   1    9    2.059616   0.173521   19.696388   2.649077
   1   10    1.949558   0.122442   17.373198  25.111230
   1   11    1.843962   0.119384   19.169382   7.536802
   1   12    1.752919   0.131239   26.929083  22.012965
   1   13    1.686436   0.180520   13.684184   5.923731
   1   14    1.556299   0.120269   31.484619  22.073799
   1   15    1.496660   0.162988   13.183185  28.366935
   1   16    1.301908   0.147944    6.764199  29.959636
   1   17    1.292829   0.103233   38.349429  23.256872
   1   18    1.162683   0.178167   10.725325  29.254685
   1   19    1.013342   0.198693   28.151771   7.509605
   1   20    0.918774   0.189510   25.998338   8.497539
   1   21    0.835494   0.137623   26.698542  11.510295
   1   22    0.714717   0.164884    3.529818  30.846614
   1   23    0.642380   0.173416   13.356026  21.331678
   1   24    0.585248   0.115026   31.874194  14.714995
   1   25    0.434541   0.171209   23.877109  13.946499
   1   26    0.304081   0.166973   10.992253  18.535133
   1   27    0.235125   0.152734    5.324514  30.098222
   1   28    0.123111   0.192152   35.079201   4.884068
   1   29    0.086467   0.179111   33.862125  34.689629
   2    0    2.929578   0.257789    5.859094  17.520226
   2    1    2.881980   0.240699   22.026934  35.994244
   2    2    2.755670   0.260051    5.946434  39.453126
   2    3    2.620120   0.268129   10.883231  12.690820
   2    4    2.528839   0.237668   21.289834  30.987633
   2    5    2.406931   0.239288   22.499708  31.666450
   2    6    2.351787   0.270734   32.376712  13.754739
   2    7    2.270310   0.233299   39.479212   9.729175
   2    8    2.148650   0.240980   15.792026  10.061130
   2    9    2.082616   0.274430   20.809949  38.816263
   2   10    1.908335   0.266999   10.888130   6.460146
   2   11    1.818625   0.216384   37.095997  16.979651
   2   12    1.797255   0.230761   30.736891   6.267011
   2   13    1.603062   0.240576   13.264054  26.375374
   2   14    1.501938   0.280182   32.199288  27.811570
   2   15    1.426106   0.280755    3.132410  34.679076
   2   16    1.396986   0.226630    6.861732  33.542036
   2   17    1.226188   0.240751   27.767181  27.795055
   2   18    1.115843   0.255914   32.752467  39.663604
   2   19    1.057360   0.242109    8.339931   9.421571
   2   20    0.930602   0.236686   36.165421  16.816073
   2   21    0.873183   0.224058   14.239848  26.980489
   2   22    0.722799   0.241088   13.582984   9.364934
   2   23    0.670739   0.219491    8.482704  23.614609
   2   24    0.549670   0.289101   35.603201  14.200712
   2   25    0.446882   0.247571   24.997918  32.401379
   2   26    0.379794   0.290246   17.941000   9.511640
   2   27    0.224174   0.296049   16.164055  21.626975
   2   28    0.188368   0.284098   38.987052  29.815070
   2   29    0.006230   0.214576   24.002212   8.910066
   3    0    2.965506   0.374581   29.072012  25.603333
   3    1    2.821305   0.304002   14.725759   7.159865
   3    2    2.701056   0.312029   33.497875  24.280070
   3    3    2.608956   0.366120   33.883992  26.798424
   3    4    2.566335   0.301765   39.562292  23.633375
   3    5    2.497478   0.373254    8.126312  16.372384
   3    6    2.316985   0.308247   37.215744  19.912410
   3    7    2.209564   0.327810   19.652587  37.624771
   3    8    2.191876   0.379792   33.655511  39.644425
   3    9    2.020254   0.308117   10.704462  21.292683
   3   10    1.980488   0.340483    4.074474   7.649503
   3   11    1.874749   0.338822   37.991386  16.342053
   3   12    1.775681   0.383060   33.946811  23.280572
   3   13    1.654011   0.381597   30.734238   8.045998
   3   14    1.520038   0.349428   32.646750  12.736618
   3   15    1.453347   0.315072   31.048466  19.258539
   3   16    1.392184   0.303880   13.860563  17.367298
   3   17    1.213269   0.361685   31.677731   4.430827
   3   18    1.164501   0.388213    5.166082   6.207476
   3   19    1.012933   0.323501   13.628097  37.362298
   3   20    0.995635   0.397612    7.318069  25.550527
   3   21    0.804333   0.309125   25.041888   1.374506
   3   22    0.799966   0.331517   33.191818  39.189556
   3   23    0.630163   0.369425   12.689378  14.540686
   3   24    0.561915   0.354652   37.001458  10.025997
   3   25    0.429877   0.311089   18.745553   2.799424
   3   26    0.335510   0.349967   16.323475  27.065360
   3   27    0.296995   0.323912    8.058247  10.226105
   3   28    0.189080   0.357444   12.620017  31.390226
   3   29    0.006057   0.340237   34.903010   8.431141
   4    0    2.921238   0.470576   30.370644  20.520879
   4    1    2.879865   0.443126   13.259128  15.999284
   4    2    2.787503   0.405750   40.585217  32.644298
   4    3    2.616795   0.453589   20.930290  24.079641
   4    4    2.536986   0.468887   31.384698  10.512522
   4    5    2.443956   0.456604    5.372446  25.681325
   4    6    2.365464   0.418354   36.500685  19.381742
   4    7    2.204808   0.470688    7.880467   3.924987
   4    8    2.145020   0.463543   11.958581   4.183750
   4    9    2.029658   0.426406   22.824282   8.445776
   4   10    1.991056   0.444423   21.873355  38.191733
   4   11    1.874016   0.495487   39.914225  39.338617
   4   12    1.775109   0.408989   36.200900  38.762664
   4   13    1.643322   0.404108   40.014400   4.481962
   4   14    1.586262   0.442720   16.452077   5.308886
   4   15    1.452926   0.471424    8.811913  38.771535
   4   16    1.385323   0.406994   29.790593  10.471804
   4   17    1.299427   0.437571   37.688904  12.740849
   4   18    1.184062   0.411870    7.599901   7.540869
   4   19    1.043615   0.484132   17.433363  33.240646
   4   20    0.916913   0.482716   11.518409   5.481406
   4   21    0.826269   0.404456   17.963776  30.294665
   4   22    0.754430   0.479889    8.106314  27.505109
   4   23    0.655896   0.451243   26.031713  11.944490
   4   24    0.536639   0.495990   22.721457  29.937360
   4   25    0.422278   0.474432    2.905540  12.841550
   4   26    0.380081   0.486171   23.845663  15.205827
   4   27    0.201308   0.463737   25.327477   2.539611
   4   28    0.134907   0.483570   21.017067   6.095131
   4   29    0.025067   0.427024   25.575310  15.886471
   5    0    2.937833   0.514142    2.688023  37.982651
   5    1    2.896513   0.568283   30.249123  40.608830
   5    2    2.723058   0.552996   14.742223  31.590885
   5    3    2.630338   0.577066   12.442458  26.129656
   5    4    2.516425   0.557786    6.068750  10.862065
   5    5    2.400730   0.505039   38.246407   2.852658
   5    6    2.348192   0.573822    4.504808  28.881068
   5    7    2.272734   0.584705   26.074171   2.593802
   5    8    2.176674   0.530234   14.622983  39.342940
   5    9    2.086790   0.540345   26.082707   8.535107
   5   10    1.918868   0.536880   28.252916   1.881703
   5   11    1.855768   0.551904   27.007130  17.021295
   5   12    1.734815   0.547638   29.291334  16.647396
   5   13    1.620456   0.558782   29.012612  23.715137
   5   14    1.510049   0.577303   16.268485   6.838631
   5   15    1.492922   0.532414    3.707571  33.072707
   5   16    1.324888   0.546516   19.303018   7.468246
   5   17    1.297584   0.504034   36.251016  32.795010
   5   18    1.190646   0.581995   12.491490  34.459965
   5   19    1.097027   0.507145    9.525972  33.857811
   5   20    0.971029   0.517775   38.442674  40.244270
   5   21    0.863755   0.583019    6.639966  31.916777
   5   22    0.792023   0.527267    8.580956  10.342006
   5   23    0.630047   0.501914   15.552626  17.330359
   5   24    0.575532   0.565633    1.007135  19.994577
   5   25    0.415976   0.572734   38.419511  28.738168
   5   26    0.310825   0.517328    7.119037  10.719855
   5   27    0.200357   0.549501   18.280330  29.077889
   5   28    0.103529   0.524605   18.858378   3.743293
   5   29    0.061072   0.594262   17.008808   3.119120
   6    0    2.914482   0.619341   20.364410  40.573992
   6    1    2.869643   0.622978   10.980469  12.037795
   6    2    2.720160   0.692803   10.978922  10.565833
   6    3    2.680366   0.643415   34.703732  33.250206
   6    4    2.592753   0.615743   40.961238  11.124056
   6    5    2.406513   0.692267   37.698714  22.670919
   6    6    2.311081   0.664712   26.935921  28.288008
   6    7    2.225257   0.692439    6.197239   1.754203
   6    8    2.173669   0.619543   31.009948   3.741085
   6    9    2.098955   0.680869   38.776609  13.123912
   6   10    1.992177   0.671671   15.660188   8.869206
   6   11    1.843319   0.602258   33.828730  26.292055
   6   12    1.797231   0.623283   25.906072  37.309463
   6   13    1.612720   0.624725    6.805284  28.911616
   6   14    1.589345   0.663252   20.946418  14.500917
   6   15    1.409514   0.609692    6.468675   9.204488
   6   16    1.315230   0.677386   19.353413   6.069819
   6   17    1.257768   0.660161   21.917545   1.650712
   6   18    1.144180   0.687741   35.080854   6.451828
   6   19    1.012135   0.679115    5.944734  30.720506
   6   20    0.960538   0.618569   25.957767  24.974144
   6   21    0.899868   0.692868   25.324592   6.375892
   6   22    0.776465   0.654926   32.002635  18.690759
   6   23    0.618096   0.633000   24.915640  40.264046
   6   24    0.504236   0.694057    7.807471  29.584352
   6   25    0.429468   0.624875   40.003623  22.969796
   6   26    0.309281   0.689390   31.405098  28.318674
   6   27    0.217157   0.600799   30.099077  30.390016
   6   28    0.193940   0.652264    1.447009   7.545557
   6   29    0.074943   0.641459   37.442560  11.237972
   7    0    2.937633   0.707526   15.183261   4.841031
   7    1    2.819726   0.750629   14.759819   7.880986
   7    2    2.741677   0.795676   31.649940   8.665304
   7    3    2.622334   0.784955   19.348154  39.160106
   7    4    2.596421   0.776455    7.633750  30.311709
   7    5    2.457812   0.793194   14.364371   6.535768
   7    6    2.304680   0.716619    8.397392  10.630008
   7    7    2.278684   0.767413   13.223724  13.848766
   7    8    2.158641   0.738071   40.813423  32.379769
   7    9    2.013762   0.772413   29.308358  36.181141
   7   10    1.977452   0.761627   13.468369   7.389847
   7   11    1.891075   0.799060   10.722770  14.746923
   7   12    1.769659   0.706402   16.462927   2.270294
   7   13    1.676387   0.782201    8.622929  32.437974
   7   14    1.588462   0.795101   33.048129  17.243366
   7   15    1.408488   0.734511    7.684715  38.595485
   7   16    1.398419   0.771503    5.901454  19.730568
   7   17    1.299081   0.773857   18.566407   1.772993
   7   18    1.169837   0.757976    2.760873  37.653038
   7   19    1.048587   0.763696   34.759034  15.702107
   7   20    0.961455   0.768070   19.298933  16.972831
   7   21    0.809543   0.743509   10.007442   6.367435
   7   22    0.743404   0.742091    1.533005  23.823027
   7   23    0.606536   0.799442   37.523999   7.042512
   7   24    0.550552   0.791984    5.731913  23.644863
   7   25    0.495717   0.714077    8.505925   3.333859
   7   26    0.341439   0.725961   40.693206  18.070414
   7   27    0.217959   0.738671   35.006310  21.725593
   7   28    0.169927   0.772997   15.429397   4.859665
   7   29    0.067556   0.751194   40.997899   2.812343
   8    0    2.955492   0.842669   24.715578   7.021126
   8    1    2.863160   0.899168   35.507858  24.353522
   8    2    2.763785   0.836749   25.614850  14.315449
   8    3    2.669217   0.877558    2.990726  19.477325
   8    4    2.581636   0.875563   30.012096  13.661824
   8    5    2.474700   0.858871   38.645862  31.808138
   8    6    2.390104   0.814323   21.350668  34.537236
   8    7    2.291299   0.875144   40.174760  21.986344
   8    8    2.105507   0.802473   18.180640  21.278998
   8    9    2.085447   0.849626   22.512634   8.994849
   8   10    1.971518   0.882552   12.791324   6.271260
   8   11    1.807737   0.889751   28.357775  14.901921
   8   12    1.745496   0.834152   30.114825  16.316519
   8   13    1.629212   0.882380   24.861227   3.075308
   8   14    1.529152   0.843265   40.251458  39.063478
   8   15    1.436953   0.877319   25.628388  37.617839
   8   16    1.347440   0.817633   37.381919   7.182895
   8   17    1.281070   0.805748   37.223210   5.720105
   8   18    1.180271   0.874685   28.495170   5.053392
   8   19    1.001878   0.856488   20.654745  34.821059
   8   20    0.999189   0.800216   37.275056   6.039490
   8   21    0.899488   0.824913   40.864819   2.912729
   8   22    0.755593   0.813180    1.652732   8.014469
   8   23    0.638458   0.856831   31.024711   3.020542
   8   24    0.508391   0.874787   27.946034  10.600944
   8   25    0.407357   0.832817    3.487746   1.836052
   8   26    0.367147   0.848572   20.171018  29.672380
   8   27    0.277246   0.877233   15.533806  27.674208
   8   28    0.161873   0.852163   30.024916  32.979056
   8   29    0.024049   0.830585   25.580793  34.372579
   9    0    2.932505   0.941200   11.203852  25.332333
   9    1    2.897694   0.993857   34.327155  35.445290
   9    2    2.759954   0.931178   11.132703  32.601366
   9    3    2.635598   0.939147   35.328668  26.749720
   9    4    2.536275   0.993950   33.848562  30.846725
   9    5    2.429755   0.982155   20.801682  16.119335
   9    6    2.394075   0.962205   19.693324  20.235701
   9    7    2.265120   0.929005   40.984154  34.861331
   9    8    2.184702   0.937446   10.634970  12.954388
   9    9    2.052399   0.942378   19.174816  38.713096
   9   10    1.911084   0.924821    4.451192  10.151930
   9   11    1.880581   0.920094   39.609905  34.796774
   9   12    1.784233   0.911616    6.673073   5.022663
   9   13    1.613660   0.943034   31.625945  36.306575
   9   14    1.582548   0.965317    6.100573  27.452164
   9   15    1.452025   0.928703   11.096124  28.108747
   9   16    1.349911   0.951821   27.865669  40.223550
   9   17    1.271818   0.921750   28.916879  24.129455
   9   18    1.172449   0.964754   17.433027  27.600676
   9   19    1.045362   0.963393   36.360370  31.351134
   9   20    0.924462   0.912765   39.592170   4.175199
   9   21    0.832326   0.907992    8.397564  25.433175
   9   22    0.771617   0.933277   18.409159  35.184773
   9   23    0.614837   0.996879   28.635745   9.418124
   9   24    0.563918   0.988380   37.269859  19.079979
   9   25    0.430092   0.957095   33.303298  29.679905
   9   26    0.342270   0.951369   22.560944  18.937872
   9   27    0.231277   0.965822   16.753703  22.215848
   9   28    0.120659   0.910894   10.198838  21.390376
   9   29    0.081728   0.910054   37.249707  37.579664
  10    0    2.991008   1.003783   21.130861  30.056037
  10    1    2.858245   1.075482    9.327748  24.197788
  10    2    2.729708   1.037281   10.096916   5.033981
  10    3    2.607373   1.018531   27.831717  17.506830
  10    4    2.563636   1.076813    1.354098  20.839225
  10    5    2.463179   1.011196   38.744252   6.295204
  10    6    2.379159   1.056296   25.730692  12.228803
  10    7    2.296693   1.099535   13.232787   7.827294
  10    8    2.130159   1.014646   25.290071  10.688482
  10    9    2.025665   1.083619   33.866660  19.773835
  10   10    1.920587   1.074308   15.049075   3.920163
  10   11    1.868684   1.009220   25.750642   9.667516
  10   12    1.703317   1.055473    5.609513  36.490351
  10   13    1.679915   1.059693   20.359314  31.548107
  10   14    1.550299   1.063119   16.225498  31.870429
  10   15    1.449868   1.050258   26.145762   4.656716
  10   16    1.309022   1.093067   24.743375  14.419738
  10   17    1.203584   1.056292   37.537166  10.484129
  10   18    1.167290   1.077981   29.015075  24.432824
  10   19    1.070505   1.052249    2.718870   2.173463
  10   20    0.902048   1.034542   13.799794  10.192482
  10   21    0.840034   1.098498   10.647616  14.222691
  10   22    0.788763   1.079016    7.832941  28.040571
  10   23    0.653426   1.089598   29.023683  30.627912
  10   24    0.595341   1.049982   17.655382  24.798880
  10   25    0.416133   1.069459   27.490723  16.053544
  10   26    0.379067   1.014234   37.960049  36.442615
  10   27    0.245095   1.026341   14.121157  37.310933
  10   28    0.146305   1.034655    2.627075  12.749429
  10   29    0.092733   1.003785   38.284056  21.372193
  11    0    2.922920   1.147364   16.282639  29.717186
  11    1    2.813509   1.102352    9.281493  31.341381
  11    2    2.718422   1.129499   13.130804  19.864011
  11    3    2.659901   1.101431    7.678415  33.250460
  11    4    2.548766   1.138683    7.971668  15.094433
  11    5    2.412551   1.100391   25.040145  14.242767
  11    6    2.311566   1.170609   13.733229  17.635799
  11    7    2.264038   1.164024   37.830687  36.652070
  11    8    2.183139   1.112069   20.508414  31.619400
  11    9    2.087399   1.158447    2.514078  12.680566
  11   10    1.929379   1.163398    3.002789  21.201106
  11   11    1.828982   1.180587   31.440073  20.824504
  11   12    1.791882   1.166459   26.462533  10.686574
  11   13    1.670601   1.116829   32.884537  17.891431
  11   14    1.527050   1.102160   35.566321   7.946454
  11   15    1.408211   1.114610   33.653955  29.398370
  11   16    1.339088   1.114936   36.428806  34.477279
  11   17    1.293431   1.114459    8.952562   6.335537
  11   18    1.157876   1.180721   38.777495   3.784093
  11   19    1.080251   1.169425    1.749629  37.725547
  11   20    0.969611   1.159627   33.528819  24.331133
  11   21    0.812127   1.173815   22.673517  26.103332
  11   22    0.711949   1.164896   40.403313  34.127226
  11   23    0.674402   1.133833    1.498182  26.987347
  11   24    0.596025   1.135634   30.883846  21.082858
  11   25    0.423632   1.138980   32.576860  23.607923
  11   26    0.315340   1.122436   33.734927   6.596197
  11   27    0.288884   1.134941   39.116731  34.603947
  11   28    0.145871   1.182187    3.465165  29.395654
  11   29    0.020429   1.156258   14.977428  15.094368
  12    0    2.933134   1.231192   36.529021   2.486880
  12    1    2.838528   1.250163   27.715306  10.476337
  12    2    2.700065   1.224228   15.728069   8.122417
  12    3    2.609103   1.211794   22.884472  17.497095
  12    4    2.594670   1.211176   30.186013  24.032526
  12    5    2.444102   1.255329   37.144603  38.592043
  12    6    2.328318   1.272639   36.435817  38.726031
  12    7    2.292218   1.265667   26.514692   3.176737
  12    8    2.134358   1.251240   35.571317  14.490324
  12    9    2.050393   1.210871   26.150867  13.525869
  12   10    1.902435   1.276290   22.079781  33.790001
  12   11    1.888130   1.246898   19.315536  33.067594
  12   12    1.716422   1.226061   31.885933  18.083906
  12   13    1.635157   1.213017   25.744157  31.366901
  12   14    1.543342   1.284143   20.302024  37.650658
  12   15    1.438346   1.298830    3.404988  12.766997
  12   16    1.386932   1.224155   34.992587  36.833075
  12   17    1.246034   1.261975   32.686239   4.603041
  12   18    1.132714   1.200590   14.726582  21.182202
  12   19    1.027028   1.289339   38.334125   6.097817
  12   20    0.971484   1.232596   21.603703  31.301973
  12   21    0.877549   1.224027    2.004354  20.494303
  12   22    0.795049   1.242245    2.605677   2.765829
  12   23    0.612268   1.225316   27.078670  10.675365
  12   24    0.511889   1.249168   35.737433   2.296971
  12   25    0.475307   1.289516   17.437121  12.466134
  12   26    0.331058   1.229372    6.687128  17.474181
  12   27    0.243725   1.235885    3.165797  30.009944
  12   28    0.110230   1.217645   23.848004  20.545507
  12   29    0.029479   1.253662    8.718815   4.053999
  13    0    2.958225   1.370185   12.709201  26.502389
  13    1    2.816245   1.313808   12.842447   6.676282
  13    2    2.723638   1.306887   35.036632   1.387134
  13    3    2.694708   1.372162   34.608274  34.930487
  13    4    2.589403   1.321190   33.929150  28.876942
  13    5    2.484075   1.329522   16.191391  31.081124
  13    6    2.328166   1.379488   32.749258  31.508024
  13    7    2.248531   1.368530   40.568685   8.546194
  13    8    2.155289   1.331788   34.091702   7.473636
  13    9    2.035270   1.357271    1.101304  10.360211
  13   10    1.945094   1.320641   14.367338  24.750182
  13   11    1.875426   1.395136   10.004502  30.915610
  13   12    1.751663   1.306344   10.243726  31.375861
  13   13    1.600910   1.377780   33.997081  31.935905
  13   14    1.598052   1.322954   25.097963  14.026612
  13   15    1.438600   1.374881   37.961738  20.079295
  13   16    1.367224   1.341920   26.801355   6.604467
  13   17    1.248740   1.346933   21.236674  26.266704
  13   18    1.144296   1.347903   22.569537  36.373694
  13   19    1.076629   1.375478   26.197892  15.773556
  13   20    0.922903   1.324875    2.275790  17.250459
  13   21    0.885824   1.344889    5.080668  23.319913
  13   22    0.798514   1.309628   38.539273  18.172018
  13   23    0.637042   1.393284   28.527747  28.838907
  13   24    0.528498   1.394539   20.064049   9.041782
  13   25    0.469854   1.345113   28.140867  27.298698
  13   26    0.342511   1.351786   14.118756  37.566920
  13   27    0.233988   1.348633    5.351302  39.898540
  13   28    0.137501   1.307155   24.710907  17.375429
  13   29    0.003688   1.367757   10.214135  24.154790
  14    0    2.989138   1.413143   14.923823  31.119985
  14    1    2.892064   1.419632   36.270086   6.838073
  14    2    2.755967   1.458310   15.048279  31.846135
  14    3    2.662752   1.406856   11.407738   6.418081
  14    4    2.543821   1.402627   22.555011  21.722745
  14    5    2.413435   1.466364    9.698093  30.617809
  14    6    2.336294   1.447038   15.618289  39.302907
  14    7    2.279906   1.445783   25.462443  29.874368
  14    8    2.182051   1.429544   28.814815  34.803843
  14    9    2.080349   1.422464   18.373601  38.948773
  14   10    1.961762   1.489809   37.786288  37.464630
  14   11    1.887382   1.400418   17.179615   6.622489
  14   12    1.736193   1.459638    9.068020  39.860903
  14   13    1.680152   1.455999   19.678119  37.363760
  14   14    1.502706   1.417606   11.950059  21.126005
  14   15    1.490403   1.454495    7.858577  29.042105
  14   16    1.359979   1.492735    1.151344  24.348348
  14   17    1.214915   1.426632    9.668712  27.214663
  14   18    1.100162   1.414294    2.251461  32.985076
  14   19    1.022103   1.476561   22.650469  29.203373
  14   20    0.914034   1.482640    6.238652  36.952439
  14   21    0.832795   1.491000    9.729959  20.127308
  14   22    0.707866   1.479479   25.196773  21.123580
  14   23    0.604342   1.433016    3.734854  28.249768
  14   24    0.590802   1.445004   38.067981   7.284762
  14   25    0.493206   1.433279   14.751781  28.445073
  14   26    0.398449   1.424065    3.591967  15.171385
  14   27    0.214030   1.436685    3.225342  40.285298
  14   28    0.172232   1.423877   16.936636  39.025423
  14   29    0.052958   1.422865   21.739409   1.192509
  15    0    2.914701   1.531713   37.199185  23.186261
  15    1    2.829584   1.595360   19.710459  25.297361
  15    2    2.788580   1.512619   14.870600   3.547201
  15    3    2.635420   1.526156   27.761722   5.090249
  15    4    2.521749   1.544395   21.520649  21.280224
  15    5    2.407101   1.549790   12.336020  15.646502
  15    6    2.321682   1.549907    8.374513  31.051910
  15    7    2.219864   1.524355   16.144216  40.152424
  15    8    2.191023   1.555269   16.116266  18.023726
  15    9    2.010879   1.515550   36.335256  30.654308
  15   10    1.971072   1.536511   25.168462  26.250215
  15   11    1.863068   1.514268   39.812858   9.397850
  15   12    1.721857   1.517042   13.861172  25.658913
  15   13    1.697887   1.568258   13.912953   3.820704
  15   14    1.576290   1.543567   21.317844  25.616156
  15   15    1.440297   1.594050   40.695060  12.206242
  15   16    1.381594   1.599066   12.549470  20.153226
  15   17    1.230787   1.536576   24.389829  37.201886
  15   18    1.163739   1.508030   35.162542  23.247630
  15   19    1.067776   1.560838   14.084039  20.850688
  15   20    0.920048   1.551337   20.250409  22.124577
  15   21    0.869133   1.592472    7.513433  27.480158
  15   22    0.761470   1.536023   14.451664  22.364079
  15   23    0.643760   1.572236   16.872798   9.737648
  15   24    0.589181   1.558611   35.823253  40.669361
  15   25    0.463338   1.553168   23.841783  38.256904
  15   26    0.300225   1.559782    3.090108  39.472635
  15   27    0.220307   1.548608    8.563998  16.885724
  15   28    0.173868   1.592854   15.997091  32.124548
  15   29    0.051035   1.534256   26.106017   3.099962
  16    0    2.994122   1.618893   23.903183  38.233973
  16    1    2.892875   1.618114    3.961944  27.174442
  16    2    2.714588   1.697201   10.421841  35.795105
  16    3    2.630429   1.618405   25.458293  33.876638
  16    4    2.569329   1.661541    3.825555  20.059121
  16    5    2.469833   1.631468   26.452965  16.894314
  16    6    2.377916   1.659655   16.096692  18.678010
  16    7    2.260253   1.629146   26.511199  18.903615
  16    8    2.184089   1.686450   17.920750  28.468472
  16    9    2.059017   1.698343   40.780410  29.129409
  16   10    1.905677   1.659710   32.582244  11.214082
  16   11    1.810946   1.624152   35.074905   5.445010
  16   12    1.758458   1.671243   18.637483  34.244264
  16   13    1.683427   1.622407   14.220529  39.503702
  16   14    1.548602   1.696112    9.402577   6.098906
  16   15    1.466649   1.647494   12.498336  31.089820
  16   16    1.307108   1.657903   26.709049  38.407757
  16   17    1.213175   1.636909   25.065486  21.822436
  16   18    1.165375   1.628954   27.043528  22.184088
  16   19    1.052632   1.605319   20.520581  38.540019
  16   20    0.943567   1.691053   10.102028  20.052371
  16   21    0.875801   1.667799   27.319745  33.139760
  16   22    0.742898   1.694312   22.953393  25.500085
  16   23    0.637773   1.654389   10.538821  38.340544
  16   24    0.599239   1.629754    7.420560   6.064029
  16   25    0.482058   1.676318   10.516086  27.783882
  16   26    0.368663   1.674628   23.952332   9.431873
  16   27    0.236680   1.617957    1.198999  14.082427
  16   28    0.175580   1.678516   22.172439  29.759960
  16   29    0.079275   1.658011   23.557502  39.870990
  17    0    2.961067   1.733034   16.456710  26.078700
  17    1    2.811076   1.768416   38.215505  34.610323
  17    2    2.722778   1.708239   24.303262  35.477210
  17    3    2.619424   1.700126   21.491225  23.839200
  17    4    2.538546   1.744829   35.924632  10.829161
  17    5    2.445063   1.741177   20.326104   7.765684
  17    6    2.313299   1.762780    5.404911  36.142104
  17    7    2.203973   1.724344   24.121127  12.533762
  17    8    2.183379   1.784309   26.928917  12.182865
  17    9    2.043855   1.769238    5.288376  40.196822
  17   10    1.953660   1.771841    4.004586  40.851918
  17   11    1.842656   1.766792    5.364759  22.374801
  17   12    1.731016   1.750151   35.263763   8.849928
  17   13    1.680605   1.752892   19.823904  17.767118
  17   14    1.552791   1.715904   27.340665  39.500013
  17   15    1.438263   1.772300   22.261253  25.138811
  17   16    1.390812   1.737557   23.491359  26.159549
  17   17    1.290936   1.704012    7.416475  31.092635
  17   18    1.140338   1.713884    6.031625  21.475669
  17   19    1.084558   1.704853   22.536373  35.885179
  17   20    0.978990   1.790361   11.334681  33.808924
  17   21    0.889773   1.729400   37.870521  40.740358
  17   22    0.703271   1.729238    8.044278  15.469878
  17   23    0.639430   1.701178   19.630926  16.558978
  17   24    0.519735   1.791300   12.322736  36.983730
  17   25    0.460095   1.742621   32.536078  26.618348
  17   26    0.384157   1.715202   28.367584  27.418348
  17   27    0.210400   1.719442   14.098815  24.801274
  17   28    0.145238   1.773654    8.094490  22.881453
  17   29    0.038216   1.718787   29.106488  36.089022
  18    0    2.959456   1.844883   40.798262   3.612955
  18    1    2.864577   1.859994   10.280967   7.498208
  18    2    2.700579   1.862456   11.767743  34.668792
  18    3    2.695203   1.831750   19.895114  35.336843
  18    4    2.591200   1.896893    8.244489  36.012916
  18    5    2.450186   1.860118    7.161384   8.600096
  18    6    2.334295   1.878480    1.779197  14.904396
  18    7    2.289034   1.838152    7.497299  38.521645
  18    8    2.120412   1.892234   37.953894  36.786904
  18    9    2.091767   1.889737   12.311585  10.741794
  18   10    1.930489   1.863206   37.601960  30.458182
  18   11    1.837118   1.897778   11.743841  39.248855
  18   12    1.745629   1.803143   38.072139  39.117379
  18   13    1.696162   1.800037   17.829664  40.195592
  18   14    1.513354   1.807961   38.746742  20.958487
  18   15    1.433777   1.844677   11.852208  38.887862
  18   16    1.304884   1.879590    1.938298  11.298376
  18   17    1.281394   1.801947    7.180237  14.687868
  18   18    1.129959   1.895450   38.452998  22.798302
  18   19    1.012300   1.848501   17.681771  36.269777
  18   20    0.954507   1.864136   16.523315   1.157995
  18   21    0.815555   1.876444   31.841512  23.610766
  18   22    0.792151   1.886872   13.476256  30.731836
  18   23    0.626185   1.830508   33.999277  13.295841
  18   24    0.513108   1.890856   21.417772  37.836853
  18   25    0.427797   1.843622    6.665740  20.160145
  18   26    0.333459   1.812826    1.377890  29.092664
  18   27    0.299168   1.823689   11.660841  40.987720
  18   28    0.114098   1.889032   34.775229  27.953740
  18   29    0.028555   1.842493    2.859295  34.931045
  19    0    2.911822   1.951212   26.723584  14.664708
  19    1    2.868658   1.991474    9.616676  40.510960
  19    2    2.785108   1.937309   12.617371  13.189733
  19    3    2.651097   1.998455   27.488631  30.501922
  19    4    2.564037   1.900322    7.596735   3.237293
  19    5    2.422186   1.944462    1.644839  23.702817
  19    6    2.347663   1.939034   37.907235   6.322019
  19    7    2.201516   1.980400    8.418374   6.538905
  19    8    2.192757   1.980343   23.833052  21.875547
  19    9    2.001465   1.919634   11.720228   7.635747
  19   10    1.905479   1.914457   25.796737  32.738671
  19   11    1.879275   1.974397   33.587781  14.951318
  19   12    1.741914   1.921453   18.382589  18.937371
  19   13    1.623691   1.911501   31.925078   7.747781
  19   14    1.564731   1.930528   21.454782  14.465633
  19   15    1.405407   1.925919   23.531843  34.629732
  19   16    1.391428   1.921720   13.205480  33.868251
  19   17    1.244680   1.969643   26.807215   4.071051
  19   18    1.104656   1.913961   16.882176  23.737164
  19   19    1.070487   1.927551   26.053252  25.297770
  19   20    0.977053   1.983026   11.107606  18.805142
  19   21    0.863447   1.902084   18.092317  25.089709
  19   22    0.791858   1.918298   23.119617   3.140986
  19   23    0.689486   1.954150   11.951513  10.008947
  19   24    0.516214   1.958184    4.922457  34.020696
  19   25    0.442858   1.948962   13.656420  23.758483
  19   26    0.306659   1.940647   24.254992  19.369391
  19   27    0.225606   1.972391   20.715414   5.819773
  19   28    0.195724   1.967482    5.445437  29.239060
  19   29    0.095936   1.915951   34.664938  30.213143
  20    0    2.924871   2.008827    9.636245   7.607553
  20    1    2.820218   2.076671   35.085150  32.170374
  20    2    2.752194   2.067844    9.526854  32.854515
  20    3    2.662449   2.081878   24.784429  35.704092
  20    4    2.573335   2.084591   10.696063  13.590300
  20    5    2.441004   2.028310   13.390301  36.503882
  20    6    2.351045   2.082807   39.729863  21.084192
  20    7    2.275387   2.019998   35.373370  32.284373
  20    8    2.152596   2.053667   38.794626  30.358590
  20    9    2.035417   2.000004   38.569960  26.655855
  20   10    1.944938   2.026532   36.959590  29.086121
  20   11    1.891932   2.097368   10.558181   2.783299
  20   12    1.795071   2.098280   30.486675  16.746947
  20   13    1.651565   2.052498   32.781225  29.544950
  20   14    1.567513   2.080032   37.469699  36.073865
  20   15    1.438534   2.041794   26.100759  25.596996
  20   16    1.302067   2.072896   36.619141  14.633098
  20   17    1.263630   2.095403   16.502328  25.696127
  20   18    1.193277   2.002841   35.652654   6.458982
  20   19    1.094701   2.090778    5.963762  28.827078
  20   20    0.978005   2.028858   21.665599  11.981080
  20   21    0.813935   2.009145   21.036638  19.127621
  20   22    0.769511   2.088307   24.019924  39.052570
  20   23    0.615114   2.061938   30.479896  18.298722
  20   24    0.555224   2.058646    9.703786   8.709036
  20   25    0.458756   2.029971   13.323799  12.132932
  20   26    0.301054   2.095734   31.778370  26.357146
  20   27    0.264674   2.009343   40.031460  13.989387
  20   28    0.177706   2.055442    3.442425  32.412983
  20   29    0.080006   2.024978    1.964241  24.489082
  21    0    2.943812   2.117552   33.409085  35.980108
  21    1    2.816094   2.155228   28.146389  19.399428
  21    2    2.787094   2.108714   32.703635  20.977781
  21    3    2.699890   2.109114   23.363322  26.622394
  21    4    2.537871   2.164738    8.654915  36.200021
  21    5    2.434640   2.111523   27.917059  38.395851
  21    6    2.329355   2.181523   18.767137  19.106559
  21    7    2.210633   2.181114   36.901348  26.263047
  21    8    2.186055   2.178685    5.322932  37.716997
  21    9    2.049636   2.130672    5.648086   4.060469
  21   10    1.975455   2.140247   30.982541  25.799847
  21   11    1.806414   2.180307    8.035727  38.119635
  21   12    1.758803   2.102712   26.308087  13.618394
  21   13    1.687339   2.150174   25.639390  14.073694
  21   14    1.524397   2.132439    2.055945  39.815669
  21   15    1.479585   2.191259   28.241494  36.105010
  21   16    1.381211   2.171435   12.244314   9.591114
  21   17    1.214793   2.120319   20.010751  37.165231
  21   18    1.131986   2.133508   18.417095  20.141841
  21   19    1.018313   2.148204   10.696470  37.644640
  21   20    0.933112   2.101193    1.189320  26.411711
  21   21    0.819277   2.129548   27.474130  25.162916
  21   22    0.783684   2.107934   32.073369   8.511723
  21   23    0.617732   2.116216   30.617299  39.598734
  21   24    0.568039   2.189725   36.749320  26.745602
  21   25    0.422945   2.166922   14.959986  15.170942
  21   26    0.304901   2.155721   10.356825  30.994683
  21   27    0.291730   2.151066   29.152614  15.329386
  21   28    0.131940   2.158323    6.049958  28.286598
  21   29    0.007279   2.186116    6.003850  16.408734
  22    0    2.977101   2.239786   29.970562   5.692513
  22    1    2.847467   2.264737    9.739580  32.443995
  22    2    2.737511   2.294637   38.959674  15.268019
  22    3    2.696962   2.260427    9.799405   6.241722
  22    4    2.503065   2.214992   31.740656  13.573061
  22    5    2.459751   2.248522   25.830069  40.746200
  22    6    2.324981   2.279354   29.971764  10.376642
  22    7    2.227770   2.243222   14.824314   9.935252
  22    8    2.139676   2.204521    2.479897  19.472304
  22    9    2.057359   2.230692   28.892710   9.925581
  22   10    1.915240   2.204954   14.151374  19.100735
  22   11    1.898109   2.273293   40.945060   8.662896
  22   12    1.791597   2.294305   40.369613  20.296149
  22   13    1.608433   2.270654   15.597073  26.517387
  22   14    1.536144   2.219726   18.553694   8.543413
  22   15    1.478794   2.289568   13.907029  30.300403
  22   16    1.334175   2.241197   10.265792   7.453171
  22   17    1.267045   2.216575    3.086229   9.663529
  22   18    1.177876   2.255282   20.519587  12.732587
  22   19    1.030679   2.244635   36.116110  27.536548
  22   20    0.908960   2.215604   25.335779  20.549572
  22   21    0.818054   2.278416   11.243935  35.206094
  22   22    0.708201   2.220730   14.254913  26.458738
  22   23    0.654765   2.231521   37.618040  37.832123
  22   24    0.510179   2.224276    1.431792  19.377588
  22   25    0.432351   2.293330   40.862707  27.644625
  22   26    0.353498   2.271749   37.099793  39.671777
  22   27    0.274364   2.263199    1.181752   9.758326
  22   28    0.155528   2.283950   20.607495  31.228611
  22   29    0.019610   2.285376    6.619015  29.488430
  23    0    2.926412   2.387743   16.894062  14.468231
  23    1    2.823960   2.369252    5.392985  10.245788
  23    2    2.709649   2.341568   10.183899  40.562262
  23    3    2.640653   2.346508   33.761857  27.535147
  23    4    2.555985   2.315282   31.845171  16.700021
  23    5    2.494358   2.399168   19.664388  17.275502
  23    6    2.303643   2.361750   13.770819  18.062674
  23    7    2.216536   2.390786   17.420966   5.606839
  23    8    2.151143   2.361047   24.304774   4.236063
  23    9    2.058735   2.346705   35.068388  32.542893
  23   10    1.968977   2.327249   20.650153  16.113228
  23   11    1.846468   2.358759   33.440892  23.274856
  23   12    1.703372   2.342459   19.860252  23.907954
  23   13    1.679199   2.334788    4.899052  18.626278
  23   14    1.579157   2.323071    9.927229  27.721004
  23   15    1.421670   2.373987   39.647216  10.104713
  23   16    1.309464   2.329221   33.147444  19.170992
  23   17    1.268481   2.325386   38.869212  15.190982
  23   18    1.167511   2.399970   35.856462  35.922179
  23   19    1.097283   2.378639   36.451139  14.952242
  23   20    0.970188   2.333948   11.790802  20.511775
  23   21    0.856339   2.343827   24.849085  38.760338
  23   22    0.764453   2.338033   30.747581  10.699643
  23   23    0.659442   2.300133   25.698706  19.842264
  23   24    0.595731   2.335115   19.877247  20.633635
  23   25    0.485318   2.331993   22.052655  20.584836
  23   26    0.372577   2.356031   11.858678  20.444061
  23   27    0.299613   2.325757   36.670900  37.961022
  23   28    0.123787   2.340511   32.369968   6.451151
  23   29    0.035452   2.369866   19.578054   7.140663
  24    0    2.972954   2.437274   28.682310  34.989648
  24    1    2.883308   2.487247   18.140876  25.293646
  24    2    2.731150   2.424399    1.868404  29.924996
  24    3    2.652519   2.429860   24.208199  17.788896
  24    4    2.530977   2.467639   37.030933   7.255903
  24    5    2.475298   2.482243    5.394564  25.437877
  24    6    2.394653   2.496600   29.120674   9.768366
  24    7    2.229476   2.453408   11.377932   4.126579
  24    8    2.145121   2.406499   16.327889  30.526547
  24    9    2.058410   2.484609   21.120904  17.125318
  24   10    1.932337   2.486691   38.694699   6.056239
  24   11    1.865663   2.464241    3.213913   5.560952
  24   12    1.756977   2.436244   16.510217  18.396915
  24   13    1.658038   2.420547   19.077965  23.981451
  24   14    1.530694   2.451523   11.214258  39.768721
  24   15    1.403393   2.457826   27.553519   5.638069
  24   16    1.315922   2.461102   30.949530   4.421060
  24   17    1.259472   2.412467   29.441187  16.055670
  24   18    1.138846   2.439268   33.566247  19.299716
  24   19    1.016539   2.431413    1.848996   3.657069
  24   20    0.966773   2.450956    1.797205   8.489815
  24   21    0.880148   2.417566   34.740000  22.652594
  24   22    0.785523   2.468188   38.485368  25.962187
  24   23    0.600731   2.444132   35.863114  26.101330
  24   24    0.503801   2.450872   34.160143  26.971055
  24   25    0.433935   2.413073   35.289081   5.995886
  24   26    0.349693   2.403343   34.922515  20.521241
  24   27    0.289763   2.421614   17.062578  12.417775
  24   28    0.109449   2.402031   25.513341  33.643425
  24   29    0.099566   2.405099   13.020482  15.255856
  25    0    2.990715   2.539425   40.603103   2.786301
  25    1    2.897819   2.544573   32.615441  39.675575
  25    2    2.771122   2.544771    6.755538   8.454766
  25    3    2.680323   2.563061   32.622888  30.472068
  25    4    2.518859   2.522935   18.181584  26.293612
  25    5    2.462147   2.585806   31.898771  40.635486
  25    6    2.344411   2.599445   21.314168  21.136506
  25    7    2.217083   2.506628    8.894258  35.902231
  25    8    2.162063   2.571896    6.398408  40.110321
  25    9    2.035760   2.585066   23.422823  19.761093
  25   10    1.906098   2.545793   18.705884   6.705252
  25   11    1.891840   2.597135   39.214090  32.328600
  25   12    1.759783   2.576309    7.645671  19.791395
  25   13    1.654796   2.576265   30.077965  21.703191
  25   14    1.515314   2.546540    8.958904  39.882844
  25   15    1.433806   2.510431   10.041568  27.853152
  25   16    1.389799   2.587564    3.347712  19.520623
  25   17    1.280144   2.506447   36.610605  36.788558
  25   18    1.176205   2.585906   14.303409   5.466113
  25   19    1.015207   2.593099   36.345835  16.712774
  25   20    0.908830   2.529990   38.562893  27.466941
  25   21    0.887933   2.511002   13.234378  38.044383
  25   22    0.770465   2.518753    4.536276  11.677593
  25   23    0.698869   2.529020   22.874653   5.645733
  25   24    0.562819   2.592762    7.212826  36.387352
  25   25    0.458503   2.534557   29.282828  34.289579
  25   26    0.303088   2.551059   12.466359  23.528450
  25   27    0.274732   2.568210    6.167677  37.340652
  25   28    0.197753   2.585367   19.345289  31.507664
  25   29    0.088470   2.512010   40.809855  33.824244
  26    0    2.979719   2.697417   35.846600   3.224857
  26    1    2.897362   2.694909   26.220624  10.499266
  26    2    2.776875   2.664822    1.837082   7.712324
  26    3    2.625485   2.649153   26.044154  23.248514
  26    4    2.508937   2.686282   22.199201  14.649082
  26    5    2.411613   2.636856    6.706559  26.044190
  26    6    2.385135   2.667863   33.943082  18.074570
  26    7    2.200304   2.667339   32.603917  35.942068
  26    8    2.197851   2.608645    2.940109  38.946532
  26    9    2.028506   2.642709   12.660566  39.002963
  26   10    1.976765   2.606291    9.097726  25.758176
  26   11    1.805777   2.601649   30.378036  34.735519
  26   12    1.784357   2.630857   13.209078  18.250003
  26   13    1.688474   2.679569   24.534048   5.599606
  26   14    1.596811   2.608692   24.375202  21.322025
  26   15    1.447356   2.667003   33.980058  23.304953
  26   16    1.324417   2.617292    3.811534  14.572391
  26   17    1.224054   2.627551   17.524902   5.084952
  26   18    1.182500   2.616726   29.014563  37.458764
  26   19    1.064753   2.631683    8.681147  10.820863
  26   20    0.927724   2.633563    1.678517  20.899101
  26   21    0.809142   2.673361   25.089827  25.836997
  26   22    0.725287   2.669190   33.416050  23.198789
  26   23    0.699332   2.662707    3.728297  24.382726
  26   24    0.510102   2.625989   25.250934  11.511425
  26   25    0.456935   2.629837   35.545007  35.262517
  26   26    0.349458   2.632063   30.014845  29.610817
  26   27    0.256862   2.632513    6.954051  13.770477
  26   28    0.106017   2.698010   31.194381  28.572117
  26   29    0.003648   2.633390   20.661426   3.031210
  27    0    2.938129   2.757724   27.438518   9.030285
  27    1    2.890233   2.701411   24.583973  23.044125
  27    2    2.759542   2.729266   18.850777  32.004429
  27    3    2.690127   2.796322    5.161063  37.173600
  27    4    2.512518   2.781565    9.354418  19.846835
  27    5    2.401746   2.715244   20.148126  13.522766
  27    6    2.387143   2.708038   28.833073   9.695858
  27    7    2.228471   2.715952   16.020211   2.573964
  27    8    2.145342   2.789180   39.413254  38.882127
  27    9    2.039588   2.782720   36.402798  12.674235
  27   10    1.980646   2.772743   22.169268  15.057840
  27   11    1.815762   2.767519   40.486178   1.389535
  27   12    1.764189   2.712351   23.695114  33.389238
  27   13    1.638095   2.721874   34.168740  33.446663
  27   14    1.593741   2.783208   36.401997   8.972662
  27   15    1.432016   2.732806   11.713618  24.927212
  27   16    1.375743   2.737028   12.064181  34.704893
  27   17    1.226425   2.790094   31.992152  18.573165
  27   18    1.130386   2.767403   25.049932  33.158824
  27   19    1.034472   2.741440   10.926740  16.509051
  27   20    0.916708   2.731500    9.838389   5.585772
  27   21    0.805236   2.737183   20.534674  34.380935
  27   22    0.728470   2.714358   36.837255  11.986109
  27   23    0.635318   2.726823    5.013643  34.857767
  27   24    0.512297   2.727971    1.180265  23.260156
  27   25    0.465983   2.745899   15.598634  28.635980
  27   26    0.307085   2.708946    1.097441   9.771616
  27   27    0.224966   2.723651    8.459035  17.533512
  27   28    0.198137   2.715734   15.615222  30.226152
  27   29    0.002455   2.749433   23.693795  36.954744
  28    0    2.920786   2.829250   35.757610  20.587987
  28    1    2.877991   2.858961    8.521575  13.953167
  28    2    2.736460   2.829160   39.083533  14.827752
  28    3    2.639143   2.840275   24.051861  12.313887
  28    4    2.539179   2.852214    4.309697  17.615107
  28    5    2.453838   2.813674    2.562102   7.523410
  28    6    2.332435   2.838680   20.932254  13.639969
  28    7    2.276058   2.809913   40.994981  22.189448
  28    8    2.145201   2.838280   18.174685  39.066499
  28    9    2.079404   2.856577   26.428984  16.418796
  28   10    1.931492   2.878000   38.253338  17.694311
  28   11    1.824611   2.883841   30.564515   7.856661
  28   12    1.720470   2.890705   30.866159  17.721681
  28   13    1.675616   2.877702   22.806851  12.536113
  28   14    1.553519   2.865709    8.974181  34.575836
  28   15    1.484158   2.841297   35.316295  30.381661
  28   16    1.361024   2.810282   40.359421  31.095731
  28   17    1.265097   2.873056    8.434957   8.156254
  28   18    1.194759   2.804526   35.106878   8.423032
  28   19    1.083822   2.834220   31.188645  17.836332
  28   20    0.941861   2.891149   26.072425  19.277305
  28   21    0.873044   2.857648    9.101417  29.844857
  28   22    0.703306   2.866353   27.562397  29.861790
  28   23    0.689203   2.844841   20.349406  38.267558
  28   24    0.523589   2.828398   36.864780  27.466365
  28   25    0.408423   2.808776    1.319582  29.122971
  28   26    0.309019   2.896362   33.935965  37.904702
  28   27    0.248585   2.846398   13.928211  12.952111
  28   28    0.169578   2.833183   16.461064  40.242864
  28   29    0.087589   2.866521   29.592778  29.438987
  29    0    2.963744   2.994303   20.669885  25.846943
  29    1    2.828240   2.956402   38.540266  34.468435
  29    2    2.716966   2.976035    2.704706   4.597637
  29    3    2.637436   2.943400   38.173690  18.973085
  29    4    2.522691   2.956252   31.000042  13.189982
  29    5    2.461462   2.996911   30.507888  24.116576
  29    6    2.319868   2.904083   27.048690   8.756751
  29    7    2.290199   2.920135    6.224612  28.805458
  29    8    2.172821   2.984980   10.092362  15.624381
  29    9    2.010906   2.901288   11.686035  33.217510
  29   10    1.958161   2.902889   10.689320  33.830556
  29   11    1.857002   2.929492   25.284836   5.979552
  29   12    1.789114   2.902176   38.775449  15.102922
  29   13    1.618878   2.931854   30.798111  22.823103
  29   14    1.580194   2.998589    3.749299  25.318704
  29   15    1.442279   2.955136    7.951410  20.991574
  29   16    1.374566   2.920690    7.275671  22.035315
  29   17    1.295157   2.997937    4.188250   6.367984
  29   18    1.122791   2.921061    3.916384   1.502362
  29   19    1.036153   2.997465    6.679537  39.237521
  29   20    0.914782   2.960040   10.360940  11.635744
  29   21    0.866970   2.988726   39.896377   9.794545
  29   22    0.726901   2.973803   40.943846   5.754894
  29   23    0.696913   2.983366   11.608838  15.948982
  29   24    0.553025   2.913350   35.299423   6.454483
  29   25    0.490735   2.960420   38.962253  33.682348
  29   26    0.342253   2.981242   23.419003  39.802241
  29   27    0.210669   2.921857   26.321758   4.148952
  29   28    0.166570   2.998946    4.039455  27.124862
  29   29    0.000165   2.942097   17.864790  11.913167
  30    0    2.989381   3.009164   14.206072   4.964264
  30    1    2.890315   3.032553   30.440345  15.158921
  30    2    2.700234   3.054800    1.016888   3.356797
  30    3    2.640363   3.049775    6.002861  11.402935
  30    4    2.522372   3.078977   10.969578   8.408290
  30    5    2.450900   3.098932    7.967652  21.188483
  30    6    2.387939   3.059037    7.996133  27.208163
  30    7    2.212498   3.023108   22.123864   7.431825
  30    8    2.110707   3.021502   38.184590   1.446116
  30    9    2.073515   3.023326   30.280029  19.538711
  30   10    1.968161   3.084689   37.351141  20.665245
  30   11    1.828681   3.024172    3.606295  19.103732
  30   12    1.733535   3.041007    7.040015   6.905724
  30   13    1.644816   3.085614   32.676538   7.950552
  30   14    1.574131   3.021926    5.192582  19.563525
  30   15    1.451659   3.062797   12.502569  39.466399
  30   16    1.354764   3.085171    9.641212   2.608948
  30   17    1.234279   3.032560   13.391746  10.629498
  30   18    1.154646   3.025937   15.747453   5.880044
  30   19    1.068910   3.037897   12.248350   4.823434
  30   20    0.922307   3.041696    3.918176  17.986347
  30   21    0.846300   3.049744   33.978148  24.477764
  30   22    0.756346   3.073695   18.397394  30.428601
  30   23    0.625781   3.009249   38.944630  17.769476
  30   24    0.509857   3.007261   15.645528  10.860542
  30   25    0.459265   3.093053    9.964470   5.065250
  30   26    0.373320   3.037779    8.781932  17.989036
  30   27    0.217252   3.039175    1.118818   8.479750
  30   28    0.194537   3.099525   33.980587  21.429255
  30   29    0.038666   3.081670   10.696103  21.870510
  31    0    2.944900   3.110482   35.372918  16.901837
  31    1    2.812954   3.168582   31.871077  28.785277
  31    2    2.738804   3.107882   26.925739  30.479305
  31    3    2.686413   3.179525   37.263908   2.323001
  31    4    2.557502   3.136387    2.926417  25.159340
  31    5    2.465031   3.116813    7.312167  23.564962
  31    6    2.319942   3.103671   33.121393  38.862810
  31    7    2.263416   3.117159   17.427657  14.177840
  31    8    2.181372   3.136635   34.218271  15.024751
  31    9    2.023481   3.119757   15.199044  13.985844
  31   10    1.925521   3.155538   16.375735  15.266852
  31   11    1.897569   3.130947    6.440355   5.754343
  31   12    1.748096   3.133067    1.469622  28.210256
  31   13    1.658557   3.145678    7.674459  37.122729
  31   14    1.508178   3.120667   19.337561   9.307843
  31   15    1.464234   3.121644   32.679681  13.569576
  31   16    1.349737   3.105456    8.868610  23.645459
  31   17    1.264863   3.153214    2.016815  36.488470
  31   18    1.168077   3.107567    2.718423  16.981849
  31   19    1.001341   3.159199   36.992815  16.898174
  31   20    0.915454   3.140036   17.594526   9.867408
  31   21    0.896734   3.180995    3.306526  28.006145
  31   22    0.706399   3.131131    6.470337  35.502124
  31   23    0.696209   3.185795    4.660895  28.789687
  31   24    0.596472   3.152512   14.750647   4.063447
  31   25    0.459523   3.183340   32.915128  35.954377
  31   26    0.368247   3.105663   39.325314  34.555096
  31   27    0.256196   3.194060   38.889351  23.074687
  31   28    0.165239   3.193778   17.612017   9.798151
  31   29    0.056398   3.151480   16.723396  23.417046
  32    0    2.968293   3.246579   33.102951  21.006069
  32    1    2.850296   3.282418   14.730363  26.890903
  32    2    2.709664   3.271530   14.594418  15.455599
  32    3    2.665259   3.284763   16.974718  11.768652
  32    4    2.567547   3.276482    8.192345  24.085869
  32    5    2.483782   3.214515   22.343707  38.260617
  32    6    2.378261   3.245979   34.350784  25.428220
  32    7    2.295389   3.201297   21.669964  33.726566
  32    8    2.144607   3.256318    6.614569  38.089709
  32    9    2.043010   3.234685   18.502221  38.250588
  32   10    1.907086   3.282874   24.401303  26.083475
  32   11    1.848438   3.202476   35.410120  14.501429
  32   12    1.779740   3.287317   39.071965   9.619504
  32   13    1.622492   3.216404   35.248160  17.245737
  32   14    1.534305   3.272034   30.703461  38.539626
  32   15    1.483361   3.230848   25.592916   5.576945
  32   16    1.345158   3.254412   22.390504   6.400897
  32   17    1.221353   3.245689   24.606669  24.867859
  32   18    1.183267   3.244589   19.568286  20.281829
  32   19    1.059915   3.285785    7.869716   5.650317
  32   20    0.969850   3.206858   13.761462  34.706239
  32   21    0.871262   3.266389   28.262640  23.070599
  32   22    0.769938   3.247139   13.329017  27.649813
  32   23    0.610321   3.286385    4.768905  13.264582
  32   24    0.522325   3.296729   18.188665  22.414776
  32   25    0.432979   3.239329   11.107202  11.941952
  32   26    0.365545   3.256032   21.168482  21.228391
  32   27    0.263700   3.296091   21.392034   5.664084
  32   28    0.129635   3.221026   15.547544  14.741298
  32   29    0.073595   3.292252   27.560083  27.745529
  33    0    2.920307   3.339959   16.511401  26.172053
  33    1    2.822905   3.348452   32.088972  28.404346
  33    2    2.726023   3.338066   23.662266  39.664489
  33    3    2.611592   3.362521   39.574103  22.731843
  33    4    2.529099   3.304081   22.387897   9.494890
  33    5    2.468343   3.338496   22.018299  30.247587
  33    6    2.399566   3.353888   23.807170  30.086234
  33    7    2.291831   3.359523   35.228049   6.250870
  33    8    2.194913   3.373874   16.174433   6.357100
  33    9    2.038395   3.369160   17.499222   7.875130
  33   10    1.980171   3.399351   25.038780  39.753141
  33   11    1.827574   3.398740   26.814174  36.697119
  33   12    1.720974   3.301916   15.118451  37.379329
  33   13    1.611067   3.367236    9.061227  34.947957
  33   14    1.587277   3.343648   33.764627  39.971509
  33   15    1.421646   3.384433   37.326580  23.818481
  33   16    1.337374   3.305799   34.052947   9.016088
  33   17    1.286453   3.308282    1.097748  40.046658
  33   18    1.130633   3.314925   24.955142  34.147014
  33   19    1.053856   3.342891   34.256724  30.920094
  33   20    0.943080   3.370385   16.707241  39.019511
  33   21    0.844632   3.314948   32.030079   8.022027
  33   22    0.732501   3.323717   21.404863  37.180341
  33   23    0.696780   3.333201   19.602311  16.494476
  33   24    0.519174   3.372593   12.020184  19.024684
  33   25    0.428611   3.318183   18.887802   9.287544
  33   26    0.314651   3.309900   37.449209  36.750031
  33   27    0.297014   3.387500   14.995806   4.809179
  33   28    0.144189   3.311943   36.862063  36.287815
  33   29    0.076923   3.395759   10.211956  31.585015
  34    0    2.968499   3.458861   13.543068  23.513784
  34    1    2.834010   3.457639   10.858834   4.983217
  34    2    2.717395   3.455032   36.571436   6.608483
  34    3    2.605479   3.427578    1.187222  38.754594
  34    4    2.501759   3.457596   38.107459  27.259465
  34    5    2.443607   3.470245   38.488703   8.083504
  34    6    2.370901   3.427172    4.713175  40.467219
  34    7    2.213292   3.432207   34.909351  11.040456
  34    8    2.129959   3.486428    3.050500  26.037072
  34    9    2.068351   3.417096   13.983307   1.772567
  34   10    1.926427   3.409372   13.463934  34.409666
  34   11    1.861692   3.474107    3.694104  11.463366
  34   12    1.756183   3.467059    9.368952   5.302905
  34   13    1.671743   3.432805   12.910662  32.038781
  34   14    1.527606   3.423879   36.031319  29.708579
  34   15    1.451614   3.455987   14.333944  12.791385
  34   16    1.357397   3.412652    9.236569  14.107202
  34   17    1.228489   3.436723    4.629315  31.540371
  34   18    1.153676   3.416482   12.512995  10.334896
  34   19    1.098599   3.435757   31.208727  29.639978
  34   20    0.970725   3.450650   20.985529  35.356468
  34   21    0.877888   3.441046    5.165886  24.094431
  34   22    0.795426   3.468770   20.601985  22.269151
  34   23    0.680093   3.432526    1.156655  30.232764
  34   24    0.548024   3.414033   23.387164  17.181775
  34   25    0.402456   3.452067   17.555984   4.842214
  34   26    0.349243   3.498562   22.544413  26.184465
  34   27    0.204672   3.411094   34.011726  32.354160
  34   28    0.122128   3.421719    5.638273  22.444260
  34   29    0.068898   3.416523   18.554763   5.621946
  35    0    2.960139   3.531703   29.755932  25.532369
  35    1    2.827791   3.559393   22.713941  38.025169
  35    2    2.703111   3.593803   19.459236  23.409084
  35    3    2.643533   3.589998   20.623340  25.080403
  35    4    2.519594   3.553432   16.503102  22.062704
  35    5    2.413664   3.598336   16.898515  31.433565
  35    6    2.397933   3.572355    9.710210  38.619094
  35    7    2.269293   3.529325    8.097359  33.054512
  35    8    2.199094   3.572523    4.055951  40.808867
  35    9    2.017900   3.588522   33.870342  34.649718
  35   10    1.921833   3.543459    9.931626  38.999449
  35   11    1.866390   3.535958   36.443920  28.754219
  35   12    1.775214   3.556406   26.717987  36.569624
  35   13    1.640488   3.523246   40.869963  25.659322
  35   14    1.544813   3.581213   19.215266  20.224447
  35   15    1.493769   3.502238   33.513149  22.277879
  35   16    1.377104   3.520467   21.139889  23.918760
  35   17    1.273746   3.522280   12.537287  13.244255
  35   18    1.191597   3.559383    6.812146   8.377809
  35   19    1.083459   3.537541   11.690636  18.991410
  35   20    0.962244   3.579737   10.323150  22.773820
  35   21    0.844845   3.565859   17.479317  13.242846
  35   22    0.788395   3.501420   20.883471  15.937676
  35   23    0.634929   3.576234    9.857008  16.302476
  35   24    0.501324   3.596159    3.719908  21.555164
  35   25    0.427520   3.533351   17.848134  40.720779
  35   26    0.324858   3.564537   27.800907  15.117555
  35   27    0.231546   3.594403   14.060882  32.360930
  35   28    0.128104   3.579650    4.835217   9.966623
  35   29    0.072570   3.536032   35.835375   2.583893
  36    0    2.974564   3.678558   38.402415   5.594480
  36    1    2.816268   3.687303   35.811443  36.216784
  36    2    2.785120   3.626165    7.738011  23.428972
  36    3    2.681757   3.658453   30.989476  25.164129
  36    4    2.592411   3.685234    7.609904  23.655623
  36    5    2.438666   3.684494   16.896902  18.966941
  36    6    2.371096   3.600941   33.887008  31.197498
  36    7    2.224726   3.647824    2.261910   1.309867
  36    8    2.182256   3.648729    3.814952  29.794616
  36    9    2.060378   3.604594   39.635084  15.421954
  36   10    1.970913   3.600151   30.677806  30.194884
  36   11    1.873536   3.615885   38.688686  31.511912
  36   12    1.703180   3.632991   34.438841  21.788828
  36   13    1.681129   3.676626   11.462394  15.824050
  36   14    1.524000   3.649161   23.117422  36.590695
  36   15    1.404427   3.642708   12.613345   3.596374
  36   16    1.357728   3.666691    4.073157  10.288854
  36   17    1.222394   3.679895    2.767414  37.147674
  36   18    1.162013   3.620591   40.032521  37.158678
  36   19    1.091424   3.696895   19.357716   5.515689
  36   20    0.980480   3.641457   11.607213  23.951454
  36   21    0.880845   3.679361   26.875375  33.513807
  36   22    0.721645   3.680383   26.217585  12.443152
  36   23    0.691393   3.611605   37.246674  35.769035
  36   24    0.520322   3.614081    2.748529   1.147200
  36   25    0.438669   3.658445   21.089762  15.249293
  36   26    0.313440   3.695081    1.929277  33.765734
  36   27    0.295150   3.680887   11.893149   5.983401
  36   28    0.184768   3.608424    4.342637  35.274090
  36   29    0.092873   3.676238   37.697294  36.122450
  37    0    2.902468   3.758533   21.133241   6.103639
  37    1    2.894244   3.765750   18.649642  40.186537
  37    2    2.789702   3.737708   16.898446  10.708352
  37    3    2.640693   3.701060   23.842536  38.286185
  37    4    2.531718   3.721205    9.909600  38.870816
  37    5    2.488012   3.724444    7.132493   5.303057
  37    6    2.332882   3.792907   11.725430  36.423721
  37    7    2.233200   3.797313   19.178389  34.459895
  37    8    2.194063   3.730316   16.423392  36.633165
  37    9    2.030524   3.706383    1.725159  17.404939
  37   10    1.984589   3.767930    9.088874  14.310414
  37   11    1.884235   3.767601   10.198708  36.881371
  37   12    1.733670   3.714003   13.866195  31.789090
  37   13    1.692022   3.774188    1.966734  38.247660
  37   14    1.563756   3.717311   23.789442   9.225063
  37   15    1.496756   3.777043   10.159301  32.559984
  37   16    1.332703   3.767706    7.775196  31.246626
  37   17    1.284465   3.743274   36.731985   6.623234
  37   18    1.142963   3.767103   34.573314  17.802860
  37   19    1.043729   3.711764   23.493553  34.362387
  37   20    0.914181   3.725996    9.135956  39.128405
  37   21    0.875786   3.753465   36.109133  39.061391
  37   22    0.700627   3.724673   23.779132  23.063152
  37   23    0.615660   3.748486    3.628936   7.461979
  37   24    0.566855   3.728021    4.675104   7.535703
  37   25    0.492478   3.712067   34.881645   4.410152
  37   26    0.313770   3.758118   23.628018  31.839748
  37   27    0.221884   3.737197    3.110636  40.683404
  37   28    0.172956   3.709805   25.749239  37.402816
  37   29    0.085110   3.772860   31.520274  26.827044
  38    0    2.959720   3.840982   35.562903   2.067182
  38    1    2.807710   3.823835    4.938574  22.273303
  38    2    2.794679   3.881577   27.236256   1.473018
  38    3    2.606386   3.840464   36.591606   1.712217
  38    4    2.570092   3.883004   19.043433  16.954180
  38    5    2.424544   3.864949   14.024044   9.628597
  38    6    2.350260   3.873343   17.835379  11.427357
  38    7    2.226355   3.814533   14.489364  19.114700
  38    8    2.155425   3.892574   36.202678  33.075592
  38    9    2.065093   3.811282   37.672234  12.513535
  38   10    1.985506   3.856915   13.182123   1.197527
  38   11    1.884385   3.813223   32.394704  39.143053
  38   12    1.793821   3.841619    8.771916  19.414018
  38   13    1.650761   3.862242   33.996876  39.296763
  38   14    1.521639   3.877577   33.184455  28.494072
  38   15    1.452509   3.840394   20.371782  13.911665
  38   16    1.351953   3.828613   33.679731  34.382405
  38   17    1.233342   3.818201   37.173279  25.739659
  38   18    1.135306   3.853612   14.986397  26.581178
  38   19    1.059745   3.885998   36.504812  20.553943
  38   20    0.981802   3.860414   13.731679  37.858842
  38   21    0.848126   3.882578   38.435979  35.867192
  38   22    0.701630   3.826883    2.965311  28.329287
  38   23    0.602011   3.874100   20.982879  19.833650
  38   24    0.511475   3.898641    9.776769   5.264816
  38   25    0.430521   3.890671   11.727284  14.452551
  38   26    0.306137   3.872667   27.169139  14.576805
  38   27    0.237238   3.897998   33.038766  24.885633
  38   28    0.123470   3.841276   10.767006  40.718170
  38   29    0.083312   3.867168    2.902933  20.646785
  39    0    2.906451   3.901966   11.599820  28.832132
  39    1    2.840293   3.906878   14.648023  34.617201
  39    2    2.788749   3.935214   28.116260  36.292028
  39    3    2.656646   3.939319   11.401145   2.284727
  39    4    2.599580   3.914464   23.749165  10.347282
  39    5    2.467311   3.933475   14.894543  16.301391
  39    6    2.399967   3.940449   30.764695  34.410916
  39    7    2.277872   3.957691    3.281289  20.398423
  39    8    2.125683   3.985369   26.793405   7.594325
  39    9    2.054068   3.977179   18.908900  31.893384
  39   10    1.922232   3.991609    7.355014  20.415344
  39   11    1.843338   3.901492    4.538438   3.469339
  39   12    1.714157   3.994315   25.852695   4.175924
  39   13    1.647980   3.982046   15.285679  12.601312
  39   14    1.554744   3.927535   11.926774   2.326101
  39   15    1.459252   3.970383   33.600052  40.950586
  39   16    1.352921   3.929548   29.721802  39.201190
  39   17    1.248350   3.974165   25.886066  16.242713
  39   18    1.171674   3.984616   19.535013   4.839498
  39   19    1.093717   3.989762    1.911033  35.590414
  39   20    0.936735   3.925582   19.478240  34.158134
  39   21    0.804473   3.947837   31.931944  11.917875
  39   22    0.785648   3.974573   28.199449  14.584823
  39   23    0.677054   3.981451    1.513421  24.088224
  39   24    0.525432   3.917538    5.374085  28.313935
  39   25    0.496203   3.915013   20.297739   6.531332
  39   26    0.352192   3.992404   13.590491   3.675251
  39   27    0.262520   3.976753    8.526955   5.614352
  39   28    0.117914   3.920373   23.417748  14.674306
  39   29    0.096595   3.957456   23.906269  17.692749
  40    0    2.908494   4.025190   32.858315   8.583463
  40    1    2.834525   4.073819    1.436775   7.724873
  40    2    2.722773   4.066186   13.051925  18.533177
  40    3    2.691230   4.046058   40.134853   7.528451
  40    4    2.514844   4.057463   24.011264  11.373222
  40    5    2.426467   4.066298   23.094495   9.202669
  40    6    2.381396   4.057823    7.333997  30.643974
  40    7    2.203833   4.016798    1.137917  21.934851
  40    8    2.142120   4.093841   17.249805  20.318152
  40    9    2.085283   4.095198    5.338907  29.356027
  40   10    1.974413   4.021971   37.025115  17.043719
  40   11    1.852794   4.017756   19.992358  29.805021
  40   12    1.723665   4.044632    4.662309  36.938981
  40   13    1.694844   4.000930   25.142569  23.305992
  40   14    1.517347   4.069947   39.994233  37.561215
  40   15    1.438198   4.066674   26.571908   6.759653
  40   16    1.364926   4.045116    4.688897   6.490482
  40   17    1.245276   4.077485   31.190512  32.793755
  40   18    1.126328   4.099394   37.343330  35.040572
  40   19    1.033976   4.083481   37.056762  17.913672
  40   20    0.979207   4.004196   27.759598  18.929382
  40   21    0.810340   4.055689    9.797335  12.039299
  40   22    0.709731   4.095072    7.660069  27.311296
  40   23    0.634793   4.087269   30.984692  24.209737
  40   24    0.592900   4.003134   19.513075  37.394469
  40   25    0.469975   4.067496    9.068923  38.182572
  40   26    0.316586   4.011956   20.804154   3.936234
  40   27    0.282263   4.072145   19.749937  26.849890
  40   28    0.138552   4.090067   28.002172   1.230157
  40   29    0.090100   4.068272   10.215049  25.838422
  41    0    2.947641   4.148850    2.633623  39.768576
  41    1    2.870125   4.101431   20.456074  14.356601
  41    2    2.729126   4.141009   11.292523  40.584767
  41    3    2.646807   4.119017    4.919097  35.296558
  41    4    2.509912   4.145702   32.077338  27.349213
  41    5    2.402971   4.184654   19.029163  26.794451
  41    6    2.381815   4.183042   31.860476  29.614749
  41    7    2.257028   4.155494    7.671177  33.897781
  41    8    2.170603   4.162847    1.959911  40.175657
  41    9    2.058144   4.126784   16.497385  21.683718
  41   10    1.934775   4.100398   34.196590  35.326129
  41   11    1.852813   4.196191   21.970853  20.117725
  41   12    1.741240   4.125355    4.985325  28.873804
  41   13    1.675410   4.164179   22.343432  36.137102
  41   14    1.575126   4.169137   12.020938  29.084400
  41   15    1.411309   4.166097   29.305760  29.889384
  41   16    1.397877   4.140712   16.285492   2.303781
  41   17    1.274021   4.126671   28.835910  29.750843
  41   18    1.171587   4.191125   21.516490  37.824123
  41   19    1.027549   4.138229   39.812353  34.695638
  41   20    0.918251   4.123019   13.940012  15.631114
  41   21    0.871772   4.190270   10.245989   2.781492
  41   22    0.780104   4.123004   26.986798   1.989491
  41   23    0.692181   4.119867   13.525022  30.963070
  41   24    0.591725   4.181920    8.873359  17.394487
  41   25    0.455659   4.109925   40.855559  34.139566
  41   26    0.365828   4.120883   15.344259  17.237091
  41   27    0.211216   4.135453   31.119848  30.288284
  41   28    0.132891   4.159464   25.535773  17.601334
  41   29    0.028760   4.146790   35.663140  13.731355
  42    0    2.959807   4.246418   25.835188   6.932131
  42    1    2.879932   4.283097   23.059232  30.028005
  42    2    2.704685   4.223097    4.774081   8.882506
  42    3    2.632935   4.229470   27.693793  13.680122
  42    4    2.543740   4.205017   31.407959   2.469366
  42    5    2.498026   4.266662   16.043654  13.784191
  42    6    2.331879   4.247993   10.298721   2.737272
  42    7    2.221954   4.213674   25.819292  12.957942
  42    8    2.131172   4.211850   18.130463  18.449990
  42    9    2.088129   4.230362   25.676814   1.315420
  42   10    1.960808   4.246924   10.153196  32.899910
  42   11    1.834681   4.229747   26.994793  19.959446
  42   12    1.788467   4.206381   19.063132  39.745730
  42   13    1.654801   4.247833   14.250395  17.405795
  42   14    1.596191   4.230877   34.592230  27.859119
  42   15    1.492900   4.232525    6.818260   7.548700
  42   16    1.313938   4.261115   28.993780   7.481393
  42   17    1.296092   4.242636   22.554712  19.222614
  42   18    1.120897   4.208613    1.774855  24.561520
  42   19    1.023401   4.292970    2.318891   5.110481
  42   20    0.968475   4.255275   16.440509  20.967131
  42   21    0.854813   4.242140   34.621486  31.694064
  42   22    0.779538   4.258378   32.678700   5.330484
  42   23    0.678948   4.296033   10.880808  22.137204
  42   24    0.526053   4.209098   19.328931  22.611653
  42   25    0.471592   4.291729   24.304999  30.438189
  42   26    0.381717   4.229969    6.641712  10.031548
  42   27    0.207714   4.234208   39.208238   7.882733
  42   28    0.187449   4.299463   40.749961   2.847646
  42   29    0.076848   4.281311    2.607873   1.774364
  43    0    2.955822   4.360348   38.937576  25.515659
  43    1    2.895815   4.311218    6.238456  21.614344
  43    2    2.775565   4.302557   31.204420  12.100660
  43    3    2.633786   4.361053   14.657737  19.348552
  43    4    2.559198   4.311025   11.791069   4.371502
  43    5    2.482538   4.395298   13.908730  37.994079
  43    6    2.305676   4.334263   13.740707  36.832690
  43    7    2.219511   4.348312    5.241014  26.903576
  43    8    2.125579   4.360398   20.239615  15.018156
  43    9    2.022882   4.386514   29.683521  22.120748
  43   10    1.998998   4.384006   18.391792   6.691722
  43   11    1.806393   4.352719    1.800092  26.725655
  43   12    1.705621   4.309257    4.247268  15.169336
  43   13    1.647010   4.387588   34.748182  38.763822
  43   14    1.582912   4.362721   22.317766   9.798482
  43   15    1.480766   4.371349   33.800120  23.298469
  43   16    1.331406   4.382658    8.477403  30.700471
  43   17    1.241234   4.392666   21.775420  10.320471
  43   18    1.196213   4.310679   22.060217   3.201648
  43   19    1.011096   4.330959   17.371690   1.695987
  43   20    0.910780   4.336373    1.130332  11.949850
  43   21    0.850133   4.333498   36.170752  28.027000
  43   22    0.792740   4.335857   14.314665  35.532759
  43   23    0.652705   4.379213    4.135639  30.245318
  43   24    0.532369   4.301106   33.252124   9.485118
  43   25    0.474420   4.347464   24.703220  10.955923
  43   26    0.311751   4.378562   31.627318   8.892090
  43   27    0.251180   4.351881    3.116235  26.990826
  43   28    0.137146   4.322691    9.920859   1.366339
  43   29    0.014163   4.356921   25.427613  37.329940
  44    0    2.958399   4.423000   29.422393  16.996733
  44    1    2.881557   4.467939   34.648993  19.490773
  44    2    2.787403   4.481476   34.716576  33.936900
  44    3    2.681966   4.474305    2.804434   2.684051
  44    4    2.512664   4.401516   30.766252  26.622129
  44    5    2.435409   4.429543    5.189365  17.477724
  44    6    2.338993   4.499081   18.881164  28.173494
  44    7    2.285731   4.472449    1.923880  29.407069
  44    8    2.160112   4.462184   25.274606  39.368313
  44    9    2.042930   4.428806    1.928564  27.913977
  44   10    1.997688   4.465750   16.574441  13.626435
  44   11    1.855601   4.484579   25.740071  22.193773
  44   12    1.712827   4.495468    8.569036  40.782113
  44   13    1.692134   4.488366   16.122765  31.973257
  44   14    1.515529   4.446493   37.632674   1.981556
  44   15    1.464695   4.423419    9.221782  13.938963
  44   16    1.363887   4.440642   38.689081  13.866559
  44   17    1.282282   4.487655   34.041931  33.479936
  44   18    1.158014   4.449220   19.235797   2.274934
  44   19    1.068240   4.433886   34.325933  36.604654
  44   20    0.993734   4.417688   35.866135  24.008745
  44   21    0.823632   4.451867    4.444528  18.337017
  44   22    0.747996   4.463069    7.889565   9.791710
  44   23    0.660729   4.418799   19.700083  21.591662
  44   24    0.521808   4.455360   22.065423  32.357401
  44   25    0.470637   4.405540    1.484356  34.474140
  44   26    0.367133   4.400136   13.128895  10.680222
  44   27    0.225681   4.402082    9.020169   4.146844
  44   28    0.171786   4.411134   26.702284  24.681421
  44   29    0.050688   4.417726   31.955769  11.846858
