   0    0    4.684602   0.005967   20.997901  15.305395
   0    1    4.537788   0.098927   25.478837  28.140250
   0    2    4.407262   0.038071    2.818424  29.702867
   0    3    4.312892   0.071352   20.848294  19.828589
   0    4    4.238117   0.046866    7.397362  27.563208
   0    5    4.157979   0.023707   30.285657  13.908053
   0    6    4.078881   0.035881    5.675204  14.663575
   0    7    3.958753   0.078106    1.364285  31.291692
   0    8    3.848432   0.033150   13.630578  23.023106
   0    9    3.726482   0.087027   27.390945   4.066469
   0   10    3.603610   0.024368   25.415034   7.801892
   0   11    3.598394   0.075379   19.395437  30.457357
   0   12    3.493298   0.007031   10.752989   8.293158
   0   13    3.314839   0.043945   29.680927  16.202157
   0   14    3.251328   0.043540   15.270190  16.442487
   0   15    3.168618   0.080361   16.399090  31.649762
   0   16    3.062602   0.056516   31.828063  37.148246
   0   17    2.936552   0.009430    8.653260  37.839945
   0   18    2.812473   0.040572   31.605419   1.667669
   0   19    2.715034   0.015848   32.921790  35.018030
   0   20    2.652003   0.061360   35.583035  28.773368
   0   21    2.589773   0.089300   34.132955   3.483117
   0   22    2.481153   0.074915   10.250676  17.875382
   0   23    2.375340   0.074423    8.511736  39.363881
   0   24    2.268241   0.028145    5.770215  24.144132
   0   25    2.162333   0.056257   20.357920  36.861225
   0   26    2.087234   0.094785   40.492555  27.740025
   0   27    1.909139   0.075588   21.203993  13.692421
   0   28    1.864457   0.060213   12.640106   7.575715
   0   29    1.711236   0.047978   27.340391  37.916669
   0   30    1.683248   0.093216   28.130667  24.607360
   0   31    1.573879   0.055297   40.484698  12.017318
   0   32    1.498912   0.033151   12.932593  30.471533
   0   33    1.303715   0.089207   36.410487  24.061297
   0   34    1.266990   0.076889    9.005201  24.354745
   0   35    1.121555   0.052346   37.640525  25.951640
   0   36    1.085428   0.071513   14.792447  24.302854
   0   37    0.981964   0.064807    8.848145   5.234272
   0   38    0.895665   0.005943   24.401932  18.747955
   0   39    0.765750   0.081078   27.399655  19.615568
   0   40    0.678952   0.047513    4.015399  19.850636
   0   41    0.588652   0.095722    6.509686  22.292463
   0   42    0.422438   0.087958   39.740918  32.325836
   0   43    0.343652   0.004844   24.770497   1.392270
   0   44    0.214559   0.047363   38.031023  19.740806
   0   45    0.165343   0.094810    3.355253  28.264600
   0   46    0.061251   0.034334   37.955141  34.844034
   1    0    4.672642   0.149683   30.984414  37.063160
   1    1    4.593293   0.175979    4.028694  21.304258
   1    2    4.410900   0.104483   26.783389  22.000456
   1    3    4.360763   0.112246   28.965337  31.309062
   1    4    4.276059   0.122671   12.448704  38.853802
   1    5    4.183177   0.195745   27.632853  16.792798
   1    6    4.062023   0.143122   37.678982  13.746287
   1    7    3.943275   0.150394    6.657266  21.633948
   1    8    3.827771   0.124394    6.616084  14.921715
   1    9    3.778766   0.120049    8.533847   7.982307
   1   10    3.632993   0.112226    8.080851  12.177808
   1   11    3.539498   0.181750   14.767678  11.946714
   1   12    3.440135   0.169994   18.676926  33.817314
   1   13    3.337596   0.107286    9.480582   2.194349
   1   14    3.226759   0.141218   25.375198  32.421921
   1   15    3.125028   0.131495   13.085216  29.582935
   1   16    3.094974   0.158246   22.980499   8.449252
   1   17    2.986892   0.126037   35.041242   6.767497
   1   18    2.804456   0.171900   21.921200  14.598474
   1   19    2.739373   0.183359    5.372514  23.793637
   1   20    2.692178   0.153111   33.091469  14.085404
   1   21    2.568894   0.187118   26.538321   9.009608
   1   22    2.475486   0.109480   19.014973  32.413287
   1   23    2.343417   0.182565   20.415734  24.199767
   1   24    2.265526   0.167232   14.387892  24.920745
   1   25    2.168156   0.163215   29.564232  18.662310
   1   26    2.045246   0.192140   24.098168  21.333695
   1   27    1.946148   0.158574   27.607792  19.024504
   1   28    1.890361   0.161813   23.106972   3.743372
   1   29    1.739184   0.141799   20.483719  19.908942
   1   30    1.632633   0.156091   10.117446  25.877864
   1   31    1.506541   0.175846   38.471535  25.134650
   1   32    1.482699   0.102341    5.744818   9.229927
   1   33    1.327766   0.182026    8.329345   9.957208
   1   34    1.244429   0.198074   15.941081  15.549122
   1   35    1.191431   0.145807   15.529098  31.922345
   1   36    1.064410   0.134596   22.716454  35.401651
   1   37    0.954361   0.171326   38.496296  31.227777
   1   38    0.868666   0.162253   16.738939   8.946566
   1   39    0.745250   0.158235   19.923707  31.058379
   1   40    0.644057   0.170421   30.182332  27.772350
   1   41    0.502896   0.102384   14.642741  34.180099
   1   42    0.424098   0.103460   23.232095  15.583182
   1   43    0.302480   0.115262   39.200176  34.148318
   1   44    0.238015   0.197680    3.947607  10.719489
   1   45    0.133341   0.116218   25.202024  17.806679
   1   46    0.077872   0.103737   38.718315  34.942738
   2    0    4.648686   0.276199   26.650344  30.322733
   2    1    4.531479   0.253876   39.340406  30.609691
   2    2    4.411413   0.282049   30.912911  24.827047
   2    3    4.318518   0.244142   32.779681   2.306698
   2    4    4.210985   0.246389   13.629697   5.792737
   2    5    4.153965   0.227874   30.975354  29.209879
   2    6    4.023776   0.209681   19.774158  18.612699
   2    7    3.946368   0.258756   20.578586  20.882400
   2    8    3.833813   0.268276    6.251443  37.402129
   2    9    3.718920   0.279183   26.308608  11.915308
   2   10    3.622089   0.215077   25.829640  38.874235
   2   11    3.518505   0.222850   26.648361  29.763759
   2   12    3.470845   0.297921   27.864271   2.207347
   2   13    3.352037   0.289254   36.890640   5.325744
   2   14    3.214263   0.284848   18.190310   3.141957
   2   15    3.160358   0.252176    2.084782  27.255740
   2   16    3.098933   0.275141   38.720050  15.116521
   2   17    2.907907   0.284242   21.223025  28.701044
   2   18    2.896296   0.210352   36.699206  11.071178
   2   19    2.731048   0.215312   14.044699  19.093840
   2   20    2.634918   0.220487   34.237723  36.618848
   2   21    2.549598   0.293684    3.125486  33.827366
   2   22    2.493028   0.287102   40.645789  18.603481
   2   23    2.304606   0.286043   36.458056  31.089859
   2   24    2.211177   0.217266   33.269645  22.635551
   2   25    2.140770   0.234556   19.519436  17.825289
   2   26    2.051190   0.200197   26.935838  39.015189
   2   27    1.904152   0.287702   40.859529  15.735168
   2   28    1.840761   0.261802   37.776604  38.523673
   2   29    1.774958   0.235150    1.534284   3.431067
   2   30    1.603102   0.241470   24.123170  37.884294
   2   31    1.501163   0.206447   16.246049  12.292765
   2   32    1.477990   0.290146   15.317791   9.263948
   2   33    1.341601   0.238233   22.842735  31.282283
   2   34    1.294372   0.229059   18.709418  19.007088
   2   35    1.166930   0.275415   36.866450   9.909342
   2   36    1.055355   0.214436    5.761959  27.864010
   2   37    0.903451   0.247935   39.131349  38.739144
   2   38    0.843975   0.225104   40.118133   8.295753
   2   39    0.738314   0.256711   26.849499  13.278620
   2   40    0.652595   0.227107   23.626022  34.008180
   2   41    0.534957   0.209823   12.612606  29.772674
   2   42    0.480040   0.272275   40.749443  12.688164
   2   43    0.334917   0.273175   40.576555  20.387206
   2   44    0.228809   0.256161   37.447349   4.985083
   2   45    0.146245   0.238614    5.484717  30.451047
   2   46    0.069741   0.294830   17.521539   1.101137
   3    0    4.639765   0.366906    7.705103  31.874226
   3    1    4.523446   0.379693   37.595991  10.924353
   3    2    4.492288   0.332976   36.245448  14.555323
   3    3    4.336621   0.334914   31.305221   4.458395
   3    4    4.230627   0.386459   21.749422  21.535963
   3    5    4.107059   0.332879   13.933114  16.373669
   3    6    4.041896   0.341880   22.766191  33.855814
   3    7    3.933723   0.319786   30.657760   1.824484
   3    8    3.824065   0.329700   21.124629   7.506779
   3    9    3.737659   0.365632   34.721857  40.247364
   3   10    3.656109   0.371936   26.032545  37.580363
   3   11    3.515889   0.380701   36.262332  29.675902
   3   12    3.469339   0.394258    1.560351  13.647546
   3   13    3.353539   0.334122   28.196893  16.177880
   3   14    3.200632   0.350199   18.457645  35.605750
   3   15    3.129578   0.369128   12.479261   1.340678
   3   16    3.004261   0.312527   28.790277  40.672856
   3   17    2.908431   0.334375   38.198929  25.301297
   3   18    2.891897   0.381856   10.674496  29.903505
   3   19    2.713569   0.341016    2.415333  13.637667
   3   20    2.660120   0.373172   10.423844  16.548239
   3   21    2.529843   0.311137   15.280391  23.508189
   3   22    2.451371   0.367291   20.713566  28.771359
   3   23    2.378901   0.304819   32.917427   7.746790
   3   24    2.277785   0.356094   35.906291  25.688663
   3   25    2.156446   0.300222   14.688562  35.191077
   3   26    2.017727   0.367943   19.471880  28.381592
   3   27    1.911422   0.353968   25.896710  21.341495
   3   28    1.872082   0.332813   23.473351   6.489544
   3   29    1.785371   0.387542    2.632397  35.519699
   3   30    1.641471   0.335441   36.379862  16.177526
   3   31    1.515295   0.329502    2.389648  39.014664
   3   32    1.456581   0.309204   23.006818  36.721529
   3   33    1.335261   0.393015    2.239295  33.275371
   3   34    1.261646   0.343438   19.172191  20.649409
   3   35    1.190819   0.383558   35.762086  18.029229
   3   36    1.015872   0.312560   13.697246  16.320300
   3   37    0.905960   0.312568   40.608049  36.275675
   3   38    0.839221   0.386636   11.668902   2.020950
   3   39    0.714940   0.339435   20.462642  36.424752
   3   40    0.687463   0.349921    5.420021   7.102646
   3   41    0.590677   0.376420    8.364247  31.420734
   3   42    0.496772   0.336413   23.473000  28.377739
   3   43    0.367792   0.368907   12.731673  40.511206
   3   44    0.290398   0.389626   22.731071  18.940054
   3   45    0.171497   0.306871   33.124357   1.392314
   3   46    0.089062   0.367535   15.490818  31.768823
   4    0    4.623639   0.432522   29.672043  38.781209
   4    1    4.512706   0.443049   40.388442   1.921069
   4    2    4.404097   0.483777   18.274758  10.037013
   4    3    4.304136   0.495401   35.181388   8.812668
   4    4    4.299578   0.453568    3.087980  39.271978
   4    5    4.144791   0.448457   29.306019  14.033677
   4    6    4.072517   0.450931    8.471963  38.464777
   4    7    3.969539   0.488257   25.441057  20.338766
   4    8    3.830350   0.421412   34.498225  37.408224
   4    9    3.720874   0.483954    1.845609  23.898955
   4   10    3.669864   0.421540   13.270281  23.893998
   4   11    3.513255   0.443859    1.029616  34.596143
   4   12    3.412641   0.444923   27.729768  11.357270
   4   13    3.305595   0.461462   35.353670  18.087238
   4   14    3.235786   0.466019   10.283168   3.274455
   4   15    3.103998   0.445011   16.444176  28.560005
   4   16    3.037203   0.401677   25.498385  11.927611
   4   17    2.937881   0.478696   22.848903  12.548062
   4   18    2.856592   0.490281   19.284526  33.719319
   4   19    2.770439   0.433454   39.147049  11.867779
   4   20    2.602183   0.453643   26.382253   4.042195
   4   21    2.519198   0.431071   29.766982  17.685119
   4   22    2.408870   0.437751   28.656189  11.777505
   4   23    2.374004   0.466542   12.053890   7.915805
   4   24    2.275998   0.425069   28.594872   6.817648
   4   25    2.108287   0.410511   25.668663  16.607488
   4   26    2.002467   0.473285    5.587851   3.577599
   4   27    1.984831   0.446172   39.188330  36.647913
   4   28    1.853133   0.463241   16.963561   9.280716
   4   29    1.759497   0.443114    9.817518  26.088384
   4   30    1.653683   0.432216   31.435686  27.874617
   4   31    1.585505   0.434410   38.409376  33.567154
   4   32    1.421196   0.427858   19.519767  28.753160
   4   33    1.316829   0.442600   39.533551  39.762670
   4   34    1.294547   0.442715   13.645907   4.030853
   4   35    1.102186   0.495269   15.117804   9.501915
   4   36    1.032628   0.479691   10.107437   8.936358
   4   37    0.950791   0.481538   40.228942  23.094401
   4   38    0.899028   0.454682   35.649523  26.962045
   4   39    0.737722   0.427100   40.847816   5.657692
   4   40    0.649383   0.464246    3.415715  24.726864
   4   41    0.500184   0.407260    6.032166  19.645625
   4   42    0.482040   0.433359   16.134529  21.080140
   4   43    0.356380   0.475037   30.650191   8.485741
   4   44    0.203975   0.411136   18.842196  30.794174
   4   45    0.155916   0.454449    9.906750  38.177711
   4   46    0.002112   0.400879   39.101791  35.263877
   5    0    4.644780   0.537956   23.173199  38.899892
   5    1    4.595227   0.594855   39.593002  40.951951
   5    2    4.498968   0.531338   12.170899  40.116444
   5    3    4.373563   0.533950    6.110876  10.888462
   5    4    4.248658   0.509404   37.347512  40.372741
   5    5    4.112095   0.527666   23.425927  35.353954
   5    6    4.079608   0.581476   26.324258  36.912143
   5    7    3.969057   0.550867   32.122069  24.945566
   5    8    3.860066   0.516942   29.581371  40.442496
   5    9    3.753916   0.580300   31.442888  22.545926
   5   10    3.699971   0.548014   11.088049  36.826039
   5   11    3.568392   0.546076   16.340831  20.284915
   5   12    3.404608   0.549364    5.372260  30.161715
   5   13    3.390453   0.551177   31.337955  13.404690
   5   14    3.237109   0.592469   27.564837  30.674187
   5   15    3.184382   0.555472   29.470949   5.008701
   5   16    3.053331   0.586238   29.241330  16.019190
   5   17    2.980079   0.529837   21.507185  33.995698
   5   18    2.818624   0.544910   10.424181  16.060134
   5   19    2.771691   0.560652    8.782634  33.050088
   5   20    2.658879   0.569229    6.896827  28.866221
   5   21    2.539475   0.525309   12.426537  34.380290
   5   22    2.437994   0.587528   32.020401  29.627614
   5   23    2.399481   0.565307   22.401797   7.967036
   5   24    2.290515   0.579653    3.532777   4.378541
   5   25    2.133195   0.555088   11.704088  40.403913
   5   26    2.071698   0.598534   28.348741   6.864511
   5   27    1.943730   0.501981   14.226782   1.982718
   5   28    1.817627   0.511715   32.169173  19.585131
   5   29    1.726449   0.515461    9.212826  25.496538
   5   30    1.635248   0.508351    5.746143  18.989341
   5   31    1.530082   0.552371   30.878776  32.303762
   5   32    1.466318   0.555881   15.939916  19.995178
   5   33    1.319484   0.578847    8.710255  29.516546
   5   34    1.290246   0.545040   37.242915   6.451503
   5   35    1.133085   0.589394   22.092169   6.747583
   5   36    1.048700   0.531852   38.234757  21.854436
   5   37    0.956902   0.588885    2.351068  21.669310
   5   38    0.889564   0.570919    7.471520  18.576553
   5   39    0.712684   0.574219   35.951108  40.710035
   5   40    0.639494   0.535569    4.601500  24.062221
   5   41    0.580284   0.548958   34.499136  14.531739
   5   42    0.422769   0.537330   35.038742  18.887740
   5   43    0.343819   0.566458   40.378479  37.504658
   5   44    0.249551   0.589725   10.314703  34.280306
   5   45    0.167477   0.524856   31.245063  26.214032
   5   46    0.098885   0.509504   31.267490   5.635072
   6    0    4.669991   0.630724   12.283596  34.104748
   6    1    4.520891   0.612225   37.517133  23.764963
   6    2    4.476908   0.607283    2.035556  17.689884
   6    3    4.378623   0.638475   24.214471   7.063141
   6    4    4.286657   0.647773   25.774825  24.319514
   6    5    4.142893   0.642044   15.840230  35.453393
   6    6    4.090276   0.604922   29.820866  22.326401
   6    7    3.943171   0.682006    6.869999  40.948975
   6    8    3.835315   0.663402   40.843392  21.435562
   6    9    3.764215   0.686950   10.409817  39.835805
   6   10    3.621991   0.663735   36.126541  14.644969
   6   11    3.561658   0.601465   38.446179  17.941158
   6   12    3.464131   0.633342   23.924648  12.354968
   6   13    3.350083   0.682534   31.143322  23.144390
   6   14    3.238706   0.633234   37.455747  35.344338
   6   15    3.194412   0.686619   17.659718  18.231465
   6   16    3.085976   0.647322    1.743011  25.261177
   6   17    2.909534   0.676998    7.244749   2.390435
   6   18    2.807319   0.625396   19.428403  19.617157
   6   19    2.744095   0.685290   36.915626  21.090273
   6   20    2.639726   0.640519   19.846856  22.843985
   6   21    2.592241   0.681166   40.803654  31.780837
   6   22    2.464792   0.636948    5.063389  25.791211
   6   23    2.341865   0.639826   36.298027  16.796988
   6   24    2.235684   0.625598   27.239599  23.114857
   6   25    2.129516   0.648161   23.404375  35.045259
   6   26    2.078143   0.630712   23.610063  11.326630
   6   27    1.930628   0.657349    6.274371  40.496740
   6   28    1.840996   0.603538   38.513215  19.843823
   6   29    1.769106   0.672205   29.651765  28.205179
   6   30    1.637988   0.696713   16.335350  33.200289
   6   31    1.582531   0.665719   38.019253  37.514603
   6   32    1.435897   0.636453   14.890455   4.649208
   6   33    1.328398   0.620992   31.519682  27.316085
   6   34    1.203973   0.638767    5.672640  39.708676
   6   35    1.162773   0.632184   10.264130  39.658578
   6   36    1.046673   0.690613   35.581996   2.771442
   6   37    0.965625   0.641094    7.428480  25.714068
   6   38    0.895466   0.657231   24.138764  30.720461
   6   39    0.726865   0.646650   31.579155  22.042601
   6   40    0.636174   0.682861   20.864792   4.562204
   6   41    0.543698   0.600844    9.957754  35.298053
   6   42    0.495865   0.623635   29.425274  13.410024
   6   43    0.313439   0.696545    6.993391  19.960818
   6   44    0.207757   0.688629   38.287862   4.720147
   6   45    0.136273   0.660158    6.100589  36.378927
   6   46    0.013887   0.667896    2.070298  30.503194
   7    0    4.669718   0.785209   27.859662  15.344377
   7    1    4.553505   0.794772   33.411763  11.304457
   7    2    4.400648   0.781743   33.965566  10.626815
   7    3    4.320184   0.723806   32.117208  28.066436
   7    4    4.221747   0.770783   13.870271  32.331995
   7    5    4.152591   0.705396   36.488016  16.557491
   7    6    4.017116   0.723145   29.832766   1.647749
   7    7    3.952664   0.703516   11.166356  19.870752
   7    8    3.876518   0.727531    6.129859  11.485542
   7    9    3.700633   0.733912   26.484718  11.567749
   7   10    3.669372   0.774093    9.470033  37.720973
   7   11    3.558858   0.796697   36.226121  15.361540
   7   12    3.418068   0.756568   40.191631   2.181893
   7   13    3.325921   0.739493    3.864591  16.804427
   7   14    3.215596   0.728589   17.615742   1.228159
   7   15    3.118703   0.715105    1.769533  28.265653
   7   16    3.034684   0.797929   17.963221  22.712301
   7   17    2.923350   0.791160   33.521730  30.554803
   7   18    2.874797   0.706201   29.534312  19.305752
   7   19    2.766107   0.728233   26.402703  12.866923
   7   20    2.689309   0.720941    7.388433  27.620540
   7   21    2.511939   0.767683   29.283291   7.295706
   7   22    2.428063   0.762004   38.550735  40.251719
   7   23    2.302630   0.760762   10.551325  24.981386
   7   24    2.220269   0.794857    8.811104  31.811066
   7   25    2.196785   0.726508   21.382362  28.030311
   7   26    2.009292   0.749634   13.470348  30.217938
   7   27    1.971672   0.747517   31.571490  34.663466
   7   28    1.834422   0.766687   36.927358  10.958449
   7   29    1.791312   0.799912   18.308287  34.621528
   7   30    1.635035   0.726901   19.790118  34.719483
   7   31    1.536504   0.766622   12.691076  27.674370
   7   32    1.429845   0.798201   17.232477   7.749326
   7   33    1.330677   0.701591   24.440677  30.153208
   7   34    1.298050   0.718408    8.607673  39.492056
   7   35    1.180511   0.796568   32.187940   2.743931
   7   36    1.060160   0.739041    5.868660   3.488117
   7   37    0.982194   0.751879   24.873358  17.350444
   7   38    0.824188   0.774645   27.134344  15.228808
   7   39    0.723011   0.767886    9.211190   1.657170
   7   40    0.627620   0.737899   11.779908   4.597768
   7   41    0.533627   0.754805   38.834517  37.090196
   7   42    0.467198   0.791997   14.718456  20.727806
   7   43    0.318991   0.705139   32.651766  39.196803
   7   44    0.267053   0.718722   30.080283   3.546763
   7   45    0.115223   0.785190   33.109283  39.033503
   7   46    0.091091   0.783126   38.285123   8.981404
   8    0    4.686148   0.879929    9.468586   9.972961
   8    1    4.557784   0.873885   25.541805   3.733647
   8    2    4.486336   0.868992   16.871009   6.410523
   8    3    4.364643   0.812177   31.098802  30.738740
   8    4    4.277560   0.820621   38.876515  19.171372
   8    5    4.175631   0.851294   15.108220  27.860329
   8    6    4.092503   0.865089    9.327484   6.989657
   8    7    3.967667   0.834265   28.754842  20.072647
   8    8    3.893384   0.849493    8.802396  34.251236
   8    9    3.772099   0.837367    8.340899  39.325399
   8   10    3.673832   0.881718   21.588342  12.262005
   8   11    3.583654   0.803693   26.306299  36.482195
   8   12    3.499903   0.843012    1.015397   4.624076
   8   13    3.342872   0.862852   14.703122  36.168718
   8   14    3.280568   0.885764    4.159918  16.872406
   8   15    3.128392   0.840352   30.432241   8.062133
   8   16    3.099314   0.835943   21.337928   6.344774
   8   17    2.922715   0.883426   16.588980  27.098520
   8   18    2.826677   0.888110    1.473780  40.328305
   8   19    2.739179   0.868762   10.553819  30.270475
   8   20    2.668587   0.814979   21.343368  18.846086
   8   21    2.518893   0.812042   17.003165   9.132293
   8   22    2.487335   0.813235    4.855221   3.017704
   8   23    2.324228   0.869202   22.804334   4.825483
   8   24    2.260787   0.872620   27.946867  30.747848
   8   25    2.170224   0.804954   40.797885  36.382675
   8   26    2.021155   0.886288    5.337928  38.567453
   8   27    1.946890   0.805391   30.759564  13.263285
   8   28    1.837182   0.816983    7.295457  21.772147
   8   29    1.793866   0.828406   18.373156  39.519618
   8   30    1.673034   0.895817   37.731101  14.573106
   8   31    1.594287   0.818150   36.834589  29.687403
   8   32    1.473529   0.858255   19.363732  17.795694
   8   33    1.356950   0.857906   10.746732  25.440074
   8   34    1.288456   0.815369   17.345255   3.731627
   8   35    1.154974   0.899537   28.253370  27.241409
   8   36    1.058874   0.817494   29.661347  26.070661
   8   37    0.985176   0.887056    4.899897  16.676452
   8   38    0.845134   0.892164   20.782977  17.408166
   8   39    0.705237   0.886865   11.497343  22.835988
   8   40    0.680242   0.828474   34.458579  27.645217
   8   41    0.595468   0.847892   38.305409  20.075090
   8   42    0.482831   0.836043   32.200857   3.668175
   8   43    0.378642   0.841089   19.139249  14.661641
   8   44    0.261561   0.828281    5.936207  14.015029
   8   45    0.114810   0.869674   21.543796   4.275997
   8   46    0.087236   0.866890   26.448875   1.806095
   9    0    4.668432   0.998999   22.968484  17.018280
   9    1    4.500194   0.957371   13.665958  25.036961
   9    2    4.422364   0.928093   37.914309  35.525123
   9    3    4.358739   0.903740   30.493474  35.401892
   9    4    4.287392   0.913674   17.314193   6.992973
   9    5    4.119429   0.914773    8.827768  35.136237
   9    6    4.026981   0.961842   28.946728  11.350387
   9    7    3.971971   0.903767   14.530571  15.936655
   9    8    3.884788   0.922659   26.472372   7.517075
   9    9    3.730287   0.939167    7.570115  24.838314
   9   10    3.667223   0.958501   24.720316   1.632729
   9   11    3.506978   0.984362   34.194764  18.998544
   9   12    3.494988   0.908299   40.143221  21.334018
   9   13    3.371015   0.911511   19.919658  24.656696
   9   14    3.295986   0.936700    7.896144  16.603435
   9   15    3.107866   0.986500   15.270980  25.110309
   9   16    3.067381   0.939710   10.785009  20.408977
   9   17    2.967613   0.999945   40.646453   8.367978
   9   18    2.886857   0.976495   30.369043  31.298978
   9   19    2.799799   0.962602   22.314812  27.209644
   9   20    2.602188   0.910814   16.790678   5.311699
   9   21    2.533760   0.992664   28.490979   2.705326
   9   22    2.474297   0.974934   11.445440  26.004627
   9   23    2.370199   0.997088   22.587801  16.813626
   9   24    2.291793   0.913908   25.393468  39.103709
   9   25    2.103498   0.989458   10.159231  30.501678
   9   26    2.014764   0.928739   16.453317  12.218081
   9   27    1.995003   0.992838    6.713904  10.898479
   9   28    1.842194   0.913212   19.207783  10.261176
   9   29    1.765035   0.947637   15.492135  34.313897
   9   30    1.630891   0.971087   24.690557  23.664367
   9   31    1.565845   0.981749   17.463410  11.525929
   9   32    1.424178   0.907855   20.311565   9.164664
   9   33    1.339020   0.903024   40.215522  17.559127
   9   34    1.275822   0.914410    5.617913  21.893258
   9   35    1.149024   0.942603    8.070542  40.247383
   9   36    1.078846   0.998746   35.776428  12.687030
   9   37    0.919659   0.911744    2.676919  10.194617
   9   38    0.829812   0.976202   12.202853  35.990467
   9   39    0.782099   0.934439   21.491003  39.317195
   9   40    0.677074   0.998787   38.551784  21.410718
   9   41    0.572021   0.983489   30.975417  35.972237
   9   42    0.416217   0.989754   10.320545  25.933853
   9   43    0.388999   0.978641   32.005712   1.746263
   9   44    0.207546   0.950882   27.609231   4.005694
   9   45    0.153902   0.901973   26.890837  28.298968
   9   46    0.098961   0.926795   13.118208   9.125897
  10    0    4.669481   1.047938   40.576985  22.227205
  10    1    4.542943   1.043190   21.253446  13.299281
  10    2    4.405602   1.053280   23.018482  11.734582
  10    3    4.398608   1.083973   19.249101  39.633707
  10    4    4.293815   1.045527   25.363401  10.962374
  10    5    4.108918   1.036080    7.505827   8.569133
  10    6    4.025971   1.007812   19.515689  36.157795
  10    7    3.939133   1.010149   23.882386  39.667775
  10    8    3.808538   1.082515   38.799616  22.425946
  10    9    3.755449   1.040241    5.467140   8.590608
  10   10    3.628096   1.026524   36.866460  40.632113
  10   11    3.512521   1.076434   21.395125  12.830776
  10   12    3.434151   1.086883   32.647365   1.091348
  10   13    3.305199   1.010398    1.565424   9.969780
  10   14    3.242974   1.087171   11.070401  34.002644
  10   15    3.123278   1.015945    8.652649  18.667613
  10   16    3.010615   1.002180    2.423903  36.155261
  10   17    2.928466   1.044082   14.595392  35.293353
  10   18    2.814534   1.051254    7.662230  29.255117
  10   19    2.749985   1.085213    7.783561  18.048001
  10   20    2.621493   1.059154   12.614147  27.289463
  10   21    2.569367   1.099927   33.455596   5.626712
  10   22    2.404379   1.017371   40.968104  18.668350
  10   23    2.335998   1.024213   17.355616  28.912810
  10   24    2.202620   1.028503   34.072743  33.451747
  10   25    2.122826   1.074916   21.489589  21.891375
  10   26    2.099588   1.031687   35.005008   6.791436
  10   27    1.996395   1.016959   10.858731   1.915427
  10   28    1.816140   1.087979   15.022343  26.787174
  10   29    1.737008   1.005059   31.337339   9.653085
  10   30    1.691953   1.051210   32.429465   8.276874
  10   31    1.503287   1.079617   31.401374  35.489395
  10   32    1.445774   1.062017   17.054312  23.650908
  10   33    1.390794   1.078937    4.203155  11.851799
  10   34    1.272002   1.080587    7.941805   7.600922
  10   35    1.186611   1.028097    1.526579  39.873568
  10   36    1.044195   1.017125   17.538124  14.783885
  10   37    0.970905   1.078572   37.446361  24.004817
  10   38    0.856178   1.028119   12.552264   7.702392
  10   39    0.762491   1.002067   37.053843   9.626027
  10   40    0.638338   1.021200   29.845712   6.672557
  10   41    0.548288   1.087081   34.400974  36.414317
  10   42    0.440510   1.051700   25.115130  24.571159
  10   43    0.376299   1.047349   23.853152  34.158033
  10   44    0.273538   1.000011    2.796997  16.123978
  10   45    0.128375   1.027554   20.330639  37.910516
  10   46    0.049167   1.090381   17.537228  14.817630
  11    0    4.622514   1.183653   26.457382  25.819231
  11    1    4.552330   1.149028   10.732863  30.087462
  11    2    4.424821   1.122619   18.425064  25.661748
  11    3    4.321230   1.102267   30.066948  13.254416
  11    4    4.278493   1.109588   27.419337  35.065390
  11    5    4.198782   1.183804   15.621827  32.754083
  11    6    4.081331   1.189149   29.744212  35.582664
  11    7    3.954049   1.154440   23.070110   7.521459
  11    8    3.864255   1.121919   26.319654  32.239898
  11    9    3.754225   1.137121   12.606643  11.965249
  11   10    3.641187   1.107557   31.016497  17.871844
  11   11    3.596552   1.135622    1.698880   6.785869
  11   12    3.415403   1.151018   17.331850   5.500288
  11   13    3.385219   1.136094   20.397104  26.961609
  11   14    3.239084   1.130133   34.197232  32.210047
  11   15    3.160849   1.187280   39.860016  11.547723
  11   16    3.031277   1.139454   14.250737  34.421027
  11   17    2.959642   1.117446   27.915282  29.503550
  11   18    2.864878   1.117884   21.693581   7.150348
  11   19    2.795506   1.173861   39.888665   1.583058
  11   20    2.635454   1.115688   21.890472   8.803825
  11   21    2.521740   1.164145   18.599460  20.394515
  11   22    2.423874   1.120318   21.162266  38.231438
  11   23    2.338844   1.137887   34.333991  29.055334
  11   24    2.260712   1.139817   22.758483  32.226719
  11   25    2.172008   1.171618    3.773006  13.438409
  11   26    2.093234   1.137638   33.786276   9.345298
  11   27    1.945612   1.110589    6.262859  33.826600
  11   28    1.845552   1.123324   17.911530  39.863167
  11   29    1.732755   1.176733    6.484437   8.862338
  11   30    1.649143   1.129785   19.936837  11.890530
  11   31    1.555411   1.173791   14.487843   7.999610
  11   32    1.404402   1.149787   10.900133  10.102421
  11   33    1.355217   1.107768   27.224927  28.235926
  11   34    1.214326   1.161801   36.126872   6.242583
  11   35    1.146216   1.193754   20.125793  26.722157
  11   36    1.008599   1.148497   33.707642  39.502416
  11   37    0.999080   1.138550   32.929503  32.918468
  11   38    0.850532   1.199943   27.162230  20.072114
  11   39    0.791356   1.172675   20.893226  32.284857
  11   40    0.690273   1.197945    3.590175  40.606423
  11   41    0.590261   1.154990   20.668186  38.065161
  11   42    0.495584   1.198024   27.396910  28.042755
  11   43    0.313317   1.188547   29.544777  28.543644
  11   44    0.256227   1.161118    9.723695  32.154732
  11   45    0.137822   1.167194   17.433321  24.223671
  11   46    0.019623   1.138415   14.998540  27.419514
  12    0    4.602724   1.219079    2.860971  32.698214
  12    1    4.573940   1.279579   38.564456   1.222596
  12    2    4.465859   1.225372    7.429349  18.552282
  12    3    4.350141   1.217178   33.130361  34.119079
  12    4    4.245864   1.270390   37.591557  21.457692
  12    5    4.166778   1.278257   36.829087   6.815700
  12    6    4.091242   1.222736   28.271269   7.690871
  12    7    3.990410   1.287762    1.955966  13.733265
  12    8    3.879101   1.256166   39.760664  38.624735
  12    9    3.730554   1.257924   21.000546   4.454394
  12   10    3.653056   1.293597    7.498045  34.315970
  12   11    3.530931   1.202739   15.373042  12.056846
  12   12    3.463554   1.297996    3.740018   1.129364
  12   13    3.358512   1.277297   32.266211   1.277951
  12   14    3.274601   1.239862   40.807202  39.411165
  12   15    3.128501   1.218018    6.382365  39.651049
  12   16    3.048392   1.242577    7.496477  30.543731
  12   17    2.936877   1.251723   25.794345   1.200092
  12   18    2.813820   1.244129   23.416861  22.284063
  12   19    2.702506   1.248990   34.998299  34.973924
  12   20    2.666102   1.216509   40.420138  27.109115
  12   21    2.548052   1.220406   33.255192   9.647028
  12   22    2.432998   1.252596   35.961473  20.361108
  12   23    2.373062   1.293069   22.607049  40.608873
  12   24    2.278093   1.264359   30.139249  13.306356
  12   25    2.193593   1.259118   27.492950  17.409281
  12   26    2.093613   1.235972   16.327484  20.791462
  12   27    1.940597   1.258064    6.678921  17.122567
  12   28    1.863999   1.240725    4.728198  24.001008
  12   29    1.724060   1.240352    8.254873  13.138509
  12   30    1.657180   1.261603   18.835201   5.891233
  12   31    1.581493   1.260853   39.740831   9.083505
  12   32    1.423034   1.251973   16.714813  10.194445
  12   33    1.337855   1.267875   37.883758   4.020615
  12   34    1.247954   1.235013   12.173093  24.459276
  12   35    1.109402   1.285803   26.515322  27.772473
  12   36    1.030759   1.268384   25.293231  33.412173
  12   37    0.986156   1.237628    5.880050  34.156371
  12   38    0.808353   1.294064   17.490788  30.995829
  12   39    0.726831   1.217386    3.132331  25.116148
  12   40    0.669622   1.252378   23.148580  37.760602
  12   41    0.596063   1.201928   31.239836  40.180805
  12   42    0.452959   1.263937   38.057005   4.855230
  12   43    0.366618   1.286456   12.319962  23.375089
  12   44    0.226640   1.273550   24.299731  16.683522
  12   45    0.199057   1.238922   21.474962  33.652616
  12   46    0.001958   1.206135    1.888686  31.363965
  13    0    4.697901   1.394623   18.480516  35.117381
  13    1    4.526557   1.306198   19.366366   1.449538
  13    2    4.426881   1.354258   37.221529  29.744858
  13    3    4.349871   1.319721   28.757561  36.935306
  13    4    4.246196   1.306198   36.558018  18.009168
  13    5    4.143865   1.330061   14.666609  28.401712
  13    6    4.011965   1.366904    1.343022  31.768135
  13    7    3.900449   1.377979   22.980413  40.211765
  13    8    3.852187   1.322141   18.603506  38.953333
  13    9    3.712034   1.379960    1.551476  12.000659
  13   10    3.604485   1.356097   21.434317  31.057577
  13   11    3.573574   1.308712    3.399276  31.266650
  13   12    3.468839   1.375480   11.944313  32.107574
  13   13    3.323308   1.315057   32.382393  20.692357
  13   14    3.293183   1.371344    4.632810  31.754827
  13   15    3.165044   1.351382   31.957827  40.895935
  13   16    3.071448   1.312650   32.863618  25.313120
  13   17    2.987435   1.303416   29.558028  22.631905
  13   18    2.892047   1.332460   13.642935  40.016303
  13   19    2.715086   1.349278   12.280225  12.031723
  13   20    2.630231   1.350203   29.696485  39.465344
  13   21    2.592682   1.342595    3.996688  18.294494
  13   22    2.429962   1.371563   22.880303   7.178973
  13   23    2.316466   1.359943   39.658634  15.308537
  13   24    2.270066   1.321340   39.248669  35.357522
  13   25    2.187501   1.361943    9.480538   7.004835
  13   26    2.055448   1.394009   23.641726   6.414908
  13   27    1.968046   1.392035   33.855690  40.813696
  13   28    1.817000   1.351729   10.444415  12.528986
  13   29    1.776201   1.377332    9.267879   4.416290
  13   30    1.643586   1.360202   37.207365  12.405848
  13   31    1.554663   1.301844   36.128163   8.053016
  13   32    1.406122   1.329047   19.109520  14.648919
  13   33    1.396987   1.394013    1.379749  17.970967
  13   34    1.267239   1.315238    4.781259  23.569041
  13   35    1.109173   1.307659    1.878052   6.163103
  13   36    1.000417   1.355711    7.795896   5.967045
  13   37    0.925729   1.378292   38.967086  17.372011
  13   38    0.869695   1.318332   13.176482  36.365598
  13   39    0.787523   1.305194   10.337382  26.401472
  13   40    0.645215   1.399249   34.553881  33.362468
  13   41    0.523807   1.343754   32.164710  27.099366
  13   42    0.450819   1.348993    5.151183  31.222622
  13   43    0.362722   1.392269   22.692931  18.945745
  13   44    0.257828   1.379755   24.558563  18.521902
  13   45    0.123414   1.322708   27.838370  38.000230
  13   46    0.053837   1.391880   13.301748  19.600352
  14    0    4.618557   1.435957   10.057162  36.033190
  14    1    4.527011   1.458896   28.496352  14.778542
  14    2    4.418655   1.418580   33.631107   4.985480
  14    3    4.314859   1.427315    6.419347  11.735583
  14    4    4.298916   1.440394    2.691582  33.471833
  14    5    4.171821   1.419911    1.618061  13.142836
  14    6    4.005809   1.459945   22.715187   7.863293
  14    7    3.912252   1.479389    7.216105  14.592597
  14    8    3.843584   1.498457   21.888802  32.554411
  14    9    3.784526   1.453063    7.364730  32.056401
  14   10    3.691120   1.401901    5.655843  22.341231
  14   11    3.527959   1.498617   30.327155  19.552868
  14   12    3.416364   1.435516   25.919534  34.406396
  14   13    3.357127   1.485991   39.472472  35.400328
  14   14    3.259468   1.445497   25.793093  38.228031
  14   15    3.107900   1.481109   39.494821  29.374791
  14   16    3.006387   1.478458   11.450786   8.799362
  14   17    2.966146   1.423428   26.462552  33.289134
  14   18    2.872278   1.470910   24.547867  31.866351
  14   19    2.783534   1.451183   12.841178  23.954671
  14   20    2.658465   1.408188   21.841487   9.460927
  14   21    2.565255   1.485714   32.422988  10.181616
  14   22    2.438038   1.405070   13.058703  29.827724
  14   23    2.391715   1.459409   15.135237  14.420239
  14   24    2.263358   1.478820   23.721812  37.912528
  14   25    2.110379   1.460586   37.987895  14.839835
  14   26    2.073772   1.469454   36.555257  30.900968
  14   27    1.904940   1.472998   25.961019  25.087934
  14   28    1.813796   1.411735   23.262449   7.866282
  14   29    1.716865   1.407679   15.420837  36.667507
  14   30    1.650831   1.478732   27.874888   3.405309
  14   31    1.559097   1.460523    2.692745  12.815207
  14   32    1.407134   1.497745    3.540050  12.212176
  14   33    1.323342   1.480190   21.708429  22.959034
  14   34    1.293373   1.485977   16.528546  24.859449
  14   35    1.140832   1.497904   27.183419  23.279090
  14   36    1.050484   1.465531   34.405133  24.626836
  14   37    0.911867   1.453173    3.570451   1.590428
  14   38    0.872873   1.495150    9.722237   1.037851
  14   39    0.771635   1.447620   35.073028  13.712293
  14   40    0.699201   1.499586   36.258666  17.835136
  14   41    0.508982   1.472908   18.292708   3.683383
  14   42    0.417033   1.486542   31.740304  11.445481
  14   43    0.300757   1.488093   36.622626  21.628058
  14   44    0.234561   1.415851    9.143600  10.555879
  14   45    0.167267   1.466794   24.288896  10.773737
  14   46    0.026451   1.425902   18.096762  18.242250
  15    0    4.694071   1.595207   27.980546   9.065046
  15    1    4.561504   1.528246   28.557587   5.162820
  15    2    4.402033   1.578228    5.297726   1.015584
  15    3    4.367410   1.552932   30.860969   5.648417
  15    4    4.280980   1.502910    1.786995   1.883484
  15    5    4.182306   1.564310   39.393147  28.092266
  15    6    4.032732   1.515916    2.121544  18.952275
  15    7    3.984135   1.569867   31.563847  26.862203
  15    8    3.896490   1.594852   36.023271  33.643836
  15    9    3.777020   1.513145    9.411518  15.028504
  15   10    3.653708   1.532075   35.812713   3.385571
  15   11    3.548892   1.575832   18.090928   5.520856
  15   12    3.430546   1.504007   10.011861  13.599240
  15   13    3.396569   1.513868   13.656454  12.898320
  15   14    3.233904   1.568972   36.213994  37.874178
  15   15    3.143283   1.517693   21.968461  28.736423
  15   16    3.071752   1.522247   26.473675   8.332970
  15   17    2.949331   1.517776   31.214211  20.705845
  15   18    2.820119   1.538262   19.759183  18.392943
  15   19    2.739091   1.553085   32.448842  38.737486
  15   20    2.607575   1.546804   28.548644  36.572164
  15   21    2.537084   1.582425    5.725975   1.238982
  15   22    2.493438   1.522569   10.440250  22.683930
  15   23    2.322041   1.546345    3.801605  40.148096
  15   24    2.218152   1.515586   30.685965   6.709067
  15   25    2.171173   1.580830   11.058981   5.678667
  15   26    2.003439   1.513771    7.847234  35.830647
  15   27    1.976834   1.543027   32.216232  29.935170
  15   28    1.875795   1.508292   32.310210  36.561056
  15   29    1.774755   1.533985   13.542578   3.142210
  15   30    1.679781   1.527433   36.187142  16.586669
  15   31    1.526813   1.593727   38.723025  27.055596
  15   32    1.437320   1.515283   13.169572   4.900671
  15   33    1.351975   1.599905   12.175477  17.191975
  15   34    1.295797   1.557858   38.188098  18.989904
  15   35    1.196626   1.522900   24.538305  28.834286
  15   36    1.091301   1.501160   19.272486  34.286923
  15   37    0.979944   1.577403   28.210445  21.340629
  15   38    0.833681   1.563180   27.795001  13.793748
  15   39    0.741230   1.563386   15.240162  11.104449
  15   40    0.697352   1.515007   38.318882  14.729122
  15   41    0.554374   1.507788   25.522694  15.584239
  15   42    0.475902   1.594989    5.562936  24.246397
  15   43    0.359613   1.502345   20.181036  19.141310
  15   44    0.229561   1.524246   13.532316   7.714471
  15   45    0.194725   1.582708   13.168204  35.994435
  15   46    0.022431   1.511910   30.654583  40.749537
  16    0    4.686588   1.609296   23.543357   6.420544
  16    1    4.511174   1.674057   34.799228  20.130679
  16    2    4.489727   1.691320   31.538245  19.400917
  16    3    4.308409   1.641605   13.347891  28.927698
  16    4    4.231011   1.641974   33.444499   8.232660
  16    5    4.102642   1.699325   36.021580   7.614850
  16    6    4.039137   1.665007   13.516332  15.195540
  16    7    3.971851   1.680645    1.960242  35.639482
  16    8    3.803788   1.650710   25.497309   7.184597
  16    9    3.780145   1.641054   17.589123  16.859883
  16   10    3.622593   1.602836    2.043879   6.289228
  16   11    3.596012   1.646711   28.095384   7.461954
  16   12    3.454036   1.627015   27.232444  17.619778
  16   13    3.316685   1.644215   22.877546  26.409649
  16   14    3.201413   1.685963   15.500790  11.252976
  16   15    3.126000   1.622572   24.119355  26.179412
  16   16    3.006743   1.667104   39.788778   5.987864
  16   17    2.952891   1.638968   27.678748  15.474181
  16   18    2.834212   1.614185   22.307244  29.674180
  16   19    2.734277   1.656295   16.771666  35.807814
  16   20    2.670305   1.646037   23.278129  34.195474
  16   21    2.519601   1.632220   31.469491  40.296138
  16   22    2.462193   1.622853   16.152919   2.759547
  16   23    2.384625   1.607137   10.817992  25.686093
  16   24    2.257280   1.623190   22.230541  22.969103
  16   25    2.149374   1.661471    9.424686  27.599791
  16   26    2.094960   1.663329   33.259910  11.215844
  16   27    1.919209   1.651580   26.650611   4.165615
  16   28    1.836734   1.624759   37.526400  22.261508
  16   29    1.789009   1.687895   34.081553   4.653767
  16   30    1.602731   1.655209    3.085583  22.439723
  16   31    1.568340   1.688951    5.742847  27.429037
  16   32    1.411526   1.674006   21.221597   5.732788
  16   33    1.300196   1.630618    5.560912  15.478827
  16   34    1.295792   1.643511   13.871631  29.047880
  16   35    1.157546   1.611094   27.863772  37.969808
  16   36    1.088907   1.664929   20.672023  16.337433
  16   37    0.910409   1.669140   39.251851  22.731903
  16   38    0.847071   1.619024   24.445560  30.778797
  16   39    0.761551   1.625530   13.959406  37.263560
  16   40    0.687773   1.600093   28.363621  20.048571
  16   41    0.551137   1.665856    9.866026  24.797661
  16   42    0.488668   1.685020   23.680870   1.797314
  16   43    0.329799   1.646578   18.606675   7.162648
  16   44    0.200944   1.638286   23.854259  34.750678
  16   45    0.195584   1.685628   40.767838  27.618829
  16   46    0.088222   1.678552    9.022183  35.433284
  17    0    4.683098   1.793867   25.946371   4.545084
  17    1    4.505830   1.722741   24.233669  31.331994
  17    2    4.482925   1.714364   17.486739  40.796547
  17    3    4.385964   1.779513    5.481557  28.385560
  17    4    4.256018   1.762718   13.001369  23.749116
  17    5    4.191836   1.785597    9.507699  34.007891
  17    6    4.091243   1.703553   14.317919  37.491987
  17    7    3.948311   1.765677   36.512239  36.422566
  17    8    3.834646   1.755824   14.286339  31.324698
  17    9    3.747864   1.749319   39.313136  16.906455
  17   10    3.696248   1.792715   12.917616  27.660490
  17   11    3.568871   1.796928    8.166117   3.610696
  17   12    3.414296   1.790702   11.615225  27.633109
  17   13    3.328284   1.770776    7.369342   3.947522
  17   14    3.227892   1.786711   21.799310   4.149475
  17   15    3.122715   1.736860   37.941105  17.101800
  17   16    3.076804   1.722357    3.012718  39.825963
  17   17    2.990717   1.798678   10.072958  29.046418
  17   18    2.811989   1.789873   35.637050  11.191363
  17   19    2.754768   1.744975    9.724728   9.510994
  17   20    2.662002   1.745612   14.635986  40.734867
  17   21    2.574004   1.740077   35.641925  23.673664
  17   22    2.458943   1.723906    3.282149  34.822783
  17   23    2.358189   1.797666   26.240141  40.916063
  17   24    2.282979   1.766570   29.612908  38.202968
  17   25    2.159712   1.756637   10.215068  28.801878
  17   26    2.036706   1.781511   23.399513  24.761277
  17   27    1.973592   1.721196   40.400844  22.509689
  17   28    1.809758   1.757638   17.703063  29.389654
  17   29    1.735531   1.736370    7.313502  18.271141
  17   30    1.640058   1.792688   36.629855   7.270796
  17   31    1.514971   1.744871   36.980337  33.935757
  17   32    1.420965   1.735595   19.687720   4.579637
  17   33    1.353944   1.711546   37.070101  30.604069
  17   34    1.243339   1.705667   13.184028  18.547200
  17   35    1.103184   1.707615   26.002964  36.341008
  17   36    1.098142   1.727124   10.395087  35.027693
  17   37    0.954497   1.718487    1.633279  36.301843
  17   38    0.898723   1.709419    4.775745  38.155034
  17   39    0.762869   1.776145   39.262203  33.173254
  17   40    0.612266   1.711298   34.267055   9.370287
  17   41    0.593057   1.719924   13.151349  17.652436
  17   42    0.417156   1.749714   39.798918  32.046826
  17   43    0.313623   1.757957   11.372645  20.757445
  17   44    0.227129   1.753439   37.373706  33.135347
  17   45    0.196399   1.735657   40.743687  28.082317
  17   46    0.044063   1.715658   10.655890  24.696147
  18    0    4.661340   1.817312   36.761911  40.680800
  18    1    4.519152   1.869822   29.781819  35.881433
  18    2    4.435495   1.852180   22.864968   8.082840
  18    3    4.316932   1.898676   32.142783   9.875697
  18    4    4.270540   1.827448   24.008771  16.018286
  18    5    4.188266   1.887679   22.183633  20.497547
  18    6    4.085850   1.807011   31.468718  24.742605
  18    7    3.966886   1.850891   39.798231  39.611658
  18    8    3.873551   1.817191   18.933688  23.429665
  18    9    3.709455   1.889944   30.692108  39.194844
  18   10    3.618255   1.868405    4.376430  11.917021
  18   11    3.501358   1.894854    7.121741  40.845567
  18   12    3.447424   1.895197   37.848072  23.159385
  18   13    3.349580   1.859197   13.708947  30.721479
  18   14    3.238314   1.856165   12.258501  18.066328
  18   15    3.179963   1.861571   10.567934  39.334958
  18   16    3.064416   1.860010   22.368458  38.970543
  18   17    2.949089   1.860272   14.771622  23.331854
  18   18    2.868105   1.874252   36.633229  18.793318
  18   19    2.770695   1.858791   21.222913  40.324024
  18   20    2.696908   1.829147   17.201891  30.044187
  18   21    2.543222   1.825958   35.285642  18.041511
  18   22    2.438326   1.850890    5.290134   1.112028
  18   23    2.348543   1.896499   32.069009  25.515550
  18   24    2.232630   1.845408    2.308738  26.875200
  18   25    2.172318   1.835269   11.048345  36.698912
  18   26    2.034302   1.806886    1.543838  36.478624
  18   27    1.973649   1.821568   19.744159  15.875362
  18   28    1.831033   1.843618   20.849202  33.196008
  18   29    1.705845   1.898725   36.470423  29.405376
  18   30    1.614195   1.897848   13.724766  29.615754
  18   31    1.561101   1.838529    9.702164  39.800546
  18   32    1.426680   1.886004   14.319775   5.959380
  18   33    1.379745   1.890096   30.401467  25.814395
  18   34    1.292786   1.801016    1.312912  40.161603
  18   35    1.129490   1.818412    3.680067  16.182692
  18   36    1.060511   1.899410   26.285876  35.411555
  18   37    0.921717   1.889072    7.465756   4.841607
  18   38    0.859192   1.842413   24.120922   4.174902
  18   39    0.790323   1.822599   18.378922  11.897403
  18   40    0.694843   1.872549    6.116942  17.286950
  18   41    0.514044   1.824294    8.814556   7.316659
  18   42    0.471861   1.885001   30.932742  12.527151
  18   43    0.315406   1.893655   14.264183  23.251321
  18   44    0.242960   1.896502   14.130200  39.155705
  18   45    0.118566   1.831226   36.201169  26.108213
  18   46    0.049226   1.823571   34.004087  33.213297
  19    0    4.694321   1.990092   23.391979  40.917928
  19    1    4.519163   1.956659   39.549383  32.955304
  19    2    4.463423   1.964288   23.284986  18.253351
  19    3    4.349359   1.957042    5.830965  14.612113
  19    4    4.269080   1.967000   35.167507   7.893364
  19    5    4.190126   1.909317   12.684643  15.737531
  19    6    4.066161   1.927736    8.070798  33.622616
  19    7    3.906998   1.933897    4.592535  36.727541
  19    8    3.808089   1.929525    8.941818  10.003514
  19    9    3.783424   1.901122    2.739898  10.662010
  19   10    3.642823   1.914719   40.389606  24.651960
  19   11    3.571291   1.991443    4.674514  27.442239
  19   12    3.456517   1.911127   32.353219   8.493616
  19   13    3.384095   1.914573    2.653876  30.267573
  19   14    3.227628   1.968973    8.327188  31.672827
  19   15    3.162641   1.934605   38.679412  10.814589
  19   16    3.075186   1.953571   14.319566  34.231637
  19   17    2.925092   1.947782   32.381095  34.052713
  19   18    2.802849   1.908610   17.506668   8.371631
  19   19    2.741978   1.924956   27.329825  24.450403
  19   20    2.655091   1.990625   31.587673  13.056670
  19   21    2.552481   1.961702   22.019038  22.396367
  19   22    2.413500   1.976451    7.131340   1.909884
  19   23    2.360851   1.975684    3.671057  12.980596
  19   24    2.269657   1.962394   17.746111   1.803601
  19   25    2.121255   1.953008   26.187774  38.850285
  19   26    2.016440   1.906352   16.693996  12.236214
  19   27    1.935672   1.973203    7.979293  14.676062
  19   28    1.801840   1.912253   13.607630  24.535289
  19   29    1.752608   1.935861   11.068255  22.834222
  19   30    1.688501   1.919985    7.259010  25.121528
  19   31    1.564493   1.971108   19.781595   8.231002
  19   32    1.458190   1.943335    7.867459  28.513529
  19   33    1.358542   1.940732   25.505575  24.765225
  19   34    1.293264   1.993522   31.223417   3.448574
  19   35    1.179657   1.927176   23.393973  36.745972
  19   36    1.056980   1.936523    6.943743   9.440019
  19   37    0.914664   1.963509   17.583403  25.652240
  19   38    0.881064   1.958671   34.463260  31.287139
  19   39    0.704698   1.979123   33.383756  35.941870
  19   40    0.652504   1.956902   22.906346   5.498611
  19   41    0.537021   1.923073    8.075869  13.187310
  19   42    0.471863   1.927532   24.771427  15.286149
  19   43    0.358836   1.979813   36.362543   3.636148
  19   44    0.232670   1.900619   38.400297  29.730067
  19   45    0.193852   1.910566   22.183133  16.364596
  19   46    0.045582   1.955699   30.493254  37.913913
  20    0    4.627439   2.037618   15.515962  37.512470
  20    1    4.501975   2.059108   17.470101  20.270597
  20    2    4.458093   2.038534   30.956901  10.658492
  20    3    4.339512   2.083101    3.266120  27.077755
  20    4    4.291800   2.032654   34.276501  18.215079
  20    5    4.136997   2.002639    1.191193  17.985411
  20    6    4.081518   2.023157    3.822131  15.792061
  20    7    3.927400   2.016987   28.769309  16.654299
  20    8    3.886597   2.004564    5.545652   4.799124
  20    9    3.776489   2.010127   17.014757  31.028539
  20   10    3.646358   2.057780   23.601181  38.127056
  20   11    3.529834   2.046558   19.390361   2.461642
  20   12    3.428388   2.032579   22.871623  19.568190
  20   13    3.383204   2.097171   20.732185  15.860175
  20   14    3.225265   2.060921   25.446643  39.706778
  20   15    3.180530   2.003651   32.714192   8.204677
  20   16    3.033509   2.053542   19.988866  29.330290
  20   17    2.989543   2.019275   19.965410  14.252787
  20   18    2.855478   2.006992   11.089128   5.983010
  20   19    2.748130   2.008973    9.741208  25.924803
  20   20    2.618725   2.088613   15.125671  20.103556
  20   21    2.514152   2.052186   18.089366  15.817247
  20   22    2.408051   2.072908   39.806235  34.258288
  20   23    2.388115   2.068298   16.740672  25.485290
  20   24    2.252999   2.074341    6.486075  32.302898
  20   25    2.111564   2.076330   27.492833   5.580233
  20   26    2.008009   2.058802   27.518964  14.874746
  20   27    1.974458   2.008114    4.645586  37.623528
  20   28    1.803743   2.018822   35.312343  33.438861
  20   29    1.792007   2.017272   11.083905  26.144148
  20   30    1.636273   2.066052   35.421818   7.180805
  20   31    1.535610   2.065147   29.895313   5.101427
  20   32    1.495894   2.028639   22.934258  35.359942
  20   33    1.323475   2.019173   20.946338  13.960806
  20   34    1.219236   2.040804   19.552851  22.306932
  20   35    1.194437   2.069235   10.632214  26.485212
  20   36    1.077195   2.077281   38.211482  33.069616
  20   37    0.903179   2.053188   13.053031  19.250148
  20   38    0.886834   2.016222   22.709907  14.781741
  20   39    0.786715   2.083986   22.158530  27.085854
  20   40    0.658024   2.010761   21.775234  32.149316
  20   41    0.560490   2.087757   26.942881  29.095214
  20   42    0.454975   2.011641   40.119292  15.019668
  20   43    0.307793   2.094692   25.559776  21.591411
  20   44    0.269143   2.011117    3.475530   1.818620
  20   45    0.128475   2.072748   29.267272  23.244642
  20   46    0.063192   2.071847   40.263149  24.711483
  21    0    4.612030   2.157942   13.400882  22.922495
  21    1    4.555712   2.163514   19.440243  40.663900
  21    2    4.496142   2.114404   10.112434  22.153938
  21    3    4.373368   2.154675   32.271766  27.148882
  21    4    4.264628   2.152383    6.401344  21.842150
  21    5    4.100941   2.197637   25.152231  12.066671
  21    6    4.028502   2.143036   11.003942  16.796761
  21    7    3.910401   2.100128    1.287081  34.514414
  21    8    3.820448   2.195096   24.995623  31.851364
  21    9    3.747737   2.199098   30.950774  36.362903
  21   10    3.616551   2.100436   13.499586  39.777480
  21   11    3.500666   2.139232   23.203625  24.167984
  21   12    3.479440   2.113023    9.685054   3.901479
  21   13    3.361692   2.111529   16.363588  36.764532
  21   14    3.294298   2.198942   27.276874   7.276249
  21   15    3.139129   2.125816   40.193154  25.961195
  21   16    3.043285   2.183913   34.087503  25.454747
  21   17    2.953793   2.175102   29.675646  26.074444
  21   18    2.834922   2.129125    6.621411  11.357854
  21   19    2.790984   2.199427   28.419233  32.610765
  21   20    2.672859   2.186237    4.591030  28.424279
  21   21    2.556195   2.172144    9.141070  31.226142
  21   22    2.413197   2.118036   34.222409  32.175576
  21   23    2.308659   2.112582   19.347997  15.162285
  21   24    2.221138   2.122509   10.517812  40.524635
  21   25    2.119426   2.175573   32.244339   2.679396
  21   26    2.096273   2.164981   21.181575   9.601328
  21   27    1.920056   2.180563    6.061365  15.575547
  21   28    1.891133   2.105496   18.704557  24.564317
  21   29    1.774378   2.120852   29.417063  25.703078
  21   30    1.699930   2.106762   22.141629  23.813309
  21   31    1.518886   2.136953   15.978936  18.462718
  21   32    1.443489   2.121739   16.405684  40.211400
  21   33    1.377454   2.147160    8.616573  40.576470
  21   34    1.222412   2.189356   34.440701  24.372425
  21   35    1.162959   2.103116    1.394840  34.010583
  21   36    1.053339   2.111865   36.425502  32.763558
  21   37    0.932211   2.178486    7.172578   8.740270
  21   38    0.842960   2.147963   40.198851  37.318734
  21   39    0.761283   2.104834    9.235762  34.118130
  21   40    0.691029   2.132119   28.385642   3.453736
  21   41    0.555880   2.140348   37.308138  31.928556
  21   42    0.447132   2.122392   20.242978  29.819159
  21   43    0.305835   2.194288   21.446423  33.780709
  21   44    0.276329   2.186590   30.033993   5.822717
  21   45    0.134106   2.132848   21.741204  21.312963
  21   46    0.016050   2.159735   38.776352  21.897720
  22    0    4.678863   2.260602   27.408746  19.752032
  22    1    4.530726   2.244572   22.501398  22.689832
  22    2    4.482277   2.205753    5.772975   3.690308
  22    3    4.391650   2.281278   27.699023   4.779536
  22    4    4.241584   2.237145   19.800963  38.515244
  22    5    4.127419   2.282511   23.412341  28.253065
  22    6    4.006798   2.206311   22.269316   1.744930
  22    7    3.905069   2.215607   29.485365  35.379844
  22    8    3.885121   2.238788   15.302912   5.594337
  22    9    3.713624   2.215005   21.755904  29.849807
  22   10    3.634668   2.295512   35.941504  35.416983
  22   11    3.530275   2.224855   27.524993   6.469293
  22   12    3.499558   2.287335   11.553783   8.237138
  22   13    3.354797   2.204297    8.423212  13.909491
  22   14    3.254719   2.253485    3.332527   1.407936
  22   15    3.100029   2.276053   22.833312   2.046753
  22   16    3.091959   2.208321    1.768547   3.501134
  22   17    2.925379   2.262715    6.317646  10.629392
  22   18    2.888885   2.219741   14.915208  37.854530
  22   19    2.796319   2.234533   26.037945  37.450896
  22   20    2.659219   2.207375   18.419330  23.773376
  22   21    2.545683   2.287521   13.944051  21.904803
  22   22    2.486844   2.238968   15.708393  31.202446
  22   23    2.302353   2.281328    3.547288  33.741792
  22   24    2.296598   2.259368   27.387976  11.755716
  22   25    2.139524   2.292615   26.383198   7.044864
  22   26    2.012412   2.208072   10.817458  12.310925
  22   27    1.978230   2.281544   26.807447   5.883782
  22   28    1.897801   2.268526   23.996059  16.946626
  22   29    1.762207   2.226548   27.557758  10.805287
  22   30    1.665031   2.245175   32.305373  38.819596
  22   31    1.597391   2.255632    3.553800  14.260865
  22   32    1.477473   2.282739   12.318575  15.650851
  22   33    1.323476   2.291299   17.696018   8.269221
  22   34    1.254718   2.226271   33.800597  10.808763
  22   35    1.155971   2.230526   19.963443  39.055854
  22   36    1.021944   2.270240   39.187584  26.548140
  22   37    0.905037   2.201267   29.899611  11.107513
  22   38    0.823842   2.260242    9.248028  36.784399
  22   39    0.742152   2.272605   12.614755  27.024558
  22   40    0.649114   2.291879   24.292040   3.852313
  22   41    0.547269   2.246931   19.721496  29.749619
  22   42    0.484068   2.297936    2.209271  17.019093
  22   43    0.327625   2.229422   19.160358  10.196224
  22   44    0.233314   2.227187   17.780063  40.091905
  22   45    0.154724   2.252637    1.660440  15.996395
  22   46    0.011849   2.296012    2.118478   1.280210
  23    0    4.618284   2.332152   26.619691   6.031508
  23    1    4.526009   2.337429    6.769903  20.543651
  23    2    4.445029   2.342957   16.478257  40.606053
  23    3    4.320817   2.381263   13.900002   7.976505
  23    4    4.276239   2.335726    6.197467  18.569209
  23    5    4.178213   2.373860    2.175845   1.350042
  23    6    4.040800   2.357074    3.246049  10.384492
  23    7    3.904423   2.386096   37.354110   1.754441
  23    8    3.800283   2.398587   13.534267  30.093022
  23    9    3.745453   2.364374   27.255304  33.352221
  23   10    3.679177   2.375654   20.025704  39.311287
  23   11    3.517201   2.350905   22.717026  16.575471
  23   12    3.426900   2.329039    3.295500   2.849571
  23   13    3.331167   2.336760   39.283362   3.669458
  23   14    3.288593   2.349652   27.092892  38.232567
  23   15    3.138007   2.314013   38.801529  21.305521
  23   16    3.088939   2.350117   17.005000  40.348946
  23   17    2.999378   2.361763   25.761002  37.056457
  23   18    2.857373   2.345500   16.607822  17.652037
  23   19    2.733594   2.334897   20.124371  14.847932
  23   20    2.644049   2.359966   13.029504  27.779020
  23   21    2.562505   2.324154    6.563271   9.069745
  23   22    2.493791   2.346146    2.639996   8.151396
  23   23    2.315877   2.321407   29.426766   7.851110
  23   24    2.260009   2.389644   17.620250   1.064783
  23   25    2.125177   2.355012    3.433649  13.074396
  23   26    2.052185   2.372376   35.453223  32.971402
  23   27    1.961264   2.356663   21.994184  38.022133
  23   28    1.819024   2.385335    5.917960  24.103947
  23   29    1.739912   2.383419    8.230847  33.122332
  23   30    1.674731   2.313894   13.957133  17.284823
  23   31    1.535386   2.346350   28.181729  16.077562
  23   32    1.478138   2.366901   11.827454   3.710064
  23   33    1.305499   2.390779   31.334304   4.733458
  23   34    1.273505   2.384594   40.231448   8.692545
  23   35    1.141610   2.332105   40.551314   9.362714
  23   36    1.097840   2.339745   15.668137   1.794425
  23   37    0.913978   2.375954    1.614624  15.610883
  23   38    0.852424   2.341490   30.029249  13.474064
  23   39    0.786686   2.341707   22.026916  20.170638
  23   40    0.625998   2.361916    8.506618  14.317966
  23   41    0.527038   2.364424   19.375201   8.321466
  23   42    0.443687   2.331754   23.165513   3.123627
  23   43    0.331876   2.371761   21.474142   5.792049
  23   44    0.299207   2.393442    2.077708  36.544454
  23   45    0.137725   2.319681   33.671290  36.972950
  23   46    0.008318   2.357308    7.697133  15.703268
  24    0    4.672946   2.423595   33.110361  17.327470
  24    1    4.598678   2.479801    3.200047   4.126182
  24    2    4.448302   2.440043   25.412766  19.918924
  24    3    4.325426   2.471433    1.800710   6.543985
  24    4    4.267360   2.438055    6.151658  24.292830
  24    5    4.172774   2.446526   21.592609   9.553449
  24    6    4.070120   2.449115   27.656827  20.522871
  24    7    3.969791   2.446846   27.254341  32.826320
  24    8    3.802046   2.499916   21.102844   2.049770
  24    9    3.713293   2.406868   29.998337   3.499040
  24   10    3.626370   2.413079    4.496887  18.012543
  24   11    3.552374   2.479691   18.429656   6.571568
  24   12    3.470097   2.407608   19.096795  29.091905
  24   13    3.347617   2.409482    5.521153  40.588991
  24   14    3.213568   2.443021   19.953908  20.455922
  24   15    3.173383   2.418907   40.700372  20.574901
  24   16    3.099754   2.428957   40.689346  31.218296
  24   17    2.983837   2.478084   31.082606  19.130869
  24   18    2.852629   2.465514   18.276430  21.890014
  24   19    2.712481   2.435418    2.173589  21.811615
  24   20    2.654039   2.488643   20.516009  19.625372
  24   21    2.520954   2.420041    5.904388  34.330816
  24   22    2.435400   2.469636   27.055534  35.633719
  24   23    2.355757   2.470605   12.650093  16.847791
  24   24    2.294397   2.458086   34.216753  39.948567
  24   25    2.111271   2.405836    3.922985  34.530624
  24   26    2.047500   2.463641    4.561004   5.816038
  24   27    1.934077   2.428504   33.719919   3.786588
  24   28    1.876706   2.443457   24.035105  19.284910
  24   29    1.737096   2.446369    9.042710  39.996063
  24   30    1.623334   2.499485    2.704929   9.150863
  24   31    1.522400   2.401196   33.899408  35.281431
  24   32    1.423007   2.492515   39.497811  28.227821
  24   33    1.338837   2.420043    6.133353  33.787750
  24   34    1.264141   2.448406    7.038986   8.989595
  24   35    1.124693   2.441832   32.716026  27.147353
  24   36    1.087329   2.465979   39.581321   4.945369
  24   37    0.906636   2.426587   16.678725   4.245765
  24   38    0.824925   2.435763   25.191684  33.682846
  24   39    0.744050   2.424744   27.647185  17.101721
  24   40    0.608953   2.444139   32.771332  38.333230
  24   41    0.522615   2.469581   37.982320  28.619305
  24   42    0.451145   2.468339    5.151779  21.282475
  24   43    0.312604   2.457108    7.819312  28.165613
  24   44    0.221478   2.464398   21.421656  37.273609
  24   45    0.115870   2.494612   14.836359  17.372595
  24   46    0.021003   2.412303   14.804148  22.615199
  25    0    4.630870   2.531603   28.373431  21.257086
  25    1    4.561062   2.510462   26.818648  23.031364
  25    2    4.467309   2.535045   22.560467  28.698327
  25    3    4.324213   2.505051    4.124337  24.759048
  25    4    4.241114   2.534514    9.403494  31.507591
  25    5    4.192171   2.598876    1.357452  11.818588
  25    6    4.076449   2.542332   10.316221  32.769860
  25    7    3.983087   2.509112    1.438070  26.953891
  25    8    3.834346   2.548745   13.373714  32.832778
  25    9    3.744223   2.533598    4.236316  24.558902
  25   10    3.677272   2.502837   23.603833  15.263450
  25   11    3.596816   2.541324    5.151930  10.977297
  25   12    3.465578   2.516187    4.921157   5.288955
  25   13    3.327466   2.524339   27.075222  10.882698
  25   14    3.265270   2.568110   34.847211  39.681743
  25   15    3.164793   2.535500    2.361495  18.016982
  25   16    3.026920   2.548897   26.949836   9.746430
  25   17    2.971466   2.589343   25.865076   4.384596
  25   18    2.872760   2.550581   40.973647  18.009782
  25   19    2.719843   2.521764   35.743160  34.071085
  25   20    2.603152   2.503536   16.922553   4.411008
  25   21    2.504544   2.588338    5.653730  36.174355
  25   22    2.404602   2.561611   16.894386  29.234800
  25   23    2.377218   2.530775   10.135901  35.907523
  25   24    2.209364   2.558524   17.256758  27.724870
  25   25    2.167544   2.556336   14.375052  23.752486
  25   26    2.021423   2.593866    3.792320  35.261015
  25   27    1.980223   2.556040   20.219230  39.613686
  25   28    1.885281   2.558371   23.730647  22.178113
  25   29    1.730271   2.534001   32.227325  22.241835
  25   30    1.632443   2.574960   21.123067  13.750705
  25   31    1.598314   2.532516   30.693595   3.767704
  25   32    1.495883   2.514622    5.805775  23.562170
  25   33    1.353978   2.515290   33.007208  35.006358
  25   34    1.235034   2.544319   21.235674  17.422799
  25   35    1.108550   2.514703   30.369465   9.262558
  25   36    1.062921   2.577879    2.772418  10.196381
  25   37    0.918243   2.558050   23.805514  30.688363
  25   38    0.813108   2.530229   35.519203  39.340239
  25   39    0.766244   2.562436   31.571359  27.814258
  25   40    0.626953   2.520356    9.623938  36.658959
  25   41    0.505605   2.528305   39.471055  23.695459
  25   42    0.481445   2.529005   30.981438  13.717360
  25   43    0.345673   2.567577   16.263071   1.185370
  25   44    0.214494   2.593411   16.566407   6.553596
  25   45    0.112323   2.573905   38.248801   5.168452
  25   46    0.038066   2.513252    6.165982  11.778540
  26    0    4.606719   2.679809   20.300333   3.155108
  26    1    4.559896   2.649516   16.069728   8.842973
  26    2    4.428599   2.648261   14.998607   1.461463
  26    3    4.361782   2.621154   25.313975  22.199369
  26    4    4.218281   2.614735   37.217163  26.267275
  26    5    4.106577   2.643110    1.366516  32.280401
  26    6    4.006653   2.629863   18.400758  27.165488
  26    7    3.966992   2.603763   19.676692  35.661592
  26    8    3.844331   2.652486   32.952168  25.387270
  26    9    3.787185   2.649801   30.304980   2.470868
  26   10    3.609979   2.608280    8.554580  29.706679
  26   11    3.502875   2.632218   34.885273   3.053061
  26   12    3.473473   2.660045   12.921024  20.099438
  26   13    3.357331   2.668357   38.462059  16.092727
  26   14    3.212159   2.632355   21.376362  12.550570
  26   15    3.159066   2.691871   13.283830   6.843973
  26   16    3.047856   2.695479   12.841411  27.976000
  26   17    2.932486   2.694940   15.423060  16.811275
  26   18    2.888601   2.641281   36.202853  14.043518
  26   19    2.714922   2.615256   10.132181  35.170606
  26   20    2.622307   2.677300   14.716627  10.748810
  26   21    2.552655   2.684054    8.134055   7.415479
  26   22    2.419533   2.624284   33.006571  28.922597
  26   23    2.344506   2.630858   32.584468  38.157847
  26   24    2.259547   2.627134   39.384153  25.415200
  26   25    2.174438   2.635629   25.233281  22.709102
  26   26    2.097641   2.679596   15.629173   9.525202
  26   27    1.964380   2.629646   20.349897  36.011724
  26   28    1.842336   2.618928   37.035402  22.309154
  26   29    1.765085   2.672729    6.267785  17.687462
  26   30    1.608701   2.668433   27.439156  13.729607
  26   31    1.586328   2.676303   16.941861  18.413211
  26   32    1.458419   2.692874    7.112916  22.169063
  26   33    1.348159   2.699306   29.701586  35.531096
  26   34    1.228551   2.684678   35.820107  16.657732
  26   35    1.112107   2.617126   30.421697  24.744558
  26   36    1.089130   2.617272   28.991252  14.233318
  26   37    0.925415   2.652473   23.621582  29.947565
  26   38    0.854784   2.685965   11.895781  33.171364
  26   39    0.782349   2.661536   12.543310   4.679384
  26   40    0.607506   2.606522   14.847803   7.394976
  26   41    0.574494   2.688747   13.047465   6.392650
  26   42    0.466507   2.656883   21.898246   8.193093
  26   43    0.366716   2.639160   35.204933  28.667793
  26   44    0.266779   2.628455    6.129823  36.446765
  26   45    0.197065   2.668700   27.751887  36.702196
  26   46    0.080529   2.699985   36.585333  21.883196
  27    0    4.657416   2.759427   33.114270  27.847757
  27    1    4.535107   2.759205    5.023882  15.447669
  27    2    4.466993   2.729497    4.497133  31.665853
  27    3    4.347341   2.775322   15.113666   6.703728
  27    4    4.203187   2.725641   11.573258  12.914022
  27    5    4.107385   2.768823   22.334019  20.242343
  27    6    4.003175   2.759742   27.594545   6.073958
  27    7    3.905237   2.734192   29.773500  23.401081
  27    8    3.895877   2.780488   28.288716  11.475781
  27    9    3.700023   2.745835   33.174835  32.164616
  27   10    3.666625   2.716122   21.692952  20.768806
  27   11    3.585952   2.717809    7.991628  32.938239
  27   12    3.496695   2.784910   28.115120  13.434368
  27   13    3.309529   2.793958   21.885773  24.956317
  27   14    3.256437   2.746266   20.702352  36.231583
  27   15    3.140164   2.716606   38.008604  31.407991
  27   16    3.064282   2.757322   19.635753  23.912218
  27   17    2.990767   2.759162   27.572848   6.932689
  27   18    2.854226   2.707297   26.759103   2.236171
  27   19    2.726213   2.710864   34.636534  24.958358
  27   20    2.621679   2.725112   12.488493  13.264353
  27   21    2.585739   2.770285   31.684060  40.425636
  27   22    2.441658   2.794522    3.138858  38.101116
  27   23    2.380420   2.738370   11.503681  11.761472
  27   24    2.274320   2.765381   24.342473   3.703630
  27   25    2.108768   2.701418   19.024754  30.536050
  27   26    2.090682   2.719712   35.023515   8.070980
  27   27    1.962344   2.759816   16.192135  28.057159
  27   28    1.866150   2.736876   36.431870  22.071015
  27   29    1.768922   2.789238   33.619168   5.226467
  27   30    1.601063   2.703422   22.028413   6.358342
  27   31    1.543340   2.717633   34.674807   5.302487
  27   32    1.435987   2.730068   26.553074  18.282124
  27   33    1.385553   2.763523   20.824426  18.785310
  27   34    1.234845   2.770816   36.396034  36.377693
  27   35    1.181788   2.708970   21.457981  35.458515
  27   36    1.011225   2.787327   18.431490  18.981280
  27   37    0.927799   2.774019   17.103216  20.693963
  27   38    0.872326   2.765439   10.762464  18.702473
  27   39    0.703344   2.718513   21.835684  11.445502
  27   40    0.650996   2.770155   16.364214  35.934347
  27   41    0.583917   2.721887   18.861418   1.927925
  27   42    0.489185   2.720386   29.402849  32.276505
  27   43    0.379564   2.781858    2.662130  19.797820
  27   44    0.225901   2.775419   24.044835  18.691578
  27   45    0.141308   2.728926   31.756917  20.723295
  27   46    0.029341   2.751342   26.862110  23.411074
  28    0    4.673285   2.875132   18.048466  32.549826
  28    1    4.596411   2.827541   36.476627  31.051732
  28    2    4.433077   2.802771   11.885859  39.839845
  28    3    4.323177   2.860917   27.877165  27.098899
  28    4    4.294096   2.851567   26.390102  15.383944
  28    5    4.127061   2.898605   23.880357  40.858715
  28    6    4.082008   2.881269   20.252601  37.351921
  28    7    3.975723   2.868756   32.496895  35.176249
  28    8    3.882274   2.870735    5.130840  19.072195
  28    9    3.748527   2.833326   16.502982   2.661988
  28   10    3.647805   2.864244    1.929597  22.998420
  28   11    3.524416   2.806854   20.306127  15.864456
  28   12    3.414542   2.891142   19.670085  31.242449
  28   13    3.354717   2.880830    9.233469   2.771992
  28   14    3.258452   2.865850   11.313481   2.123116
  28   15    3.141045   2.844550   37.659858  39.222071
  28   16    3.099998   2.821884   32.819357  15.500614
  28   17    2.996971   2.860221   14.931996   6.241847
  28   18    2.881558   2.845705   34.883588  19.236545
  28   19    2.727479   2.832638   21.833994  33.038912
  28   20    2.609595   2.854074   11.214386  14.940053
  28   21    2.512483   2.811851    5.378781  35.306570
  28   22    2.466553   2.802034   12.869168  23.230746
  28   23    2.329812   2.881053   25.998834  23.703263
  28   24    2.257511   2.817733   15.089010   7.069442
  28   25    2.199052   2.811285    8.748793  18.811058
  28   26    2.063576   2.834990   31.231541  26.278063
  28   27    1.970506   2.809590   38.921565   6.573460
  28   28    1.827777   2.834860    7.817144   7.190342
  28   29    1.723285   2.847887    2.518587   2.158095
  28   30    1.699935   2.813392   25.367442  38.445294
  28   31    1.573164   2.836100    3.304002  40.385130
  28   32    1.414524   2.864376   11.629067   7.255730
  28   33    1.324333   2.894988   10.711520  17.307629
  28   34    1.269979   2.803054   26.939810  30.054413
  28   35    1.129528   2.891620    6.661847  10.225314
  28   36    1.019208   2.859644    5.908275  27.240732
  28   37    0.950307   2.823599   24.387598   2.358564
  28   38    0.869263   2.839925   35.242267  23.821132
  28   39    0.733319   2.876901   28.651682  33.604744
  28   40    0.623166   2.884279   14.475149   6.056813
  28   41    0.539444   2.836602   14.284201  10.244325
  28   42    0.478839   2.856235    4.503537  28.802535
  28   43    0.380524   2.899761   38.751985  14.159509
  28   44    0.228869   2.856935   38.263687  29.040682
  28   45    0.133169   2.825396   34.513933  36.073443
  28   46    0.080560   2.892860    8.538060  18.185052
  29    0    4.610745   2.957747    8.204386  17.513369
  29    1    4.538235   2.920787   19.797560  39.049142
  29    2    4.483129   2.975925   26.225855   2.646407
  29    3    4.359238   2.956091   14.149043   2.944015
  29    4    4.239210   2.955536   10.121434  33.831960
  29    5    4.111344   2.958402   35.871726  28.191158
  29    6    4.089339   2.976068   20.136350  13.680039
  29    7    3.922513   2.902033   24.690208  23.406038
  29    8    3.804070   2.971536   31.667116  21.600147
  29    9    3.723938   2.997708    4.845868  37.228375
  29   10    3.681523   2.901323    6.835855  34.270632
  29   11    3.544316   2.956817    5.192474  10.745489
  29   12    3.428570   2.913149   12.216380  17.153769
  29   13    3.317046   2.979753    4.955890  19.675346
  29   14    3.230781   2.980750   33.777737   8.127118
  29   15    3.112753   2.905843   10.461837  40.446289
  29   16    3.072727   2.925129   31.399912  24.497031
  29   17    2.907104   2.983978   30.049736  37.630716
  29   18    2.853671   2.970116   17.855536  31.105493
  29   19    2.738297   2.910244   27.554689  29.760293
  29   20    2.624110   2.940509   20.940417   9.936784
  29   21    2.599928   2.931683   19.153775  26.370613
  29   22    2.445837   2.984212   12.474846  10.575773
  29   23    2.353129   2.933789   14.036828  21.193501
  29   24    2.252330   2.988538   24.186653  16.064962
  29   25    2.126893   2.913405    6.275998  14.735499
  29   26    2.057272   2.965273   38.026064  10.152713
  29   27    1.907500   2.988410   23.432407   4.051361
  29   28    1.826861   2.999079   37.251470  19.620400
  29   29    1.796685   2.910907    6.852288  18.341721
  29   30    1.696342   2.989477   34.664281   9.321545
  29   31    1.543962   2.931579   39.269083  36.074387
  29   32    1.472788   2.967936   35.660103   7.761305
  29   33    1.330983   2.909482   27.241996  32.649030
  29   34    1.224666   2.938452   26.302539  17.489991
  29   35    1.105338   2.973713   29.125595  37.195378
  29   36    1.014102   2.972548   40.414968  37.279619
  29   37    0.927428   2.921269   33.679097   2.915292
  29   38    0.879976   2.987769   34.724731  11.997790
  29   39    0.707284   2.978828   20.088046  37.449453
  29   40    0.629147   2.952503    7.383213  11.288528
  29   41    0.568241   2.965293    7.085152  18.069673
  29   42    0.439051   2.989356   12.724363  19.614998
  29   43    0.381301   2.966640    7.021116  31.068180
  29   44    0.217826   2.994343   13.913270  37.914359
  29   45    0.167851   2.974929   20.150340  25.535517
  29   46    0.007848   2.949789   35.175460  31.060302
  30    0    4.669063   3.049318   35.060471  38.789027
  30    1    4.555178   3.085091   26.586666   5.524134
  30    2    4.427883   3.028486    3.088805  14.034188
  30    3    4.300932   3.031425   36.941845   8.070614
  30    4    4.223917   3.061079    7.732616  30.411403
  30    5    4.180939   3.023962   24.011334  19.020006
  30    6    4.042881   3.023629   34.474574  21.401120
  30    7    3.947314   3.028315   36.531043  12.553176
  30    8    3.850408   3.063854   22.108434   9.630528
  30    9    3.749686   3.006723   18.562680  31.731845
  30   10    3.675111   3.041325    3.564285  14.445319
  30   11    3.534812   3.093855   34.399069  17.351432
  30   12    3.487705   3.037199    2.396671  13.180384
  30   13    3.341190   3.022131   10.978649  17.439222
  30   14    3.291812   3.070034   20.512987  17.883575
  30   15    3.180034   3.022136   24.812347   8.155933
  30   16    3.017763   3.085682   13.383607  26.316999
  30   17    2.905564   3.024922    1.715054  37.054030
  30   18    2.833246   3.085827   40.889250  39.380631
  30   19    2.786109   3.009936   10.173001  36.091494
  30   20    2.654109   3.021921    5.125177  26.673314
  30   21    2.592842   3.074798   32.967400   4.495005
  30   22    2.454922   3.009156   20.895850  27.726562
  30   23    2.325256   3.051311   36.713777  10.511886
  30   24    2.242084   3.008500   30.297772  18.516877
  30   25    2.191575   3.055860    5.265468   6.285389
  30   26    2.062331   3.083967    9.702261  31.182600
  30   27    1.958314   3.041735   40.468850  31.533287
  30   28    1.876419   3.066956   25.613994   9.441632
  30   29    1.776069   3.015949   22.546898  39.404990
  30   30    1.631575   3.049854   35.295220  13.026685
  30   31    1.578341   3.093754   22.426752  31.837760
  30   32    1.416999   3.087033   18.709589  11.525020
  30   33    1.336868   3.090342   29.616030   1.927884
  30   34    1.284230   3.002973   10.253610  31.329949
  30   35    1.140379   3.091090    1.771683  27.277992
  30   36    1.058669   3.094427   31.907837  38.981683
  30   37    0.944093   3.099256   35.894249  20.977011
  30   38    0.859811   3.066408   13.853900  19.995433
  30   39    0.714518   3.033155    6.119449   5.814561
  30   40    0.685953   3.060197    4.267615   4.344982
  30   41    0.568238   3.033618   29.368079  12.526920
  30   42    0.404204   3.015688   36.912410  18.090237
  30   43    0.374341   3.046943    7.654282  14.316971
  30   44    0.218530   3.060070   23.321420  25.207612
  30   45    0.158055   3.068550   14.641284  17.585903
  30   46    0.067411   3.030178    5.770639  24.502394
