   0    0    4.738050   0.079811    9.181520  10.137488
   0    1    4.675621   0.048466   34.117543  27.667685
   0    2    4.585300   0.028587   27.665565  24.766589
   0    3    4.475215   0.027008   13.006073  35.829973
   0    4    4.332370   0.055962   33.029359  17.147777
   0    5    4.239718   0.069842   34.323496  20.557398
   0    6    4.135813   0.038217   20.925608  29.226726
   0    7    4.079485   0.055196   26.922772  35.987193
   0    8    3.954086   0.036026    9.008050  29.943046
   0    9    3.877287   0.078502   11.259412   7.713707
   0   10    3.786322   0.012764   10.378734   3.691750
   0   11    3.694172   0.042121   16.693598   4.315002
   0   12    3.519372   0.098815    1.300472  32.877943
   0   13    3.427100   0.031440   20.353021  25.290168
   0   14    3.388684   0.079817    1.837790  17.998537
   0   15    3.213738   0.023509   17.020521  34.720094
   0   16    3.187394   0.052145   17.503787  39.505184
   0   17    3.094499   0.060012   19.549735  13.909751
   0   18    2.933672   0.019832   30.654338  22.772853
   0   19    2.853561   0.017646   30.600964   6.465363
   0   20    2.728953   0.003778    2.285171  40.818849
   0   21    2.669085   0.025877   19.028568   5.705136
   0   22    2.509089   0.096246   28.051397  38.987350
   0   23    2.408220   0.014558   38.040257   6.997551
   0   24    2.306786   0.021509   26.743125  31.634876
   0   25    2.204747   0.022033   37.287683  16.566520
   0   26    2.106857   0.056963   25.114881  22.922384
   0   27    2.056303   0.058141    7.336843  33.498029
   0   28    1.985897   0.028096   39.880593   2.140027
   0   29    1.874157   0.095902   12.505819   3.128197
   0   30    1.784919   0.015410   25.849965  38.560921
   0   31    1.611358   0.060700   16.846487  37.687989
   0   32    1.567263   0.001742   38.596151  31.640548
   0   33    1.484826   0.096430   28.085849  14.025158
   0   34    1.364844   0.044363   10.708655  19.448779
   0   35    1.293585   0.014332   15.631743  28.419264
   0   36    1.113285   0.077826    2.599512  31.541790
   0   37    1.018832   0.072132   21.286715  34.950963
   0   38    0.920971   0.040758   21.994793  12.051441
   0   39    0.871884   0.088635   35.102922  36.582059
   0   40    0.708346   0.072584   30.657600  14.590042
   0   41    0.633342   0.072061   33.849990  37.048124
   0   42    0.591957   0.044677   12.552753   2.638707
   0   43    0.400869   0.029169   35.856809  36.860809
   0   44    0.372819   0.074458    4.577428  17.407814
   0   45    0.234025   0.026633   33.527321  28.162266
   0   46    0.120594   0.020725   29.146083  39.728431
   0   47    0.052454   0.096133   23.619399  10.869447
   1    0    4.723903   0.173792   37.332063  13.353832
   1    1    4.608458   0.110272   25.415007  36.491306
   1    2    4.502752   0.134982   31.932336  14.120585
   1    3    4.416625   0.107718   38.198867  26.197308
   1    4    4.351637   0.126605   11.735888   2.738983
   1    5    4.281666   0.112829   22.001939   6.160897
   1    6    4.101302   0.185761   21.440338  28.552901
   1    7    4.021001   0.177579   29.355059  15.896930
   1    8    3.953451   0.173124    6.075441  37.429481
   1    9    3.830862   0.171718   10.837188  34.257395
   1   10    3.755885   0.171348   34.456156  19.009360
   1   11    3.693804   0.160878    3.491726  32.944998
   1   12    3.545614   0.156784   13.102070  26.868472
   1   13    3.471538   0.141737   28.723462  28.849598
   1   14    3.394385   0.102939   20.223999  19.712744
   1   15    3.269829   0.148362   35.077767   4.207685
   1   16    3.144945   0.114407    8.792649  22.547360
   1   17    3.001982   0.104512   21.342691  37.530499
   1   18    2.926960   0.195985   18.368317  33.832535
   1   19    2.814046   0.172922   26.703725  18.441633
   1   20    2.789138   0.133257   37.284616   7.958086
   1   21    2.668356   0.144530   17.219996  26.010312
   1   22    2.578499   0.198131   29.943338   1.939388
   1   23    2.412427   0.118079   31.679787  32.861838
   1   24    2.339057   0.195669   28.391572  31.057608
   1   25    2.287429   0.143705   34.932281  16.292017
   1   26    2.190359   0.136966   23.016296  10.237439
   1   27    2.054616   0.142872    3.081534  12.807668
   1   28    1.981382   0.156968   34.105705   6.275849
   1   29    1.839078   0.171432   32.467711  23.960673
   1   30    1.797240   0.195779    4.190604  10.605695
   1   31    1.608038   0.162572    3.149706   9.038283
   1   32    1.524931   0.127366   20.493269   3.098343
   1   33    1.415675   0.172091   17.642314   4.117755
   1   34    1.360063   0.150527   17.475212  14.479757
   1   35    1.258082   0.149701   36.950203   7.188694
   1   36    1.159053   0.153551    1.389390   8.254842
   1   37    1.090450   0.176936    8.479961  25.491753
   1   38    0.910706   0.126225   21.906414  12.605117
   1   39    0.863940   0.144793    4.200608  33.917725
   1   40    0.717425   0.120670   30.298430  38.545129
   1   41    0.641966   0.192343   22.461978  22.256298
   1   42    0.539454   0.155942    9.328341   2.693304
   1   43    0.454725   0.191358   33.169455  14.279113
   1   44    0.365626   0.120407   16.906174  11.333288
   1   45    0.246787   0.141353    3.552637   3.087052
   1   46    0.131036   0.150634   13.738395  37.012090
   1   47    0.065479   0.134499   30.554499   4.846999
   2    0    4.705842   0.255852   24.610079  29.741685
   2    1    4.627472   0.260475    5.906774   6.988624
   2    2    4.530095   0.212985   33.603882  11.941050
   2    3    4.487677   0.247631   11.246245  37.127076
   2    4    4.367065   0.278878   35.473841  29.575895
   2    5    4.217988   0.278690    3.165786  25.422747
   2    6    4.191946   0.253491   18.556075  11.523686
   2    7    4.083828   0.276769   21.882978  15.784617
   2    8    3.924139   0.280725   19.012531  25.011851
   2    9    3.883664   0.230628   22.248257  40.268980
   2   10    3.749507   0.291962    1.867980  27.047396
   2   11    3.690804   0.216824    2.103549   6.220661
   2   12    3.564026   0.281482   31.214538  40.076438
   2   13    3.407782   0.280851   30.541467  17.149181
   2   14    3.302232   0.252669   30.122030   4.682515
   2   15    3.211481   0.259360   17.404162  16.027581
   2   16    3.192626   0.289187   40.206595  22.952800
   2   17    3.031932   0.261199   15.400020  23.646994
   2   18    2.907922   0.286322   31.473988  23.211699
   2   19    2.869319   0.276279   27.505419  24.855307
   2   20    2.750546   0.224237   24.968102  10.141602
   2   21    2.612217   0.248174   24.857865  11.953612
   2   22    2.533274   0.277088   13.919273  13.880876
   2   23    2.475483   0.228875    4.135862  27.219436
   2   24    2.381142   0.229818   23.501032  17.509499
   2   25    2.228439   0.232277   28.459931  15.471052
   2   26    2.194019   0.217854   34.967990   4.403048
   2   27    2.033121   0.216712   22.138278  22.782493
   2   28    1.969217   0.214054   16.861641  25.256066
   2   29    1.858370   0.256290   27.119652  38.904206
   2   30    1.790515   0.261938   34.134897  39.146155
   2   31    1.678395   0.205779   37.805002  18.639579
   2   32    1.543725   0.294575   25.460256  33.830425
   2   33    1.404201   0.224425   10.908617  11.372909
   2   34    1.319653   0.284449   29.650562  17.536288
   2   35    1.232886   0.200383   38.348474  38.139671
   2   36    1.112841   0.241219    4.035366  17.828843
   2   37    1.033306   0.209313   13.684598  22.075277
   2   38    0.918928   0.211494   30.799968  22.707474
   2   39    0.816988   0.248222   16.413299  20.773812
   2   40    0.774758   0.237555   11.708293  14.904525
   2   41    0.670407   0.208779    3.464205  28.033564
   2   42    0.573556   0.200452   27.294797   2.429296
   2   43    0.448875   0.293096   33.536071  27.661448
   2   44    0.322570   0.206945   23.524669  36.720869
   2   45    0.253261   0.229356   37.446430  33.453787
   2   46    0.192463   0.279497   27.085669  34.343597
   2   47    0.028681   0.214710    6.459183  17.166156
   3    0    4.736602   0.373837   39.888984  18.979430
   3    1    4.638976   0.398485   40.593304  30.230376
   3    2    4.534037   0.379587    4.020565  17.541510
   3    3    4.482484   0.320023   20.204906  25.172018
   3    4    4.332538   0.356003   40.298453  37.553837
   3    5    4.223063   0.332376   16.673948  39.127087
   3    6    4.137484   0.317121   26.755691   2.512076
   3    7    4.015705   0.375589   21.815968  34.551897
   3    8    3.908719   0.308407   17.782441  27.760919
   3    9    3.808340   0.311451   30.678244   1.165437
   3   10    3.790653   0.310459   10.325037  21.493696
   3   11    3.600535   0.395358   38.668882  28.358842
   3   12    3.510964   0.364433   20.453714  13.800288
   3   13    3.435788   0.340350   31.506384  38.751910
   3   14    3.340188   0.338517   21.774874  11.259653
   3   15    3.297004   0.323366   35.266284  11.271902
   3   16    3.108269   0.345151   16.577751  25.393630
   3   17    3.064472   0.394439   33.840559  16.075184
   3   18    2.924870   0.374636    1.269448  30.368982
   3   19    2.882286   0.375800   12.414521  33.827580
   3   20    2.747752   0.332336    9.566370   8.654950
   3   21    2.662647   0.379774   28.105012  18.304620
   3   22    2.588005   0.353929   10.074105  22.913909
   3   23    2.437870   0.331853    2.692745  23.968173
   3   24    2.332198   0.325942   39.301931   8.223026
   3   25    2.247137   0.358481   37.420729  19.121277
   3   26    2.199713   0.357309    6.822120  30.795129
   3   27    2.019187   0.387862   26.119759  40.438274
   3   28    1.938567   0.331736   36.198340  27.687321
   3   29    1.883115   0.316494   30.461010  16.112698
   3   30    1.794990   0.320398    3.471455   6.556165
   3   31    1.607316   0.314143   39.924870  12.560650
   3   32    1.570813   0.349788   24.405134  25.338602
   3   33    1.431386   0.375620    9.114161   3.562711
   3   34    1.308391   0.300530   22.357721  28.808057
   3   35    1.217370   0.379010    6.328996  40.922779
   3   36    1.115398   0.359529   20.560875  32.275512
   3   37    1.005283   0.376864   39.859574   2.167497
   3   38    0.961194   0.360037    5.749572  12.275635
   3   39    0.813178   0.329410   12.242267  23.505272
   3   40    0.742831   0.322070   24.502107  29.898355
   3   41    0.674283   0.386985    7.763428  15.209188
   3   42    0.531914   0.349030   39.312792  14.496621
   3   43    0.452866   0.342631   24.784397  21.783444
   3   44    0.373610   0.345502   28.334139  33.821333
   3   45    0.226457   0.305229    2.000275  30.718225
   3   46    0.116016   0.395884   20.889328  11.204821
   3   47    0.064953   0.388544   36.534046  31.333281
   4    0    4.701924   0.483853   20.269888   1.234493
   4    1    4.676862   0.472189   11.806753  39.155739
   4    2    4.555690   0.438609   35.997509  22.428636
   4    3    4.429564   0.466823    4.413440  31.473045
   4    4    4.345470   0.465439    9.643038  28.746629
   4    5    4.283980   0.407746   21.773674   6.147198
   4    6    4.195549   0.455339   31.459708   1.336168
   4    7    4.014375   0.408604   36.114499  38.471781
   4    8    3.964744   0.471277   29.501769  37.740396
   4    9    3.811321   0.430056    5.382749  29.798585
   4   10    3.795108   0.477112   28.563700  27.858151
   4   11    3.689900   0.457023    7.972712  16.855963
   4   12    3.570170   0.409296    3.189299  34.270871
   4   13    3.446294   0.432517    5.694182   2.126328
   4   14    3.303903   0.491172    7.163953  39.119964
   4   15    3.223721   0.466108    8.195022  33.345542
   4   16    3.110425   0.455023   11.317497  40.538833
   4   17    3.063454   0.420682   22.091403  24.132265
   4   18    2.980107   0.467976    2.129117  18.713979
   4   19    2.828282   0.482454    9.347961   7.950623
   4   20    2.710320   0.454461   25.539804   4.969991
   4   21    2.694240   0.436068   31.989171  34.054870
   4   22    2.508513   0.470115    3.541952  16.843488
   4   23    2.411849   0.499150   24.012290  26.760058
   4   24    2.301585   0.409862   25.529731   7.931424
   4   25    2.240311   0.418814    6.411311  38.328001
   4   26    2.148725   0.426362   22.057949  23.369466
   4   27    2.057248   0.496406    7.510394  30.953167
   4   28    1.964941   0.494090   25.571165  10.116474
   4   29    1.842583   0.486141   28.344333  24.778418
   4   30    1.719436   0.479029   10.828887   5.791411
   4   31    1.627984   0.408336   21.612679  26.565856
   4   32    1.576795   0.464281   27.166745  40.629350
   4   33    1.493095   0.428566   32.773169   7.593318
   4   34    1.399636   0.437860   25.397592  34.193521
   4   35    1.276363   0.480343   23.129224   9.542391
   4   36    1.128930   0.470516    4.070557  11.800690
   4   37    1.051780   0.450825   17.305298  23.589143
   4   38    0.902626   0.498647   12.970125  25.187449
   4   39    0.803217   0.406564   11.292940  10.604048
   4   40    0.764547   0.480181   36.151387  37.765321
   4   41    0.605296   0.409457   22.289502  29.312909
   4   42    0.553673   0.409775   32.471668   6.882891
   4   43    0.493842   0.461835   37.840473  34.465925
   4   44    0.349016   0.463749   38.492799  23.833488
   4   45    0.279977   0.424006   29.335489  18.507295
   4   46    0.177199   0.494903   36.792356  16.917259
   4   47    0.029760   0.467614   33.697125  37.933139
   5    0    4.768697   0.512662   22.136277  23.686782
   5    1    4.696056   0.563783   17.140658   9.470763
   5    2    4.574328   0.564986   38.629289  35.575683
   5    3    4.450916   0.556326   16.172017  21.407666
   5    4    4.326196   0.585038   32.873680  31.430029
   5    5    4.225242   0.537157   23.530235   1.843941
   5    6    4.146679   0.577829   11.330993   6.032594
   5    7    4.017917   0.523584   10.569760  38.337086
   5    8    3.975398   0.599880    4.495270   5.530382
   5    9    3.888770   0.535312   32.617040  12.353526
   5   10    3.797245   0.528393    6.150575   3.746143
   5   11    3.698925   0.582724   30.124884  17.136458
   5   12    3.514661   0.525523   12.899546  11.674877
   5   13    3.408035   0.507440   35.987134  29.044961
   5   14    3.314229   0.578039   17.313809  27.036699
   5   15    3.280805   0.561139   28.165265  20.114604
   5   16    3.131510   0.532985   27.471156  21.577686
   5   17    3.094918   0.569307   26.817593  13.535124
   5   18    2.918691   0.555930   16.308425  10.880681
   5   19    2.879152   0.502819   26.410809  13.936024
   5   20    2.767201   0.509961   26.133120  34.768336
   5   21    2.643908   0.572154   15.832662  10.816293
   5   22    2.531867   0.590783   26.800832  35.950967
   5   23    2.496796   0.566598   33.313636  36.149720
   5   24    2.344506   0.556135   30.479618  40.392132
   5   25    2.263139   0.583885    8.004540  36.142630
   5   26    2.193016   0.556169    1.586533  34.935144
   5   27    2.055390   0.534529   16.346025  12.316148
   5   28    1.977095   0.505530   27.395594  26.054037
   5   29    1.856442   0.559495    8.905038  18.530428
   5   30    1.733665   0.537588   32.980487  28.162832
   5   31    1.699705   0.569847    2.142358   8.263582
   5   32    1.553851   0.546592   33.569433  10.737254
   5   33    1.443531   0.502691   19.614371  10.403386
   5   34    1.389094   0.554489   38.053653  10.573344
   5   35    1.249234   0.588983   28.401318  32.005107
   5   36    1.166493   0.535711    9.304948   8.827776
   5   37    1.080418   0.545656   29.093329   2.914150
   5   38    0.902936   0.595469   30.121987  22.054927
   5   39    0.846703   0.537073    1.454590  29.847516
   5   40    0.723870   0.524890   18.038934   2.276134
   5   41    0.617188   0.598914   22.925074  16.473370
   5   42    0.555748   0.549833   17.894120  23.186833
   5   43    0.428123   0.581416    3.408322  11.223350
   5   44    0.371267   0.549250   37.970539   7.927605
   5   45    0.205221   0.548247   37.332818  26.017535
   5   46    0.123402   0.543724   23.683980   8.415478
   5   47    0.013968   0.562338    2.763581   6.777330
   6    0    4.708103   0.645089    2.208706  17.052125
   6    1    4.640979   0.600619   17.379628  10.546816
   6    2    4.546167   0.614038    2.094614  38.695925
   6    3    4.496105   0.665908   12.422070  14.238435
   6    4    4.372364   0.694193   13.843923  34.105165
   6    5    4.208480   0.606051    8.256612  26.464192
   6    6    4.164344   0.678304   10.579437   5.629958
   6    7    4.070074   0.607972   28.983346  16.608874
   6    8    3.935142   0.615098   12.350549  11.750805
   6    9    3.857546   0.607417   18.565734  14.247082
   6   10    3.751294   0.683749   33.287184  29.131978
   6   11    3.637340   0.643941   17.239792   7.201205
   6   12    3.523630   0.647009   17.725944   9.178276
   6   13    3.429946   0.695098   24.503504  17.982759
   6   14    3.349744   0.643758   29.596796  40.653988
   6   15    3.277109   0.643800   13.775591   6.054844
   6   16    3.165947   0.697083    8.772680  30.743197
   6   17    3.020550   0.668457   33.851803  27.298771
   6   18    2.992209   0.694901   28.748506  34.000911
   6   19    2.862338   0.696787   33.575962  22.263224
   6   20    2.726126   0.646777   21.930055  11.964778
   6   21    2.635591   0.631079   18.682082  21.219645
   6   22    2.561405   0.632768   21.977356  35.767484
   6   23    2.469528   0.635191   33.552887   6.742841
   6   24    2.372659   0.637954   27.061186  29.910227
   6   25    2.285147   0.671746   15.679193   3.481099
   6   26    2.121496   0.609788   13.555411  17.427988
   6   27    2.006929   0.691726   36.893603   9.975454
   6   28    1.998924   0.684468   26.601906  24.997613
   6   29    1.821961   0.608076   22.991095  28.833027
   6   30    1.726056   0.603246    2.148917  21.110060
   6   31    1.660745   0.629939   12.138091   9.254674
   6   32    1.588883   0.679920   34.477734  11.248440
   6   33    1.413696   0.694803   12.510694  29.862512
   6   34    1.383585   0.686706   33.896644  21.083837
   6   35    1.233970   0.612090   30.891826  39.968193
   6   36    1.196389   0.697288    1.195166   2.021168
   6   37    1.010746   0.623631   26.496060  23.868092
   6   38    0.936446   0.663024   38.615675  12.997678
   6   39    0.827452   0.693975   38.080022  35.446920
   6   40    0.781469   0.601137    1.513521   8.256959
   6   41    0.646702   0.666633   17.435269   9.316561
   6   42    0.584091   0.642179   10.540886  32.891728
   6   43    0.487787   0.661134   18.649639  29.912250
   6   44    0.321947   0.618114   11.103613  36.268860
   6   45    0.283593   0.640135   20.062128  31.413530
   6   46    0.156416   0.672109   25.004364  18.020548
   6   47    0.021680   0.645899   34.625386  29.052731
   7    0    4.793763   0.736422    8.599483  22.105706
   7    1    4.688999   0.791039   14.429031  26.319015
   7    2    4.518128   0.755754   32.461022  31.516098
   7    3    4.451346   0.789739   16.425989  22.761380
   7    4    4.388336   0.729995   29.449454   9.521974
   7    5    4.207155   0.732550    8.943188  23.539283
   7    6    4.159959   0.712526   21.266648  22.922279
   7    7    4.060591   0.740349    2.346947  24.564887
   7    8    3.910357   0.728050    7.972746   8.584853
   7    9    3.861157   0.781247    2.272488  16.026233
   7   10    3.707611   0.767384   30.614655  26.632328
   7   11    3.656164   0.797942   10.116062  32.275967
   7   12    3.574339   0.775745   14.027912  21.949754
   7   13    3.498367   0.772457   13.027237  17.515533
   7   14    3.354267   0.775739   25.037762  30.260278
   7   15    3.244000   0.750192   14.427953  14.400106
   7   16    3.193312   0.756629   20.699336  15.835545
   7   17    3.066136   0.755880   16.124027  36.634785
   7   18    2.997545   0.717381   11.880877  34.977764
   7   19    2.894953   0.760289   34.363836  36.827952
   7   20    2.728004   0.772598   29.408053  22.730735
   7   21    2.679961   0.798432   34.737984  27.312952
   7   22    2.536753   0.717637   33.151410  39.847402
   7   23    2.449640   0.797545   24.602807  14.344599
   7   24    2.339874   0.702052   28.853130  12.861859
   7   25    2.221162   0.746239    6.749647   5.022315
   7   26    2.161290   0.778954   33.153286  12.183999
   7   27    2.086997   0.725023   34.330874  21.487018
   7   28    1.966353   0.781959   34.189867  21.455337
   7   29    1.876218   0.722752   14.592717   8.384190
   7   30    1.736070   0.731119   13.310900  35.974856
   7   31    1.656157   0.783623   27.753996  27.280878
   7   32    1.511663   0.784532   22.851063  28.824017
   7   33    1.404846   0.764928   37.408949  35.669668
   7   34    1.364819   0.733320   15.589253  40.390391
   7   35    1.246266   0.737097   10.121377   8.388019
   7   36    1.121560   0.784217   33.417599  20.309699
   7   37    1.098949   0.724428   34.416410  15.726625
   7   38    0.987104   0.786238    5.916542  40.416348
   7   39    0.843836   0.767421   33.165259   5.195811
   7   40    0.785363   0.735704   23.944584  23.112848
   7   41    0.669534   0.785796   18.397372   2.864253
   7   42    0.539958   0.737395   19.015437  31.638843
   7   43    0.402257   0.735015   23.863479  15.379663
   7   44    0.383636   0.708646   16.149326   7.040771
   7   45    0.273712   0.778561   28.212086  35.226354
   7   46    0.189956   0.787934   16.049291  11.213484
   7   47    0.023066   0.743215   30.431015  29.469929
   8    0    4.774879   0.849817   21.867358  26.205502
   8    1    4.668891   0.885218   39.244677  26.184664
   8    2    4.516607   0.834064   36.489557   7.049829
   8    3    4.423583   0.871502    9.446801   2.954446
   8    4    4.389577   0.868380   18.182791  28.702644
   8    5    4.256265   0.872041   20.687429  28.283437
   8    6    4.102910   0.801343   35.610635   7.242423
   8    7    4.040540   0.866896    8.022035   9.447984
   8    8    3.974989   0.864999    7.639223  11.302414
   8    9    3.850721   0.894691   38.569687  19.266552
   8   10    3.763951   0.855029    9.018410  11.779667
   8   11    3.694283   0.808001    4.916246  29.459827
   8   12    3.509008   0.850470    9.937479   6.184148
   8   13    3.489255   0.855553   33.437646   9.718393
   8   14    3.319380   0.894682   15.618741  38.561773
   8   15    3.213186   0.881134    4.507365  39.290754
   8   16    3.176479   0.824599    1.526397  36.745514
   8   17    3.065022   0.814772   31.591268   1.849740
   8   18    2.990648   0.866232   40.432131   5.759044
   8   19    2.892870   0.833001   27.522048  34.590666
   8   20    2.776312   0.811011   29.492951  29.517682
   8   21    2.649131   0.881932   38.784574  18.959941
   8   22    2.578845   0.849714    8.660847  22.541744
   8   23    2.439835   0.889367   12.432503  33.108102
   8   24    2.302761   0.868608   16.157927  39.217694
   8   25    2.237271   0.840334   35.295571  35.106593
   8   26    2.154010   0.805862   32.414721  30.212794
   8   27    2.024123   0.854186   11.426072  31.162904
   8   28    1.919234   0.825361   20.783422  33.969304
   8   29    1.833310   0.880829   21.272048   4.513998
   8   30    1.761770   0.889789   21.501905  25.774550
   8   31    1.640619   0.828618   34.853818  18.373278
   8   32    1.517973   0.805161   14.798403  17.723515
   8   33    1.456948   0.847152   31.259515  40.251639
   8   34    1.328161   0.864931   39.690806  29.960921
   8   35    1.253596   0.814422   28.064363   5.168493
   8   36    1.133984   0.843419   36.948591  36.910074
   8   37    1.037556   0.819717    6.817506   1.713921
   8   38    0.918506   0.875470   37.849472  11.766056
   8   39    0.874112   0.891142   34.529231  27.618480
   8   40    0.756567   0.812114    4.776905  28.351177
   8   41    0.631292   0.889822   26.130524  40.432438
   8   42    0.581184   0.860442    5.368660  31.500876
   8   43    0.494877   0.881566    9.165944  24.111578
   8   44    0.356807   0.800003   28.840722  35.468632
   8   45    0.273613   0.801219   39.519854  23.752001
   8   46    0.182181   0.817725   31.274854  34.408680
   8   47    0.082193   0.844899   35.765129   8.411661
   9    0    4.724381   0.918696    6.072211   9.815724
   9    1    4.654294   0.961003   29.762514   5.901697
   9    2    4.511250   0.951118   16.439469  16.871082
   9    3    4.499574   0.962103   32.427865  13.625931
   9    4    4.382052   0.930286   38.687973  24.965044
   9    5    4.277056   0.946768    6.123577   5.992207
   9    6    4.115569   0.958707   28.290498  17.235542
   9    7    4.012659   0.902860   38.919549  11.614582
   9    8    3.921193   0.917250   35.054255  19.783516
   9    9    3.840919   0.961990   11.008128   2.470647
   9   10    3.791732   0.945725   19.432851  33.295709
   9   11    3.600034   0.988612   29.846502  22.373629
   9   12    3.576719   0.940323   18.913976  38.125889
   9   13    3.455387   0.916589    8.139098  23.564182
   9   14    3.341948   0.970110    1.583635  18.455867
   9   15    3.269556   0.991131    7.561594  37.922120
   9   16    3.134764   0.955040    3.381826  21.977934
   9   17    3.076570   0.934613   11.167224  23.243654
   9   18    2.975304   0.953963   16.228624  38.610698
   9   19    2.854803   0.931064   18.705106  35.224991
   9   20    2.741489   0.982654   16.113670  25.080593
   9   21    2.626363   0.916017   21.619393   2.238484
   9   22    2.509942   0.919103   13.406172   1.771635
   9   23    2.441255   0.965920   28.287111   2.682826
   9   24    2.356357   0.956141   32.056530   4.066345
   9   25    2.231779   0.904465   35.091610   3.634092
   9   26    2.107025   0.929938   40.024819  22.471041
   9   27    2.046812   0.981941   35.217600  34.719752
   9   28    1.968245   0.986978   20.185376  34.139019
   9   29    1.896556   0.938136   24.592849  22.583084
   9   30    1.742340   0.951837   29.120835  12.975478
   9   31    1.656261   0.929316   23.190615  39.000732
   9   32    1.567752   0.923412   40.632989   6.328319
   9   33    1.492137   0.985459   19.946030  39.661463
   9   34    1.396403   0.958215   11.461955  23.339300
   9   35    1.284305   0.965188   30.828633  10.809502
   9   36    1.144066   0.995916   18.619132  33.350306
   9   37    1.030147   0.992752   12.152377  37.401107
   9   38    0.918915   0.944538   20.903561  22.329833
   9   39    0.816754   0.993908   34.993460  39.118404
   9   40    0.749734   0.970538   31.585300   1.105085
   9   41    0.653456   0.995711   21.625403  29.529765
   9   42    0.598449   0.932443   14.903549  21.255387
   9   43    0.454498   0.918992   31.169871  18.881362
   9   44    0.351717   0.955842   35.941270  32.842954
   9   45    0.257959   0.971691   39.200774  22.449827
   9   46    0.143208   0.972176   21.602141  12.727345
   9   47    0.059863   0.946227   24.828264  14.081253
  10    0    4.762071   1.034155    9.829737   3.030252
  10    1    4.632168   1.034755   38.828306  38.487110
  10    2    4.553715   1.076564   14.872889   6.387590
  10    3    4.479968   1.002390   17.672554  26.062922
  10    4    4.316619   1.012802   18.315247   7.946168
  10    5    4.276723   1.000422   30.852333  20.440912
  10    6    4.143313   1.044706   28.751115  13.632512
  10    7    4.096680   1.059018    2.679585  11.683090
  10    8    3.944980   1.016057   37.403710  30.041762
  10    9    3.840954   1.072082   14.786712   6.966594
  10   10    3.737309   1.058598   32.646049   3.364844
  10   11    3.627789   1.075703   31.836287   5.808414
  10   12    3.550301   1.063498   23.298725   3.092436
  10   13    3.488570   1.026019   20.490703  18.321918
  10   14    3.356638   1.060894   18.742908  20.804587
  10   15    3.279003   1.002338   30.480842  12.692930
  10   16    3.192068   1.005471    3.300967  15.175114
  10   17    3.079614   1.097009   36.651976  22.008418
  10   18    2.966904   1.047003    3.001158  31.390259
  10   19    2.821384   1.004799    2.154097  20.766152
  10   20    2.740338   1.011367   14.756901  36.501377
  10   21    2.630773   1.091436   35.483003  37.839031
  10   22    2.548651   1.029723   11.155230  21.801732
  10   23    2.443815   1.003484   37.867490  25.363054
  10   24    2.344766   1.031421    8.463050   9.137816
  10   25    2.291164   1.079877   32.537072  11.963253
  10   26    2.119727   1.059622   11.123916  20.135897
  10   27    2.005130   1.039187   33.693723  33.927208
  10   28    1.936775   1.077723    2.932089  25.644823
  10   29    1.845706   1.046122   10.550184  19.381064
  10   30    1.715609   1.009365    3.234714  27.266415
  10   31    1.685499   1.005747   30.586444  38.218310
  10   32    1.558241   1.095161   25.926999  13.665107
  10   33    1.433173   1.094572   26.215078   4.476866
  10   34    1.308529   1.055194    9.669361  21.418795
  10   35    1.211686   1.013931   20.335174  28.055348
  10   36    1.185035   1.017983   29.669545  33.493157
  10   37    1.041055   1.042962   28.793637  39.104700
  10   38    0.921280   1.013748   34.536809   7.992059
  10   39    0.805787   1.075999   31.561752  11.126674
  10   40    0.788800   1.032693   16.129310  25.656915
  10   41    0.614330   1.052384    9.473915   7.755979
  10   42    0.566548   1.017458   35.979891  16.658239
  10   43    0.482057   1.025406   39.664519  13.398209
  10   44    0.355308   1.092976   18.799554  15.542904
  10   45    0.290247   1.071538   30.378055  39.340986
  10   46    0.117638   1.036684    1.721927  37.770948
  10   47    0.091438   1.011101   14.616520   4.651054
  11    0    4.752766   1.157361   37.366136  32.096070
  11    1    4.646249   1.197184   12.127328  15.115398
  11    2    4.591447   1.181826   29.459527  20.114294
  11    3    4.488394   1.130865   30.523944  23.679735
  11    4    4.318427   1.145322   31.675754   7.625567
  11    5    4.223123   1.177731    8.870548  12.283076
  11    6    4.199548   1.143591    3.507828  22.023371
  11    7    4.069662   1.193147   10.851085  27.682349
  11    8    3.906856   1.132519   11.409747  15.747767
  11    9    3.860507   1.111935   29.682128  32.806377
  11   10    3.798242   1.154637   29.104431  17.907577
  11   11    3.609532   1.121850   13.218043  40.373854
  11   12    3.518232   1.130891   27.869720  14.497713
  11   13    3.456846   1.119640   35.236000  16.955229
  11   14    3.343437   1.180781   35.778269  32.208026
  11   15    3.291264   1.143526    7.677439  23.353752
  11   16    3.100024   1.124285    4.281230  31.640284
  11   17    3.040919   1.186531   28.661676  31.126237
  11   18    2.931215   1.174986   11.189677   2.820279
  11   19    2.809251   1.121418   32.376374  25.259415
  11   20    2.790411   1.155347   31.021791  19.212316
  11   21    2.617037   1.109837    9.488681   9.463048
  11   22    2.579945   1.152330   16.847893  26.013670
  11   23    2.491534   1.125824   20.509903  13.236311
  11   24    2.346803   1.184364    2.179447  14.326935
  11   25    2.221037   1.196958    9.585619  38.809239
  11   26    2.184805   1.169140   27.112264   4.878448
  11   27    2.067286   1.155208    2.472252   1.256366
  11   28    1.977828   1.165760   39.848155  13.271339
  11   29    1.899151   1.193942   40.000112  26.524978
  11   30    1.750564   1.114531    2.883374  13.332020
  11   31    1.678867   1.147546   37.112050  19.815732
  11   32    1.572126   1.112958    2.566240  15.929292
  11   33    1.496899   1.145792   27.605877  40.698698
  11   34    1.383493   1.147517   21.390387  17.715507
  11   35    1.213062   1.146323   35.997803   1.543187
  11   36    1.192340   1.147303   24.304171  27.559575
  11   37    1.020082   1.115536   30.463172  22.285048
  11   38    0.998258   1.137918   13.480808   8.011900
  11   39    0.801115   1.110667   14.599881  27.250438
  11   40    0.777630   1.151749   40.407886  14.961643
  11   41    0.605002   1.114022   30.798879  18.700356
  11   42    0.570661   1.194261   29.818954  40.717033
  11   43    0.412162   1.184050   34.295257  26.955569
  11   44    0.373094   1.175023   26.903957  24.059738
  11   45    0.210011   1.117393   14.512460  18.406867
  11   46    0.142074   1.186872    7.399355  25.394647
  11   47    0.039676   1.161016   29.101246  40.410875
  12    0    4.779446   1.256958    9.572801  35.936708
  12    1    4.615509   1.274193   16.114048  36.016998
  12    2    4.556446   1.299380   17.781352  16.946782
  12    3    4.455537   1.216402    1.044503  31.666351
  12    4    4.391306   1.270698   29.196218  28.348792
  12    5    4.294479   1.229048   18.000910  27.448865
  12    6    4.185725   1.266805   28.451133  25.630755
  12    7    4.081321   1.286480   38.071520  22.200067
  12    8    3.967473   1.202491   19.385494  39.752598
  12    9    3.890697   1.214893    2.978542  24.664325
  12   10    3.774567   1.283472   18.717465   6.853964
  12   11    3.601445   1.216495   18.406882  37.146696
  12   12    3.551530   1.214758    3.396321   2.875549
  12   13    3.416699   1.290684   28.932647   9.520792
  12   14    3.310174   1.288918   21.547361  22.777781
  12   15    3.217746   1.214043   35.265525   9.155425
  12   16    3.136141   1.263151   26.336778   4.861030
  12   17    3.058635   1.226553    4.558233  16.268070
  12   18    2.998147   1.265022   32.747944  17.761770
  12   19    2.820128   1.272744   25.825243  34.408526
  12   20    2.739409   1.263299    9.174634   1.019499
  12   21    2.650104   1.263358   15.052101   2.221458
  12   22    2.500185   1.202544   18.900750  19.679492
  12   23    2.422868   1.255654   18.365706  25.331804
  12   24    2.336646   1.227941   40.950217  19.216792
  12   25    2.252093   1.298585   16.674951  36.142369
  12   26    2.164512   1.220285   25.454722  29.137143
  12   27    2.091214   1.252894   21.480232  14.528204
  12   28    1.965910   1.220166   35.601097  21.930903
  12   29    1.851122   1.275546    9.089372   3.857727
  12   30    1.754873   1.245066   36.384146  28.626267
  12   31    1.657849   1.252915   29.266554  14.465806
  12   32    1.500685   1.293434    9.804836   3.008453
  12   33    1.462696   1.277840    4.379963  40.649377
  12   34    1.358978   1.285738    6.817781  33.641809
  12   35    1.203870   1.291879   26.402851  27.451463
  12   36    1.158042   1.214116    8.246058  26.152129
  12   37    1.002198   1.256018    1.661832  29.944766
  12   38    0.932230   1.259409   20.045424  37.796746
  12   39    0.853858   1.270602    7.015277  10.421340
  12   40    0.785663   1.287225   32.714077   2.170325
  12   41    0.660300   1.238405   26.183717  37.840143
  12   42    0.507621   1.253116   10.308173  33.964549
  12   43    0.409672   1.253503   31.243249   9.079589
  12   44    0.346063   1.231062   21.437352  12.020239
  12   45    0.295036   1.203048   21.831996   2.987532
  12   46    0.177637   1.229118   22.778628  23.480731
  12   47    0.022564   1.289021   33.408730   5.916427
  13    0    4.791392   1.371467   15.061000  32.675679
  13    1    4.627611   1.312717   35.941821  11.376722
  13    2    4.529034   1.307030   32.137283  15.434724
  13    3    4.478222   1.315957   25.695776  36.636853
  13    4    4.397164   1.351391   15.673630  12.850827
  13    5    4.204087   1.339943   25.321629  15.543523
  13    6    4.186360   1.381005   31.151365  28.083338
  13    7    4.044367   1.345178   31.246581  19.531260
  13    8    3.998270   1.376476   15.289741  15.611207
  13    9    3.860034   1.334012   22.397285  27.735551
  13   10    3.795060   1.355149   30.662352  34.417054
  13   11    3.605492   1.331157   10.580278  32.319193
  13   12    3.545647   1.342363   40.193939  34.903111
  13   13    3.400263   1.306904   10.382105  26.566768
  13   14    3.350037   1.305386   22.388449   3.910395
  13   15    3.284364   1.372786   15.240743  20.997503
  13   16    3.176946   1.314418   27.553216  23.032734
  13   17    3.080758   1.340098   26.379004  26.692062
  13   18    2.950524   1.300976    5.948239   2.487637
  13   19    2.824905   1.307919   12.579650  15.224144
  13   20    2.769578   1.355586   40.703552  36.126264
  13   21    2.654893   1.339217   21.321024  11.033072
  13   22    2.537134   1.343883   31.511791   2.735093
  13   23    2.486041   1.391103   35.581041  14.768858
  13   24    2.319471   1.323077   19.517077  14.602181
  13   25    2.221078   1.388460   15.656494  35.086556
  13   26    2.141933   1.309195   19.485443  26.391233
  13   27    2.071152   1.368949    1.633631   1.562020
  13   28    1.963930   1.379574   32.256051   5.687008
  13   29    1.883906   1.381769   19.685067  22.846510
  13   30    1.757406   1.394812    8.636543  11.145888
  13   31    1.692712   1.392589   34.157139  21.872862
  13   32    1.541927   1.389695    5.319915   5.005777
  13   33    1.415944   1.332693   37.450883  23.871319
  13   34    1.305174   1.313591   14.064367   3.779781
  13   35    1.246742   1.331677   10.988854  13.148350
  13   36    1.160209   1.397374   37.291652   4.278446
  13   37    1.082252   1.389893    3.099114  31.027171
  13   38    0.960321   1.386152    6.423490  11.675648
  13   39    0.846680   1.379396   33.436716  20.043950
  13   40    0.708553   1.304898   13.689718   2.153526
  13   41    0.664752   1.310255   28.602140  28.438993
  13   42    0.562187   1.317561   13.805840  14.732180
  13   43    0.441281   1.362903   39.905146  14.177550
  13   44    0.342564   1.399281    8.831789  25.210158
  13   45    0.298559   1.366542   31.761599  29.180155
  13   46    0.117489   1.366079   37.687695   9.712058
  13   47    0.016145   1.398690   37.999884  22.137759
  14    0    4.727339   1.496690   11.216574  16.159913
  14    1    4.607367   1.491563   23.392569  32.232195
  14    2    4.576629   1.437189    4.347878   9.055312
  14    3    4.453498   1.457287   39.018075  36.277866
  14    4    4.310381   1.400623   38.829943  16.279531
  14    5    4.200023   1.485791   22.596127  38.245813
  14    6    4.139055   1.461095   23.163386   6.189267
  14    7    4.099831   1.426793   28.729866  32.826684
  14    8    3.967117   1.494536   40.781626  39.105875
  14    9    3.865377   1.440401   19.026539  33.634385
  14   10    3.718516   1.436910   33.188710   9.366317
  14   11    3.665993   1.489652   38.357751  31.847547
  14   12    3.537365   1.414633   31.678723   2.424349
  14   13    3.477529   1.452665   11.059330  22.531243
  14   14    3.374095   1.451721    9.425105  16.060788
  14   15    3.259366   1.452159   29.659921  23.576688
  14   16    3.146134   1.473513   35.142280  15.582007
  14   17    3.098584   1.435670   38.766475  36.141984
  14   18    2.987856   1.407747   30.186038   9.956121
  14   19    2.822723   1.491127   38.023872  35.672280
  14   20    2.777097   1.430387   22.873192   9.156635
  14   21    2.641012   1.449300   20.604982  19.023034
  14   22    2.544983   1.415779   36.965095  32.553652
  14   23    2.429377   1.407177   27.476513  25.905354
  14   24    2.342103   1.428550    5.673656  24.013029
  14   25    2.226734   1.404454   12.725090  21.817747
  14   26    2.147260   1.438126    8.212559  31.434209
  14   27    2.059229   1.499111    1.517027  14.823873
  14   28    1.965088   1.445834    2.830454   6.777735
  14   29    1.855046   1.417426   39.804359  19.981260
  14   30    1.765750   1.489242   38.426948  37.203804
  14   31    1.655334   1.498801    3.678740   2.921196
  14   32    1.573746   1.428733   26.266295   8.763496
  14   33    1.466472   1.416426   16.313876   8.025379
  14   34    1.313544   1.427270   23.967731  31.154649
  14   35    1.235586   1.431070   11.726239  26.840185
  14   36    1.167310   1.405893   25.865477  15.374654
  14   37    1.064678   1.427181    7.122851  28.814726
  14   38    0.994424   1.494671   26.995493  35.672757
  14   39    0.809125   1.488006   19.394002  39.144212
  14   40    0.703817   1.401701   32.380114   3.024763
  14   41    0.633538   1.489572    6.347836   7.445407
  14   42    0.558310   1.491174   38.945789   9.423372
  14   43    0.422097   1.432157    9.572770  26.186306
  14   44    0.325207   1.495634   24.323178  30.597651
  14   45    0.261479   1.482257   23.352823  29.237458
  14   46    0.169351   1.487225   34.942940  19.345489
  14   47    0.032356   1.468078   12.849933  28.607694
  15    0    4.713613   1.598112   15.254611  22.483198
  15    1    4.660195   1.557247   34.806473  31.372295
  15    2    4.567511   1.511153   20.560018  11.486695
  15    3    4.487718   1.546664   15.310166  18.996991
  15    4    4.347206   1.538532   27.866751  30.219068
  15    5    4.239852   1.511365   11.702725   7.706451
  15    6    4.179514   1.568250   22.331275  32.709599
  15    7    4.057400   1.591730    9.502567   1.241281
  15    8    3.998961   1.586191   31.275322   9.769644
  15    9    3.877894   1.546563   40.251027  36.292816
  15   10    3.710009   1.574969   23.423264   5.301094
  15   11    3.641214   1.563301   12.480555  26.100342
  15   12    3.596690   1.549809    7.922247   1.473426
  15   13    3.493552   1.596037    5.542455   9.140662
  15   14    3.318816   1.516447   15.870899   6.515699
  15   15    3.256170   1.597041    4.820765  27.535269
  15   16    3.137705   1.526351    6.496521   9.690132
  15   17    3.015169   1.518099   36.897957  33.745672
  15   18    2.965103   1.560543   30.784706  15.084233
  15   19    2.875055   1.584302   34.527200  34.322738
  15   20    2.726479   1.594843    7.279405   9.178757
  15   21    2.602454   1.584753    3.804971   5.921253
  15   22    2.574365   1.586618   17.935521  16.719072
  15   23    2.466631   1.582227   19.726889   1.486167
  15   24    2.378658   1.575900   36.320181  35.237842
  15   25    2.260768   1.516941    1.348683  23.462359
  15   26    2.159055   1.512233   16.122872  10.647238
  15   27    2.062042   1.568364   34.063294  36.075018
  15   28    1.909777   1.502659   14.848731   4.639195
  15   29    1.859555   1.543394   14.044150  40.173086
  15   30    1.798734   1.525990   25.733305  29.202569
  15   31    1.647043   1.579248   28.693726   1.823500
  15   32    1.502055   1.573820   40.331175   4.386322
  15   33    1.442024   1.585054   36.975568   9.789290
  15   34    1.360594   1.559704    4.894906  12.508222
  15   35    1.254670   1.597404   34.797011  17.219910
  15   36    1.117611   1.584504    5.574830  35.328813
  15   37    1.088202   1.592023   23.148901  19.327469
  15   38    0.916211   1.558118   20.634256  30.280758
  15   39    0.807943   1.576223   20.497662  11.517872
  15   40    0.701479   1.555626   32.288733   7.663942
  15   41    0.668450   1.584974   35.964156   1.391166
  15   42    0.585403   1.529363   36.442086  32.787061
  15   43    0.437228   1.517156   26.112804  33.220717
  15   44    0.392757   1.507490    5.505983  35.356712
  15   45    0.299565   1.578000   35.713525  24.966146
  15   46    0.113026   1.584361   27.653868   2.985330
  15   47    0.071857   1.538697   11.628104  15.570266
  16    0    4.737280   1.648303   25.274147   6.509616
  16    1    4.690575   1.684837   19.011660  14.235587
  16    2    4.559595   1.698381    6.051595  31.881419
  16    3    4.480622   1.601588   20.308954  33.571245
  16    4    4.370145   1.673321    2.019981  16.713354
  16    5    4.240332   1.635421   40.064329  34.946544
  16    6    4.161568   1.652944   25.093012   9.131742
  16    7    4.010746   1.679717   32.353156  17.082606
  16    8    3.911472   1.695320   31.994724  22.409757
  16    9    3.824016   1.654732   12.681695  17.858930
  16   10    3.792167   1.641290    7.174530  30.924023
  16   11    3.649948   1.691149   12.491367  14.506986
  16   12    3.593748   1.652101   39.206200   1.298159
  16   13    3.480655   1.680880    1.942483  38.808268
  16   14    3.328587   1.645595    4.334084  37.167122
  16   15    3.211196   1.628749   25.441541  31.609561
  16   16    3.114116   1.661729   20.243994  36.816495
  16   17    3.088780   1.624379    4.415265   4.913463
  16   18    2.906449   1.619160   33.800181  40.021191
  16   19    2.814787   1.654848   23.123627  39.997548
  16   20    2.779964   1.621213   38.403937  33.728334
  16   21    2.692311   1.695571   25.843135   6.460842
  16   22    2.517377   1.631756   39.793393  35.799419
  16   23    2.417325   1.649412   37.540776  39.791601
  16   24    2.391189   1.669329    3.518163  21.847139
  16   25    2.213799   1.652143   35.198003   3.995715
  16   26    2.180524   1.661348   22.986538  22.272603
  16   27    2.012242   1.626154    3.233291  31.020342
  16   28    1.977470   1.659281    3.896984  14.928966
  16   29    1.867114   1.643706   24.010773  10.152705
  16   30    1.793945   1.640379   29.029804  33.407803
  16   31    1.601443   1.656052    3.211595  38.269305
  16   32    1.583937   1.611919    6.788821   1.764887
  16   33    1.456709   1.655367    9.883652  15.756098
  16   34    1.346641   1.689835   17.547065  33.572330
  16   35    1.212705   1.662729   22.274440  23.115507
  16   36    1.173571   1.645205   33.764464  16.504357
  16   37    1.025551   1.677270   33.090832  39.721457
  16   38    0.947164   1.699292    3.009634   3.234314
  16   39    0.812430   1.679135   21.618626   8.878920
  16   40    0.789712   1.600629    7.431892   5.240794
  16   41    0.688848   1.652041    5.173805  12.289770
  16   42    0.599613   1.636132   28.893715  38.191107
  16   43    0.438358   1.679993   38.646476  32.222093
  16   44    0.397026   1.612286   35.887907  15.890615
  16   45    0.265657   1.677100   38.437558  11.125349
  16   46    0.132911   1.692155   26.527791  14.356764
  16   47    0.051862   1.629470   25.877309  26.129161
  17    0    4.794291   1.789318   31.312843   8.396979
  17    1    4.695507   1.763794   15.253890  19.808763
  17    2    4.564194   1.700770   20.036201  20.139861
  17    3    4.484416   1.708505   32.869173  28.795498
  17    4    4.367363   1.707412    9.114581  32.289488
  17    5    4.202125   1.780292    6.078119  28.256030
  17    6    4.152190   1.782980   28.785168   8.442889
  17    7    4.027864   1.711266   25.057075   2.959273
  17    8    3.925683   1.730067   24.028139   8.631093
  17    9    3.841395   1.730216   35.085407  24.595342
  17   10    3.771442   1.705364   28.737508  10.314484
  17   11    3.693090   1.725183    3.413974  40.206143
  17   12    3.540676   1.705336   29.577072   3.383458
  17   13    3.445643   1.743937   22.332970  38.032541
  17   14    3.313233   1.758242   24.122286  22.285743
  17   15    3.236695   1.734006   18.840767  14.778339
  17   16    3.179419   1.708734   37.302946   9.222029
  17   17    3.051360   1.784510   21.354414   2.236632
  17   18    2.994072   1.787259   10.825663   9.421860
  17   19    2.830301   1.708349    5.191540   1.419406
  17   20    2.701910   1.728028    2.169117  22.832069
  17   21    2.672480   1.795186    1.092455  18.776557
  17   22    2.527600   1.736556   22.909185  36.120357
  17   23    2.422077   1.773163    4.840314  21.785830
  17   24    2.365327   1.710599   30.545088  14.716886
  17   25    2.256322   1.740467   31.076261  10.140486
  17   26    2.190785   1.786754   23.661756  26.687138
  17   27    2.015115   1.766603   10.695550  13.956807
  17   28    1.953620   1.719099   37.177678  38.549527
  17   29    1.834289   1.717642   18.749678   1.868884
  17   30    1.790246   1.795945   12.591568  27.721632
  17   31    1.662246   1.729730   18.568657   9.573417
  17   32    1.525790   1.766080   27.555252  17.099180
  17   33    1.454459   1.740775   37.856582   3.332598
  17   34    1.309587   1.776896    9.764203  14.342261
  17   35    1.251921   1.791518   13.802750  33.138433
  17   36    1.151231   1.723316   32.071277  31.763528
  17   37    1.058156   1.724080   16.789611  26.687202
  17   38    0.993583   1.768672   28.893194  12.283495
  17   39    0.834752   1.738590   26.067920   8.008028
  17   40    0.775486   1.726528    8.393440  32.738311
  17   41    0.637620   1.716651    5.808525  33.534880
  17   42    0.500089   1.785867   40.589265  37.895738
  17   43    0.415338   1.784175   36.229250   3.606626
  17   44    0.334767   1.721181   38.444576  16.855350
  17   45    0.286883   1.765494   12.034451   8.825059
  17   46    0.125525   1.753667   17.174520   8.079295
  17   47    0.008975   1.775704    9.193838   8.396150
  18    0    4.712621   1.820106   36.401678  10.120271
  18    1    4.632967   1.808807    1.126244  11.525078
  18    2    4.584797   1.861933   40.467817  22.183672
  18    3    4.437859   1.805518   16.643074  23.130910
  18    4    4.307074   1.868598   34.119205   1.981191
  18    5    4.209497   1.826477   34.545239  21.592114
  18    6    4.101515   1.896513   23.947591  27.903457
  18    7    4.016396   1.814137   23.556423  38.929390
  18    8    3.951638   1.837738   40.382971  28.359610
  18    9    3.809861   1.899735    1.314628  12.777638
  18   10    3.739375   1.830984   10.698362  13.202034
  18   11    3.650229   1.800538    2.432958  34.694176
  18   12    3.508521   1.891613   40.400842  10.474758
  18   13    3.432004   1.856923   13.179715  10.795633
  18   14    3.380539   1.887027   18.547187  36.294379
  18   15    3.248584   1.878905    9.116898  18.411280
  18   16    3.127412   1.899144   31.936504   6.492649
  18   17    3.001979   1.807333   22.075297  26.385833
  18   18    2.931908   1.896644   13.796303  15.720188
  18   19    2.824557   1.846289   24.133401  26.860111
  18   20    2.738191   1.886236    4.492544  23.031100
  18   21    2.638367   1.890062   28.806433   2.803233
  18   22    2.515120   1.824408    4.958213  12.538585
  18   23    2.432931   1.850652   13.440862   8.265334
  18   24    2.320932   1.848942   17.949100  23.551941
  18   25    2.294659   1.889846   21.848830   7.265121
  18   26    2.171137   1.832963   17.899459  26.675667
  18   27    2.070162   1.873725   32.505962   2.421882
  18   28    1.971551   1.873339   27.064328  20.671701
  18   29    1.891729   1.896817   35.175120  25.886874
  18   30    1.785301   1.899969    3.799342  19.456124
  18   31    1.636111   1.868156    7.607720   2.824354
  18   32    1.556466   1.832842   28.242928  29.421985
  18   33    1.427492   1.812143    4.013256  11.637776
  18   34    1.313682   1.819689   21.329830   4.350199
  18   35    1.232157   1.813376   38.276807  15.332065
  18   36    1.124614   1.858629   34.978999  28.490817
  18   37    1.025863   1.826498   27.443291   4.848107
  18   38    0.966614   1.847444    4.462908  17.967222
  18   39    0.845282   1.879663   34.776352  37.900986
  18   40    0.720210   1.803909   38.379451   6.476188
  18   41    0.662134   1.823321   16.738787  35.798749
  18   42    0.580251   1.870108   37.311619  33.326983
  18   43    0.442758   1.814837   34.530512  15.913830
  18   44    0.314575   1.847707   39.174233  20.183061
  18   45    0.276857   1.883816   38.359104   8.924564
  18   46    0.182023   1.810876   27.411048   7.440180
  18   47    0.077017   1.893048   31.407040  37.639530
  19    0    4.750421   1.908904    7.619636   1.995081
  19    1    4.665366   1.995636   30.498809  18.162789
  19    2    4.530832   1.901479   38.845495  25.229209
  19    3    4.475342   1.990105    1.760110   4.353369
  19    4    4.366938   1.966196   37.700903  23.352245
  19    5    4.205035   1.992228   22.100477  32.977704
  19    6    4.187864   1.980080   36.628094  31.820526
  19    7    4.063969   1.974806   21.139643  19.648993
  19    8    3.949037   1.904710   12.040409  11.365777
  19    9    3.857379   1.974761   33.237112  24.592814
  19   10    3.748870   1.998027    3.739115  15.239843
  19   11    3.651222   1.930721   15.573389  32.473581
  19   12    3.519130   1.934955   23.917662   5.601463
  19   13    3.457116   1.993616    5.770448  11.961807
  19   14    3.343764   1.943685    2.229218  31.541415
  19   15    3.269276   1.947868   21.328016  38.417397
  19   16    3.164777   1.954827   12.807360  12.062688
  19   17    3.075294   1.991375    3.191382  37.009529
  19   18    2.984428   1.916536   39.793888  34.402643
  19   19    2.849174   1.948761   37.055442  33.789000
  19   20    2.770591   1.950365   39.841773   1.404434
  19   21    2.618596   1.934278    8.548784   8.674221
  19   22    2.516540   1.909759   13.225321   1.215279
  19   23    2.478694   1.938250    2.230687   7.007336
  19   24    2.397729   1.955954   39.603693   8.409485
  19   25    2.201924   1.984078   19.372936   5.282294
  19   26    2.106331   1.984498   10.147994  17.704441
  19   27    2.067684   1.991642    5.787464  21.841981
  19   28    1.929356   1.919698   14.656189  19.758087
  19   29    1.806381   1.987270   28.499847  34.786850
  19   30    1.768090   1.944001   20.444180  33.106729
  19   31    1.620467   1.920523   38.857782  17.032781
  19   32    1.575421   1.944641    9.215440  27.122315
  19   33    1.409759   1.983635    9.702705  22.401245
  19   34    1.313300   1.940859   38.775653   7.938662
  19   35    1.289936   1.980761   15.521802  36.820128
  19   36    1.105118   1.901562    8.372880  32.616399
  19   37    1.051637   1.961054   37.036699   5.158903
  19   38    0.977262   1.975524   29.607836  26.386703
  19   39    0.862933   1.912121   35.474196  16.917140
  19   40    0.750378   1.934026   39.272909   3.634257
  19   41    0.670199   1.908547   36.803475   2.930663
  19   42    0.554059   1.969330   36.142639  35.350109
  19   43    0.401537   1.923963   32.513257  20.454977
  19   44    0.398771   1.901421   40.652419  24.105483
  19   45    0.222890   1.944489    1.041469   5.430887
  19   46    0.145716   1.920205    4.566240   2.167869
  19   47    0.039862   1.966466    2.759019  28.432560
  20    0    4.769157   2.030646   37.148391  19.201042
  20    1    4.678007   2.021954   21.448369   4.743592
  20    2    4.506439   2.074285   25.018053  13.060976
  20    3    4.410970   2.051832   16.506626  39.201928
  20    4    4.338452   2.072199    4.779806  40.519926
  20    5    4.239346   2.038145   32.641960  12.899849
  20    6    4.137758   2.071626   20.687143   4.321272
  20    7    4.053526   2.014930   27.621208   1.520489
  20    8    3.962879   2.081326   24.010117  28.788012
  20    9    3.841005   2.099859    3.665588  14.037707
  20   10    3.765461   2.049230    6.442333  28.278135
  20   11    3.622782   2.027819   24.380507  35.701425
  20   12    3.512047   2.069961    6.796551  21.100380
  20   13    3.424458   2.021942    6.644515  10.675875
  20   14    3.304168   2.009574    8.402242   6.074239
  20   15    3.205514   2.007622   35.671512   7.393478
  20   16    3.109231   2.000150   14.032461  19.738335
  20   17    3.085005   2.060687    1.499393  13.632437
  20   18    2.990400   2.087855   25.851529   9.281654
  20   19    2.813516   2.082187   36.447344   8.521391
  20   20    2.746199   2.014665   29.789006  29.592392
  20   21    2.649718   2.009124   25.623123  35.119828
  20   22    2.540011   2.076143   26.909567   2.389523
  20   23    2.405265   2.002999    6.350647  29.918240
  20   24    2.315962   2.025505   28.762395  21.222464
  20   25    2.223970   2.006168    7.427342  34.547332
  20   26    2.160839   2.087663   19.357817  28.194574
  20   27    2.060361   2.019793    5.409729  40.180906
  20   28    1.981788   2.006001   23.332942  26.586502
  20   29    1.818689   2.036556   32.664786  16.562348
  20   30    1.726429   2.069390    8.032132  28.125711
  20   31    1.606351   2.056315   20.713715  15.279954
  20   32    1.575859   2.057209   26.642195  24.468854
  20   33    1.445412   2.023551   22.433781  10.861680
  20   34    1.391703   2.096174   20.186266  19.533938
  20   35    1.272554   2.051696   27.972947  33.455141
  20   36    1.195907   2.044308   38.094378   2.639571
  20   37    1.041272   2.041349   31.771124  33.304090
  20   38    0.906419   2.004590   30.232817   1.978868
  20   39    0.820485   2.056886    1.870886  39.927829
  20   40    0.743213   2.023707    7.688396  33.775924
  20   41    0.661021   2.099144   27.739574  17.855379
  20   42    0.557284   2.049716   25.267858  14.543061
  20   43    0.475502   2.000591   19.113778  15.961538
  20   44    0.320309   2.006556   25.586665  12.177378
  20   45    0.248197   2.073817   15.916242  38.897226
  20   46    0.144595   2.093054   22.785520  16.205442
  20   47    0.059266   2.064192    8.084313  16.801899
  21    0    4.781757   2.129362   33.326998  28.305270
  21    1    4.672538   2.193182   34.188093  33.431058
  21    2    4.574239   2.154779   21.988754  31.305058
  21    3    4.497645   2.130070   29.005545  33.027243
  21    4    4.306350   2.127428    3.083815   8.178450
  21    5    4.295766   2.196760   22.760839   2.708181
  21    6    4.120938   2.188533   40.102545  12.126411
  21    7    4.053656   2.192808   18.521311  39.841090
  21    8    3.934106   2.131805   21.384917  14.656124
  21    9    3.802846   2.126025   29.287453   2.817439
  21   10    3.793583   2.161963   35.095810  40.637621
  21   11    3.610055   2.147719   22.599411   8.837786
  21   12    3.586410   2.135460    3.690078  17.639156
  21   13    3.410814   2.121073   18.022567   3.761632
  21   14    3.308524   2.151200    6.218244  21.412683
  21   15    3.201199   2.196152   31.663782  26.772523
  21   16    3.162664   2.199375   16.237697  30.221074
  21   17    3.042313   2.125681    1.908998  26.553964
  21   18    2.951665   2.182495   13.758349  27.769041
  21   19    2.868766   2.132030   21.861933  35.867016
  21   20    2.781801   2.194267   31.565776  37.820041
  21   21    2.625914   2.127687   26.502649  17.865751
  21   22    2.585242   2.179203   29.428913  33.151752
  21   23    2.490967   2.199073   16.373883  40.182067
  21   24    2.312029   2.198637   34.113457  37.323021
  21   25    2.260357   2.186664   24.642041  11.756659
  21   26    2.130121   2.197325   18.786174   9.795485
  21   27    2.009838   2.133157   30.668852  32.588278
  21   28    1.907157   2.198854    2.309380  33.273415
  21   29    1.854810   2.125833   10.768731  18.018700
  21   30    1.729492   2.157808   27.088931  26.695592
  21   31    1.656238   2.129265   15.615956  26.866153
  21   32    1.542872   2.161973   23.553103   8.133393
  21   33    1.432251   2.190168   13.804844   6.665256
  21   34    1.374817   2.108805   10.003838  28.919523
  21   35    1.247155   2.197485    2.355152  29.466849
  21   36    1.121312   2.176991    8.495844  13.652192
  21   37    1.058094   2.197643   37.494001   8.096372
  21   38    0.949872   2.176108   40.563153  30.289811
  21   39    0.804922   2.197501   22.834698  35.464822
  21   40    0.787310   2.185251    1.026780  20.371611
  21   41    0.631159   2.135584   27.111861  38.471561
  21   42    0.523779   2.184938   13.781163  21.469900
  21   43    0.422967   2.166037   29.921351  23.233616
  21   44    0.374658   2.145679   10.371179  12.299976
  21   45    0.249104   2.179068   31.452549   9.821390
  21   46    0.198844   2.161318   20.335558  25.484048
  21   47    0.077702   2.176705   10.989586  12.376041
  22    0    4.775754   2.205581   21.706577  23.785799
  22    1    4.635413   2.233331   38.997217  34.429073
  22    2    4.594101   2.246213   10.720001  22.702564
  22    3    4.461148   2.296707   18.896054  19.440009
  22    4    4.302991   2.272685   11.703289  25.622401
  22    5    4.290070   2.227131   17.170974  23.013346
  22    6    4.120389   2.280647   21.274132  37.323628
  22    7    4.083927   2.229850   14.245552  35.951252
  22    8    3.985248   2.209137    5.395480  17.414746
  22    9    3.801013   2.209026   13.594452   6.243851
  22   10    3.777842   2.245011    3.497262   7.382942
  22   11    3.673206   2.260318   22.854749   3.294186
  22   12    3.517840   2.293159   20.789049  13.239718
  22   13    3.428483   2.223510   28.236249  19.120299
  22   14    3.381643   2.260743   28.052018  30.322461
  22   15    3.265229   2.236674    2.319905   8.972181
  22   16    3.159289   2.219065   37.612585  17.631122
  22   17    3.049374   2.268976   15.372502  37.746640
  22   18    2.996904   2.287600    4.864172  26.149461
  22   19    2.867018   2.260511   21.594859  18.778458
  22   20    2.743278   2.231334   16.617634  18.920631
  22   21    2.623705   2.264441   24.259834  28.031518
  22   22    2.538524   2.274724   30.724908  30.217188
  22   23    2.436879   2.269243    7.485505  29.408897
  22   24    2.349134   2.213467    5.834541  36.965940
  22   25    2.220299   2.277001   17.427938  15.846233
  22   26    2.166898   2.248693    5.801795  17.658330
  22   27    2.008301   2.227461    1.967038  16.047977
  22   28    1.949224   2.277292   20.190099  32.297387
  22   29    1.813812   2.286957   35.498032  18.171476
  22   30    1.785329   2.246780   10.464682  11.502587
  22   31    1.656874   2.266324    4.230188  19.459117
  22   32    1.526590   2.223463   30.893268  13.714267
  22   33    1.440188   2.292581   27.433450   4.764091
  22   34    1.319993   2.228598   23.832801  36.509558
  22   35    1.284819   2.235424    1.362722   7.110662
  22   36    1.131221   2.268820   10.995212  11.362114
  22   37    1.072672   2.281452   35.128605  29.875093
  22   38    0.938335   2.224359   15.449302  10.748221
  22   39    0.872759   2.256596    1.572440  32.868760
  22   40    0.718286   2.261334   33.529901  32.322188
  22   41    0.655483   2.220339   31.242586   3.550218
  22   42    0.536743   2.202935   11.489483  36.954236
  22   43    0.423321   2.294105   13.857927  29.788385
  22   44    0.386707   2.228337   28.641530   5.744410
  22   45    0.207254   2.240570   39.183633  22.044233
  22   46    0.103365   2.267926   26.908958   5.696339
  22   47    0.096190   2.280686    8.033317  20.533757
  23    0    4.711433   2.328734   16.105002  14.555019
  23    1    4.681349   2.320843   14.150737  26.880273
  23    2    4.536915   2.314943    4.938022  32.383059
  23    3    4.409220   2.363865   19.013296  19.959402
  23    4    4.337760   2.304903   39.645732  40.770175
  23    5    4.245175   2.394432   14.138626  12.085444
  23    6    4.177355   2.308304   35.328453  20.141025
  23    7    4.055218   2.362038    9.264625  34.383109
  23    8    3.981069   2.354991   39.465012  21.446772
  23    9    3.815582   2.332743   39.812372   9.133943
  23   10    3.779280   2.360352   12.759008  10.596101
  23   11    3.658998   2.344744   33.330402  12.082033
  23   12    3.550338   2.371303   29.377199  22.301708
  23   13    3.462480   2.382176   12.157885   9.128955
  23   14    3.333892   2.321591   26.805855  34.588601
  23   15    3.274324   2.376598   18.333339   9.543189
  23   16    3.188783   2.315484   34.964959  26.030863
  23   17    3.067762   2.356232    6.814528  31.754562
  23   18    2.920405   2.314846   24.884207  24.853842
  23   19    2.895351   2.389321    4.364291   7.999594
  23   20    2.799996   2.326212   19.158841   2.359036
  23   21    2.601658   2.309841   33.996115  40.528923
  23   22    2.542748   2.371655   19.567383   2.699273
  23   23    2.432171   2.371342   18.662281  24.783301
  23   24    2.302929   2.380088   31.647408  16.852080
  23   25    2.253628   2.347838   22.906540  13.889978
  23   26    2.182423   2.354090    1.689576  40.709442
  23   27    2.075067   2.389400    7.492288  14.026579
  23   28    1.934093   2.351436   28.524183  25.522507
  23   29    1.829888   2.344566   39.556283  11.644919
  23   30    1.773384   2.370210   10.638550  33.510038
  23   31    1.647104   2.381624   19.627037  21.242488
  23   32    1.590322   2.341714   18.577670  12.259791
  23   33    1.404701   2.376540   16.886037   6.314675
  23   34    1.379784   2.316352   23.244535  38.622270
  23   35    1.219638   2.386521    5.339039  26.316093
  23   36    1.180474   2.374234    2.630687  16.116629
  23   37    1.087524   2.395128    6.103732  18.904679
  23   38    0.932457   2.304465   12.671560  39.438827
  23   39    0.840380   2.397350    4.809138  39.437585
  23   40    0.729416   2.374910   22.335259   5.482413
  23   41    0.643131   2.391219    8.141168  28.633141
  23   42    0.554999   2.357685   18.717480  32.352672
  23   43    0.498606   2.356303   29.857814  24.508531
  23   44    0.352653   2.384712    4.829340   6.175153
  23   45    0.276814   2.328800   14.136542  16.148098
  23   46    0.185294   2.382357   40.928945  30.069911
  23   47    0.027130   2.327987   32.905482  34.552530
  24    0    4.794973   2.474554   19.661591  20.483117
  24    1    4.671781   2.449430   13.849095  29.764484
  24    2    4.573361   2.449705   15.937554  23.138004
  24    3    4.415645   2.416613    7.068055  33.661510
  24    4    4.301458   2.458302   14.390479   4.187415
  24    5    4.240849   2.474538   20.912141  14.252468
  24    6    4.111361   2.445358   30.423460  31.720549
  24    7    4.085054   2.416395   31.294004  10.008918
  24    8    3.964211   2.424615   25.263943  18.596800
  24    9    3.829549   2.457507   13.830727  31.708308
  24   10    3.726652   2.469930   11.112661  29.649904
  24   11    3.647376   2.409564    4.449173  34.461056
  24   12    3.563183   2.433317   29.385873   4.625922
  24   13    3.482751   2.462504   21.630166  34.038980
  24   14    3.343713   2.498859   23.214229  12.788888
  24   15    3.250862   2.451489   22.255604   9.317809
  24   16    3.194435   2.447001   14.775658  35.948289
  24   17    3.061917   2.471993   33.061706  36.591825
  24   18    2.995838   2.434711   38.703738  13.732817
  24   19    2.884915   2.407339   40.990601  21.714025
  24   20    2.754208   2.493581   14.727052  38.255189
  24   21    2.675094   2.449905   18.271573  32.460463
  24   22    2.542425   2.410141    5.859130  34.883116
  24   23    2.494430   2.429731    1.852319  26.212781
  24   24    2.322157   2.480476   22.872601  11.651811
  24   25    2.256747   2.412398    1.839645  36.998230
  24   26    2.122743   2.424734   21.455270   1.923771
  24   27    2.028159   2.491848   39.898088  31.121797
  24   28    1.962110   2.406143   35.359890   3.221832
  24   29    1.809559   2.483172   16.094003  22.070380
  24   30    1.752017   2.423909   17.023446   9.731858
  24   31    1.620712   2.415443   11.461749  13.064243
  24   32    1.533701   2.439661   36.545859   6.791702
  24   33    1.495292   2.435291   13.607614  29.576314
  24   34    1.340711   2.453101   20.582057  22.753403
  24   35    1.282805   2.458210   23.956249  34.335197
  24   36    1.183259   2.464061   34.615430  16.925898
  24   37    1.036823   2.446459   27.783389   3.773071
  24   38    0.992851   2.445419   25.244750   1.875830
  24   39    0.849366   2.449958   21.967727   7.574986
  24   40    0.757284   2.404114   23.530703  34.184370
  24   41    0.668465   2.419711   40.433873  11.931341
  24   42    0.514253   2.425990   26.112234  39.828234
  24   43    0.410101   2.492058   13.547368   2.290683
  24   44    0.356896   2.484273   37.716969  28.673459
  24   45    0.246685   2.446470   25.261816  12.855248
  24   46    0.136523   2.441176   36.854053  17.140740
  24   47    0.022133   2.459592   10.607247  37.756991
  25    0    4.726593   2.587482   35.891788  38.921509
  25    1    4.608321   2.513913    6.147864  22.797158
  25    2    4.537674   2.545893   27.386535  20.694194
  25    3    4.479333   2.570684    7.326440  36.827776
  25    4    4.345697   2.510539   40.443385  33.110448
  25    5    4.238419   2.583622   19.151639  18.298741
  25    6    4.115233   2.507208   14.053194  16.891434
  25    7    4.087933   2.512446   10.473632  25.189489
  25    8    3.965836   2.536738    8.764611   9.694563
  25    9    3.884785   2.593441   37.132442   5.489572
  25   10    3.742688   2.507435   23.713815   1.481397
  25   11    3.673048   2.538002   25.552477  30.587741
  25   12    3.512821   2.571468    2.948719  24.437746
  25   13    3.431373   2.559529    5.895837  15.374487
  25   14    3.315141   2.554925   23.148484  18.067301
  25   15    3.215709   2.574039   32.675967  26.558264
  25   16    3.146285   2.511494   34.253213  40.900436
  25   17    3.017614   2.580525   30.772364  34.640966
  25   18    2.965018   2.535760   35.182812   7.330168
  25   19    2.895011   2.503342   36.076051  35.193520
  25   20    2.745439   2.543614    8.738004  31.407523
  25   21    2.665792   2.570814    2.534629  11.517780
  25   22    2.503708   2.564547   32.940596  18.998920
  25   23    2.485000   2.511763    1.154763  33.476209
  25   24    2.364298   2.593388   10.484139   5.528457
  25   25    2.253589   2.574811    1.559026   6.216166
  25   26    2.119976   2.517514   13.630172   8.598316
  25   27    2.030891   2.514074   22.983096  37.710912
  25   28    1.974755   2.569658    8.799344  13.100819
  25   29    1.843883   2.539254   29.138335   5.484761
  25   30    1.741022   2.556122   23.270712  11.005963
  25   31    1.604245   2.598172   40.153887  30.585136
  25   32    1.590831   2.575552    5.816636  18.828592
  25   33    1.458944   2.545418   24.851448  10.809565
  25   34    1.337035   2.574387   33.764710  12.849663
  25   35    1.211690   2.552060   17.894954   5.391004
  25   36    1.142504   2.581668   10.892247  35.486391
  25   37    1.061104   2.528249   18.896483  19.790165
  25   38    0.925108   2.528111   23.722911  15.776344
  25   39    0.806828   2.563097   14.348734  11.938831
  25   40    0.742427   2.582164   38.209117  32.760907
  25   41    0.677030   2.534321   38.293510  10.223486
  25   42    0.503374   2.529245   24.447929  32.623817
  25   43    0.429900   2.503929   33.924679  18.693856
  25   44    0.363939   2.579430   13.992203  28.760795
  25   45    0.277703   2.595620   35.863176   6.426311
  25   46    0.121218   2.513557   22.482813   8.526620
  25   47    0.074854   2.544588   21.630652  15.667360
  26    0    4.723695   2.668067    9.741857  21.226282
  26    1    4.601212   2.621063   40.887440  37.327809
  26    2    4.566421   2.614837   20.130791  28.987194
  26    3    4.458397   2.655189    2.289580  32.593431
  26    4    4.337298   2.613863   27.891514  25.469724
  26    5    4.280475   2.632738   20.358701   5.863352
  26    6    4.125113   2.603828    5.352474  26.943639
  26    7    4.040659   2.688687   18.547612  36.922626
  26    8    3.991274   2.648473   16.295954  16.078372
  26    9    3.812997   2.698798   29.723547  19.200832
  26   10    3.745369   2.675080   32.446731  10.865302
  26   11    3.622069   2.658157   11.580024   6.163775
  26   12    3.549761   2.625512   37.956375  19.410598
  26   13    3.484765   2.639976    2.027388  19.330764
  26   14    3.310326   2.689947   24.921525   5.907446
  26   15    3.216054   2.648024   38.401137  39.105177
  26   16    3.189274   2.608748   12.388533  13.916821
  26   17    3.035407   2.611658   14.366212   3.551395
  26   18    2.901680   2.608918    1.960925  30.156258
  26   19    2.872176   2.623727   29.684482  20.446450
  26   20    2.729887   2.688119   15.040203  25.316401
  26   21    2.626702   2.688491   40.551726  14.380093
  26   22    2.509405   2.671487   39.894568  37.995427
  26   23    2.499305   2.629246   21.999473   3.372261
  26   24    2.306214   2.644264   11.164200  13.661726
  26   25    2.251574   2.603450    8.896121   8.422249
  26   26    2.118579   2.606768   10.075809  12.625567
  26   27    2.013451   2.686959    8.370830   4.599215
  26   28    1.996535   2.607269   30.553220  39.320769
  26   29    1.895661   2.618341   34.022721   3.728949
  26   30    1.779148   2.683057   24.574815  39.767713
  26   31    1.609849   2.639275    1.067012  36.427132
  26   32    1.503430   2.680342   39.542747   4.909346
  26   33    1.438576   2.627681   21.608753  35.174672
  26   34    1.339521   2.629539   11.092847   4.582150
  26   35    1.233926   2.696499   30.523896  10.325961
  26   36    1.154275   2.624114   16.688277  40.204329
  26   37    1.056972   2.622915   14.966507  17.386248
  26   38    0.999817   2.688355    8.503984   3.833830
  26   39    0.800738   2.680386   14.309968  36.589608
  26   40    0.764976   2.622264   28.523107   7.069071
  26   41    0.666510   2.668913   22.369113  24.754342
  26   42    0.515656   2.680223   24.430545  15.335613
  26   43    0.487502   2.677826   40.039261  14.587888
  26   44    0.385275   2.674183   31.802942  11.422284
  26   45    0.214853   2.669710   34.027209  28.058708
  26   46    0.158338   2.691810   26.258439  16.700598
  26   47    0.098825   2.644125   16.138301  18.147881
  27    0    4.719011   2.785368   18.643563  19.281627
  27    1    4.612788   2.725440   27.622725  17.238455
  27    2    4.512265   2.718078    6.998722  35.434778
  27    3    4.479244   2.720329   14.373305  30.595936
  27    4    4.387681   2.751260   10.957822   3.913252
  27    5    4.265581   2.707416   11.306056   9.838593
  27    6    4.165486   2.717790   37.401583  22.401284
  27    7    4.022679   2.754045   38.043887  33.991564
  27    8    3.980665   2.755220   20.598195  21.118548
  27    9    3.841683   2.703304    3.062861  14.664091
  27   10    3.724191   2.765379   25.729028  10.687456
  27   11    3.603419   2.738211   39.749509  27.084475
  27   12    3.510475   2.726348   21.611152  19.689357
  27   13    3.490896   2.709351   15.356737  30.172707
  27   14    3.357054   2.707400   36.592503  31.905999
  27   15    3.228238   2.707274   22.634946  36.526010
  27   16    3.166388   2.727860   31.009594   4.062881
  27   17    3.099096   2.771624    3.954031   7.137838
  27   18    2.950247   2.756747   30.261709  31.961472
  27   19    2.884262   2.755219   29.021000  35.866225
  27   20    2.734818   2.771703    4.469614  16.207562
  27   21    2.641643   2.703201   29.837018  35.112638
  27   22    2.529008   2.782851   13.850859  38.313352
  27   23    2.432191   2.764913   30.326716  16.867857
  27   24    2.329792   2.780134   23.357811  13.771154
  27   25    2.272565   2.729271   13.111720  22.226658
  27   26    2.176613   2.781062    5.788626  40.766941
  27   27    2.069480   2.763207   22.189355  27.668446
  27   28    1.951884   2.739954   19.495429  11.522261
  27   29    1.861644   2.737109   27.816598  27.846252
  27   30    1.756617   2.729408   24.978030  17.823347
  27   31    1.663102   2.741258   38.688373   2.321844
  27   32    1.568971   2.720099   14.065563  23.116584
  27   33    1.466504   2.732854   16.538373  17.630007
  27   34    1.319215   2.765949    6.052521  30.619796
  27   35    1.226488   2.704521    9.579645  16.250369
  27   36    1.187168   2.748300   17.069678  30.219115
  27   37    1.001809   2.732076   13.741227  20.510437
  27   38    0.947587   2.744917   32.134502  36.491535
  27   39    0.890264   2.741856   34.446207  12.138860
  27   40    0.755304   2.767505   23.739692  16.013547
  27   41    0.642683   2.736047   16.715631  37.133204
  27   42    0.575091   2.754847    6.502538   4.186558
  27   43    0.491383   2.728220   17.671736  10.801872
  27   44    0.321288   2.717778   34.311885  30.130138
  27   45    0.274473   2.770703   13.053059  19.285098
  27   46    0.179156   2.706911   14.573517   2.764416
  27   47    0.080283   2.700381   18.143046  31.555259
  28    0    4.733746   2.814359   33.568864  22.023283
  28    1    4.675933   2.890234    3.552818   9.842050
  28    2    4.532737   2.826648   37.605988  26.210365
  28    3    4.420647   2.870117   37.587836  36.623417
  28    4    4.357263   2.817617   36.555850  29.830040
  28    5    4.297979   2.872250   29.467271  22.768400
  28    6    4.169191   2.807294    9.530959   5.796086
  28    7    4.031409   2.864346   21.453932  24.113407
  28    8    3.944605   2.815565   36.877530   1.740866
  28    9    3.875091   2.856493   22.991678  12.698698
  28   10    3.791440   2.807924   18.316367  32.218248
  28   11    3.695589   2.806651   16.236299   4.087230
  28   12    3.584282   2.864669   23.981725  16.913809
  28   13    3.481487   2.804031   29.904921  13.633264
  28   14    3.331262   2.804600   23.271502  19.546141
  28   15    3.235586   2.879637   37.158040   2.263496
  28   16    3.116797   2.859640    5.836127   2.963410
  28   17    3.019181   2.878898    3.267359  16.278772
  28   18    2.939598   2.827727   29.697622  13.009653
  28   19    2.829519   2.832590   10.111666   5.879734
  28   20    2.787956   2.827912   23.404346  17.055554
  28   21    2.600020   2.879133   17.082057   3.565107
  28   22    2.563701   2.843833   32.290999  32.658822
  28   23    2.418247   2.823880    1.766855  16.246599
  28   24    2.382590   2.869515   33.327533   7.639538
  28   25    2.258826   2.869157   38.825652  13.869734
  28   26    2.142019   2.864962    8.704672  34.926220
  28   27    2.027657   2.812562    1.750972  22.525226
  28   28    1.957050   2.888040   25.217811  23.848590
  28   29    1.809743   2.890466    9.755084  31.480842
  28   30    1.722645   2.893888   14.675126  24.123422
  28   31    1.605843   2.838635   10.808594   1.258974
  28   32    1.563834   2.883407   29.969776   9.600093
  28   33    1.432895   2.852569   31.896476  33.830506
  28   34    1.386208   2.838353    2.120173  35.902806
  28   35    1.249778   2.856406   38.846287  16.190816
  28   36    1.136705   2.802125    5.496314   9.426774
  28   37    1.053479   2.831139   30.622370  15.029118
  28   38    0.929065   2.852541   31.614273   4.715933
  28   39    0.871097   2.810413   26.768884  22.897624
  28   40    0.779668   2.865769   36.294986  23.070096
  28   41    0.650383   2.825321   31.723614  15.232338
  28   42    0.537638   2.888970   40.647538  17.299762
  28   43    0.425588   2.868363   36.013522  32.772600
  28   44    0.378142   2.823356   13.251223  35.867100
  28   45    0.206457   2.851163    1.882110  35.371815
  28   46    0.159779   2.869029   19.074691  24.221946
  28   47    0.006007   2.850530   19.687681  20.887100
  29    0    4.725721   2.998328   10.084599   1.961968
  29    1    4.687530   2.973102   11.450701   6.780926
  29    2    4.554002   2.905345   13.160202  11.516458
  29    3    4.472836   2.920084   19.217473  12.263100
  29    4    4.334849   2.925863   22.844407   7.373529
  29    5    4.212296   2.900485    8.446436  35.246788
  29    6    4.172449   2.934196   29.625878   4.440802
  29    7    4.072569   2.923779   40.412444  31.087563
  29    8    3.974791   2.901188   28.860815   9.949985
  29    9    3.850170   2.901052   22.663458  29.019784
  29   10    3.708455   2.941162    1.107138   5.386056
  29   11    3.668162   2.997477   32.853120   7.399941
  29   12    3.555253   2.984616   11.557823   3.242081
  29   13    3.459223   2.908352   28.811780  30.311864
  29   14    3.314561   2.988227   24.424228  17.970993
  29   15    3.281241   2.975942    6.507564  25.784084
  29   16    3.149006   2.934017    7.534302  21.325995
  29   17    3.051316   2.925037   27.588180  19.814861
  29   18    2.971838   2.975528   13.074631  39.351540
  29   19    2.820678   2.971373    9.483180  30.595781
  29   20    2.721880   2.960396    2.319339  11.607172
  29   21    2.646524   2.948994   33.585484  13.770081
  29   22    2.566391   2.995956   35.352919  32.776811
  29   23    2.447148   2.910118   20.820031  32.257206
  29   24    2.313480   2.927317   31.208151  12.636379
  29   25    2.253979   2.974252   28.946472   3.120409
  29   26    2.103884   2.965818   19.504291  22.422986
  29   27    2.098281   2.942025   22.231901  29.149499
  29   28    1.986995   2.939852   11.584818   3.969202
  29   29    1.891229   2.943646   31.668663  14.276185
  29   30    1.767958   2.939751   37.318058  22.536251
  29   31    1.674005   2.961888    2.701364  29.634749
  29   32    1.541443   2.993764    3.138079   5.100265
  29   33    1.429223   2.955153   37.466235  21.026104
  29   34    1.303408   2.943104   27.567318   2.916092
  29   35    1.256705   2.907432   19.835112   8.738619
  29   36    1.154727   2.980635    2.376448  10.503394
  29   37    1.025038   2.948892    4.095314   7.124377
  29   38    0.979954   2.979979   30.701072  22.770157
  29   39    0.815791   2.923302   11.885780   4.024865
  29   40    0.700856   2.969630   27.848889  37.808992
  29   41    0.679451   2.926712   17.048902   9.085417
  29   42    0.567491   2.900152   16.195027  34.971952
  29   43    0.421304   2.905496   24.346526   5.192999
  29   44    0.359681   2.911607   22.477320  16.149878
  29   45    0.231469   2.981337   25.527677  18.717299
  29   46    0.128665   2.933049   33.967352  32.752626
  29   47    0.066148   2.965702    5.024620  21.930347
  30    0    4.712522   3.036281   29.407169  11.706819
  30    1    4.676927   3.037013   27.592925  34.925229
  30    2    4.509634   3.022012   31.265609  20.858080
  30    3    4.471572   3.080000   11.500281   4.549756
  30    4    4.392031   3.038130   27.782260  17.485034
  30    5    4.273254   3.028613   33.407850   4.316288
  30    6    4.184875   3.017032    6.431144  23.202660
  30    7    4.025514   3.011362    4.877023  21.944185
  30    8    3.929663   3.071760   24.850253  24.352892
  30    9    3.867535   3.071158   25.473512  40.136701
  30   10    3.786904   3.009170   20.947152  29.050687
  30   11    3.678393   3.020424   13.729748  31.389452
  30   12    3.519099   3.002431   10.804910  20.374077
  30   13    3.459958   3.096701   24.765647  39.072863
  30   14    3.326752   3.014859    1.176695  29.757060
  30   15    3.295997   3.003967   22.156850  24.726369
  30   16    3.188998   3.082436   32.771422  15.464455
  30   17    3.089770   3.060520   21.678612  25.447397
  30   18    2.986070   3.043292   31.196907  28.098204
  30   19    2.844031   3.025576   25.842571  25.453524
  30   20    2.753420   3.049050   14.341054  38.404896
  30   21    2.605842   3.043597   20.682711   2.341473
  30   22    2.536720   3.005102    8.135641  32.224583
  30   23    2.453978   3.027912   30.035857  21.261954
  30   24    2.383296   3.064743   37.061359  23.241311
  30   25    2.258960   3.003307   17.601151  19.174650
  30   26    2.118709   3.045536   21.416807  16.266062
  30   27    2.094849   3.041064   13.351973   6.542967
  30   28    1.917288   3.045363   10.288203  32.103139
  30   29    1.827949   3.049293   18.412874  15.273487
  30   30    1.782318   3.010325   27.320652  39.621338
  30   31    1.650449   3.026434   11.303119  39.400357
  30   32    1.505416   3.046991   25.805858  31.471541
  30   33    1.466731   3.046466   18.487520   8.960178
  30   34    1.375309   3.077449   40.265232   6.962712
  30   35    1.276766   3.020591    3.464300  27.698263
  30   36    1.153790   3.007179   23.621420   8.928556
  30   37    1.034440   3.072092   31.158769  11.692444
  30   38    0.931037   3.013016   32.215325  40.987438
  30   39    0.889086   3.068573   18.180702   8.675921
  30   40    0.713831   3.061255    5.339775  27.418459
  30   41    0.645697   3.078912   24.542311  16.785961
  30   42    0.588353   3.034436   21.625031   9.946905
  30   43    0.403449   3.061071   38.722821  16.660566
  30   44    0.334319   3.079425    1.525404  24.052582
  30   45    0.253147   3.041253   35.504693  22.250543
  30   46    0.149146   3.089106    3.320324   1.984901
  30   47    0.032058   3.014954   24.795593   3.409718
  31    0    4.769639   3.195345    9.457235  10.488832
  31    1    4.649388   3.186082   19.689301  17.271354
  31    2    4.554382   3.181814   20.727784  28.316213
  31    3    4.407237   3.161588   13.307780   5.614129
  31    4    4.312579   3.121898    7.682821  21.917178
  31    5    4.250373   3.135956    6.505714  31.866386
  31    6    4.134504   3.109049   11.855777   7.276800
  31    7    4.083567   3.132405   32.307865   4.092606
  31    8    3.995051   3.174849    3.778085  11.682337
  31    9    3.897420   3.115819   17.988691  39.251457
  31   10    3.765051   3.183438   30.434325  11.276809
  31   11    3.642795   3.156169   11.992690   9.209993
  31   12    3.575069   3.150105    1.718878  18.574919
  31   13    3.489922   3.100605   20.433037  30.443977
  31   14    3.333351   3.156497   13.619915   8.687663
  31   15    3.201126   3.107399    6.695109  37.049537
  31   16    3.103375   3.125264   25.270604  23.822278
  31   17    3.035882   3.105588   27.710592  30.636736
  31   18    2.997161   3.172910   37.671505  22.694489
  31   19    2.893516   3.170395   11.756885  10.870909
  31   20    2.738049   3.181175   23.802161   4.810327
  31   21    2.682362   3.146453    5.175612  36.872962
  31   22    2.591088   3.114539   13.003965  39.145123
  31   23    2.484568   3.108327   29.193102  32.385111
  31   24    2.350472   3.164194   16.930452  22.567548
  31   25    2.262977   3.121013   33.064761  26.553892
  31   26    2.111682   3.117360   20.025213   5.426948
  31   27    2.030643   3.151834    6.054318  37.377530
  31   28    1.941000   3.134851    4.401708  30.042468
  31   29    1.874526   3.189557   38.297999  36.310124
  31   30    1.787036   3.169532   17.163293  32.402818
  31   31    1.692793   3.146592   39.392734  20.210387
  31   32    1.557706   3.173630   17.615879  18.205839
  31   33    1.469883   3.155748   13.586586  40.767978
  31   34    1.311760   3.123812   22.489642   1.437307
  31   35    1.275133   3.124302   11.738609  21.735832
  31   36    1.186557   3.139557   19.200343   7.008779
  31   37    1.029244   3.175059   12.754474  10.742131
  31   38    0.903190   3.182499   40.344799  28.544546
  31   39    0.838245   3.186544   30.993182   5.150934
  31   40    0.756373   3.102312    7.039179  38.228110
  31   41    0.646853   3.142671   21.179323  20.385770
  31   42    0.509699   3.138127   14.372807   7.688887
  31   43    0.412251   3.115962   18.644345  34.325806
  31   44    0.376936   3.193553    9.164256  17.230165
  31   45    0.245309   3.137802   10.259395   2.829522
  31   46    0.176943   3.178108   18.370554  25.269657
  31   47    0.009128   3.154229   40.211329  19.136143
  32    0    4.703614   3.248167   25.914394  20.684295
  32    1    4.604555   3.226414   14.812584   3.840386
  32    2    4.552941   3.286516   26.358310   7.821234
  32    3    4.408907   3.211236   21.824629  22.331383
  32    4    4.396838   3.231153   25.768833  17.257333
  32    5    4.267682   3.249262    2.313813  33.031959
  32    6    4.187805   3.201233   13.277699  14.959712
  32    7    4.069351   3.294975   26.847447  12.469780
  32    8    3.919819   3.270821   31.261272  38.320270
  32    9    3.860633   3.247212   32.877072  22.157155
  32   10    3.759021   3.209642   27.723365  39.607395
  32   11    3.683715   3.276555   36.444878  37.451615
  32   12    3.592841   3.244036   21.380732   5.698380
  32   13    3.437928   3.200820   18.888329  10.014717
  32   14    3.328104   3.291088    8.114582  27.526377
  32   15    3.286215   3.229806   28.007110   3.181796
  32   16    3.197507   3.284192   26.865470  33.496061
  32   17    3.041519   3.286085    3.195567   3.500733
  32   18    2.909512   3.239295    3.713054  38.192445
  32   19    2.879796   3.209936   35.332870  11.893112
  32   20    2.799279   3.207625    4.796221  31.027629
  32   21    2.634885   3.273358    4.762210  14.336430
  32   22    2.507668   3.222946   31.893155  39.040577
  32   23    2.435826   3.260677    4.479377  24.661378
  32   24    2.331694   3.279167    8.895006   3.885314
  32   25    2.249467   3.221348   10.690163  21.003480
  32   26    2.152947   3.267643   13.070857  35.113259
  32   27    2.090310   3.264385   29.185049  22.643720
  32   28    1.960596   3.262548   21.935750  20.175722
  32   29    1.855570   3.243179   23.518748  15.418084
  32   30    1.742496   3.267424   34.697613   6.142895
  32   31    1.636248   3.274546   39.771211  11.571262
  32   32    1.521749   3.226344   26.672972  18.955999
  32   33    1.444823   3.246450    2.705754  23.875070
  32   34    1.366734   3.259067    5.725411  13.099540
  32   35    1.286728   3.295131   29.429065  24.027453
  32   36    1.100197   3.201176   21.694787   7.900953
  32   37    1.086318   3.274260   29.196874   1.793261
  32   38    0.977409   3.217361   12.949289   6.235223
  32   39    0.858387   3.296269   31.798153   4.043287
  32   40    0.794725   3.208866   18.606481   7.232381
  32   41    0.693536   3.299136   31.989770  31.793366
  32   42    0.528050   3.254568   20.633529  36.656094
  32   43    0.499829   3.280681   33.742581  28.540674
  32   44    0.385774   3.209243   26.950894  26.941858
  32   45    0.214160   3.246832   25.599014  24.639635
  32   46    0.192690   3.232262    4.827797  23.453661
  32   47    0.064616   3.240324   17.231247  10.155200
