   0    0    4.391498   0.053656   37.365139   4.969580
   0    1    4.213455   0.098006    2.756249  27.195121
   0    2    4.163339   0.019104   12.512707  19.830311
   0    3    4.037538   0.082664    5.163852  11.831357
   0    4    3.926623   0.065059   18.661356   6.732346
   0    5    3.821457   0.015977   38.361334  27.206743
   0    6    3.792745   0.040553   36.176011   3.789877
   0    7    3.600217   0.032286   12.481259  40.682695
   0    8    3.559741   0.038901    4.385521  36.862985
   0    9    3.428091   0.069977   35.127878  11.360946
   0   10    3.369034   0.001161   35.342435  39.581609
   0   11    3.289949   0.008863   13.991759  18.172646
   0   12    3.145446   0.090598   31.847956  17.462728
   0   13    3.039360   0.018934   11.025115  34.378179
   0   14    2.926040   0.016094   28.405391  19.554587
   0   15    2.858857   0.066657   17.641951  37.790426
   0   16    2.712186   0.047773    3.179512   1.862122
   0   17    2.652446   0.010594   30.446210  29.979557
   0   18    2.554871   0.099091   29.703256   3.878038
   0   19    2.492089   0.019444   28.280138  17.912697
   0   20    2.305902   0.046196    8.987308  12.864329
   0   21    2.248396   0.062454    3.924182   7.927156
   0   22    2.137026   0.017576    5.852119  20.099318
   0   23    2.041100   0.054692   27.568778  14.631221
   0   24    1.945332   0.014873    7.716035  39.125621
   0   25    1.847160   0.087808   14.217447  36.271815
   0   26    1.726479   0.019141    9.737207  18.104742
   0   27    1.603467   0.040695   33.469692  13.303638
   0   28    1.507338   0.095978   27.121079  36.704339
   0   29    1.437078   0.043826   37.671248   8.339724
   0   30    1.386589   0.037604   23.569263  12.514483
   0   31    1.248837   0.066103   33.208276  23.358659
   0   32    1.135614   0.070334   24.259709  32.809563
   0   33    1.065936   0.003652   19.761212   3.989019
   0   34    0.962699   0.011837   12.412110  14.542814
   0   35    0.865615   0.076318   33.622962  30.886889
   0   36    0.741142   0.084139   30.406578  38.780726
   0   37    0.655699   0.079457   33.725285  24.667654
   0   38    0.546278   0.075573   19.587654   5.354926
   0   39    0.478018   0.096192    2.806189  13.548550
   0   40    0.337740   0.097656   17.299800   9.329448
   0   41    0.278033   0.048400   21.190293  11.803785
   0   42    0.161476   0.001396   25.364588  12.951578
   0   43    0.058085   0.053493    6.943122  32.329347
   1    0    4.331079   0.101552   11.123833  15.074822
   1    1    4.202707   0.158455   23.699390  28.059932
   1    2    4.179937   0.107115   20.337025   4.612829
   1    3    4.032266   0.142582   16.254384  24.675734
   1    4    3.954513   0.171604   30.635432   5.403405
   1    5    3.806016   0.116062   24.046625  10.982157
   1    6    3.744741   0.157718   34.899335  36.932107
   1    7    3.657190   0.192766   23.949030  13.540815
   1    8    3.520097   0.157466   35.838923  28.685168
   1    9    3.401308   0.182536    6.324895  38.575506
   1   10    3.359329   0.121129   36.223410  35.471855
   1   11    3.214231   0.130764   12.094034  16.872146
   1   12    3.128135   0.126200    3.617035  26.876655
   1   13    3.028730   0.131210   13.593525  16.336981
   1   14    2.972273   0.160945   14.144633  26.072007
   1   15    2.847473   0.151761   28.306526  32.072683
   1   16    2.753631   0.106281   16.723558  11.542595
   1   17    2.616316   0.142255   32.071726  25.277274
   1   18    2.563743   0.174382   27.362781   9.842553
   1   19    2.444683   0.138479    7.175035  39.966117
   1   20    2.302998   0.102776   22.544057  38.327224
   1   21    2.299507   0.137124   20.764183  20.462523
   1   22    2.114546   0.108610   31.364119   3.871433
   1   23    2.035913   0.192733   20.315981  22.797862
   1   24    1.909381   0.179395    8.030910   6.906564
   1   25    1.861226   0.179580   15.425019  19.607336
   1   26    1.713581   0.113698   39.470942  19.679009
   1   27    1.659329   0.168927    8.971681  40.802932
   1   28    1.509959   0.128124   27.218912   3.452906
   1   29    1.429612   0.195269    5.766394  11.250338
   1   30    1.334569   0.115359   18.424800   1.450373
   1   31    1.218871   0.123931   23.056097  21.871965
   1   32    1.123580   0.172138    7.727691  32.642756
   1   33    1.045523   0.186773   14.817977  22.043483
   1   34    0.987939   0.115711    9.909673  36.076741
   1   35    0.833376   0.122803   40.554593   8.846638
   1   36    0.722095   0.172706   32.657193  36.239478
   1   37    0.686920   0.146108   19.343548  32.686388
   1   38    0.528695   0.155247   19.421327  37.037168
   1   39    0.451754   0.164806   11.183952  18.975736
   1   40    0.363744   0.135775    4.282484  25.281907
   1   41    0.212234   0.191619   40.220982   2.036940
   1   42    0.176161   0.194214   23.889122  34.151856
   1   43    0.083823   0.119165   18.218885  40.063100
   2    0    4.331953   0.238956    5.954119   2.910158
   2    1    4.259834   0.281227   21.691861  28.929414
   2    2    4.176428   0.296623   19.456505  11.238289
   2    3    4.071434   0.285036   22.391304  17.838736
   2    4    3.997911   0.224596    8.610323   4.859898
   2    5    3.815703   0.278970    8.386959  11.231367
   2    6    3.713387   0.225069   40.826447   3.701447
   2    7    3.699479   0.215121   21.768593  19.084307
   2    8    3.500271   0.229654   18.307246  34.656322
   2    9    3.436426   0.276807   19.033867  11.670550
   2   10    3.349204   0.279582   13.578067  18.089362
   2   11    3.221388   0.267387   31.517137   5.044272
   2   12    3.110353   0.248076   11.173525  40.539091
   2   13    3.089608   0.298624   25.752985  29.963093
   2   14    2.950078   0.238706   30.860708  25.645243
   2   15    2.848737   0.274356   17.457348  19.653927
   2   16    2.726190   0.246374   12.195421  11.149468
   2   17    2.648822   0.238407   17.848153  10.774200
   2   18    2.528168   0.286003   15.871688  11.887444
   2   19    2.429572   0.244394    7.316458   7.115578
   2   20    2.313788   0.278117    4.238766  37.010919
   2   21    2.255207   0.209525   18.998152   7.042622
   2   22    2.105530   0.230198   21.524011  34.248510
   2   23    2.015055   0.234477   13.585300   3.354119
   2   24    1.988956   0.268022    3.713984  34.834422
   2   25    1.832817   0.207086   16.755342  28.200148
   2   26    1.780925   0.252158   28.710253   9.804550
   2   27    1.689040   0.258874   11.885352  15.883248
   2   28    1.508065   0.261372    9.290415   1.679723
   2   29    1.419828   0.210305   13.257674  32.817366
   2   30    1.355371   0.236910   34.568901   5.126202
   2   31    1.210196   0.223195   28.752288  36.613584
   2   32    1.111095   0.259439   20.066225  36.003810
   2   33    1.052727   0.276852   16.060332  15.206936
   2   34    0.947277   0.273906   32.159376  10.282423
   2   35    0.891284   0.298273    2.742273   2.133919
   2   36    0.735333   0.286637    9.600113  12.627838
   2   37    0.615577   0.206133   37.993255  25.515646
   2   38    0.503041   0.233730   12.952003  29.028361
   2   39    0.415188   0.273324   12.767270   5.996875
   2   40    0.393078   0.260091   32.211093   8.653763
   2   41    0.241472   0.273434   24.950785  12.836475
   2   42    0.183951   0.254462   13.539166   7.208565
   2   43    0.062322   0.252831   37.565598  37.540198
   3    0    4.381707   0.357334    7.952599  27.361933
   3    1    4.228298   0.361915   40.519696  30.871934
   3    2    4.185261   0.395881   37.973913  11.406768
   3    3    4.099018   0.386621   20.213993  11.774951
   3    4    3.969475   0.302836   22.667143  17.120885
   3    5    3.805898   0.344384    6.351856  35.679921
   3    6    3.718303   0.344743   17.142245  39.873510
   3    7    3.651504   0.347578   21.587425  24.871849
   3    8    3.575399   0.319059   29.527799  32.340600
   3    9    3.466757   0.391805   27.187757  35.033348
   3   10    3.361480   0.379300   16.575347  17.762841
   3   11    3.265074   0.396444   16.672917  19.776988
   3   12    3.136584   0.312761    8.472748  33.500464
   3   13    3.047325   0.310512   19.437186  38.924789
   3   14    2.961015   0.326295   34.108015  18.709351
   3   15    2.823073   0.398166   17.643621  16.488222
   3   16    2.731354   0.392219    9.939146  33.283189
   3   17    2.622061   0.335052   12.223268  30.747395
   3   18    2.537310   0.368610   18.789525   4.776789
   3   19    2.475301   0.379242   17.599391  31.523430
   3   20    2.301550   0.336112   39.302550  25.845936
   3   21    2.247342   0.328643   19.796136  28.683327
   3   22    2.127767   0.386795   32.453180  26.809511
   3   23    2.000438   0.340517   18.880120  21.111933
   3   24    1.992350   0.359738   28.428168  26.259898
   3   25    1.867315   0.368172   34.222491  36.830965
   3   26    1.771944   0.342658    5.350820  37.218009
   3   27    1.602111   0.364877   19.858073  32.640300
   3   28    1.502970   0.349286   30.740168  37.149594
   3   29    1.468824   0.315706   17.257274  15.602129
   3   30    1.319898   0.338134   27.258505  37.229775
   3   31    1.213201   0.384309    4.115476  38.883801
   3   32    1.116604   0.359852   26.215313   9.563109
   3   33    1.047510   0.303454   20.303732  10.920576
   3   34    0.919564   0.307635    5.459649  10.636740
   3   35    0.858013   0.395763   25.913609  19.554755
   3   36    0.752975   0.397916   12.707151  35.104556
   3   37    0.622192   0.384148   11.368107  31.753010
   3   38    0.514055   0.327075   11.011842  26.070559
   3   39    0.496904   0.340283   15.859655  24.699022
   3   40    0.361838   0.333970   30.007032  16.359978
   3   41    0.209649   0.323784   37.915202  35.503868
   3   42    0.154720   0.347781    4.703615  19.836959
   3   43    0.052986   0.384847   20.677550   4.471891
   4    0    4.350807   0.416018   13.048183  32.647976
   4    1    4.246901   0.438680    4.531076  30.805122
   4    2    4.110822   0.488493    4.107393  21.340439
   4    3    4.095519   0.471384   40.989090  39.824608
   4    4    3.915856   0.479622   20.659107  28.126273
   4    5    3.823104   0.403807   34.299126  37.232348
   4    6    3.731711   0.443654    3.134897  33.130535
   4    7    3.629584   0.422408    1.011535  18.632804
   4    8    3.517870   0.475234   36.272541  19.285505
   4    9    3.458168   0.484344   32.795784  11.478323
   4   10    3.392331   0.491190    5.501228  27.600928
   4   11    3.216671   0.417727   34.077976  11.798065
   4   12    3.123581   0.458481   26.996234  28.861457
   4   13    3.040208   0.467410    3.612108  19.515382
   4   14    2.927935   0.407991   23.503899  12.372628
   4   15    2.825770   0.481687   37.886704  13.853894
   4   16    2.704271   0.414138   37.451795   3.197008
   4   17    2.608933   0.495920   34.307487  24.277800
   4   18    2.538862   0.426288   23.523054   6.392495
   4   19    2.489589   0.445389   23.385823   2.607323
   4   20    2.360590   0.409465   24.787850  20.085034
   4   21    2.247085   0.431538    1.701739  28.395441
   4   22    2.121233   0.489138    9.649136  18.778338
   4   23    2.015495   0.473348   31.199382   2.347418
   4   24    1.916847   0.497630   31.273769  24.123521
   4   25    1.817047   0.498650   15.411828   1.509931
   4   26    1.754430   0.488205    6.844232  12.441848
   4   27    1.675802   0.469035   39.501248   5.151922
   4   28    1.503136   0.416915   20.880213  16.614130
   4   29    1.454707   0.486339   28.539462  31.704594
   4   30    1.351213   0.492063   35.043380   4.520610
   4   31    1.277002   0.498763   17.242995  14.823304
   4   32    1.118668   0.456402   36.252741  37.035471
   4   33    1.007710   0.410294   14.415824  30.579412
   4   34    0.951344   0.498200   15.602045  25.650453
   4   35    0.882559   0.498367    6.642032   7.985441
   4   36    0.744641   0.483854   22.484736   3.122335
   4   37    0.680193   0.461625   38.309679  11.502253
   4   38    0.514559   0.466945    1.496053  30.109378
   4   39    0.438868   0.452128    8.836250  16.872204
   4   40    0.350037   0.456484   34.095900   6.582132
   4   41    0.221124   0.494515    3.005105  10.567619
   4   42    0.143766   0.420508   12.680212  18.864315
   4   43    0.028992   0.458403   16.611412  28.339180
   5    0    4.308685   0.560321   31.622563  31.479787
   5    1    4.268338   0.529682   17.155115   9.794165
   5    2    4.144324   0.515342    8.011868   7.551970
   5    3    4.053782   0.521404   28.107553   3.629797
   5    4    3.920961   0.548872    4.226054  32.322343
   5    5    3.835398   0.575593   25.317395  32.092234
   5    6    3.700245   0.521039   15.145661   1.424998
   5    7    3.615004   0.533585    5.410633  13.427090
   5    8    3.508476   0.576786    4.725399  38.874516
   5    9    3.403377   0.594389   28.578430  27.532662
   5   10    3.323211   0.563936    9.805721  29.294758
   5   11    3.250055   0.538091   31.935689  12.722354
   5   12    3.125118   0.549227   13.460578   4.736468
   5   13    3.054676   0.564465   34.672253  20.448108
   5   14    2.905234   0.518670   25.841546  18.501904
   5   15    2.842905   0.585714   12.507747  30.031958
   5   16    2.702804   0.532643   37.392595   6.715025
   5   17    2.660986   0.516674    6.500079  36.898146
   5   18    2.580835   0.555856   27.473836  22.946056
   5   19    2.410862   0.525824   30.046739  35.493536
   5   20    2.325300   0.597659   20.846626  12.019610
   5   21    2.212504   0.546091    7.957058  22.029384
   5   22    2.179600   0.579104    5.136508   6.205799
   5   23    2.041765   0.595711    2.762662   2.372837
   5   24    1.998476   0.589775   34.304472  40.314131
   5   25    1.850513   0.526299   35.972421   6.861842
   5   26    1.724967   0.509582    6.321155  31.780273
   5   27    1.631226   0.597803   15.767259   6.512457
   5   28    1.560343   0.548584   17.652585  37.656075
   5   29    1.440431   0.578154   37.669243  34.032865
   5   30    1.310109   0.501313   22.830200   2.483584
   5   31    1.244518   0.579211   31.008439  18.253727
   5   32    1.149243   0.521208    4.291906  29.354056
   5   33    1.097447   0.569970   21.550087   2.029787
   5   34    0.956768   0.595425   25.844985  21.023310
   5   35    0.802731   0.553048    9.433704  11.362986
   5   36    0.723545   0.540661    2.515775   8.775081
   5   37    0.651842   0.551087   21.614784  37.442633
   5   38    0.537901   0.546553   10.215053  13.794325
   5   39    0.467790   0.525984    9.288841  23.493507
   5   40    0.301207   0.564833   40.562152  29.132759
   5   41    0.216119   0.545774    3.316584  14.768075
   5   42    0.120003   0.579584   39.374882  29.919216
   5   43    0.075965   0.521482   34.458098  12.714309
   6    0    4.362564   0.696809   11.746409  15.287726
   6    1    4.291030   0.659419   10.262938  13.295918
   6    2    4.155950   0.659968   12.294291  37.566526
   6    3    4.044462   0.613177   16.752134   4.637118
   6    4    3.934707   0.632214    6.080933  22.591527
   6    5    3.822639   0.673950   20.567160  30.609352
   6    6    3.734245   0.685781    3.868804   9.578082
   6    7    3.650711   0.607842    6.049960  34.672728
   6    8    3.550799   0.604299   24.787799  39.805198
   6    9    3.497497   0.634463   31.757222   2.230219
   6   10    3.365503   0.634758   40.156199  20.436654
   6   11    3.258973   0.642396   12.201136  39.947993
   6   12    3.152702   0.622465   24.110760   3.123814
   6   13    3.038067   0.653981   23.147917  26.940559
   6   14    2.962053   0.624480   19.865496   6.605196
   6   15    2.843855   0.684420   32.594477  25.414726
   6   16    2.780263   0.624925    4.832804  18.338237
   6   17    2.635492   0.688323   14.582659  27.311668
   6   18    2.541506   0.668941   23.504643  12.268918
   6   19    2.435354   0.650607    9.299511  38.681737
   6   20    2.365627   0.691217   33.905521  38.165325
   6   21    2.231819   0.658019   10.451166   4.971929
   6   22    2.160147   0.639676   21.593136  32.511442
   6   23    2.085043   0.682631   29.686932  18.101267
   6   24    1.925930   0.685256   14.596545  11.777849
   6   25    1.838787   0.619232   27.889258  20.144657
   6   26    1.757020   0.664675    3.345836  15.956289
   6   27    1.627994   0.644866   14.434323  28.641065
   6   28    1.522738   0.624652   31.561306  13.565360
   6   29    1.455302   0.610637   18.067046  34.987226
   6   30    1.364557   0.623265   37.234226  38.904948
   6   31    1.290066   0.633411   26.823370  10.073359
   6   32    1.131578   0.696962   27.245351  28.157272
   6   33    1.020680   0.628215   19.471750  10.262700
   6   34    0.916611   0.620177   24.831356  33.002779
   6   35    0.865146   0.610885   27.234834  12.011976
   6   36    0.739942   0.668622   16.023486  38.739396
   6   37    0.615796   0.604907   12.091382  14.875245
   6   38    0.559762   0.646997   39.346736  18.463991
   6   39    0.461977   0.606435   26.747529  20.328852
   6   40    0.367102   0.657219   12.481971  35.695183
   6   41    0.299235   0.697087   31.405578  37.800555
   6   42    0.148735   0.664204   30.257413   4.886965
   6   43    0.095160   0.645413    3.747550   9.481189
   7    0    4.374110   0.762842   20.250048  12.602926
   7    1    4.240554   0.704809   31.089793   1.942551
   7    2    4.181814   0.761998    5.441496  11.691144
   7    3    4.069950   0.798176   37.454010  25.280503
   7    4    3.907329   0.779194   37.787023  26.620165
   7    5    3.887763   0.777772   33.339132   9.447594
   7    6    3.707094   0.783122   12.220367  30.206767
   7    7    3.685459   0.762460    2.267523  32.634824
   7    8    3.593875   0.730168    7.531171  10.286551
   7    9    3.481149   0.783968   35.718059  18.007477
   7   10    3.305439   0.715879    8.715838  39.448678
   7   11    3.255865   0.718784   16.847702  32.795279
   7   12    3.182301   0.702609    4.816704  31.776418
   7   13    3.000527   0.742955   33.442234  37.682423
   7   14    2.930996   0.790551    6.928495  37.605469
   7   15    2.824243   0.723336   11.825898   4.638333
   7   16    2.796913   0.770941   12.965059  30.632313
   7   17    2.608052   0.750717    5.998729  27.775366
   7   18    2.565135   0.737418   38.943488  21.275210
   7   19    2.418630   0.727792   30.059455  34.514914
   7   20    2.349050   0.734379   40.956745  26.010725
   7   21    2.223687   0.748058    7.010875   3.288745
   7   22    2.114676   0.789586   27.670009  14.478998
   7   23    2.074927   0.740524    3.333712   9.197684
   7   24    1.923710   0.712421   30.090017   4.471285
   7   25    1.845439   0.709487   26.253984  30.495066
   7   26    1.760241   0.738821   13.520712  19.483606
   7   27    1.626245   0.768653   39.418007  16.457713
   7   28    1.534861   0.769329    6.032610  24.340659
   7   29    1.401479   0.754546   22.728203   1.152487
   7   30    1.335622   0.777597   38.437325  11.464447
   7   31    1.233319   0.705386   23.381944   7.801787
   7   32    1.117815   0.763294   22.672786   3.682409
   7   33    1.096242   0.708532   17.694746   4.896673
   7   34    0.993998   0.785560   38.668705  29.040132
   7   35    0.805585   0.752110   27.078153   7.901615
   7   36    0.702010   0.740995   14.175958  28.904052
   7   37    0.687631   0.764566   26.581755   9.340165
   7   38    0.591873   0.743608   27.707579  22.709852
   7   39    0.437530   0.789683   30.697812   5.246181
   7   40    0.382570   0.723256    1.653120  31.032584
   7   41    0.207424   0.723973   18.666041   7.410527
   7   42    0.196595   0.783794   20.792234  13.224851
   7   43    0.059936   0.738381   30.305171  28.548493
   8    0    4.383994   0.852495   30.847347   6.689705
   8    1    4.212004   0.816904   23.436949   1.458503
   8    2    4.198305   0.808255    2.379393   1.925218
   8    3    4.080613   0.870943   15.257324   3.437966
   8    4    3.984337   0.897679   27.244616  10.798003
   8    5    3.825499   0.830177   32.548611   3.667454
   8    6    3.782194   0.835363    7.994532   5.073275
   8    7    3.664246   0.868188   29.415497  33.969715
   8    8    3.543243   0.837483    5.015184  38.049349
   8    9    3.412479   0.894277   36.266817   2.295304
   8   10    3.391902   0.856317    1.865895  34.214790
   8   11    3.275944   0.831637   20.054075   3.481979
   8   12    3.152194   0.867351   36.191795  40.166742
   8   13    3.092276   0.806464   23.316774  13.280263
   8   14    2.989946   0.810360    1.748441  14.599269
   8   15    2.888127   0.892601   28.373648  39.332948
   8   16    2.700316   0.801178   36.490937  15.990864
   8   17    2.682072   0.891956   23.037990  26.741567
   8   18    2.596011   0.811835   32.343988   3.690586
   8   19    2.425333   0.882196    5.524297  36.048231
   8   20    2.324129   0.863295   34.183432   1.422596
   8   21    2.230845   0.830133   38.752536  27.906487
   8   22    2.158985   0.887286   18.723801   1.799193
   8   23    2.096581   0.851717   28.045395   1.410217
   8   24    1.984579   0.891478   38.420583  36.252735
   8   25    1.881284   0.897707   11.252939   1.994859
   8   26    1.793579   0.805797   21.159864  16.867164
   8   27    1.639872   0.857852   16.628156  40.020587
   8   28    1.589713   0.896671   33.422137  34.910170
   8   29    1.471793   0.805829    1.315952   2.592380
   8   30    1.387410   0.810779   22.771098  15.437312
   8   31    1.278464   0.852165   32.107188  38.867210
   8   32    1.156373   0.850141   34.932321  18.159768
   8   33    1.065683   0.833068   30.148455  13.043929
   8   34    0.959382   0.886410   11.390772   1.837654
   8   35    0.863513   0.839310   32.587303   9.426697
   8   36    0.779250   0.893748   35.350184  12.781213
   8   37    0.669659   0.881230   26.671736  20.398156
   8   38    0.525253   0.816922   27.061352  37.612440
   8   39    0.452688   0.893440   25.611829  10.833835
   8   40    0.350664   0.894055   33.940519  16.260054
   8   41    0.278728   0.805956   20.550393  11.434585
   8   42    0.101225   0.821948   16.563039  23.231030
   8   43    0.049387   0.847241   39.278673  28.649178
   9    0    4.349429   0.985960   38.531589  33.522210
   9    1    4.259616   0.999065    9.872126  10.304492
   9    2    4.151426   0.976129   26.382260  34.105841
   9    3    4.002145   0.993066   26.210396  33.756026
   9    4    3.992172   0.976577   15.105926   2.743180
   9    5    3.859821   0.924591   22.384651   7.316805
   9    6    3.760141   0.946177   35.526334  12.950635
   9    7    3.638850   0.960611   24.284531  15.918047
   9    8    3.515442   0.905040   11.690445  37.263216
   9    9    3.404397   0.935457   19.195992  38.400264
   9   10    3.384656   0.903610   19.590593  30.510383
   9   11    3.285383   0.960584   28.030417  36.528801
   9   12    3.131994   0.978961   12.952122  20.639694
   9   13    3.017593   0.922762   19.844410   4.773112
   9   14    2.919564   0.996355    7.484187  16.693961
   9   15    2.893272   0.908834   34.598774  35.084399
   9   16    2.779595   0.933227   11.905496   1.867948
   9   17    2.681444   0.974601   37.644199  32.351544
   9   18    2.578406   0.987415   22.220833  34.140934
   9   19    2.476002   0.970371   18.210294  13.910567
   9   20    2.355704   0.981849   35.138227   7.801813
   9   21    2.218428   0.946411   24.213621  20.428189
   9   22    2.173491   0.993820    7.180756  16.253667
   9   23    2.028550   0.987755   36.989477  35.675344
   9   24    1.906407   0.958558   27.960975  19.805118
   9   25    1.860303   0.969759   32.091216  39.151845
   9   26    1.749775   0.984050    9.250068  21.726017
   9   27    1.679791   0.983285    6.089977  38.218680
   9   28    1.512940   0.966857   35.887851  31.665392
   9   29    1.440221   0.951550   14.346739   5.339752
   9   30    1.303629   0.917143   20.243845  27.599861
   9   31    1.202363   0.949458    1.017695   1.230183
   9   32    1.194184   0.985233    8.853676  35.801026
   9   33    1.020245   0.940596   10.092981  36.153615
   9   34    0.992390   0.931682    8.019137  12.880704
   9   35    0.879599   0.967140    5.057886   9.306247
   9   36    0.718475   0.998225    4.574307  34.793135
   9   37    0.641365   0.963505   34.804711  10.170666
   9   38    0.515522   0.917874   38.684174  14.743621
   9   39    0.404159   0.915907   24.712509   5.917843
   9   40    0.393088   0.949061   17.456287  25.273393
   9   41    0.258126   0.956836    4.351009  35.380979
   9   42    0.123272   0.930913    1.310016   9.360775
   9   43    0.057937   0.966009   27.054089   2.820186
  10    0    4.374773   1.034556   29.462056  31.199055
  10    1    4.294982   1.047485   31.647212  13.642316
  10    2    4.183665   1.028848   16.550890  39.381774
  10    3    4.097880   1.066410    2.902326  39.435560
  10    4    3.919677   1.087983    9.336974  33.546453
  10    5    3.836477   1.058244    4.832756  21.123736
  10    6    3.713698   1.043133   20.579469  20.098108
  10    7    3.647318   1.068355   29.729719  36.740531
  10    8    3.566030   1.020621   36.604421  13.454189
  10    9    3.438377   1.040488    5.881131  34.269226
  10   10    3.355606   1.015088   25.743343  26.322917
  10   11    3.267412   1.048917   18.202429  20.188806
  10   12    3.117944   1.017671   16.735205  15.847289
  10   13    3.021835   1.060947   18.548228  20.812601
  10   14    2.954038   1.056457    9.348933  32.017340
  10   15    2.858332   1.023985   36.262657  36.200988
  10   16    2.773695   1.009258   23.897538  30.573563
  10   17    2.687737   1.094520   24.565306  25.374926
  10   18    2.565026   1.017273   31.979096   4.694698
  10   19    2.414778   1.065136   34.658773  16.752474
  10   20    2.316831   1.062212   37.693834  18.083421
  10   21    2.263299   1.000070   36.982844   9.175701
  10   22    2.102582   1.069234   36.750666  26.633760
  10   23    2.035448   1.059845    7.829446  16.590746
  10   24    1.963483   1.063335   10.290561  16.684400
  10   25    1.868057   1.081163   29.571515  13.389074
  10   26    1.703807   1.037789   30.918197   4.932336
  10   27    1.661064   1.079493   34.048035  17.613310
  10   28    1.534229   1.089859   10.347428  38.401643
  10   29    1.461332   1.058709   11.186546  25.676317
  10   30    1.368348   1.041139    1.230136  22.432461
  10   31    1.290565   1.044626    8.733473  24.937527
  10   32    1.193865   1.087795   40.152118  30.475589
  10   33    1.008304   1.007448   24.001705  19.425823
  10   34    0.903083   1.019359    4.443697  31.548400
  10   35    0.800077   1.001903   14.833916  29.193591
  10   36    0.777463   1.003873   12.366852  29.528114
  10   37    0.676785   1.033232   14.519163   5.231879
  10   38    0.577877   1.061837    4.404667   3.028744
  10   39    0.464277   1.052213    4.189388  19.571899
  10   40    0.396045   1.041786   22.793014   5.428391
  10   41    0.251814   1.093075   16.261487  24.143443
  10   42    0.173279   1.066246   37.098413  11.683832
  10   43    0.054738   1.094382   33.779684   2.156063
  11    0    4.390264   1.138432   25.560093  21.889691
  11    1    4.230168   1.184900   13.052016  22.214211
  11    2    4.176012   1.187231   15.078326  31.109762
  11    3    4.064894   1.173954   30.763778  28.072827
  11    4    3.975425   1.180860   27.145190  30.828407
  11    5    3.831923   1.158951   21.789863  35.885186
  11    6    3.753125   1.158042   12.677952  19.440225
  11    7    3.686210   1.151478   30.216979   5.990116
  11    8    3.596222   1.109626    5.629345  27.516522
  11    9    3.441142   1.127825   23.625789   7.731026
  11   10    3.310656   1.193286    3.413073   8.157427
  11   11    3.235180   1.129760   39.472095   3.494485
  11   12    3.184547   1.179255   11.596926  23.558792
  11   13    3.062834   1.177060   22.445221   2.101409
  11   14    2.917669   1.106028   30.979973  35.993345
  11   15    2.805759   1.104539   12.970855  31.879218
  11   16    2.788723   1.171524   37.084338  24.725881
  11   17    2.658258   1.103254   39.564632  40.188666
  11   18    2.551527   1.197429    5.256148  19.952556
  11   19    2.496836   1.128031   31.531825  38.874309
  11   20    2.317529   1.182254    8.984295  10.674710
  11   21    2.295718   1.131656   23.547565  24.052939
  11   22    2.195259   1.102119    4.709707  25.487909
  11   23    2.039355   1.199801   29.941086   3.849599
  11   24    1.917373   1.127326   33.311914   3.587254
  11   25    1.828922   1.190178   24.046525  29.136101
  11   26    1.792880   1.197531   16.623715   7.860272
  11   27    1.622711   1.124413   26.771913  40.022303
  11   28    1.575973   1.138621   26.738868   2.759056
  11   29    1.490048   1.141794   28.577005  14.795699
  11   30    1.343521   1.110376   16.541725  26.713611
  11   31    1.294997   1.100309   20.339709  18.200180
  11   32    1.120903   1.145585    1.801862  12.168684
  11   33    1.059597   1.102271   31.129891  12.390169
  11   34    0.990231   1.178468   18.340756  25.896656
  11   35    0.886752   1.129379    4.698440  36.591600
  11   36    0.756369   1.163119    2.191672  38.059413
  11   37    0.650167   1.195179   31.528493  20.446568
  11   38    0.534314   1.151112   16.337955  40.562394
  11   39    0.482782   1.161663    9.584827  31.213755
  11   40    0.356566   1.131512   14.528998  23.564350
  11   41    0.216239   1.121157   34.436456   6.442073
  11   42    0.181052   1.136248   30.837211  23.576647
  11   43    0.041689   1.114646   38.216542  31.430264
  12    0    4.308981   1.279100   33.033392  17.406270
  12    1    4.277094   1.243349    6.922805  24.730507
  12    2    4.197676   1.227559   38.521949  13.266980
  12    3    4.037705   1.231598   26.850655  15.149423
  12    4    3.976005   1.203364   23.491492   3.703411
  12    5    3.814970   1.216008    3.490359  30.145126
  12    6    3.739455   1.269737   19.100374  14.543191
  12    7    3.674445   1.268409   40.008588   8.214349
  12    8    3.518206   1.291178   22.930829  29.912477
  12    9    3.485561   1.208182   37.473784  16.808928
  12   10    3.374745   1.245129   39.609402  15.420639
  12   11    3.295189   1.223381    5.273821   2.516270
  12   12    3.197620   1.223895   21.405449  39.940092
  12   13    3.052981   1.299464    7.713516   1.683740
  12   14    2.914866   1.289943   27.783532  10.977642
  12   15    2.889294   1.249413   21.568601  37.362206
  12   16    2.754436   1.237981    2.299601  29.453967
  12   17    2.636285   1.249737   39.411822  22.389308
  12   18    2.529675   1.273240   15.894916  36.778221
  12   19    2.469359   1.213052    4.815911  38.628301
  12   20    2.325410   1.236904    7.555740  30.425022
  12   21    2.229673   1.269887    8.077230   8.823675
  12   22    2.104673   1.296891    6.470860  23.791414
  12   23    2.068742   1.289847    4.892933  20.230039
  12   24    1.947390   1.274974   24.233101   1.931712
  12   25    1.833474   1.245418   25.463597  38.116063
  12   26    1.770530   1.299729   21.295024  16.838429
  12   27    1.684041   1.210474   17.782274  22.440619
  12   28    1.564300   1.258845   18.803083  34.257820
  12   29    1.408029   1.289939   36.410050  12.443533
  12   30    1.310866   1.274071   25.098563  28.598879
  12   31    1.262151   1.297068    6.827189  11.588709
  12   32    1.130936   1.237369   15.587703   3.314940
  12   33    1.037571   1.230466    5.488060   9.242665
  12   34    0.929163   1.227839   25.347452  11.207343
  12   35    0.806500   1.254231   16.997065  15.666860
  12   36    0.781957   1.275526    5.747370  22.420937
  12   37    0.666224   1.251492   22.361888   3.347500
  12   38    0.530658   1.250464   19.532267  37.471518
  12   39    0.452088   1.204157   36.069401  20.381797
  12   40    0.309396   1.233107    3.224215   8.465595
  12   41    0.243225   1.249786   24.768671  30.585011
  12   42    0.150081   1.265785   31.366639  33.743196
  12   43    0.033913   1.280337   26.634547  40.177873
  13    0    4.367087   1.393880   14.047250   9.494740
  13    1    4.289468   1.376862    8.024375  32.359339
  13    2    4.131092   1.380148    7.300664  16.473323
  13    3    4.048421   1.319293    2.829449  28.764904
  13    4    3.995337   1.315920   15.405583  30.744053
  13    5    3.872505   1.371089   39.961886  30.756045
  13    6    3.738290   1.358898   34.755502  34.482400
  13    7    3.682573   1.314786   35.706640  23.681652
  13    8    3.534219   1.398818   10.895958  26.153853
  13    9    3.452081   1.306373   10.207474  13.697638
  13   10    3.357631   1.389481   33.485405  28.977447
  13   11    3.260136   1.323969    1.144741   9.426210
  13   12    3.168845   1.388472   38.350850  12.396080
  13   13    3.033342   1.309380   12.701892  39.681622
  13   14    2.916136   1.314347    1.473458  33.346821
  13   15    2.829828   1.339920   14.206716  33.684518
  13   16    2.724967   1.365156   16.653394  32.444741
  13   17    2.639805   1.322251   30.372344   1.632303
  13   18    2.526734   1.341864   26.767239  24.764101
  13   19    2.494896   1.370023   23.852129   1.188284
  13   20    2.308282   1.385578    7.945358  25.721052
  13   21    2.293209   1.312755   40.861594  19.397632
  13   22    2.139113   1.368441    6.660688  29.632307
  13   23    2.058762   1.384634   11.909654  19.733548
  13   24    1.955784   1.374625    1.634455  31.844553
  13   25    1.862352   1.358842   32.220445  40.422300
  13   26    1.752416   1.370076   25.628407  14.899708
  13   27    1.636335   1.325506   10.216090  22.891135
  13   28    1.542533   1.387499   16.607203   5.021412
  13   29    1.418031   1.359541   27.469851  38.128366
  13   30    1.320670   1.346506   33.418656  27.278457
  13   31    1.255597   1.388402   39.828133   3.940260
  13   32    1.162198   1.387953    8.053614   6.101204
  13   33    1.006181   1.349163   26.938907   7.534649
  13   34    0.956787   1.326196   34.711288  12.397305
  13   35    0.849081   1.319373    6.213146   5.556522
  13   36    0.774729   1.313317   35.309941  29.333384
  13   37    0.626336   1.316758   27.284965   7.646138
  13   38    0.515998   1.365341   11.746877  35.919653
  13   39    0.409839   1.389135   34.325186  19.785545
  13   40    0.389528   1.322033   37.125750  10.854720
  13   41    0.277514   1.357778    6.102135  30.144674
  13   42    0.114589   1.399098   11.333287  38.658186
  13   43    0.061520   1.335006   17.472536   2.833511
  14    0    4.327461   1.444389   10.761546  15.938938
  14    1    4.208636   1.409906   11.024412   3.912151
  14    2    4.114794   1.428254   37.635932  27.717333
  14    3    4.067158   1.484865    3.882992  19.205844
  14    4    3.980092   1.482163    1.323229  12.039818
  14    5    3.885587   1.449999   22.229676  14.917488
  14    6    3.781699   1.449523    2.157979  15.694812
  14    7    3.676288   1.402563   14.873146  19.725280
  14    8    3.559476   1.427877   37.739608   4.659001
  14    9    3.462039   1.454090   27.250832  30.998617
  14   10    3.393024   1.462678   32.316740  29.973513
  14   11    3.284996   1.419263   18.527934   7.960586
  14   12    3.106893   1.499365    1.789233   3.069750
  14   13    3.016127   1.447425   37.000323  31.070744
  14   14    2.957635   1.412732   10.022505   4.134953
  14   15    2.858504   1.440153   32.796677  39.597175
  14   16    2.703858   1.410356   26.582795  12.927920
  14   17    2.690105   1.496461   21.914267   8.292129
  14   18    2.573655   1.450354   21.666071  13.525570
  14   19    2.440917   1.440975   21.911888  29.280864
  14   20    2.303793   1.422783   30.907340  22.801387
  14   21    2.245078   1.419799   37.122484   6.718629
  14   22    2.132028   1.418736   10.921207   7.007094
  14   23    2.051728   1.493844   20.037071  29.466021
  14   24    1.977692   1.451503    5.838554   1.649178
  14   25    1.817930   1.419993   15.550642  40.978275
  14   26    1.746385   1.400108   15.768316  36.922259
  14   27    1.643688   1.486791    6.049781  15.799369
  14   28    1.542168   1.417160   40.027356  14.281562
  14   29    1.442547   1.463197   37.860788  38.497103
  14   30    1.365096   1.480106   21.145529  39.307083
  14   31    1.271665   1.426496   23.366185  23.570672
  14   32    1.113213   1.467861   40.067068  11.832350
  14   33    1.072460   1.458589   18.136506  33.807513
  14   34    0.996343   1.413196   28.633504  26.380994
  14   35    0.897090   1.438650    8.713382   9.761572
  14   36    0.704052   1.415394   32.347392  24.274650
  14   37    0.616992   1.414546   34.218951  14.470398
  14   38    0.552089   1.497356   34.580154   3.346030
  14   39    0.427595   1.405422    3.755716  25.223823
  14   40    0.360441   1.456682   22.801460  12.011324
  14   41    0.278051   1.473506   21.600017  28.142286
  14   42    0.191791   1.491225   18.071572  11.526373
  14   43    0.066473   1.404457   33.481356  11.518157
  15    0    4.301762   1.576168   40.952196   3.571413
  15    1    4.249644   1.552472   39.778881  10.318759
  15    2    4.121727   1.531909   10.155399  29.879463
  15    3    4.021539   1.538880   25.255371  26.945065
  15    4    3.911297   1.549851    4.664249  36.443758
  15    5    3.817253   1.541122    9.988176   2.285390
  15    6    3.780790   1.536664    5.722878  36.909949
  15    7    3.698036   1.572744   32.445562  36.298699
  15    8    3.594007   1.596661   12.007734  28.079085
  15    9    3.469159   1.534467   33.196044  38.807443
  15   10    3.318613   1.596642    9.455855  25.017720
  15   11    3.275162   1.511388   36.527296   8.875191
  15   12    3.195209   1.547883   36.640054  34.091795
  15   13    3.006835   1.502017    7.290317  35.089600
  15   14    2.946871   1.595920   37.244971   9.311262
  15   15    2.840851   1.591146   11.573598  39.266597
  15   16    2.748485   1.530336   13.112019  40.692710
  15   17    2.616512   1.520399   32.351076  12.536956
  15   18    2.519644   1.514001   24.485285   2.917607
  15   19    2.434407   1.567872   25.036744  15.471753
  15   20    2.396196   1.584002   28.504550   8.384027
  15   21    2.239038   1.521394   22.917842  12.848530
  15   22    2.173674   1.595000    2.655609  20.820107
  15   23    2.021607   1.518717   38.727606   8.855258
  15   24    1.900958   1.559811   26.802188  13.947730
  15   25    1.850119   1.532333   36.157641  19.974552
  15   26    1.734393   1.591707   35.587761  24.255294
  15   27    1.601867   1.596639    3.899005  10.485869
  15   28    1.541437   1.568295    2.409673  27.758706
  15   29    1.438072   1.510817   34.840205  19.468760
  15   30    1.368578   1.517749   16.832027   7.700067
  15   31    1.222104   1.502064   14.339316   8.385526
  15   32    1.160821   1.574797   29.217839  33.453822
  15   33    1.041191   1.500697   14.026544  14.766977
  15   34    0.939482   1.566028   39.525057  40.480467
  15   35    0.846886   1.561182   11.382576  10.220280
  15   36    0.711333   1.561950    1.625075   6.988207
  15   37    0.681834   1.561288   30.377152  29.923201
  15   38    0.595318   1.576665   20.166452   5.033281
  15   39    0.409476   1.525314   24.741346  25.964364
  15   40    0.313144   1.505127   13.920604   2.109988
  15   41    0.209335   1.546759    2.986092  18.334463
  15   42    0.196940   1.562634   27.710296  23.851729
  15   43    0.043402   1.530807   23.068583  35.068655
  16    0    4.321040   1.631564   34.435828  39.284742
  16    1    4.238873   1.637646    4.647206   6.985713
  16    2    4.165584   1.626295   19.377874  17.146478
  16    3    4.069138   1.683912   18.154753  12.664786
  16    4    3.967209   1.658855   20.869985  25.100892
  16    5    3.848375   1.651452   12.458707  15.745968
  16    6    3.706541   1.625033   14.597838   3.253247
  16    7    3.685518   1.660095   36.666461  19.336149
  16    8    3.523500   1.633535   33.196380  19.187323
  16    9    3.470586   1.684291   16.672401  21.246979
  16   10    3.339599   1.669204   28.480060   3.818241
  16   11    3.290487   1.632239   23.332828   8.987041
  16   12    3.101523   1.615435   30.555428  15.674446
  16   13    3.092413   1.660507   36.693784   4.875676
  16   14    2.942133   1.660582   16.229426  25.792659
  16   15    2.830808   1.667185   29.485873  19.341209
  16   16    2.783942   1.678531    8.540762  16.229973
  16   17    2.648639   1.692247    3.139272  14.411620
  16   18    2.585692   1.604530    9.905825   2.267545
  16   19    2.455318   1.655065   10.861149  19.601038
  16   20    2.355320   1.623979   23.284660  21.700651
  16   21    2.272129   1.675926   34.856805  18.840738
  16   22    2.121944   1.654074   38.936575  24.180215
  16   23    2.021362   1.660891    8.564884  19.798632
  16   24    1.975882   1.626037   18.749038  19.391193
  16   25    1.837636   1.677540    9.816088  25.876566
  16   26    1.748845   1.669108   35.787547   4.923521
  16   27    1.678990   1.612830   17.113876  16.370037
  16   28    1.516547   1.656592   23.628262  13.011682
  16   29    1.411309   1.683782   18.774700  21.720267
  16   30    1.362876   1.698908   18.199219   9.889188
  16   31    1.232559   1.666648   13.454387  38.483869
  16   32    1.148597   1.658975   14.270017  32.324668
  16   33    1.093017   1.620915   20.626342  22.590672
  16   34    0.978231   1.621180    9.393936  12.976491
  16   35    0.854313   1.610747   30.866302   9.655573
  16   36    0.756332   1.666786   30.020505  29.523228
  16   37    0.613607   1.668347   28.337457  17.555582
  16   38    0.568786   1.695833    7.660598  12.097515
  16   39    0.499581   1.601275   11.658776  29.178585
  16   40    0.316086   1.688414   17.400200  19.371236
  16   41    0.224185   1.618875    4.378483  32.195595
  16   42    0.163736   1.616679    6.723050   5.710237
  16   43    0.048181   1.641739   22.563652   7.903639
  17    0    4.359941   1.702974    9.516426  30.137080
  17    1    4.289549   1.762541   14.555984  32.631701
  17    2    4.102744   1.769273   38.298406  22.410702
  17    3    4.071655   1.746585   26.732869   2.897463
  17    4    3.917521   1.738345   17.118994   2.352100
  17    5    3.872875   1.796050   39.151907  39.447902
  17    6    3.731461   1.728088   18.251566   5.615526
  17    7    3.600932   1.753203   16.246131   5.512122
  17    8    3.504211   1.727034   17.705161  22.424967
  17    9    3.473762   1.784720   10.276222  31.040088
  17   10    3.393286   1.751229   27.752180   5.365977
  17   11    3.244035   1.771801   39.035082  27.396261
  17   12    3.199170   1.760542   39.080158   8.143287
  17   13    3.056755   1.728893   14.339189  25.922449
  17   14    2.948213   1.755890   30.840294  19.284893
  17   15    2.878444   1.787602   24.130224  18.979480
  17   16    2.731479   1.787964   23.779523  13.093645
  17   17    2.682444   1.711785    8.549504  23.522643
  17   18    2.524639   1.782759   39.806945  34.717684
  17   19    2.417713   1.754822   39.136854   4.961120
  17   20    2.367817   1.729501   10.759516   7.031367
  17   21    2.228259   1.730706   10.344573  12.996994
  17   22    2.184977   1.782576   29.795945  34.088657
  17   23    2.026966   1.746881   23.846242  31.334676
  17   24    1.969985   1.700605   20.761833  39.231235
  17   25    1.861064   1.738621    8.659166  29.596950
  17   26    1.760942   1.783035   34.033105  15.503937
  17   27    1.636868   1.752298   13.888320   8.479119
  17   28    1.565664   1.767451    1.758906  21.850410
  17   29    1.498659   1.747993   15.938704   8.118069
  17   30    1.389374   1.719252   21.089151  10.632202
  17   31    1.280686   1.730719   38.332123  24.848357
  17   32    1.150763   1.779443   40.886000  20.334810
  17   33    1.072302   1.773866    9.803412  32.962769
  17   34    0.954443   1.735982    5.582585  11.894521
  17   35    0.854052   1.768547    5.140234  35.790084
  17   36    0.716705   1.749453   19.266390  27.900201
  17   37    0.677363   1.718141    3.269619  34.348099
  17   38    0.517107   1.794809   13.728730  10.994502
  17   39    0.472028   1.798602   18.383482   2.025289
  17   40    0.371021   1.777497   16.135850  11.119236
  17   41    0.274214   1.722002   12.434420  30.189781
  17   42    0.187683   1.744489   15.141226  40.820041
  17   43    0.073100   1.773294   21.122145   2.319641
  18    0    4.394604   1.838565   18.672706  23.645706
  18    1    4.276462   1.838430   20.529981  23.193770
  18    2    4.172380   1.837676   22.292206   2.747892
  18    3    4.094685   1.805729   27.859908  14.878037
  18    4    3.953997   1.880275   23.939709  35.107253
  18    5    3.838645   1.801784    7.253709  32.686582
  18    6    3.799667   1.802205    9.037425  31.382322
  18    7    3.619787   1.818237   20.476819  31.993527
  18    8    3.562044   1.801097   29.343973  12.197780
  18    9    3.430492   1.896370    2.280565  30.715648
  18   10    3.307318   1.800158   29.612572  38.759100
  18   11    3.269391   1.862741   31.547512  22.481897
  18   12    3.155306   1.804813   18.021229  39.000823
  18   13    3.059859   1.850987   11.863744   1.950927
  18   14    2.946017   1.832907    9.507029  10.046062
  18   15    2.890214   1.802446   28.950914  26.433141
  18   16    2.731559   1.851938   15.550647  33.575132
  18   17    2.681448   1.811367   37.429995  36.919050
  18   18    2.530356   1.875336    9.621314  32.771518
  18   19    2.462421   1.869284   25.677728  36.811077
  18   20    2.365768   1.853796   24.406472  27.833707
  18   21    2.203423   1.867490   15.075805  18.101224
  18   22    2.143108   1.847450   15.114477  11.611729
  18   23    2.026920   1.836584    8.741901  12.432358
  18   24    1.997864   1.879958   12.552728  27.747540
  18   25    1.879024   1.837715   34.870730  28.426162
  18   26    1.773619   1.856565   30.347675  30.768728
  18   27    1.606830   1.871397   11.102360  16.856129
  18   28    1.560721   1.874746   22.587237  40.905313
  18   29    1.445306   1.836679    8.874090  21.689278
  18   30    1.346190   1.868295   31.330195  15.969714
  18   31    1.272748   1.855962   20.501243   7.715579
  18   32    1.191653   1.803497   37.841210  28.460309
  18   33    1.046085   1.878921    6.771302  24.429407
  18   34    0.969292   1.889531   17.074171  38.119280
  18   35    0.876422   1.892727   29.124884  11.022632
  18   36    0.745822   1.874303   11.840643  28.495775
  18   37    0.651229   1.895186    8.036084  28.794286
  18   38    0.511496   1.871613   11.264234  10.635729
  18   39    0.452425   1.832418   17.993813  24.977041
  18   40    0.304894   1.805922   37.535791  27.839989
  18   41    0.259381   1.863353   29.524799  25.926065
  18   42    0.184960   1.866903   35.648362  22.502712
  18   43    0.062460   1.889575   39.987992   7.811120
  19    0    4.349322   1.937569    2.704955   9.362296
  19    1    4.246237   1.980954   37.409165  39.398080
  19    2    4.192332   1.996967    6.556166  39.067459
  19    3    4.031888   1.935028   15.413573  34.201373
  19    4    3.937598   1.901274    7.938827  11.781336
  19    5    3.895487   1.931220   22.353604  28.234145
  19    6    3.767948   1.915551   35.950868  32.616831
  19    7    3.603101   1.979767   24.017395  34.778267
  19    8    3.510841   1.902542   33.611668   9.016738
  19    9    3.424514   1.919626   26.843466  19.041621
  19   10    3.319152   1.974577   28.421225  14.762464
  19   11    3.205341   1.989639    7.355494  23.265402
  19   12    3.116084   1.979979   32.245535  26.115521
  19   13    3.091987   1.982874    3.570381  36.789498
  19   14    2.948634   1.926345   35.519636  12.666236
  19   15    2.815576   1.995356    5.421868   5.779319
  19   16    2.716612   1.939622   32.673836  38.784451
  19   17    2.649426   1.997268   33.780990  13.762747
  19   18    2.513615   1.920154   38.852701   1.137325
  19   19    2.460049   1.987236   21.443733  16.821212
  19   20    2.332716   1.984650   12.410449  13.559601
  19   21    2.273881   1.938449    4.495310  26.224193
  19   22    2.152754   1.976538    3.330459  12.632091
  19   23    2.081096   1.909152   18.749553  16.491773
  19   24    1.931220   1.986197   24.630652  15.644372
  19   25    1.893803   1.969417   13.500968  18.315160
  19   26    1.786635   1.947324   11.980581  17.188048
  19   27    1.668861   1.991135    3.616054  33.460446
  19   28    1.557137   1.965959   36.170127   1.447224
  19   29    1.495239   1.958822   21.029574  22.726131
  19   30    1.372685   1.994719   23.733743  14.323157
  19   31    1.232496   1.985077   38.000506  28.220310
  19   32    1.175822   1.986305   22.948276   2.850355
  19   33    1.070452   1.956455   37.021469  17.668678
  19   34    0.970401   1.947618    5.586444  28.931714
  19   35    0.860474   1.993004   36.064502   1.159868
  19   36    0.768974   1.968590   39.222103  20.240597
  19   37    0.646074   1.977903   22.885097   9.679915
  19   38    0.547717   1.918350   40.547522  33.208060
  19   39    0.494612   1.902352    8.395494  39.982976
  19   40    0.302847   1.985378   27.076918  31.333761
  19   41    0.202906   1.975318   16.657266  21.790721
  19   42    0.134398   1.988050   22.774599  26.629378
  19   43    0.017423   1.967713   27.832329  11.008165
  20    0    4.362037   2.097271   22.560096  12.823696
  20    1    4.274467   2.096254   40.470528  36.588973
  20    2    4.103305   2.093878    1.306731  36.028821
  20    3    4.027396   2.003506   40.801047   8.878615
  20    4    3.917189   2.030060   24.864166   1.887298
  20    5    3.886411   2.057525   39.233944  33.709063
  20    6    3.735396   2.076267    3.799484   7.790220
  20    7    3.651818   2.077009   18.067168   9.214009
  20    8    3.570002   2.012882    4.965459  34.576731
  20    9    3.473912   2.086036   29.433477  31.278921
  20   10    3.399315   2.069425   21.668719  14.195629
  20   11    3.221758   2.016225   28.810754  18.735550
  20   12    3.193876   2.023107   20.124569   8.130105
  20   13    3.089137   2.003543    6.958262  10.855820
  20   14    2.951439   2.043278    8.049302   5.956945
  20   15    2.808800   2.072024   31.930453  27.395357
  20   16    2.763572   2.008642   10.654891   4.231857
  20   17    2.685903   2.057286   12.859005  15.382188
  20   18    2.537238   2.030060   29.975018  32.962868
  20   19    2.498152   2.099015   28.482815  37.041514
  20   20    2.342231   2.083362   25.365463  20.254093
  20   21    2.243637   2.023470    5.944764  39.692700
  20   22    2.149803   2.093765    6.185918  25.272435
  20   23    2.047742   2.044607   29.163097  11.150012
  20   24    1.969128   2.016374   32.084387  25.510137
  20   25    1.867751   2.035516    1.124355  23.103882
  20   26    1.776407   2.025644   31.969362  36.386393
  20   27    1.657889   2.060702   20.733836  40.154832
  20   28    1.566508   2.060810   39.669054  29.551534
  20   29    1.478528   2.014061   22.398641  23.617490
  20   30    1.338954   2.073969   22.441001  20.827647
  20   31    1.251185   2.077486    5.307413  26.907429
  20   32    1.158864   2.092852   27.909447  19.539759
  20   33    1.075642   2.000648   29.409944  23.268907
  20   34    0.909182   2.041255   15.671952  28.062051
  20   35    0.837183   2.003759   36.388881   6.796854
  20   36    0.773025   2.056708   31.730748  33.723893
  20   37    0.640414   2.022063   26.454842  24.151807
  20   38    0.554474   2.007151    7.068414  24.790767
  20   39    0.411499   2.043261   25.585290  27.061773
  20   40    0.362402   2.036217   16.101526   8.055492
  20   41    0.212918   2.037270   12.866594  24.650339
  20   42    0.145132   2.060194   36.409976   7.645464
  20   43    0.013943   2.041457   23.887769  39.825633
  21    0    4.373766   2.198802   28.053729   2.971923
  21    1    4.256041   2.143897    3.673436  35.410086
  21    2    4.128987   2.146639   18.952861  38.317604
  21    3    4.045288   2.102215   11.432614  33.386221
  21    4    3.949897   2.182479    2.220746  27.379404
  21    5    3.893608   2.146228   39.439022  24.579038
  21    6    3.754192   2.169563   22.004373   3.153046
  21    7    3.617284   2.138850   39.647624  36.290862
  21    8    3.536484   2.121606    6.299790   6.866999
  21    9    3.484688   2.111655   34.191223  11.849832
  21   10    3.396059   2.196445   18.374773  29.243248
  21   11    3.285526   2.148968   19.689947  38.728523
  21   12    3.136623   2.132096    2.844843  13.182823
  21   13    3.071177   2.167538   40.345575  20.834521
  21   14    2.918811   2.158429   38.112856  19.044285
  21   15    2.889785   2.127584   21.081674   5.770050
  21   16    2.731274   2.101778   13.796416   2.003704
  21   17    2.610787   2.115432   39.529593   9.303104
  21   18    2.578087   2.149468    9.931459  15.554965
  21   19    2.401423   2.157946   34.449443   6.987807
  21   20    2.359043   2.156628   24.154380  36.029550
  21   21    2.282522   2.164630   18.214217  26.817080
  21   22    2.145081   2.158560   33.729175  40.085264
  21   23    2.052473   2.144534    2.274296  16.985958
  21   24    1.923638   2.198559   11.200109  20.433674
  21   25    1.826785   2.111981   17.058641  19.289268
  21   26    1.708166   2.193268   35.614491  14.646351
  21   27    1.696033   2.177684   11.558031  31.372637
  21   28    1.572367   2.135474   15.674195  27.700323
  21   29    1.457195   2.119924   12.874765  30.001151
  21   30    1.382852   2.177739    6.838636  30.993439
  21   31    1.222545   2.144274   32.312322  32.705278
  21   32    1.164033   2.149299   21.315972  18.880676
  21   33    1.056237   2.169704   22.117527  36.608987
  21   34    0.935955   2.133419   38.043351  38.352728
  21   35    0.831593   2.123959   35.776830  30.940318
  21   36    0.719589   2.172680   19.171112  18.298529
  21   37    0.641862   2.191722   24.807372  33.669936
  21   38    0.504827   2.175662   10.229870  31.863664
  21   39    0.433825   2.135367   16.272580  12.918566
  21   40    0.323905   2.170058    3.073536   8.736955
  21   41    0.267128   2.199960   37.791087  20.219465
  21   42    0.167506   2.184449   13.855323  33.767799
  21   43    0.032595   2.121746   10.596830   5.417451
  22    0    4.322015   2.243830   12.707892  24.137164
  22    1    4.290003   2.282446   36.247271   1.931266
  22    2    4.194649   2.232408   17.462848   9.375465
  22    3    4.009954   2.290491   18.865701  26.301423
  22    4    3.928201   2.211283   30.658844   6.840818
  22    5    3.825440   2.224711   32.342692   7.390944
  22    6    3.789100   2.278345   37.251632  29.841545
  22    7    3.616590   2.246008   20.710810  28.301745
  22    8    3.541267   2.223019   29.853440   6.407054
  22    9    3.466832   2.268185   29.945755   8.014726
  22   10    3.393966   2.259488   28.993150   3.781566
  22   11    3.240316   2.280388   10.736159  29.956928
  22   12    3.134374   2.218568   37.802779  27.035469
  22   13    3.038946   2.230492   24.303365   1.144443
  22   14    2.925048   2.240645   13.699842  29.759378
  22   15    2.802737   2.211306   27.141518  38.245068
  22   16    2.762780   2.239893   14.049260  40.626307
  22   17    2.619466   2.239587   25.587412   5.850022
  22   18    2.558486   2.203478   38.452484  31.677666
  22   19    2.408692   2.281644   37.418576  17.439318
  22   20    2.307865   2.248489   27.225640  12.509103
  22   21    2.241237   2.258707   15.217137  10.970757
  22   22    2.179490   2.284105   23.792497  29.102540
  22   23    2.048074   2.260246   35.026087   8.717759
  22   24    1.950777   2.216780   28.132160  36.871037
  22   25    1.862322   2.204066   33.863620   4.926598
  22   26    1.773006   2.292221   39.085451   4.553462
  22   27    1.624660   2.208297   30.950271  35.058918
  22   28    1.544077   2.289517    5.237982   8.916240
  22   29    1.465992   2.282261   10.042661  26.830701
  22   30    1.312171   2.269948   37.262009  19.789753
  22   31    1.261531   2.200749   34.056718  35.954178
  22   32    1.124733   2.235886   39.013205  30.787316
  22   33    1.027745   2.299346   28.202274  28.434509
  22   34    0.975439   2.273616   10.342562   3.124927
  22   35    0.807719   2.217269    4.140053   6.468329
  22   36    0.786825   2.238010   21.497684  38.280312
  22   37    0.661473   2.218509   25.211073  26.436599
  22   38    0.598205   2.286681   17.151806  39.800119
  22   39    0.445672   2.242148   11.577595   5.179519
  22   40    0.307319   2.286581   17.512926  25.384398
  22   41    0.231879   2.268328   34.153777  34.686539
  22   42    0.139818   2.296976   24.629510   7.447832
  22   43    0.074152   2.237632    7.493277  25.529851
  23    0    4.393274   2.379284   13.923291  13.677505
  23    1    4.295260   2.328540   24.340102  35.815034
  23    2    4.121820   2.396503   34.143725   8.677274
  23    3    4.016178   2.380120   18.338066  15.117864
  23    4    3.993833   2.342757   13.352772   3.609171
  23    5    3.805762   2.345287   36.433276  21.821569
  23    6    3.768281   2.386973   14.212684  22.812524
  23    7    3.676621   2.373698   28.793139  17.464172
  23    8    3.595366   2.323759   38.763583  34.701842
  23    9    3.499216   2.352790    1.604434  23.150839
  23   10    3.354089   2.399283   11.041648   8.814783
  23   11    3.249060   2.380439   26.902062  20.781487
  23   12    3.193117   2.320264   25.302816  11.701879
  23   13    3.041666   2.303400    3.619146  15.789194
  23   14    2.942048   2.360156   18.280936  21.419952
  23   15    2.846503   2.331942   15.338224  28.280296
  23   16    2.707722   2.348187   25.823413   3.711525
  23   17    2.604695   2.332982   32.762319   5.912344
  23   18    2.564650   2.364119   37.411402  32.522795
  23   19    2.405604   2.311556    2.713772  34.541418
  23   20    2.389952   2.364426    6.485710  13.333079
  23   21    2.204664   2.313593   10.507731   1.615598
  23   22    2.181378   2.334048   10.163602  39.838938
  23   23    2.088949   2.321742   38.836307   2.486725
  23   24    1.932038   2.391955   38.845786  22.856521
  23   25    1.817970   2.370389   33.838438  31.257864
  23   26    1.717401   2.378471   34.376898  14.875941
  23   27    1.685058   2.376019    7.819570  25.479240
  23   28    1.578946   2.317634   24.836891  14.521856
  23   29    1.459432   2.364730   38.124324  17.950669
  23   30    1.364512   2.378823    4.704765  12.244709
  23   31    1.280687   2.379964   22.954401  29.083891
  23   32    1.107957   2.358471   21.050183  31.887400
  23   33    1.085912   2.370432    7.463010   9.723451
  23   34    0.900187   2.364881   29.572524  12.342483
  23   35    0.855046   2.390704   37.246184  17.020153
  23   36    0.719902   2.317017   38.721034  39.335286
  23   37    0.662290   2.395115   31.390410  34.896369
  23   38    0.555598   2.361556   25.793778  39.438665
  23   39    0.420555   2.369360   13.525057  35.837839
  23   40    0.360432   2.371617    5.827150  26.745422
  23   41    0.201890   2.323603   36.867153  22.191883
  23   42    0.138469   2.315262   22.251786  27.194720
  23   43    0.009720   2.365890    8.035122   2.847279
  24    0    4.364665   2.472194   27.704760  16.369151
  24    1    4.268473   2.485334   34.447146  35.116353
  24    2    4.191604   2.433058   34.052026  33.649413
  24    3    4.082772   2.400800   11.408910  31.835155
  24    4    3.993571   2.437297   12.589121  38.933877
  24    5    3.801910   2.472718    7.534501  40.142909
  24    6    3.742976   2.492768   18.552204  17.700631
  24    7    3.605646   2.433151   40.933347  21.097216
  24    8    3.505465   2.473099   18.485588  36.009895
  24    9    3.404636   2.462420   23.635103  38.226838
  24   10    3.378211   2.407283   34.675949  39.115033
  24   11    3.222936   2.429338   28.013480  38.319152
  24   12    3.180961   2.460047    7.777501  15.670672
  24   13    3.000994   2.416495   36.509056  39.184743
  24   14    2.941343   2.451246   16.916453  34.096781
  24   15    2.825421   2.472081   14.740199   6.836848
  24   16    2.794736   2.477887   25.977141  38.477845
  24   17    2.656597   2.465347   18.130249   8.468723
  24   18    2.544694   2.483321   25.436304   8.446610
  24   19    2.486767   2.474091   23.468221   7.807298
  24   20    2.302488   2.464733   31.025998  20.822168
  24   21    2.219784   2.499460   29.359310   5.866812
  24   22    2.143734   2.422260    3.669754  20.342470
  24   23    2.019034   2.485849   13.310570   2.821399
  24   24    1.986419   2.430921    9.550605  32.651670
  24   25    1.822315   2.421849    8.236185  25.660957
  24   26    1.707788   2.459957    4.833687  14.773009
  24   27    1.671573   2.411966   27.455819  31.489901
  24   28    1.577630   2.473321   26.480197  16.618269
  24   29    1.451385   2.438189   24.798597  17.773744
  24   30    1.392446   2.419699   18.753519  21.655131
  24   31    1.272947   2.475574    5.214328  28.533742
  24   32    1.148757   2.460831   24.432426  25.674092
  24   33    1.080093   2.486575    1.332633  19.435160
  24   34    0.994533   2.492821   20.410299  39.666895
  24   35    0.890460   2.495194   22.699741  14.910036
  24   36    0.745242   2.486735   39.273397   6.148758
  24   37    0.618444   2.433865   26.961711  16.900615
  24   38    0.545502   2.411958   31.615243  17.826984
  24   39    0.456925   2.463539   16.051987  27.504952
  24   40    0.398565   2.408655   28.258273   3.338854
  24   41    0.222028   2.490561    5.480173   6.751490
  24   42    0.174109   2.444107   37.217964  36.852016
  24   43    0.089269   2.442711   11.108032   1.924733
  25    0    4.339821   2.521777   37.158688  36.640888
  25    1    4.270458   2.521175   25.337762  16.309446
  25    2    4.144225   2.511698    7.254644   2.322933
  25    3    4.098588   2.515227   13.426638  32.916118
  25    4    3.906989   2.536060    2.783239  21.258929
  25    5    3.802689   2.552043   10.681225  12.695763
  25    6    3.748653   2.574874    6.442394  11.691722
  25    7    3.666255   2.555354    2.573370   6.947403
  25    8    3.514256   2.553142   17.297280   3.518218
  25    9    3.471326   2.503529   22.359292  40.066941
  25   10    3.314798   2.533189   22.426059   7.159718
  25   11    3.235706   2.510182    4.572117  11.481396
  25   12    3.126753   2.563633   10.748295  26.815982
  25   13    3.053027   2.598585   27.797291  14.557822
  25   14    2.953061   2.529926   34.183712  16.458744
  25   15    2.844491   2.504894   26.429356  15.471521
  25   16    2.759066   2.510500   18.203083  35.240701
  25   17    2.627120   2.524607    8.647633  16.463486
  25   18    2.553807   2.567228   11.997087  13.566319
  25   19    2.496224   2.511705    6.637430   5.612314
  25   20    2.390881   2.589260    7.903002  31.891088
  25   21    2.209525   2.550548    5.122437   9.191157
  25   22    2.113773   2.565267   30.393212   1.386218
  25   23    2.047016   2.546888   25.563070  12.875561
  25   24    1.968116   2.580662   16.843541  38.926022
  25   25    1.804109   2.526239   25.914522   4.513392
  25   26    1.747770   2.523629    5.463476   8.425597
  25   27    1.656023   2.585376   29.627429  33.863335
  25   28    1.532912   2.536581   30.184454  16.376690
  25   29    1.408577   2.515875    2.613034  23.653774
  25   30    1.316544   2.568137   17.966386  21.499961
  25   31    1.224708   2.507368   13.183865  21.509173
  25   32    1.100826   2.564818   10.896708  26.752185
  25   33    1.087002   2.542606   17.519956  13.736388
  25   34    0.976648   2.591304   33.620273   6.497205
  25   35    0.824417   2.516402   11.999733   9.658655
  25   36    0.778598   2.583512   16.052497  22.469813
  25   37    0.696110   2.546211    3.773738   9.130311
  25   38    0.533198   2.519625    1.992183  19.231997
  25   39    0.486902   2.593352   32.248421   6.060618
  25   40    0.390852   2.540860   26.164579   3.141353
  25   41    0.227432   2.580775    6.686310  37.220368
  25   42    0.151346   2.565909    5.389212  18.421732
  25   43    0.007378   2.575793    8.917904  18.300269
  26    0    4.359078   2.620863    3.981172  19.746529
  26    1    4.202425   2.604354   25.199730  38.135413
  26    2    4.157368   2.649857   19.158531   2.815329
  26    3    4.084732   2.677189   17.542039  27.205446
  26    4    3.951266   2.680780   29.142671  32.724934
  26    5    3.832675   2.637559   22.368696  37.965379
  26    6    3.735188   2.695078   14.802355  24.506103
  26    7    3.698502   2.685368   13.160871  12.257269
  26    8    3.595550   2.691021    5.106428   1.017667
  26    9    3.432291   2.693025   23.775204  24.998345
  26   10    3.399221   2.635769   27.314103  40.459970
  26   11    3.297214   2.604723   20.416191  23.536433
  26   12    3.126210   2.673146    4.745853  29.089920
  26   13    3.044602   2.602707   32.781572  28.508873
  26   14    2.999389   2.691231   18.141992  14.290235
  26   15    2.847709   2.631593   28.688600  24.736406
  26   16    2.705415   2.656716   11.030074   8.965779
  26   17    2.620260   2.694972   21.528100  29.628866
  26   18    2.589163   2.691453   15.186336  10.310213
  26   19    2.470059   2.677295   16.182321   1.774759
  26   20    2.339037   2.600655   19.190425   4.306475
  26   21    2.258866   2.698420   26.581606  23.832195
  26   22    2.162500   2.661956   21.236774  31.894930
  26   23    2.057673   2.678235   16.864022   1.533897
  26   24    1.979917   2.649864   36.779985  33.563349
  26   25    1.801220   2.674405   28.141092   4.564345
  26   26    1.740531   2.601083   32.255697   6.183159
  26   27    1.657226   2.657569   34.161890  15.262437
  26   28    1.586937   2.622765    8.032448  39.236770
  26   29    1.434318   2.605198   21.706787   7.548331
  26   30    1.363848   2.607979   36.914113   7.151033
  26   31    1.257990   2.627859   15.331207  31.168476
  26   32    1.183252   2.650490   18.926554  40.272259
  26   33    1.046184   2.689752   21.118824   5.298133
  26   34    0.921273   2.644416   38.786203  19.088494
  26   35    0.815204   2.649183   30.392681  30.736003
  26   36    0.732048   2.613410   29.362328  34.625076
  26   37    0.642669   2.624013   21.871786  11.370900
  26   38    0.520947   2.638706   32.608821  32.509825
  26   39    0.407077   2.682142    9.549784  33.295709
  26   40    0.323180   2.645724   28.855402  29.024503
  26   41    0.213313   2.667745    3.611395   3.889178
  26   42    0.184606   2.664877   36.012185  34.529510
  26   43    0.000032   2.600232    2.991341  23.381439
  27    0    4.339051   2.703784    2.155639  22.969097
  27    1    4.208377   2.724807   20.719566   7.864399
  27    2    4.120909   2.755338    8.128005  25.734679
  27    3    4.071813   2.751019   16.985619   5.403541
  27    4    3.943102   2.718884   21.196330  23.984143
  27    5    3.864171   2.788841   39.894100   5.852899
  27    6    3.708664   2.730216   16.481308   5.585384
  27    7    3.617049   2.780580   10.172182  40.170358
  27    8    3.509248   2.780207   29.780208  21.172563
  27    9    3.488767   2.731328   33.629247  36.475697
  27   10    3.395828   2.751578   23.572205  38.373957
  27   11    3.234902   2.760660    3.957735   7.789112
  27   12    3.185643   2.718627   17.408525  14.090532
  27   13    3.095218   2.733960    8.503409  10.333300
  27   14    2.995125   2.735747   34.553840   1.774702
  27   15    2.873384   2.782997   30.922234  11.477439
  27   16    2.761124   2.787078    8.659446   3.979061
  27   17    2.644395   2.792284   17.180211  22.846777
  27   18    2.532151   2.781901   37.412793  30.015164
  27   19    2.479982   2.710271   15.141490  26.816809
  27   20    2.377694   2.758187   24.522014  24.382769
  27   21    2.234535   2.742563   13.029209  33.556345
  27   22    2.176826   2.700167   17.058164  33.700236
  27   23    2.083175   2.798125    8.332537  10.979102
  27   24    1.907398   2.784886   22.091924  18.187129
  27   25    1.849637   2.788828   16.272471  31.408735
  27   26    1.764038   2.747413   14.725609   8.320344
  27   27    1.604465   2.727722   15.727996  16.457569
  27   28    1.586964   2.794684   29.035371  18.105413
  27   29    1.453783   2.732045   30.563290  15.564571
  27   30    1.384362   2.703943   14.102553  13.474965
  27   31    1.275528   2.713273   15.585696  23.833445
  27   32    1.178554   2.713323   19.227207  17.646593
  27   33    1.093519   2.728376   38.903277  11.257021
  27   34    0.900696   2.749285    5.580860  34.842732
  27   35    0.810103   2.774009   26.239798  18.109445
  27   36    0.799998   2.738515    5.969671   9.595451
  27   37    0.645396   2.728469   17.804078  30.232963
  27   38    0.521671   2.720293   30.043182  30.929357
  27   39    0.455205   2.785039    4.599675   3.141423
  27   40    0.342856   2.709454   39.197930  39.036150
  27   41    0.220774   2.774745   38.599978  15.307931
  27   42    0.137713   2.759759   13.589257  36.624656
  27   43    0.021304   2.746542   10.002794  18.699404
  28    0    4.371684   2.842824    3.078693   7.950504
  28    1    4.215013   2.858619   14.817624  18.566068
  28    2    4.100596   2.888729   14.608396   5.599889
  28    3    4.066050   2.835763   37.327850  34.689280
  28    4    3.972848   2.830982   40.408133  18.422213
  28    5    3.863143   2.864626   24.509136  32.736357
  28    6    3.702360   2.860743   34.604410   3.576688
  28    7    3.681170   2.831253   13.274409   7.066388
  28    8    3.596253   2.823047   40.215380  11.478296
  28    9    3.439139   2.853386   26.454839  25.276367
  28   10    3.384441   2.881190   34.179232  14.498823
  28   11    3.207146   2.823804   19.715303  29.972234
  28   12    3.108345   2.834576   34.977835  28.598993
  28   13    3.010900   2.860382   39.141884  14.694774
  28   14    2.982888   2.899979    5.581473  31.638039
  28   15    2.875271   2.853547   18.028023   8.625619
  28   16    2.749749   2.856538    3.854540  32.927361
  28   17    2.638043   2.812481   21.424983  38.643895
  28   18    2.590507   2.810747    3.226181  35.665234
  28   19    2.451710   2.837648   38.311376   7.499401
  28   20    2.365895   2.859292   28.343872  37.209840
  28   21    2.274622   2.889174   23.775540  33.313492
  28   22    2.191808   2.814782    3.592031  31.718215
  28   23    2.033159   2.878068    7.393638  38.314157
  28   24    1.953996   2.812269   36.771802  15.499012
  28   25    1.813887   2.880471   29.025397  13.657106
  28   26    1.701608   2.832888   35.902210   7.497285
  28   27    1.618723   2.863840   39.538466  22.379985
  28   28    1.544739   2.865059   24.016968   5.649831
  28   29    1.487182   2.818415   31.511466  33.982143
  28   30    1.313147   2.873372   34.995247   4.419916
  28   31    1.257614   2.807301   23.754809  31.817705
  28   32    1.112042   2.860614    2.878821  19.640549
  28   33    1.004097   2.884156   33.527491  18.434997
  28   34    0.936581   2.889380   37.792027  23.865750
  28   35    0.847287   2.878753   31.617077   4.190704
  28   36    0.779245   2.876254   33.495074  28.749606
  28   37    0.695988   2.817556    7.989182  40.912430
  28   38    0.583704   2.883769   34.765254  20.543185
  28   39    0.431617   2.828995   39.501812  15.078668
  28   40    0.365088   2.813206    7.214734  20.619724
  28   41    0.299960   2.881259    6.218985   3.930475
  28   42    0.129772   2.844714   37.817599   5.008791
  28   43    0.023726   2.814176   29.147115   3.124473
  29    0    4.387834   2.980345   31.332939  15.240458
  29    1    4.295445   2.956193   39.756725  35.982116
  29    2    4.158274   2.920279   15.974796   7.370809
  29    3    4.053073   2.962427   20.441072  12.085457
  29    4    3.920907   2.942875   31.093866  16.880454
  29    5    3.880458   2.970452   15.102386  16.914975
  29    6    3.769513   2.965119   40.299920  24.207983
  29    7    3.611415   2.946732   40.345440  24.420340
  29    8    3.568386   2.931622   35.367950   9.000667
  29    9    3.449663   2.988508   10.297260  10.860277
  29   10    3.308867   2.917549   29.435120  40.734971
  29   11    3.247250   2.953475    1.860833  30.943046
  29   12    3.103739   2.933664   22.409681  29.179783
  29   13    3.011341   2.912713   32.249734  36.244331
  29   14    2.945573   2.990160   17.177029  30.245590
  29   15    2.833345   2.961130   36.939663  31.074660
  29   16    2.790130   2.909996   12.102203  11.083095
  29   17    2.655387   2.974038    3.711945  12.413785
  29   18    2.507907   2.982202   33.492124   2.865146
  29   19    2.406968   2.968539   37.253086  28.224782
  29   20    2.375679   2.910921   21.094991  10.506096
  29   21    2.259427   2.914004   18.813581  12.405894
  29   22    2.155608   2.946919   20.378276  25.643089
  29   23    2.057425   2.937237    6.718197  14.833531
  29   24    1.932023   2.984888   27.240838   2.524017
  29   25    1.895175   2.984765   36.059038   1.395062
  29   26    1.745418   2.972057   13.978741  26.017258
  29   27    1.610514   2.937273   39.691739  31.605436
  29   28    1.579541   2.901469   19.738410   6.778581
  29   29    1.472142   2.919281   27.694231  10.346902
  29   30    1.320584   2.956740   34.354841  40.680948
  29   31    1.234511   2.910983   28.736553  35.466476
  29   32    1.117605   2.934183   21.386619  27.933211
  29   33    1.030796   2.948547   14.349261  24.411067
  29   34    0.930191   2.992914   14.323589  21.884074
  29   35    0.867290   2.994162   15.867044  40.775515
  29   36    0.753211   2.973861   19.357059  28.327943
  29   37    0.672292   2.967830   23.863227  35.584098
  29   38    0.559186   2.984568   28.766502   3.199649
  29   39    0.439183   2.959096   31.179890   8.321375
  29   40    0.396351   2.968273   30.890762  39.865298
  29   41    0.286875   2.978861   23.197409  39.173544
  29   42    0.124938   2.962932   15.815859  36.786859
  29   43    0.041204   2.968908   32.776268   6.636815
  30    0    4.365489   3.008701   20.325520  12.158364
  30    1    4.218069   3.059937    2.343084   3.594601
  30    2    4.171218   3.080855   31.324650   4.181962
  30    3    4.063237   3.057658   11.881816  20.160644
  30    4    3.921494   3.009173   33.860018   3.972327
  30    5    3.874762   3.040892   39.130215  13.030516
  30    6    3.765430   3.094572    8.026462  12.648273
  30    7    3.601788   3.075663   17.070619  28.779231
  30    8    3.523400   3.049057    8.461042  14.990720
  30    9    3.478292   3.084878   23.843277  32.488022
  30   10    3.379979   3.066049   40.791561  19.116477
  30   11    3.211932   3.064493   21.499432  33.278667
  30   12    3.174339   3.074716    1.319998   4.937616
  30   13    3.006646   3.003931   12.550457  34.779028
  30   14    2.913616   3.044129   29.385416  13.746525
  30   15    2.853048   3.051075    7.058419  31.238809
  30   16    2.701012   3.080937   36.264998  17.087041
  30   17    2.672884   3.060242   28.052481  38.959838
  30   18    2.583629   3.007660   40.135909  25.142370
  30   19    2.452955   3.075388    9.344637  37.900480
  30   20    2.385065   3.017823   13.534760  13.190835
  30   21    2.249893   3.030121   17.357324  19.759139
  30   22    2.194736   3.078833   37.915493  19.250770
  30   23    2.090060   3.091172   37.364528  16.537057
  30   24    1.939715   3.093859   19.320585  36.856224
  30   25    1.828581   3.032581    4.587049  17.526005
  30   26    1.765538   3.039904    9.844535  13.975437
  30   27    1.668130   3.004134   31.871670  32.861703
  30   28    1.500001   3.070859   21.482634  12.404349
  30   29    1.471624   3.049512    8.223022  28.229172
  30   30    1.368403   3.011534   32.122108  21.537760
  30   31    1.233290   3.037071   36.246018  38.001499
  30   32    1.170002   3.071486   27.846785  16.241000
  30   33    1.099874   3.089387   21.595757  23.038833
  30   34    0.913617   3.075924    1.390467  40.615363
  30   35    0.857859   3.036400    3.820915  14.569716
  30   36    0.745398   3.045059   33.488302  27.770805
  30   37    0.623530   3.071459    5.525641  17.022202
  30   38    0.583686   3.052964    2.039468  10.289746
  30   39    0.490647   3.059512   35.564095  30.367483
  30   40    0.304724   3.062345   13.408566  16.886138
  30   41    0.205193   3.032401   12.020785  36.484101
  30   42    0.198636   3.062593   10.857183   7.834253
  30   43    0.048293   3.007434   12.018946  34.246099
  31    0    4.337676   3.135038   27.011132  35.061966
  31    1    4.216911   3.182341    7.938260   4.483806
  31    2    4.168165   3.131575   10.432955  22.373628
  31    3    4.097284   3.192225   33.412275  38.661238
  31    4    3.953836   3.180628   30.783339  27.087919
  31    5    3.828314   3.162246   17.514954  14.059428
  31    6    3.761525   3.127892   32.719135   6.446402
  31    7    3.651244   3.153588   11.834827  23.450305
  31    8    3.590162   3.178373    5.589754  10.468804
  31    9    3.437962   3.179609   12.674314  28.691051
  31   10    3.300974   3.130958   24.157777  37.501355
  31   11    3.283116   3.164122    9.400809  25.364179
  31   12    3.110622   3.187060   14.983663  39.524839
  31   13    3.035009   3.124389   30.015215  19.533894
  31   14    2.959664   3.170864   33.778509  31.359323
  31   15    2.826829   3.187684    6.292662   7.884600
  31   16    2.766307   3.120271   20.942893  21.222833
  31   17    2.653286   3.192162    3.389204  38.952742
  31   18    2.519833   3.194838   35.673857  19.671574
  31   19    2.418085   3.180317   32.597352  35.858463
  31   20    2.359407   3.199855   13.436196  19.769579
  31   21    2.254929   3.166431   10.972382  19.888902
  31   22    2.122147   3.144152   27.258249  13.406024
  31   23    2.098845   3.148187    7.840392   9.480238
  31   24    1.929392   3.133307   20.226447  16.998702
  31   25    1.855641   3.137052    5.738155  20.590916
  31   26    1.712058   3.149647   14.716974   4.392532
  31   27    1.685154   3.101981    2.123891  22.153800
  31   28    1.554757   3.185750   13.316909  25.582214
  31   29    1.478718   3.156727   28.237121   4.240307
  31   30    1.364041   3.179110   27.051320  26.958529
  31   31    1.272884   3.172232    2.774843  16.764896
  31   32    1.138714   3.142245   18.446819  22.098029
  31   33    1.099926   3.162519   30.590332  13.003585
  31   34    0.939559   3.194678   30.126161  11.686227
  31   35    0.831035   3.175011   40.409920  24.895506
  31   36    0.722153   3.181106   24.042533  16.984677
  31   37    0.620364   3.114335   10.602185   6.041778
  31   38    0.509626   3.103496   22.126230  13.322659
  31   39    0.407177   3.142451   18.323028   3.511354
  31   40    0.342264   3.103939   16.030494  28.414489
  31   41    0.279396   3.127348    4.899197   1.008731
  31   42    0.147820   3.109813    1.827340   4.873807
  31   43    0.044657   3.157541   39.101858  13.653808
  32    0    4.330162   3.293105   34.918265  17.116473
  32    1    4.294784   3.200285   20.000900   8.569420
  32    2    4.174613   3.201737   31.088792  39.914053
  32    3    4.086177   3.257656   32.379694  15.667428
  32    4    3.915877   3.292305    1.549873   9.180156
  32    5    3.892116   3.266562   30.229123  19.469547
  32    6    3.708866   3.230833   22.973222  35.142220
  32    7    3.613357   3.296274   17.628728   5.494406
  32    8    3.584080   3.231006   27.941728   3.871637
  32    9    3.460645   3.220190   21.361901  33.687642
  32   10    3.357359   3.267783   16.900147  35.215443
  32   11    3.246875   3.277327   25.901121  26.567152
  32   12    3.198879   3.238379   19.605350  33.493086
  32   13    3.047647   3.293437   28.938257  11.200939
  32   14    2.948212   3.242303   32.239445  31.892117
  32   15    2.806820   3.201645   34.424078   1.830276
  32   16    2.791074   3.217495   25.763171  32.316956
  32   17    2.678413   3.288169   10.120122  33.896276
  32   18    2.589054   3.200525    1.751029  19.515185
  32   19    2.407845   3.289942   37.955170  20.423208
  32   20    2.376209   3.275444    3.863645  21.626156
  32   21    2.263967   3.287847   38.017626  18.157259
  32   22    2.105799   3.238038   16.276966  18.867000
  32   23    2.038740   3.271807   30.804159   3.554726
  32   24    1.946791   3.230103   34.801928   7.891423
  32   25    1.833646   3.202114   37.384026   7.658949
  32   26    1.792899   3.291804    2.092282  11.427027
  32   27    1.651034   3.255132    3.427583   4.100609
  32   28    1.557032   3.239248   35.252379   1.117155
  32   29    1.404624   3.220940   10.586504   5.901311
  32   30    1.380912   3.299143    2.320710  16.063621
  32   31    1.256226   3.215456   27.502341   4.455705
  32   32    1.193468   3.222709   23.519118  10.386954
  32   33    1.075513   3.280271   32.759098  38.012697
  32   34    0.902269   3.256990    3.821629  30.191140
  32   35    0.806276   3.269659   33.384532   7.171628
  32   36    0.799832   3.273286    5.310910   3.640119
  32   37    0.606128   3.266136   25.044017  21.354585
  32   38    0.511081   3.239636   20.954452   7.423638
  32   39    0.406934   3.223469   13.859797  22.911358
  32   40    0.399515   3.277112   35.846607  28.710352
  32   41    0.220552   3.209162    4.827575  34.458841
  32   42    0.187856   3.258144   37.626690  13.756391
  32   43    0.088549   3.207229   38.091417  10.251984
  33    0    4.333994   3.389173   24.697411  22.657918
  33    1    4.245576   3.346459    1.877012  23.828756
  33    2    4.134974   3.369648   19.031971  34.306508
  33    3    4.033939   3.339384   29.672416  31.866836
  33    4    3.910585   3.334693   19.772206   6.426515
  33    5    3.871662   3.352822   39.284439  38.135098
  33    6    3.743799   3.369751   14.484246  32.643869
  33    7    3.637956   3.382131   32.687915  21.618270
  33    8    3.527862   3.332082   36.852197  11.856097
  33    9    3.498505   3.368196   28.124163   9.338430
  33   10    3.389263   3.326197   22.754433  34.743645
  33   11    3.248337   3.378700   19.693987   7.092345
  33   12    3.122132   3.358146   31.081130  18.082906
  33   13    3.002326   3.373377   34.729646  30.268957
  33   14    2.982800   3.337044   21.315761  19.591659
  33   15    2.812455   3.386702   25.519278   2.106637
  33   16    2.753291   3.301273   16.817310  24.357962
  33   17    2.636991   3.390880   29.496333   8.195133
  33   18    2.589483   3.321542   10.904041   8.473814
  33   19    2.429587   3.347009   40.795616  33.722461
  33   20    2.323452   3.373290   32.253704  36.315259
  33   21    2.256073   3.312941   36.116619  23.912295
  33   22    2.190220   3.376891   16.799147  34.980870
  33   23    2.083305   3.352620   29.123885  18.292724
  33   24    1.996678   3.375691   15.212345  32.720917
  33   25    1.817970   3.383605   10.153187  15.882559
  33   26    1.744875   3.359122   38.233922   7.759785
  33   27    1.603584   3.306953    1.781401  11.076682
  33   28    1.563203   3.340958   26.519315  29.734546
  33   29    1.411172   3.386843   25.856981  18.957246
  33   30    1.387165   3.371269   27.336784   8.042907
  33   31    1.283265   3.386032   13.877037   3.952840
  33   32    1.166477   3.394647   27.366533   9.714056
  33   33    1.011806   3.317669   40.136052  37.213063
  33   34    0.957205   3.367062   29.014273  13.986232
  33   35    0.848461   3.344011   35.860358  15.761238
  33   36    0.786417   3.308972   27.066620  11.595188
  33   37    0.660559   3.338188   32.581540  40.433321
  33   38    0.552548   3.303318   23.179785  13.848001
  33   39    0.457515   3.326497   24.291007  29.806396
  33   40    0.347203   3.343574   27.607070   9.876994
  33   41    0.221081   3.345546   10.457028  23.765405
  33   42    0.153581   3.399265   20.734752  40.038883
  33   43    0.078138   3.381114    5.774594  23.052141
  34    0    4.392994   3.494180    1.409997  19.244521
  34    1    4.257001   3.403733   17.557529  40.085778
  34    2    4.154148   3.485966   14.708512  26.074979
  34    3    4.067314   3.479772   37.971340  21.539586
  34    4    3.949914   3.494863   28.703694  31.859962
  34    5    3.839628   3.416179   15.844351   4.603744
  34    6    3.703241   3.454079   37.963120  38.464922
  34    7    3.653595   3.492089    1.583729   6.559500
  34    8    3.567674   3.444588   10.912256   4.353505
  34    9    3.473494   3.441111   38.762090   1.235239
  34   10    3.338638   3.433134   28.869350   5.562295
  34   11    3.296395   3.474416   27.229403  26.110322
  34   12    3.109182   3.453777   26.469523   1.545141
  34   13    3.001795   3.476614   25.144003  30.277883
  34   14    2.968332   3.460542   16.360137  35.414640
  34   15    2.871883   3.463929   11.105573  36.173072
  34   16    2.731506   3.431559    5.463588  13.928687
  34   17    2.628894   3.467360   32.612010  26.918560
  34   18    2.530614   3.423528   25.767718  24.640299
  34   19    2.410094   3.492226    3.351177   6.334409
  34   20    2.376548   3.459444    9.518125  15.949250
  34   21    2.271944   3.409947   19.377574  30.104761
  34   22    2.138677   3.482208   36.850701  30.364332
  34   23    2.082866   3.457894   23.013046  34.289072
  34   24    1.964788   3.422095   13.316776   2.105417
  34   25    1.828783   3.458801   33.349709  31.310951
  34   26    1.790591   3.406994   15.417340   7.244769
  34   27    1.617208   3.422497   23.522317  23.752982
  34   28    1.560458   3.490924   14.176858  27.907385
  34   29    1.424182   3.459612   17.456372   2.731201
  34   30    1.300515   3.488546    9.951241   1.620449
  34   31    1.283707   3.419434   22.587356  10.318225
  34   32    1.151502   3.481196   26.078642  12.722310
  34   33    1.071569   3.462229   10.085476  14.429344
  34   34    0.981999   3.403462   34.645763  24.811682
  34   35    0.884596   3.490119   20.409438  29.781187
  34   36    0.762688   3.428360    4.556441  31.538106
  34   37    0.662334   3.489992    9.551787  39.977899
  34   38    0.589239   3.443921   30.253361  37.605000
  34   39    0.441075   3.486950   20.127420  33.475079
  34   40    0.395225   3.454298   38.857763  32.676956
  34   41    0.269824   3.467441   21.495953  20.117014
  34   42    0.197151   3.444468    4.156120   7.953239
  34   43    0.054508   3.407494   34.397676   5.138110
  35    0    4.361249   3.519203   37.776791   8.489775
  35    1    4.230141   3.533356   18.121900   3.964675
  35    2    4.176107   3.564157   21.063732  13.922201
  35    3    4.091097   3.549374   12.015537   3.848555
  35    4    3.956532   3.579786   25.568416  16.062887
  35    5    3.836847   3.591087   28.178873  37.309444
  35    6    3.792208   3.507247    5.745156  13.915146
  35    7    3.614650   3.500280   28.484479  27.557962
  35    8    3.589781   3.599515   14.349099  14.968147
  35    9    3.461695   3.573125   26.594343  37.516958
  35   10    3.338945   3.590663    9.200234  36.206374
  35   11    3.267041   3.502581   14.439316   1.753760
  35   12    3.161878   3.581589   29.390788  19.087786
  35   13    3.088474   3.521855   22.664049  24.581450
  35   14    2.981112   3.591410   39.677485  29.815132
  35   15    2.870986   3.556974   25.829656   7.782508
  35   16    2.763427   3.520354   33.714162  29.545201
  35   17    2.622113   3.513471   35.705416   7.853539
  35   18    2.566828   3.532159    9.944349  28.751101
  35   19    2.404730   3.554633   29.769846  35.365040
  35   20    2.333965   3.591853   28.387432  25.772954
  35   21    2.210112   3.576975   17.080605  37.975544
  35   22    2.138522   3.588199    2.216117  11.662728
  35   23    2.073267   3.552311   29.961682  33.834751
  35   24    1.901193   3.529232   14.936964  21.749235
  35   25    1.888444   3.585238   27.495441  23.555560
  35   26    1.748754   3.523961   22.149806   8.919622
  35   27    1.675693   3.529840    5.596120   6.630284
  35   28    1.593595   3.553686   36.275968   4.434020
  35   29    1.439014   3.520062   28.480466   2.111560
  35   30    1.361718   3.592316   23.309221  19.160295
  35   31    1.243305   3.594496   27.640239  23.573859
  35   32    1.194794   3.556657    2.557501  21.436199
  35   33    1.020801   3.538196   16.960379   4.816761
  35   34    0.996293   3.554854   33.507467  27.336483
  35   35    0.898055   3.521662    6.415711  35.466489
  35   36    0.783010   3.553991   18.358041  14.942902
  35   37    0.611781   3.590277    1.818095  24.577515
  35   38    0.541500   3.506336   24.433142  26.285294
  35   39    0.455973   3.546266   14.375021  25.531353
  35   40    0.373982   3.557747   17.597869   8.942286
  35   41    0.273742   3.569617   11.359690   6.974969
  35   42    0.150225   3.511540   15.966478  33.860443
  35   43    0.075154   3.544429   17.981695   2.236557
  36    0    4.360707   3.636369    2.604527  26.771027
  36    1    4.227110   3.692824   10.586475  33.601737
  36    2    4.192065   3.687690   36.591670  27.653816
  36    3    4.022942   3.669779   22.600779  28.028536
  36    4    3.918360   3.658925   33.725587   6.017769
  36    5    3.897877   3.639184   17.180442  37.324850
  36    6    3.721163   3.690669   11.311654   9.338617
  36    7    3.611894   3.633897    4.305824   8.507359
  36    8    3.517750   3.644103    5.896986  27.813785
  36    9    3.473764   3.600770   35.109349  39.006225
  36   10    3.389877   3.688237   18.471560  20.665352
  36   11    3.229154   3.645328   12.508622  16.575172
  36   12    3.165679   3.659692   18.573180  27.542087
  36   13    3.081706   3.620230   34.757675  25.211896
  36   14    2.914161   3.628437    6.897127  23.141882
  36   15    2.858836   3.646628   37.317951  16.089037
  36   16    2.765554   3.643221   35.425366   3.996249
  36   17    2.673784   3.618198   18.489707  36.441275
  36   18    2.571506   3.636405   34.754293   3.428825
  36   19    2.472027   3.613887    5.533565  19.549420
  36   20    2.366620   3.639483   20.214011  34.020185
  36   21    2.283703   3.637299   20.551010   5.407674
  36   22    2.187300   3.697777   21.536236  36.481525
  36   23    2.034022   3.608194   39.181701   4.355564
  36   24    1.945164   3.675636   25.241961   9.660135
  36   25    1.890933   3.654681   20.214518  14.901349
  36   26    1.740470   3.611912   14.584100   8.469862
  36   27    1.653395   3.693483   40.498327   2.159017
  36   28    1.536062   3.619587   38.794356  24.860103
  36   29    1.404621   3.640040   37.077513  14.766317
  36   30    1.394268   3.623113   21.547669  31.507142
  36   31    1.272528   3.660221   37.266400  25.846548
  36   32    1.108012   3.692363    7.971616  28.732013
  36   33    1.054375   3.661089    7.415722   7.522188
  36   34    0.933048   3.663069   30.192227  32.219318
  36   35    0.874184   3.619397   12.413381  28.683708
  36   36    0.750830   3.630165   23.321740  12.431810
  36   37    0.650043   3.663424   10.500804   2.162269
  36   38    0.560916   3.662705    6.957860   6.185793
  36   39    0.453762   3.656248   31.775244  20.150290
  36   40    0.318158   3.616820   21.678179   6.672774
  36   41    0.247586   3.676728   23.787460   5.659188
  36   42    0.193082   3.616658   35.677453  40.283054
  36   43    0.081819   3.658195   13.933253  32.998926
