   0    0    4.244946   0.027500   25.548757  39.801672
   0    1    4.151288   0.047546   11.394955  26.722557
   0    2    4.041377   0.009620   37.359848  14.894033
   0    3    3.999861   0.038320   37.321631  27.832741
   0    4    3.820876   0.074155    4.293353  36.316915
   0    5    3.703196   0.062112    2.399173  33.856088
   0    6    3.649676   0.042889   11.426414  18.353029
   0    7    3.520949   0.009376   38.039746   5.378196
   0    8    3.465395   0.041776   39.762992   3.782924
   0    9    3.378896   0.061452   18.996345  15.008184
   0   10    3.251747   0.089557   20.306136  35.471467
   0   11    3.185727   0.075604   11.289920  32.030291
   0   12    3.071520   0.082382   22.395439   2.047512
   0   13    2.951621   0.006429    1.697209   3.466189
   0   14    2.863396   0.052371   14.972991  21.110638
   0   15    2.703977   0.009805   18.263382  40.860758
   0   16    2.636978   0.043401   28.855236   4.219060
   0   17    2.510392   0.061175    1.342686   6.049364
   0   18    2.476070   0.078351   28.752175  24.983223
   0   19    2.330616   0.021242   25.959312  29.360031
   0   20    2.282851   0.088613   15.689444  24.909810
   0   21    2.127707   0.099032   28.819796  10.149175
   0   22    2.064962   0.038907   23.652841   1.211287
   0   23    1.973979   0.094827   17.097299  22.264890
   0   24    1.883878   0.008236   28.688945   6.616365
   0   25    1.789574   0.053584   31.147210  15.977110
   0   26    1.646101   0.081319   34.359533  13.287100
   0   27    1.550632   0.023248   19.602542  33.109247
   0   28    1.428778   0.063861   14.361566  31.268651
   0   29    1.399999   0.091750   22.836676  13.551251
   0   30    1.288260   0.059798   21.288561  26.468044
   0   31    1.186316   0.071506    9.570066   9.029330
   0   32    1.003965   0.038926    9.923267  33.978578
   0   33    0.947046   0.010875   11.436574  33.952880
   0   34    0.860554   0.079310   14.115564   9.636849
   0   35    0.737645   0.038304   11.614181  33.354514
   0   36    0.668999   0.090452   18.213644   6.019661
   0   37    0.592567   0.086782    6.163854  14.384345
   0   38    0.471585   0.010387   17.180515  38.658412
   0   39    0.384153   0.003749   10.509456  30.515041
   0   40    0.267135   0.022727    3.942001   4.068854
   0   41    0.122723   0.024738    8.530597  26.559446
   0   42    0.030995   0.058115   38.176423  23.264448
   1    0    4.215302   0.177818   18.029435  27.797886
   1    1    4.189339   0.128646   17.670238  12.741830
   1    2    4.071389   0.190278   13.871458  27.957598
   1    3    3.939280   0.193505   11.527967   9.497226
   1    4    3.812078   0.189032    8.889369  38.482022
   1    5    3.785124   0.169417   23.938801  37.452978
   1    6    3.603575   0.121852   22.678243  25.473007
   1    7    3.586730   0.180454   37.866334  19.743630
   1    8    3.497756   0.177813    9.699193  40.884321
   1    9    3.388558   0.188327   19.941958  14.631353
   1   10    3.220951   0.152242   30.647851  30.990115
   1   11    3.117357   0.156496   11.006482   2.390808
   1   12    3.007461   0.183949   34.833009  17.847362
   1   13    2.902820   0.179275    1.158630  16.323829
   1   14    2.826599   0.190702   16.349862  38.416567
   1   15    2.788660   0.150543   33.833111  33.134653
   1   16    2.601141   0.142645   13.121326  31.200367
   1   17    2.561649   0.155778   20.345046  36.216717
   1   18    2.461095   0.142774   35.419990  21.704951
   1   19    2.333100   0.145826   34.501563  39.972362
   1   20    2.219537   0.128595   19.272302  35.724549
   1   21    2.161052   0.191145   36.295465  14.107087
   1   22    2.097033   0.169735   20.185675   3.394548
   1   23    1.902133   0.121236    4.359921  13.910331
   1   24    1.857781   0.112544   13.928238  27.154091
   1   25    1.729625   0.125534   18.777205   5.855042
   1   26    1.654096   0.114630   13.630043  13.204361
   1   27    1.548663   0.129264    8.998546  37.418629
   1   28    1.406230   0.119774   26.263576   8.744026
   1   29    1.380860   0.160578   26.046253  15.848205
   1   30    1.271795   0.146834   16.600508   6.208660
   1   31    1.178780   0.193751   13.833304  32.663307
   1   32    1.083126   0.104989    3.030659  30.936261
   1   33    0.965778   0.187307   21.349677  19.009662
   1   34    0.851968   0.102114   37.168242  20.126292
   1   35    0.778638   0.135644   15.628742  21.547786
   1   36    0.658715   0.183035   37.959480   8.654994
   1   37    0.519260   0.118046    4.821117  29.380613
   1   38    0.458166   0.120124   21.044781  21.255022
   1   39    0.397328   0.159966   21.367441  19.594579
   1   40    0.245426   0.179910   25.417701  30.762778
   1   41    0.168436   0.118000    7.175578   2.308972
   1   42    0.034018   0.106302   31.962003  18.582128
   2    0    4.241617   0.262204   25.871829  15.698595
   2    1    4.103705   0.293537   32.237161   6.208475
   2    2    4.046482   0.257243   21.609808   7.275187
   2    3    3.977702   0.270111   20.921743  35.602530
   2    4    3.813402   0.237303   29.584669  19.783274
   2    5    3.788144   0.278714   11.613152  21.398360
   2    6    3.630195   0.228786   40.314473  38.386507
   2    7    3.584619   0.216587   13.221281  19.375681
   2    8    3.495738   0.299504   27.914498  10.390805
   2    9    3.333480   0.295743   12.982687  33.321614
   2   10    3.294699   0.203457   12.004414  39.570960
   2   11    3.145380   0.293139   32.160960  16.352477
   2   12    3.068314   0.246179   33.552253  24.237674
   2   13    2.955099   0.287144   11.788028  12.961469
   2   14    2.853641   0.217273   26.873209  11.502287
   2   15    2.761227   0.218557    8.340185  34.503440
   2   16    2.608211   0.223921    3.165340  39.766800
   2   17    2.513645   0.271942   13.031719  23.523237
   2   18    2.428241   0.212023    5.378311  37.287084
   2   19    2.313980   0.246185   13.448048  21.279420
   2   20    2.206830   0.280044   29.875397  36.727493
   2   21    2.168340   0.271963   12.529368   8.010495
   2   22    2.063551   0.274752   17.262994  33.945400
   2   23    1.902632   0.238200    7.454836  36.936063
   2   24    1.808828   0.207726   12.925992  23.814504
   2   25    1.718629   0.209595    9.766437  30.680657
   2   26    1.685286   0.246857    7.221372   6.716044
   2   27    1.533701   0.252973   18.110663  32.753302
   2   28    1.453928   0.217993   25.946518  36.397400
   2   29    1.308761   0.241469   36.265285   6.911190
   2   30    1.265583   0.298507   33.612729  33.217844
   2   31    1.127438   0.272435    1.657483  13.681119
   2   32    1.077467   0.296731   15.218529  36.371527
   2   33    0.944909   0.217514   13.368714   6.007732
   2   34    0.841047   0.289060   16.631419  14.498120
   2   35    0.777014   0.221428    3.660734  14.942820
   2   36    0.600535   0.229957   29.350763  16.161797
   2   37    0.549447   0.279835   23.346267  21.485345
   2   38    0.401449   0.259221    2.338584  39.999609
   2   39    0.372784   0.255976    8.866859  12.127086
   2   40    0.215567   0.205523   31.769109  18.910567
   2   41    0.151981   0.240869   27.729537  33.354171
   2   42    0.042431   0.225608   38.961930  23.477100
   3    0    4.278743   0.322443   38.992952  14.300042
   3    1    4.148249   0.324475   37.427769  36.880842
   3    2    4.091757   0.305278   36.782722  36.940725
   3    3    3.950573   0.373450   11.869832  36.895023
   3    4    3.823290   0.314517   27.354795  39.668591
   3    5    3.751594   0.380268    5.147859  40.106061
   3    6    3.681049   0.325020   24.014686   2.776090
   3    7    3.564192   0.368116   33.625993  19.337246
   3    8    3.441388   0.379988    9.239507   3.326278
   3    9    3.363051   0.389034    6.989693  37.317724
   3   10    3.254134   0.302060    9.638779  22.082250
   3   11    3.128228   0.331174   35.530928  27.960331
   3   12    3.080253   0.354255   16.929084  36.612909
   3   13    2.930497   0.379104    6.065024   1.182085
   3   14    2.801466   0.378177   26.886652  22.387821
   3   15    2.736565   0.351684   17.056511   8.021499
   3   16    2.655674   0.322538   38.281068   7.619203
   3   17    2.587993   0.373003   24.195466  19.877192
   3   18    2.463661   0.376309   15.082335   7.804426
   3   19    2.330169   0.328435   19.579839  29.012542
   3   20    2.221059   0.337728    7.772587  22.367703
   3   21    2.137135   0.320100   10.823358   7.041501
   3   22    2.034897   0.382895   13.382814  28.494964
   3   23    1.994381   0.363817   20.822659  23.930953
   3   24    1.886343   0.345835    8.914029  16.201217
   3   25    1.764880   0.363132   14.581323  32.125326
   3   26    1.600341   0.385676   39.091358  13.865025
   3   27    1.573737   0.355044   36.402621  38.719508
   3   28    1.498842   0.395995   36.938598  34.910019
   3   29    1.303701   0.346799   28.926766  23.176366
   3   30    1.207218   0.306387    4.449862  14.008698
   3   31    1.197670   0.353422    4.902585   8.905557
   3   32    1.073176   0.336973   40.673988  15.129074
   3   33    0.914925   0.301633   13.247562   4.090567
   3   34    0.844116   0.392818   35.816431   3.940022
   3   35    0.785455   0.387369    2.864255  10.471269
   3   36    0.632372   0.327134   12.502453   3.536532
   3   37    0.551122   0.361342   40.845193  38.359572
   3   38    0.478156   0.359673    9.134473  15.141336
   3   39    0.373751   0.369889   26.112371  21.986086
   3   40    0.297246   0.309816   25.315486   4.384743
   3   41    0.128397   0.396842   15.201565  21.345988
   3   42    0.074620   0.392704    5.599551   8.959770
   4    0    4.285110   0.436205   23.815724   5.032636
   4    1    4.136182   0.431074    5.369394  14.895038
   4    2    4.014449   0.475164    5.935774  33.117753
   4    3    3.998657   0.455551    1.430230  36.383132
   4    4    3.830801   0.482248    1.691232  39.957349
   4    5    3.762415   0.401739   39.947992  18.047532
   4    6    3.613253   0.476456   25.857065  13.872821
   4    7    3.573668   0.463758   35.649184  38.726438
   4    8    3.416314   0.499716   20.757340  23.977033
   4    9    3.340924   0.430750   28.738678  32.297199
   4   10    3.202228   0.427271   40.520222  13.985436
   4   11    3.145990   0.415405   29.780802  13.760337
   4   12    3.092909   0.428398    8.042975   8.672655
   4   13    2.942053   0.481703   17.828141   7.747458
   4   14    2.852747   0.433349   11.689664  40.705234
   4   15    2.780476   0.492823    3.371556   1.812685
   4   16    2.673551   0.471461   25.658330  23.901581
   4   17    2.553959   0.429590    5.223941   8.312539
   4   18    2.439854   0.420097   26.118469  13.540435
   4   19    2.386587   0.474830   39.239362  36.374506
   4   20    2.206618   0.444424   14.633703   5.159523
   4   21    2.141003   0.419652   16.808221   9.399861
   4   22    2.022035   0.413967   11.048600  30.356354
   4   23    1.949614   0.423955    2.358206  13.741602
   4   24    1.875710   0.453492   39.932662  11.423439
   4   25    1.710191   0.455331   21.629804  10.643684
   4   26    1.646918   0.422936   27.838563  36.220508
   4   27    1.516615   0.438092   26.284264   6.223055
   4   28    1.468949   0.423984   33.045770  10.506647
   4   29    1.322774   0.467244   25.440906  13.221278
   4   30    1.213752   0.499298   25.124765  37.025544
   4   31    1.161704   0.481047   31.029785  33.447881
   4   32    1.036103   0.424534   38.571127  38.957389
   4   33    0.963120   0.440160   11.384741  21.282860
   4   34    0.898524   0.492954   22.922807   9.921255
   4   35    0.730284   0.431418   26.290968  36.301067
   4   36    0.626911   0.457781   21.187985  33.532109
   4   37    0.551965   0.499906    6.740246  37.026558
   4   38    0.422581   0.428425   29.074972  32.586927
   4   39    0.336837   0.414280    3.936103   8.020260
   4   40    0.278962   0.413246   19.429668   1.274678
   4   41    0.166146   0.487182    4.630187  28.949635
   4   42    0.020604   0.463775   39.450154   3.375267
   5    0    4.265887   0.505106   33.660209   6.984349
   5    1    4.198489   0.503105    2.662070   5.232840
   5    2    4.001937   0.570216   39.598899  22.807237
   5    3    3.938808   0.514653    3.302475  14.359163
   5    4    3.800735   0.520400   25.712430  25.725193
   5    5    3.752430   0.526552   37.673960  12.843101
   5    6    3.694092   0.573223    5.965897  34.809913
   5    7    3.569212   0.551656    5.194848   9.312529
   5    8    3.479581   0.534472   34.602428  20.693738
   5    9    3.365128   0.533462   21.285362  24.015335
   5   10    3.277701   0.522621   17.861622  16.591150
   5   11    3.100854   0.504217    4.893731   8.656474
   5   12    3.053645   0.586828   27.692041  17.311789
   5   13    2.988023   0.583056    5.380241  25.948342
   5   14    2.854974   0.537953   39.851562  31.476180
   5   15    2.743797   0.529225    6.641317  33.402067
   5   16    2.696892   0.569618   12.578437  14.840660
   5   17    2.585690   0.518272   30.769769  11.707615
   5   18    2.404056   0.519473    7.055005  11.583306
   5   19    2.356795   0.527565   19.211423  30.120918
   5   20    2.291967   0.509593   27.175021  25.597991
   5   21    2.156592   0.501537   36.292392  29.596562
   5   22    2.041995   0.509342   23.664668  15.288997
   5   23    1.984471   0.516809   18.155315  28.974853
   5   24    1.891963   0.584034   26.396352  33.053934
   5   25    1.781902   0.582655   19.556976  40.352438
   5   26    1.628952   0.528398   38.773458  34.588004
   5   27    1.584871   0.593223   11.643727  16.835916
   5   28    1.432614   0.535095   29.353308  23.338007
   5   29    1.370756   0.594512   35.735264   9.198234
   5   30    1.275784   0.515442    8.414608  11.879744
   5   31    1.103254   0.541335    1.311318  17.527952
   5   32    1.044535   0.572023   20.964759  14.687828
   5   33    0.945288   0.597287   30.809900  29.781767
   5   34    0.892092   0.520997    2.721446  15.712204
   5   35    0.722972   0.574233   39.509826   1.221026
   5   36    0.690112   0.575698   31.891993  19.370995
   5   37    0.583826   0.516893   35.684266   7.033235
   5   38    0.486859   0.532500    7.113040  15.014614
   5   39    0.399306   0.512812   34.376160  15.009921
   5   40    0.224657   0.544958   30.702143   2.611369
   5   41    0.115580   0.548337   17.560393  35.972476
   5   42    0.008767   0.532866   16.411976  21.350142
   6    0    4.257112   0.637176    4.121681  16.707970
   6    1    4.156427   0.649149   32.166873  33.050990
   6    2    4.035213   0.619706   14.991184  23.497182
   6    3    3.988329   0.619395   30.800506  18.719857
   6    4    3.808140   0.668385   11.948932  23.887465
   6    5    3.755135   0.676365   35.602561  29.278897
   6    6    3.680621   0.637483   33.013201  30.183320
   6    7    3.518921   0.634953   12.521335  30.449207
   6    8    3.418885   0.663766   23.002048  40.197908
   6    9    3.333534   0.691825   17.158244  36.958088
   6   10    3.292318   0.658897   24.766272  19.129017
   6   11    3.188835   0.688405   32.229283   2.688276
   6   12    3.034825   0.633975   14.757121  30.993332
   6   13    2.901716   0.645836    9.957561  21.081874
   6   14    2.847747   0.662006   16.006164  28.873142
   6   15    2.751463   0.666235    3.900073  34.057052
   6   16    2.641912   0.615028    2.258744  30.299964
   6   17    2.568712   0.695810   36.000954   7.890879
   6   18    2.438911   0.609218   38.916572  37.419851
   6   19    2.395716   0.662307   17.202504  10.966968
   6   20    2.221170   0.653492    9.609005  31.155466
   6   21    2.141006   0.631767   23.734365  20.981936
   6   22    2.036656   0.624960   31.626675  34.400339
   6   23    1.953796   0.677733    6.240244  38.149967
   6   24    1.827264   0.688049   29.115166   1.351003
   6   25    1.742585   0.619798   15.190699  26.140125
   6   26    1.659986   0.633183   29.840504  28.403046
   6   27    1.558416   0.667791   23.569513  23.926322
   6   28    1.496892   0.635628   19.502292  16.607406
   6   29    1.356118   0.602925   16.610283  29.425205
   6   30    1.243757   0.625424   26.984384   6.503574
   6   31    1.136596   0.637845   38.398887  29.742498
   6   32    1.067873   0.615312    4.597058  33.216652
   6   33    0.959884   0.623824   16.446576   3.043695
   6   34    0.873111   0.655110    9.278688  33.025556
   6   35    0.702124   0.615223   27.877480   3.510260
   6   36    0.664770   0.668227   23.889015  32.179938
   6   37    0.510057   0.658849   24.663394   3.537843
   6   38    0.428014   0.678826    2.140154   4.563739
   6   39    0.383814   0.649013   20.377765   6.278317
   6   40    0.281929   0.656604   16.375529  36.873579
   6   41    0.192952   0.677828   37.229876  16.822746
   6   42    0.056253   0.690234   14.321027  28.300515
   7    0    4.201646   0.714715   39.679260  11.767730
   7    1    4.169780   0.750235    9.096676  36.273995
   7    2    4.046846   0.769069   39.719466  34.602859
   7    3    3.968258   0.717354   16.191262  40.647169
   7    4    3.877921   0.725717   28.959353   8.302338
   7    5    3.705260   0.733506   31.766320  15.773019
   7    6    3.627983   0.794039   13.919138  36.699153
   7    7    3.522094   0.778908   18.570040  13.241074
   7    8    3.445517   0.778539    3.497504  22.665456
   7    9    3.302222   0.791228   28.905636  27.614805
   7   10    3.270373   0.761162    1.355132   3.818165
   7   11    3.142000   0.720434    8.512859  23.330103
   7   12    3.090380   0.783799   10.999071  15.414090
   7   13    2.992693   0.756456   10.885323   2.985547
   7   14    2.863990   0.733194    7.641443  15.294193
   7   15    2.788826   0.775869   28.460436  35.575488
   7   16    2.640338   0.759861    8.445023   7.181926
   7   17    2.584823   0.728512   15.282759  17.787296
   7   18    2.450985   0.707629   21.557312  16.335885
   7   19    2.375719   0.725298   15.155675  12.304397
   7   20    2.287358   0.791108   14.373773   5.502333
   7   21    2.178407   0.794397   19.960346  14.127102
   7   22    2.014515   0.734582   32.759970   9.308474
   7   23    1.997437   0.744594   24.734951  19.243457
   7   24    1.805358   0.777803   25.501398  31.682640
   7   25    1.793825   0.711813   39.271301  29.552741
   7   26    1.609809   0.761608   22.038888  33.582907
   7   27    1.516632   0.767620   40.399968   3.764490
   7   28    1.400671   0.729482   36.586482  37.260929
   7   29    1.345261   0.736994    4.799132  36.066269
   7   30    1.262066   0.719915   28.017785  28.483118
   7   31    1.125473   0.706728    9.076421  12.673709
   7   32    1.007285   0.778839   32.445840  29.576601
   7   33    0.964066   0.705534    2.037060  20.946664
   7   34    0.830809   0.791407    4.210628   3.862695
   7   35    0.775959   0.702236    3.465737  26.575612
   7   36    0.613959   0.718054   31.027374  15.985959
   7   37    0.553116   0.799440    4.413629  31.412796
   7   38    0.415293   0.721032   30.337899  32.842194
   7   39    0.347293   0.796593   15.896119  37.842843
   7   40    0.285329   0.784513   26.446303  26.254062
   7   41    0.128036   0.758594   16.070762  35.157984
   7   42    0.050580   0.763870   11.809358  31.238342
   8    0    4.293663   0.853940   20.379171   9.223251
   8    1    4.114104   0.847885   10.891022   2.654097
   8    2    4.076135   0.819832   24.800503  18.787377
   8    3    3.918897   0.881425   11.279562  18.216396
   8    4    3.890802   0.870768   29.278328  40.115414
   8    5    3.716482   0.875488   24.304844  37.305520
   8    6    3.638922   0.891850   16.546705  36.189423
   8    7    3.575872   0.826570    6.182389   2.696880
   8    8    3.474676   0.848362   40.995358  37.543864
   8    9    3.357871   0.877927   30.749872   6.282222
   8   10    3.299065   0.899128   32.877908   8.872671
   8   11    3.166274   0.881598   36.150813  10.047980
   8   12    3.040669   0.822760   25.081178  38.865272
   8   13    2.971038   0.861923   30.359237  20.021957
   8   14    2.827635   0.853088   22.837655  10.299149
   8   15    2.778852   0.838832   34.228187  13.594830
   8   16    2.646613   0.872913   21.177239  23.236839
   8   17    2.503796   0.842315   25.783987  39.568293
   8   18    2.422514   0.833680   10.578504  16.245581
   8   19    2.364891   0.838251    5.777277  25.476940
   8   20    2.238035   0.852743   38.193722  18.878147
   8   21    2.108334   0.890175   32.040831  18.176337
   8   22    2.043822   0.889600   30.185982  33.223681
   8   23    1.920096   0.801580   28.993300  11.385018
   8   24    1.888968   0.817824   10.130810   3.157711
   8   25    1.759299   0.818985    8.667031  17.813467
   8   26    1.627203   0.890350    9.098724   6.990780
   8   27    1.504401   0.827295   40.927218  23.708443
   8   28    1.426698   0.842373   34.949265  22.535493
   8   29    1.362741   0.835838    3.088662  40.086350
   8   30    1.230865   0.888333   31.531060   3.182038
   8   31    1.149326   0.836013   22.925531  37.624624
   8   32    1.083794   0.847252   12.896582   9.392621
   8   33    0.993034   0.809618    4.108505   1.125465
   8   34    0.847201   0.874199   23.304291   2.095484
   8   35    0.777486   0.880690    9.392833  24.661510
   8   36    0.695789   0.884697   10.694949  22.779569
   8   37    0.569874   0.833096   14.419818   9.958405
   8   38    0.484864   0.833624   29.492905  19.661140
   8   39    0.333863   0.861115   33.783361   8.264492
   8   40    0.237868   0.850465    7.997283  10.114033
   8   41    0.162474   0.880919   21.052233  39.903194
   8   42    0.002157   0.838756   26.291987  36.625478
   9    0    4.203442   0.907119   15.727806  15.898948
   9    1    4.168924   0.919116   12.517577  36.859781
   9    2    4.083052   0.990419   32.656043  12.512875
   9    3    3.947596   0.932501   18.512069  27.982457
   9    4    3.864835   0.919984    3.201623  12.219686
   9    5    3.726339   0.923110   20.241815  21.217694
   9    6    3.606734   0.917220    2.531100   3.602617
   9    7    3.538499   0.988868   24.107669  34.682392
   9    8    3.404491   0.986481   33.641100  27.838530
   9    9    3.389850   0.921451   27.125699  20.860271
   9   10    3.229978   0.942576   26.306607  10.890592
   9   11    3.183471   0.957576   37.145780  29.649909
   9   12    3.091103   0.904998    7.913426  28.221297
   9   13    2.907865   0.928556   28.685455   8.740846
   9   14    2.854619   0.934409   13.178034  12.783870
   9   15    2.729634   0.926121   30.620537  20.142227
   9   16    2.684831   0.988221   21.047015  37.245428
   9   17    2.554571   0.999069   33.887938   5.008751
   9   18    2.459662   0.988983   39.607410  17.840587
   9   19    2.390466   0.957507   30.520339  38.479022
   9   20    2.230930   0.931802    3.628331  39.949500
   9   21    2.161227   0.989313    9.746317   2.061693
   9   22    2.097914   0.905189    4.393249  14.439630
   9   23    1.985118   0.986848   22.553652   3.175128
   9   24    1.862422   0.963482   17.771476  39.005895
   9   25    1.739955   0.941093    3.027571   9.766591
   9   26    1.629577   0.968373   14.016350  20.189090
   9   27    1.595041   0.985040   22.939761   2.507318
   9   28    1.411385   0.912124    1.566769   9.447857
   9   29    1.393435   0.958536   15.478051  37.880110
   9   30    1.279908   0.945670   17.167727  40.604738
   9   31    1.118822   0.922708   14.670705   2.546413
   9   32    1.003504   0.961087    5.914591  26.182195
   9   33    0.978829   0.973696   18.973359   2.700163
   9   34    0.883049   0.919801   17.364926  36.589770
   9   35    0.781044   0.992630   20.650665  31.685978
   9   36    0.685471   0.975428   17.650723   8.818880
   9   37    0.569313   0.921600   26.998798  34.979608
   9   38    0.449149   0.913279    2.562955  10.247066
   9   39    0.326075   0.973845   35.119031  23.698845
   9   40    0.209848   0.917350   32.869446  18.348788
   9   41    0.131562   0.970463   28.866629  36.133420
   9   42    0.066877   0.979974   20.666107   8.555229
  10    0    4.202599   1.045640   24.763420  31.352729
  10    1    4.177005   1.089380   14.350643  10.200834
  10    2    4.012569   1.077754    3.076402  19.770546
  10    3    3.928436   1.066007   39.846909  14.439635
  10    4    3.819793   1.084629   20.928879  12.616160
  10    5    3.708745   1.069711   16.997153  38.209756
  10    6    3.604124   1.067836   36.224602  25.581741
  10    7    3.539196   1.066904    2.578441  24.769752
  10    8    3.430975   1.003119   14.329535   1.486007
  10    9    3.303215   1.029159   15.188629  34.025790
  10   10    3.228353   1.051861   23.869857   2.614593
  10   11    3.149044   1.032980   12.286297  24.813986
  10   12    3.075598   1.011970   13.668930   5.467838
  10   13    2.995726   1.044208   15.958151  16.497490
  10   14    2.862635   1.035643   39.759972  28.967017
  10   15    2.717568   1.099900    1.526414  18.683291
  10   16    2.685448   1.016155   39.575303  21.740349
  10   17    2.525081   1.045578   11.897845  35.558941
  10   18    2.497296   1.086203   29.827017   4.930445
  10   19    2.300183   1.046362   40.595038   5.294798
  10   20    2.235907   1.076213   35.258062  14.035136
  10   21    2.180021   1.066769   17.699752   5.152621
  10   22    2.094399   1.052689   17.356740   6.613985
  10   23    1.917307   1.005877   15.477064  39.386719
  10   24    1.898135   1.093811    5.291695  22.263045
  10   25    1.775408   1.082050    4.238203  29.719150
  10   26    1.691033   1.062376   15.738547  17.080781
  10   27    1.543694   1.084575   14.039003   7.115760
  10   28    1.423027   1.004608   23.933372  26.918356
  10   29    1.382744   1.048332   34.099945  38.785196
  10   30    1.265417   1.037446   15.202291   2.027823
  10   31    1.130043   1.062004    9.372839  35.768318
  10   32    1.062824   1.086632    4.380498  40.292042
  10   33    0.914636   1.090374   32.468278  34.180760
  10   34    0.859215   1.003257   19.948134  27.040482
  10   35    0.743977   1.076867   39.197000  27.116685
  10   36    0.611211   1.017364   10.374440  26.525373
  10   37    0.537823   1.093799   37.267437  24.417117
  10   38    0.424392   1.083802    2.075723   3.452981
  10   39    0.392517   1.024667   10.220716  13.951526
  10   40    0.217781   1.037740   21.556712  22.535089
  10   41    0.164375   1.095344   22.473487  10.756650
  10   42    0.037997   1.005052    8.718936  19.846092
  11    0    4.263152   1.119185   26.378008   9.321882
  11    1    4.107717   1.106275   33.983845   1.841413
  11    2    4.045657   1.184815   38.497960  39.505820
  11    3    3.903209   1.151903   28.792433  26.213274
  11    4    3.895611   1.194773   29.837551  28.013930
  11    5    3.712547   1.151498   27.207192  33.330143
  11    6    3.668691   1.158199   23.550511  25.062544
  11    7    3.530020   1.149417   35.756291   7.826530
  11    8    3.471460   1.151395   33.694667   9.799777
  11    9    3.392842   1.155927   19.323938  16.980075
  11   10    3.229508   1.186374    9.886815  18.249205
  11   11    3.163909   1.164062   32.804939  35.833215
  11   12    3.083613   1.169377   35.251700  23.987510
  11   13    2.908710   1.129756    1.405538   8.587013
  11   14    2.833108   1.188890   18.847971   4.462565
  11   15    2.705870   1.145663   16.886671  31.615053
  11   16    2.622891   1.145821   28.793014  24.803778
  11   17    2.568942   1.157485   32.709855  35.515606
  11   18    2.444631   1.127254   28.597670   6.171818
  11   19    2.342144   1.155753   27.959966  11.940608
  11   20    2.293714   1.129631   26.760876  37.140134
  11   21    2.164674   1.125677   28.083239  35.510268
  11   22    2.091357   1.157182    8.463348  34.296041
  11   23    1.977027   1.153039   19.892885  31.942470
  11   24    1.846053   1.157110    8.238466  22.194400
  11   25    1.768434   1.165053   18.958788  40.596431
  11   26    1.690135   1.104279   23.787613   2.992284
  11   27    1.537109   1.131681   19.411774  12.950384
  11   28    1.485744   1.115073    3.646261   2.538301
  11   29    1.354403   1.165134   39.357066  18.103380
  11   30    1.249856   1.152579   25.196159  12.385564
  11   31    1.190292   1.133087    9.505540  12.211603
  11   32    1.000271   1.183436   14.558058  36.142625
  11   33    0.970791   1.144616   38.295499  30.839921
  11   34    0.873580   1.160416   26.188448  13.771990
  11   35    0.797970   1.176929   23.691739  21.529686
  11   36    0.612138   1.134234   37.542866  38.891137
  11   37    0.570151   1.185697   30.012717  28.454129
  11   38    0.459922   1.143078   22.957382   1.826296
  11   39    0.393704   1.182082   27.550737  31.853004
  11   40    0.246922   1.189017   30.938932  25.114531
  11   41    0.178513   1.165559   23.414090  32.008428
  11   42    0.078308   1.186686   20.344244   8.345012
  12    0    4.256771   1.273186   13.934179  30.844211
  12    1    4.178138   1.261579   33.466146  25.675638
  12    2    4.059182   1.243187    2.144702   3.801253
  12    3    3.967718   1.282760   17.835128  22.056526
  12    4    3.823939   1.293545   28.254034  10.461912
  12    5    3.786004   1.237975   13.583071  33.137156
  12    6    3.602080   1.284765   36.696020  24.466550
  12    7    3.583508   1.297921   19.505135   9.029300
  12    8    3.457824   1.270049   10.258443  31.585796
  12    9    3.342230   1.270776   38.494857  13.543161
  12   10    3.244465   1.235812   19.952495   9.382347
  12   11    3.191940   1.218191   21.816565  18.209473
  12   12    3.065195   1.200838   28.700648   2.716470
  12   13    2.907939   1.289514    1.718282  34.345617
  12   14    2.803904   1.273291    7.584372   6.419665
  12   15    2.787015   1.232330   23.177367   6.619111
  12   16    2.633583   1.261406   15.307230  39.781256
  12   17    2.506816   1.254284   38.110170   8.007175
  12   18    2.479362   1.295883   34.692920   7.063011
  12   19    2.379229   1.243672   29.166092  28.746349
  12   20    2.229556   1.249837   34.451911   4.077187
  12   21    2.110614   1.204429    5.265440  40.811480
  12   22    2.051247   1.235620   10.114372  12.933701
  12   23    1.980847   1.224913   37.329598   4.658686
  12   24    1.877009   1.216899   14.941178  25.382471
  12   25    1.749115   1.279287   20.191033  26.412250
  12   26    1.686295   1.299105   19.788795  29.747259
  12   27    1.587324   1.255301   35.459764  11.370661
  12   28    1.408848   1.251677   40.317971  27.267651
  12   29    1.331651   1.212943   10.161968  13.652379
  12   30    1.228135   1.271493   20.600156  30.736163
  12   31    1.129467   1.204685   17.255448  11.997186
  12   32    1.060409   1.218461   24.089689   1.637727
  12   33    0.942308   1.229937    6.665778   8.184302
  12   34    0.829402   1.241453   36.093827  21.569158
  12   35    0.745950   1.253870   29.275964  27.223767
  12   36    0.647977   1.265585    6.286755  29.536490
  12   37    0.545912   1.293878    1.341574  37.422887
  12   38    0.456256   1.230318   15.477785  28.798410
  12   39    0.300796   1.265740   33.092296   3.624871
  12   40    0.250771   1.251930   37.758011  15.244301
  12   41    0.116907   1.285937   32.819988  38.362088
  12   42    0.071169   1.233611    7.313751   3.865738
  13    0    4.245434   1.346591   16.542329   3.361687
  13    1    4.189746   1.361781   28.609166  30.700588
  13    2    4.078242   1.315140   23.370242  17.786631
  13    3    3.974834   1.308161   29.304518   4.699179
  13    4    3.899939   1.362138   37.996328  29.790533
  13    5    3.771573   1.303749   27.190569  17.282298
  13    6    3.612367   1.387449   14.260604  24.409951
  13    7    3.563058   1.363010   25.583726  26.931136
  13    8    3.403062   1.397646   17.538921  13.513156
  13    9    3.341162   1.314466    6.040544   1.969547
  13   10    3.281448   1.385550   18.738463   2.469666
  13   11    3.129500   1.337310   32.914323  26.769358
  13   12    3.055665   1.376625   18.973838  13.400177
  13   13    2.961081   1.312737    1.190543  34.929742
  13   14    2.868926   1.336331    1.536290   6.311811
  13   15    2.720111   1.373423    7.201974   7.552000
  13   16    2.657167   1.377570   16.557653  17.118932
  13   17    2.511229   1.374882   21.238366  25.551397
  13   18    2.429501   1.367986   23.809723  25.495091
  13   19    2.320135   1.318416   11.729652  12.018017
  13   20    2.209608   1.313170   30.368777  15.696954
  13   21    2.177133   1.326938   32.595698  23.958913
  13   22    2.009683   1.383698    2.414039  39.946412
  13   23    1.929537   1.312157   38.519677  32.324139
  13   24    1.838951   1.361458    4.217962  36.652353
  13   25    1.770216   1.374454   17.316207  25.039563
  13   26    1.675988   1.303867   22.425241  14.698918
  13   27    1.557705   1.345223   24.229450  19.839678
  13   28    1.458211   1.363346   10.006550  30.222340
  13   29    1.398404   1.315554   29.910466  22.013933
  13   30    1.262911   1.353817   31.812041  33.743814
  13   31    1.143295   1.394809   31.987116  26.750420
  13   32    1.072046   1.326003   12.438734  33.221142
  13   33    0.980424   1.308005   29.553938   6.581075
  13   34    0.827783   1.398957   37.164954  22.527193
  13   35    0.780079   1.371860   20.573431   1.502844
  13   36    0.697397   1.396525   37.994065   5.058569
  13   37    0.572159   1.385950   34.094275  22.669606
  13   38    0.474601   1.354326    9.388789  38.623142
  13   39    0.304646   1.337607   32.356064  10.119924
  13   40    0.249801   1.395357    2.066475  20.450465
  13   41    0.148420   1.347056   32.264189  30.826032
  13   42    0.083969   1.320498   38.264752  40.114364
  14    0    4.276829   1.472727    1.382590  25.419771
  14    1    4.119979   1.423910   18.176035  33.352316
  14    2    4.058485   1.455740   20.506131  30.271506
  14    3    3.961240   1.422781    4.788442  11.211572
  14    4    3.858701   1.407326   33.038429  36.168342
  14    5    3.740312   1.485832   23.159738  36.647238
  14    6    3.648773   1.433201   20.815046  15.658315
  14    7    3.589976   1.455676   10.189966  14.642899
  14    8    3.473017   1.444944   16.675972  38.197497
  14    9    3.315808   1.486390    2.247521  12.119626
  14   10    3.221013   1.429951   26.005442  35.557311
  14   11    3.152831   1.459538   10.542439  30.344582
  14   12    3.096947   1.438787    2.621149  39.519627
  14   13    2.969182   1.499411   27.929795  35.245683
  14   14    2.869259   1.401554   28.809014  29.707551
  14   15    2.756971   1.481408   35.865106   9.984159
  14   16    2.621966   1.403392   24.963692  21.470116
  14   17    2.524643   1.416228   16.522736  29.332100
  14   18    2.414121   1.433265   21.209106  12.059397
  14   19    2.376137   1.496950   22.627355  26.847443
  14   20    2.285762   1.469928   21.537331   7.908893
  14   21    2.130013   1.416105   36.337563  33.534133
  14   22    2.027561   1.484288   20.418215  16.642323
  14   23    1.996466   1.495463   18.559843  10.620512
  14   24    1.857014   1.418326   32.496196   4.512302
  14   25    1.791769   1.422570   11.360091  19.284319
  14   26    1.616622   1.447339   27.904836  33.288672
  14   27    1.528167   1.454908    8.679017   6.597965
  14   28    1.428909   1.444459   28.893645  20.186568
  14   29    1.372640   1.435128   34.346773  19.663091
  14   30    1.209447   1.444237   37.875848  10.244634
  14   31    1.120177   1.458910   21.431249  28.848707
  14   32    1.052250   1.445559   12.669789  32.634086
  14   33    0.976343   1.450792   33.243498  26.242534
  14   34    0.861939   1.403202   21.620741  10.699664
  14   35    0.789893   1.432694   23.862862  26.870490
  14   36    0.614019   1.432087   39.453965  10.103793
  14   37    0.519092   1.414901   24.833399  37.934538
  14   38    0.478438   1.488589   24.123891  20.265622
  14   39    0.355102   1.499889    4.722280  15.264489
  14   40    0.242245   1.499241   25.588392  31.356880
  14   41    0.162471   1.465663   39.519911  16.374594
  14   42    0.014758   1.478734   39.351160  32.436859
  15    0    4.230201   1.587176   14.400553  25.961134
  15    1    4.193057   1.516330   10.779268  35.879073
  15    2    4.057289   1.561888   11.151330  32.372485
  15    3    3.906955   1.512645   20.617059   9.062520
  15    4    3.823842   1.528717   20.616518  32.528471
  15    5    3.750754   1.517197   37.781566  26.370756
  15    6    3.623027   1.508350   15.793132  17.961124
  15    7    3.544175   1.551214   32.438733   2.862292
  15    8    3.450079   1.547323    8.752835   6.094286
  15    9    3.346773   1.599900   20.523765  35.546173
  15   10    3.262479   1.518255   13.354293  28.574783
  15   11    3.178954   1.523669   40.283005  19.016871
  15   12    3.040158   1.514319    5.749151  32.413252
  15   13    2.978408   1.568859   22.078777  19.272965
  15   14    2.886204   1.577238   15.973858   9.887965
  15   15    2.743316   1.554962    4.612741   2.864380
  15   16    2.617036   1.515050   36.458647  29.610347
  15   17    2.583132   1.577667   13.887307   8.083278
  15   18    2.496398   1.598364   17.074027  33.846179
  15   19    2.314041   1.594804   35.638780  30.733990
  15   20    2.269754   1.571988   31.374211  16.131787
  15   21    2.199394   1.555767   37.639916  19.087718
  15   22    2.054792   1.582585   24.985977  18.419848
  15   23    1.945451   1.594041   15.183680  30.948012
  15   24    1.839759   1.502393   34.630489   8.434730
  15   25    1.719738   1.527205   21.224016  40.323381
  15   26    1.634180   1.524086   35.054708  35.612622
  15   27    1.563080   1.599076   22.063534  12.023677
  15   28    1.406302   1.512472   31.188065  37.947004
  15   29    1.317114   1.554651   30.142063   9.567211
  15   30    1.228203   1.525006   24.129121   2.255329
  15   31    1.186588   1.560050   27.394094  25.105890
  15   32    1.033002   1.555007    2.106025  26.828098
  15   33    0.900234   1.566908   25.807185  39.645947
  15   34    0.868983   1.508951   21.343622  38.116821
  15   35    0.725274   1.573467   16.227473  17.662179
  15   36    0.612700   1.502386   26.809144  32.062676
  15   37    0.528831   1.553090   12.122507  32.273897
  15   38    0.477220   1.547783   39.097462  25.862970
  15   39    0.364551   1.504989   21.925653  25.471110
  15   40    0.222708   1.512001   21.255952  17.417861
  15   41    0.194691   1.531693   21.750417  32.449799
  15   42    0.044367   1.541119   18.138090  37.395050
  16    0    4.236740   1.663076    9.677066  39.935404
  16    1    4.177559   1.685964   30.913935   2.795537
  16    2    4.049300   1.627751    3.478015   5.444012
  16    3    3.921486   1.613001   30.654760  21.098772
  16    4    3.844544   1.619206   35.562485  17.751008
  16    5    3.741371   1.652093    7.448106  10.510921
  16    6    3.633981   1.616276    2.085018   8.407282
  16    7    3.564395   1.615187   35.288638  34.535206
  16    8    3.480562   1.695350   37.576493  29.963384
  16    9    3.336933   1.618122    8.029215  38.028654
  16   10    3.243377   1.615205   32.120345  18.632354
  16   11    3.159723   1.651517    7.965666  37.104854
  16   12    3.061199   1.664419   25.010754  37.442242
  16   13    2.963624   1.676093    6.167826  16.687665
  16   14    2.828129   1.636025   16.993643  10.499654
  16   15    2.731470   1.662814    2.458427  27.216114
  16   16    2.668335   1.634394    2.605360  29.805988
  16   17    2.511275   1.658865   32.980536   5.946046
  16   18    2.417624   1.625319   14.788017   3.138306
  16   19    2.302691   1.636754   24.583267  38.489388
  16   20    2.267108   1.611816   15.874492  34.827129
  16   21    2.132072   1.675723   17.794563   2.677209
  16   22    2.018659   1.655395    2.200183  10.833738
  16   23    1.961911   1.632184   13.938920  39.528086
  16   24    1.843182   1.665369   34.012646  35.349883
  16   25    1.707634   1.679010   26.996966  35.048551
  16   26    1.620889   1.647234   18.014331  38.213110
  16   27    1.558876   1.632321   37.092886  31.787775
  16   28    1.477838   1.635236   36.787678  40.751241
  16   29    1.323346   1.638756   10.034745  20.513894
  16   30    1.214915   1.633940   37.515912  32.239828
  16   31    1.129260   1.666291    6.121813  10.074724
  16   32    1.054271   1.658951    1.826912   9.976749
  16   33    0.937082   1.627246   11.472070  37.450945
  16   34    0.803873   1.697907   39.251632  33.048394
  16   35    0.722918   1.663467    6.412132  20.205086
  16   36    0.663434   1.609426   18.702568  13.182233
  16   37    0.504406   1.640486   18.010886  29.975025
  16   38    0.464374   1.639899   15.541876  15.650832
  16   39    0.385323   1.630052    7.627201  38.355983
  16   40    0.252802   1.665883    6.222755  29.012741
  16   41    0.197378   1.608516   19.381149  15.460315
  16   42    0.087680   1.663247    8.151829   4.545949
  17    0    4.216766   1.762360   21.747196   6.639732
  17    1    4.136403   1.763374   39.334277  24.549937
  17    2    4.029066   1.771527   32.006945  34.299873
  17    3    3.906937   1.781370   20.527539  13.262677
  17    4    3.808948   1.736255   22.088010   9.432469
  17    5    3.759488   1.791600   22.043512  14.959203
  17    6    3.670865   1.723731    4.354726  11.435673
  17    7    3.591359   1.781818   28.003165  10.868750
  17    8    3.433571   1.737192   27.205404  24.988407
  17    9    3.386186   1.738730   12.761605   9.867699
  17   10    3.224760   1.751940   12.869942  29.189912
  17   11    3.163207   1.705048   37.385675   7.475957
  17   12    3.032531   1.720323    3.590664  16.871003
  17   13    2.953515   1.700928   38.480220   3.504629
  17   14    2.887601   1.720809    7.408284  40.928831
  17   15    2.768417   1.721124   37.323229  40.773235
  17   16    2.634321   1.715114   11.064010  19.732260
  17   17    2.510105   1.703288    4.184121  15.634966
  17   18    2.419543   1.781688   15.067818  25.090317
  17   19    2.306754   1.712556   10.863507  15.618836
  17   20    2.296267   1.713922   24.772012   3.971425
  17   21    2.132987   1.702870   33.906812  40.317878
  17   22    2.003725   1.707047    1.328247  29.106513
  17   23    1.902329   1.796473   31.608227  38.722831
  17   24    1.847194   1.709002   37.695252  33.804334
  17   25    1.790812   1.769564   29.835492   9.521121
  17   26    1.659322   1.777417   37.403544   2.752707
  17   27    1.570360   1.744340   34.870104  20.451196
  17   28    1.480127   1.767380   17.572501   3.274650
  17   29    1.396860   1.765459    5.871582   8.622633
  17   30    1.245060   1.772813   32.714222  10.453731
  17   31    1.111023   1.782417   25.238502   5.782726
  17   32    1.019660   1.758047   22.147644   4.738244
  17   33    0.970201   1.768439    2.053063  30.830579
  17   34    0.865323   1.745570   21.385483  22.079140
  17   35    0.736252   1.781157   11.960023  26.450037
  17   36    0.663569   1.770946   26.645603  34.351974
  17   37    0.598355   1.710699   36.244884   7.553119
  17   38    0.465943   1.776575    1.677485  11.758400
  17   39    0.310359   1.766771   13.540296  36.295896
  17   40    0.273311   1.792174   27.383529  29.098106
  17   41    0.169824   1.727889   39.503686  21.749116
  17   42    0.081796   1.741822   17.254004  24.247355
  18    0    4.260317   1.813126    2.973198  21.876132
  18    1    4.162990   1.824878   35.423483  39.875632
  18    2    4.019855   1.839582   11.523089  21.291063
  18    3    3.973301   1.841254   19.195712  38.377208
  18    4    3.886581   1.897214   35.003772  30.340382
  18    5    3.711425   1.870289   24.172879  35.189727
  18    6    3.607777   1.806786    2.565800  39.371462
  18    7    3.563948   1.866851   17.664341  27.117270
  18    8    3.480299   1.826369    6.831086  26.621920
  18    9    3.396907   1.808345   24.838927  39.970608
  18   10    3.219294   1.837176   18.288787  18.983908
  18   11    3.165947   1.811903    2.123972  23.782735
  18   12    3.027764   1.870457   33.657280  21.967812
  18   13    2.929269   1.842357   13.643337   4.053029
  18   14    2.862077   1.833781   33.867764  28.510137
  18   15    2.756117   1.848433   39.025705  13.918720
  18   16    2.657989   1.857222   30.489059   5.840662
  18   17    2.528874   1.897175    4.703515   4.847682
  18   18    2.498020   1.807801   33.827249  25.444274
  18   19    2.339124   1.824717    5.861958   2.391824
  18   20    2.264237   1.814004   21.597874  23.223180
  18   21    2.177128   1.885304   12.486524  38.735731
  18   22    2.030523   1.801270    3.982434  15.285541
  18   23    1.910175   1.859861   30.496644  15.220459
  18   24    1.805389   1.864031   29.045045  29.356841
  18   25    1.738132   1.880422   37.742044  25.717748
  18   26    1.640150   1.890275   11.899125  22.630673
  18   27    1.504275   1.837373   34.677477   5.675199
  18   28    1.467996   1.810480    1.678079   3.945870
  18   29    1.326078   1.862752   40.820583  21.848287
  18   30    1.237040   1.864422    2.277994  21.497289
  18   31    1.194167   1.824704   30.636657   4.180397
  18   32    1.044870   1.866521   16.004423  16.857810
  18   33    0.967997   1.825756   36.283202   3.987363
  18   34    0.873407   1.803248   23.669403  21.909471
  18   35    0.774049   1.870692   29.686184  21.548330
  18   36    0.661098   1.814540   30.348913  27.351929
  18   37    0.586484   1.858575   12.708979   1.400061
  18   38    0.434509   1.895306   12.925037  39.776800
  18   39    0.341188   1.857879   31.714052  25.077099
  18   40    0.253304   1.802745    3.701164   8.866694
  18   41    0.101978   1.843697   31.606493  38.735556
  18   42    0.001438   1.870598   33.792613   7.098101
  19    0    4.262542   1.911636   14.487570  37.043561
  19    1    4.183045   1.912360   40.659149   1.397596
  19    2    4.029244   1.934290   29.335548   4.916761
  19    3    3.954080   1.942080   36.059894   9.521137
  19    4    3.888487   1.993065   11.670061  15.122526
  19    5    3.740190   1.953610   33.875222  23.496539
  19    6    3.617633   1.900657   15.945410  12.471884
  19    7    3.557624   1.976926   11.654281   8.289525
  19    8    3.450775   1.927626   18.457197  24.263471
  19    9    3.367141   1.973699    5.410834  25.924076
  19   10    3.259754   1.960272   14.835795  21.839121
  19   11    3.150967   1.943269   34.104213  13.608092
  19   12    3.056814   1.946435   33.739199  19.556031
  19   13    2.909759   1.984984   38.406183  38.985714
  19   14    2.868155   1.930830   17.146859  35.175743
  19   15    2.730368   1.903110   37.768637   6.457950
  19   16    2.667401   1.942197   37.695184   9.615498
  19   17    2.575847   1.946548   20.471061  35.583564
  19   18    2.494618   1.970800   34.784445  14.202833
  19   19    2.396734   1.947110    3.240792  35.892523
  19   20    2.219994   1.966722   33.725875  20.019602
  19   21    2.157064   1.957378   30.203147   2.014561
  19   22    2.041698   1.996893   25.986832   6.616916
  19   23    1.909868   1.991949   25.332566   8.845785
  19   24    1.834652   1.921973   13.630947   6.327804
  19   25    1.745110   1.944348    8.239980  38.546524
  19   26    1.691087   1.992930   37.339239  15.599727
  19   27    1.568061   1.985984   30.045658  19.483948
  19   28    1.414740   1.921610   34.937254  36.214358
  19   29    1.348057   1.953209    4.250882   1.803295
  19   30    1.248435   1.949548   36.142332  36.957387
  19   31    1.106378   1.993879   36.935818  35.131862
  19   32    1.029514   1.924973    9.284180  30.246399
  19   33    0.987681   1.975793   21.275069  10.990210
  19   34    0.879231   1.999194   37.040985  18.420205
  19   35    0.781993   1.955928   33.276396   5.805375
  19   36    0.640696   1.970457   10.772370  40.838292
  19   37    0.533648   1.971636    8.812207  29.991154
  19   38    0.485346   1.935882   16.819546  25.634395
  19   39    0.389947   1.942773   16.427459  34.380891
  19   40    0.210143   1.960247    3.182094  18.913507
  19   41    0.105420   1.967208    6.071653  27.368445
  19   42    0.046854   1.934130    1.269856  29.376920
  20    0    4.227673   2.051213   10.816728  14.433395
  20    1    4.100723   2.073340   14.967485  27.805262
  20    2    4.047744   2.040981    6.786643  26.296801
  20    3    3.928747   2.006566   38.038270  18.524742
  20    4    3.801653   2.011813   35.938576  32.774177
  20    5    3.757511   2.008837   40.932905  33.927184
  20    6    3.660574   2.027504    6.999668   6.462642
  20    7    3.527133   2.064637   19.357937  33.309709
  20    8    3.444570   2.004013   11.777347   3.719519
  20    9    3.331406   2.086433   39.497699  13.745241
  20   10    3.239287   2.098723   27.225297  29.959971
  20   11    3.104551   2.071872    8.572580   3.390345
  20   12    3.086310   2.099442   38.061236  12.121583
  20   13    2.982287   2.056070    4.455566   6.582192
  20   14    2.856059   2.005716   30.396681  13.214086
  20   15    2.738996   2.004165   14.358029   5.271775
  20   16    2.697174   2.079143   13.752993  12.192765
  20   17    2.573809   2.093712   20.134817  32.785808
  20   18    2.488257   2.089073   27.002012  16.964377
  20   19    2.386263   2.056521    6.547761   3.605051
  20   20    2.296663   2.095399   13.183687  19.154743
  20   21    2.146955   2.085174   18.865759   6.792113
  20   22    2.074703   2.091112   28.817158  16.337454
  20   23    1.930235   2.060723   17.468692  30.897118
  20   24    1.896188   2.073883    5.235788  20.743496
  20   25    1.734455   2.024988    9.661455  24.614892
  20   26    1.655673   2.028126    2.640755   3.041855
  20   27    1.570705   2.003366   22.693474  10.162684
  20   28    1.419072   2.076822   31.981817   5.601520
  20   29    1.353165   2.082227   37.018124  15.292721
  20   30    1.227492   2.005887   25.437978   1.715590
  20   31    1.173354   2.058725   25.115546  35.049218
  20   32    1.016202   2.072875   13.184810  35.588508
  20   33    0.986546   2.010268   18.741403  35.824766
  20   34    0.817577   2.086587   12.299262  32.457766
  20   35    0.781488   2.075892   16.253187  11.966360
  20   36    0.670678   2.084441   33.066853  19.041728
  20   37    0.544314   2.002429   21.704754  19.126600
  20   38    0.460794   2.040432   38.620206  21.575537
  20   39    0.364148   2.084654   18.688823  18.750963
  20   40    0.259848   2.008094   15.751927  12.017369
  20   41    0.161411   2.020443   24.446237  34.537293
  20   42    0.032993   2.040087    7.908928  32.577648
  21    0    4.250202   2.109550   23.549842  24.399037
  21    1    4.118047   2.128840   25.789323   4.544087
  21    2    4.073368   2.147711   25.509923  10.409014
  21    3    3.972563   2.181180   26.627105  39.445803
  21    4    3.873019   2.106567    6.937160  24.395835
  21    5    3.718442   2.173912   40.163876  38.920006
  21    6    3.680199   2.144306    6.438178  38.310416
  21    7    3.595884   2.137062   17.470954  34.215115
  21    8    3.425353   2.161924   19.207786  16.175328
  21    9    3.367307   2.176800    8.199257  37.084437
  21   10    3.285917   2.105659   28.321079  28.375025
  21   11    3.187532   2.181032   32.498409  30.894893
  21   12    3.099024   2.117413   31.017651   9.240339
  21   13    2.979111   2.147221   25.760594   4.095542
  21   14    2.875792   2.151897   30.809208  15.325910
  21   15    2.721083   2.134222   17.508735  17.761007
  21   16    2.659029   2.111715   30.030936  34.474553
  21   17    2.575767   2.167724   20.162643   4.745207
  21   18    2.468458   2.199778   32.496076  24.707864
  21   19    2.341394   2.122360   29.080836  40.051085
  21   20    2.276664   2.152193   32.202149   7.177686
  21   21    2.128403   2.162649   32.189796  40.342384
  21   22    2.054967   2.194178    1.576425  18.858365
  21   23    1.914209   2.149592   35.676504   5.093793
  21   24    1.821300   2.156562    1.537213  28.355044
  21   25    1.735017   2.110130   31.634132   2.696120
  21   26    1.611922   2.101080   35.686661  12.148547
  21   27    1.523956   2.122590    4.214858  11.903449
  21   28    1.485395   2.128939    2.239807  38.792724
  21   29    1.302378   2.192847   12.757807  12.329563
  21   30    1.250779   2.189031   19.833661  15.025442
  21   31    1.175578   2.183131   23.524226  17.271217
  21   32    1.092357   2.159686   37.149207  30.449710
  21   33    0.975517   2.108237    6.085994  17.956161
  21   34    0.840431   2.150997   21.318214  36.386747
  21   35    0.731291   2.132361   26.077717  20.384130
  21   36    0.611887   2.163526   36.375884  29.698118
  21   37    0.533192   2.183858   12.936643  24.249322
  21   38    0.415193   2.143593   10.559339  23.819357
  21   39    0.388084   2.154936   39.418738  38.003202
  21   40    0.282378   2.195368   30.041105  36.942834
  21   41    0.142665   2.168615   39.093319   4.936786
  21   42    0.055285   2.145626   26.725730  31.232914
  22    0    4.276863   2.276261   28.682696  32.231866
  22    1    4.115010   2.208308   29.026790  37.151787
  22    2    4.042158   2.295556   14.027338   8.250948
  22    3    3.901933   2.262909   37.080583  33.419633
  22    4    3.839070   2.211012    1.621147   2.905998
  22    5    3.729133   2.243246   27.641866   5.828135
  22    6    3.694356   2.236922   32.075481  11.766390
  22    7    3.544190   2.231300   28.946054  17.071640
  22    8    3.411645   2.286148   17.534632  26.636770
  22    9    3.343552   2.264586   32.111386   4.955578
  22   10    3.229295   2.297178    1.979524  13.655869
  22   11    3.189584   2.294919    3.193586  27.787087
  22   12    3.026193   2.246633   31.520463  34.537587
  22   13    2.923325   2.281452   28.794642  33.448075
  22   14    2.870022   2.214713    1.193832  17.396015
  22   15    2.705718   2.261491   28.166375  22.596281
  22   16    2.603214   2.277039   35.441687  10.666352
  22   17    2.556680   2.218902   16.038535  26.635203
  22   18    2.409358   2.267917    1.367266  16.953984
  22   19    2.394910   2.261775    2.940213  27.539081
  22   20    2.297254   2.297272    7.023502  23.214325
  22   21    2.111663   2.228563   33.572452   9.314412
  22   22    2.081151   2.206334    1.405666  19.486316
  22   23    1.939001   2.265033   28.828955  29.824825
  22   24    1.823836   2.215585   28.483363  30.472795
  22   25    1.797127   2.253162   13.350895  16.901421
  22   26    1.644354   2.252605   14.521138  32.581256
  22   27    1.526423   2.227480   18.040869   4.106012
  22   28    1.474031   2.247115   26.101022  13.608851
  22   29    1.327666   2.284395    5.750109   9.210011
  22   30    1.273303   2.245888    5.674418  33.075773
  22   31    1.148658   2.275684   18.392116   2.397015
  22   32    1.097533   2.231121   32.134772  38.281478
  22   33    0.967116   2.278588   25.024973  11.392465
  22   34    0.822548   2.222472    5.816551  24.478546
  22   35    0.728174   2.251859   22.983606   7.169057
  22   36    0.610084   2.205146   40.490118  17.129233
  22   37    0.500209   2.219613    7.932389   6.571897
  22   38    0.409598   2.254281   39.336125  20.030151
  22   39    0.314962   2.273007    3.747483  17.152711
  22   40    0.256132   2.219293   17.547152  35.160758
  22   41    0.157023   2.243495   29.427423  34.697729
  22   42    0.033942   2.290977   31.118339  38.431705
  23    0    4.263784   2.380859   37.769488   5.379167
  23    1    4.132551   2.398821   39.552862  30.079369
  23    2    4.089797   2.364178    9.338459   2.155563
  23    3    3.925695   2.376351   29.622124   9.273219
  23    4    3.879232   2.384581    5.293459  38.991516
  23    5    3.754308   2.388268   17.984635  29.572987
  23    6    3.676766   2.364897   33.927594  36.662695
  23    7    3.592248   2.334727   12.381586  15.192909
  23    8    3.490712   2.323174   28.314198  20.357311
  23    9    3.317924   2.335306    4.291201  37.600637
  23   10    3.202576   2.344612   26.242550  31.980527
  23   11    3.106254   2.348064   30.338013  27.798708
  23   12    3.094469   2.399548   28.664974  39.013639
  23   13    2.993594   2.397516   35.417266  31.706793
  23   14    2.839936   2.333946   29.166328  36.975119
  23   15    2.753341   2.369464   17.408704  24.383246
  23   16    2.674749   2.363200   34.505904  13.975971
  23   17    2.551816   2.380308   11.518093  23.394796
  23   18    2.432078   2.320103   15.070878  33.557139
  23   19    2.332881   2.343799    1.698854  22.463526
  23   20    2.291220   2.343473   34.119462  35.942021
  23   21    2.105397   2.339172   27.270267  23.590606
  23   22    2.050658   2.345193   25.981010  18.032459
  23   23    1.980198   2.331140   24.762766  19.176559
  23   24    1.894753   2.360319   25.919366  28.921887
  23   25    1.722701   2.304473   28.184905   5.228138
  23   26    1.678700   2.367433   18.154821  30.394637
  23   27    1.553561   2.353709    5.320626  32.562218
  23   28    1.408678   2.364549    3.579099  40.825698
  23   29    1.342978   2.311982   33.329558   4.987428
  23   30    1.243187   2.399678   34.986866  26.090557
  23   31    1.104321   2.312058   33.837088  11.764528
  23   32    1.087618   2.384507   25.186300   2.540047
  23   33    0.999654   2.347367   15.865052  36.216883
  23   34    0.896920   2.364726   22.140342  14.790452
  23   35    0.723569   2.341154   34.367934  33.182683
  23   36    0.641019   2.381118    5.329294   5.024424
  23   37    0.532430   2.337817   22.803523  15.070863
  23   38    0.424240   2.331853    8.814514  20.693575
  23   39    0.333643   2.302106   20.081051   9.603010
  23   40    0.283476   2.338277   39.021990  33.958936
  23   41    0.144057   2.349034    5.393892  31.893838
  23   42    0.020241   2.324039   29.053662  28.900768
  24    0    4.267874   2.430215   18.857963  29.343136
  24    1    4.148971   2.440522   36.373420  31.474537
  24    2    4.032635   2.470772    1.541029  29.882391
  24    3    3.968061   2.410327    7.003761  12.385171
  24    4    3.856918   2.485056   35.382191  12.439628
  24    5    3.781131   2.414944   16.908146   4.497029
  24    6    3.605309   2.499134    1.664866   3.056289
  24    7    3.513878   2.422773   40.023184  24.092327
  24    8    3.415020   2.473296   26.120678  20.910318
  24    9    3.386614   2.439291   22.443803  29.236082
  24   10    3.254208   2.448841   39.405692  35.569895
  24   11    3.114218   2.462443    3.553650  28.700933
  24   12    3.094601   2.439950   33.604523  10.122608
  24   13    2.913731   2.443220   17.432018  11.350531
  24   14    2.850501   2.453654   18.581894  34.395156
  24   15    2.705171   2.483908   11.657670  38.575484
  24   16    2.652493   2.448784   36.415288  18.298962
  24   17    2.593421   2.454645   35.668958  31.321177
  24   18    2.487418   2.438174   37.806393  17.407431
  24   19    2.318143   2.472682   37.128762   8.442062
  24   20    2.246206   2.497555    1.283121   1.190868
  24   21    2.154675   2.468138    2.281758  34.562376
  24   22    2.078094   2.469205   24.168014  28.905392
  24   23    1.941739   2.455075    5.080658  33.318517
  24   24    1.853575   2.438807   33.702943   8.952503
  24   25    1.701533   2.437337   29.897075  35.803633
  24   26    1.689107   2.419903   17.384051   4.596261
  24   27    1.504396   2.404893    3.921765   4.230301
  24   28    1.484150   2.401910   13.474952  12.245353
  24   29    1.313750   2.418305   37.898028  17.272472
  24   30    1.265563   2.404889   15.830276  38.077633
  24   31    1.127365   2.436453   27.621142   6.243181
  24   32    1.025682   2.437060   31.575695  14.605044
  24   33    0.908258   2.415815   33.675755  30.209824
  24   34    0.878580   2.469555   25.854635  30.847124
  24   35    0.772667   2.498357   33.172211  33.344118
  24   36    0.644082   2.426935   34.765953  18.101627
  24   37    0.573506   2.409480    4.781863  19.249188
  24   38    0.401043   2.441749    5.780887  37.871102
  24   39    0.385613   2.407489   27.160493   4.701516
  24   40    0.230183   2.436709   14.341698  19.324568
  24   41    0.163820   2.461718   20.887996  19.190805
  24   42    0.092484   2.479042    6.008436  30.743759
  25    0    4.206516   2.587672   25.341583  36.836138
  25    1    4.161697   2.598131    5.434361  22.723706
  25    2    4.015864   2.534480   34.458786  23.702106
  25    3    3.948944   2.569797   16.614600  10.467753
  25    4    3.801189   2.502454   19.135635  16.233901
  25    5    3.723704   2.548375   13.266668  28.337400
  25    6    3.624330   2.566698   39.044433  35.475681
  25    7    3.548677   2.571221    3.865579  11.887687
  25    8    3.434846   2.596470   12.944600   6.931825
  25    9    3.306036   2.569351   32.770295  40.939150
  25   10    3.288959   2.589421   14.099162  17.376012
  25   11    3.199562   2.592619   27.042356  31.807676
  25   12    3.089021   2.584824    6.198467  37.608367
  25   13    2.970925   2.598198   17.971584  37.633918
  25   14    2.819997   2.580568   15.231817  34.106229
  25   15    2.769073   2.557044   16.987797   2.824232
  25   16    2.696101   2.554963    4.036759  22.709411
  25   17    2.559263   2.504649   27.551583  40.935401
  25   18    2.464216   2.586278   18.794816   3.926137
  25   19    2.352669   2.599556    7.781183  24.905747
  25   20    2.241091   2.570483   30.531534  22.141145
  25   21    2.178844   2.555976   22.986645  14.355521
  25   22    2.088573   2.560783   19.717759   9.952762
  25   23    1.911474   2.585278   22.946445  36.749795
  25   24    1.855218   2.591316    8.358138  14.061081
  25   25    1.792935   2.515216    5.675847  27.537366
  25   26    1.633663   2.501780   11.491891  10.574659
  25   27    1.585085   2.555469   27.600330  38.949526
  25   28    1.400986   2.549767   18.819959   5.298479
  25   29    1.302545   2.543386   29.461475  27.962838
  25   30    1.224029   2.583242    7.211712  38.511253
  25   31    1.160391   2.534805    7.946767  31.000384
  25   32    1.023290   2.546844   26.133444  33.935403
  25   33    0.990752   2.501381   34.948827   6.266261
  25   34    0.897476   2.512626   30.579958  28.048438
  25   35    0.752241   2.558075    9.523665  34.178412
  25   36    0.616193   2.558325   39.879608  28.579682
  25   37    0.572436   2.572274   22.031579  32.185192
  25   38    0.490472   2.564427   15.782209  19.981701
  25   39    0.326842   2.599499   15.608415  22.321386
  25   40    0.229984   2.565044   19.528310  18.861009
  25   41    0.167794   2.549698    7.028967   8.179695
  25   42    0.091760   2.567039    5.137382  23.798016
  26    0    4.273722   2.612865   37.188318  32.544037
  26    1    4.118124   2.646812   34.941520   1.681440
  26    2    4.092978   2.663037   20.841044  37.751313
  26    3    3.951288   2.644864    3.430347  26.627753
  26    4    3.807140   2.615688   35.902218  17.918594
  26    5    3.798680   2.604455    6.761848  17.751528
  26    6    3.636237   2.635112   14.528241  35.493008
  26    7    3.506560   2.642638   17.832929   8.497861
  26    8    3.452792   2.675604   31.359570  14.151921
  26    9    3.379876   2.699411   40.592576   2.943368
  26   10    3.262895   2.693073   28.721501  15.901300
  26   11    3.163527   2.683911   22.319528  33.417570
  26   12    3.050664   2.682185   34.243197   2.290480
  26   13    2.974349   2.625336   18.875443  28.991767
  26   14    2.867559   2.678199   33.269233  27.981863
  26   15    2.744116   2.640646   35.483629  15.827858
  26   16    2.679913   2.612398   16.601996  19.484373
  26   17    2.501730   2.651180    4.372429  38.074823
  26   18    2.466874   2.625309   13.527323  32.679834
  26   19    2.387518   2.615882   30.661438  11.945947
  26   20    2.286611   2.622898   20.739831  39.841724
  26   21    2.154166   2.600183   19.157804  25.805142
  26   22    2.001229   2.607486    9.698471  30.166077
  26   23    1.967339   2.666422    7.268889  15.536056
  26   24    1.870235   2.627353   38.106864  37.404636
  26   25    1.774375   2.654236   13.026670  37.162953
  26   26    1.688740   2.666815   25.627085  34.010645
  26   27    1.561719   2.617489    2.258292   7.637685
  26   28    1.459738   2.642028   19.599581  13.277986
  26   29    1.370858   2.698074    5.226264  29.902362
  26   30    1.249880   2.676849   13.456002  19.274715
  26   31    1.188536   2.646318   30.600850  19.782660
  26   32    1.085082   2.607800   28.675766  18.942295
  26   33    0.969874   2.642750   33.416259  29.962007
  26   34    0.896126   2.607488   30.551266  21.552217
  26   35    0.792801   2.636619   33.701313  20.232205
  26   36    0.625082   2.621833   38.690652  17.781936
  26   37    0.578782   2.692832   33.764327  13.411356
  26   38    0.450963   2.687991   35.101227  13.992425
  26   39    0.348356   2.630876    4.651003   2.765277
  26   40    0.287416   2.637103    5.860523  36.859920
  26   41    0.110364   2.646791   26.083195  39.463894
  26   42    0.046620   2.688816   36.796206  39.334757
  27    0    4.210972   2.732437   29.225474  27.549424
  27    1    4.151674   2.712977   19.260010  30.970521
  27    2    4.092741   2.745027   27.915468   9.088462
  27    3    3.914891   2.767993    8.994977   3.987027
  27    4    3.834980   2.734337   31.533047  13.625410
  27    5    3.781288   2.725052   19.259319  11.000972
  27    6    3.664485   2.704981   11.472441  33.749985
  27    7    3.565399   2.752727   18.784311  31.178408
  27    8    3.440523   2.776818   23.220478  12.536865
  27    9    3.385224   2.767456   25.807656  38.633502
  27   10    3.229537   2.707800   27.333180   8.810849
  27   11    3.119666   2.751949    1.337845  40.218350
  27   12    3.093542   2.760492   25.142001  22.636199
  27   13    2.985270   2.705817   27.969095  19.418950
  27   14    2.821550   2.725987   28.810095  36.124171
  27   15    2.744348   2.720503   14.980507  28.892707
  27   16    2.635621   2.767105   40.398002  13.598036
  27   17    2.519803   2.764099   16.117136  36.253217
  27   18    2.402250   2.706517   20.887275  30.350209
  27   19    2.301987   2.720678   23.364766  26.028320
  27   20    2.275780   2.764853   27.649569  40.671421
  27   21    2.189876   2.753502    8.194197  15.287792
  27   22    2.093443   2.748840    7.637820  13.527174
  27   23    1.912658   2.751787   21.164944  11.257303
  27   24    1.831333   2.700199   33.615177  18.202042
  27   25    1.728501   2.776653   11.442312   6.305616
  27   26    1.617260   2.742254   22.026432  12.427680
  27   27    1.594844   2.743506    9.695847  29.012297
  27   28    1.479930   2.703155   13.655744  11.955728
  27   29    1.348967   2.765257   31.011260   9.593527
  27   30    1.294259   2.752080   12.003511   3.232096
  27   31    1.128921   2.733654   18.861957  13.783917
  27   32    1.059877   2.757971   39.354326  39.774457
  27   33    0.903075   2.734441    6.850383  11.342533
  27   34    0.823998   2.769102    6.796997  38.050033
  27   35    0.761600   2.776142   21.843447  13.671667
  27   36    0.630849   2.716186    1.996677  20.096145
  27   37    0.555133   2.761980   10.290357  19.607175
  27   38    0.447671   2.761728   37.308224  17.821234
  27   39    0.344692   2.749773   38.925261  29.259556
  27   40    0.282116   2.754008   10.858953  37.869443
  27   41    0.152575   2.725601    1.721145  22.855211
  27   42    0.067435   2.795310   14.518027  26.127101
  28    0    4.276551   2.863616   16.875507  14.847674
  28    1    4.150371   2.800945   15.208783  27.394813
  28    2    4.049070   2.856593   20.772391   3.138894
  28    3    3.972032   2.808095   19.809347  28.444128
  28    4    3.889552   2.879636   40.279417  39.070974
  28    5    3.784286   2.891685   28.925976  21.623118
  28    6    3.610963   2.892898   10.402514  25.919075
  28    7    3.593302   2.858248   31.112597  31.370462
  28    8    3.401976   2.898304    1.235130  11.936512
  28    9    3.367901   2.818127   26.649105   7.442983
  28   10    3.212935   2.839902    6.302734  38.573386
  28   11    3.193220   2.881404   38.780025   6.356875
  28   12    3.027644   2.877873   23.817529  35.310390
  28   13    2.989952   2.883565   30.354216  36.488177
  28   14    2.803707   2.872126   33.022294  19.619763
  28   15    2.756046   2.823203   35.095341  12.473369
  28   16    2.611670   2.883032   29.716410   3.885663
  28   17    2.521245   2.885938   35.271924  10.996261
  28   18    2.497684   2.834022   18.221123  10.686543
  28   19    2.335206   2.836256   11.324833   2.742681
  28   20    2.235697   2.883641    1.455203  13.662445
  28   21    2.137202   2.882126   34.049129  14.249760
  28   22    2.023366   2.823072    6.456191  13.260399
  28   23    1.979520   2.856003   26.216255   8.571933
  28   24    1.810957   2.849250   29.596517  24.971481
  28   25    1.797665   2.810236    8.061621  25.131101
  28   26    1.634404   2.863395    3.907801  22.243350
  28   27    1.538364   2.894912   19.851700   6.813672
  28   28    1.452537   2.810095   40.340750  37.072417
  28   29    1.371081   2.871820    4.783799  26.322571
  28   30    1.264158   2.803071   35.452082  38.350114
  28   31    1.120410   2.819467   16.760745  23.987557
  28   32    1.003193   2.880295   29.924018   1.358034
  28   33    0.965181   2.801003   30.121788   5.682549
  28   34    0.879612   2.893376    5.485910  31.377032
  28   35    0.755512   2.899409   12.200084   2.193944
  28   36    0.650079   2.863930    2.221644  30.195685
  28   37    0.501248   2.872451   14.616168  40.329248
  28   38    0.465509   2.833135    3.910534  36.373829
  28   39    0.384391   2.843680    5.505926   1.250611
  28   40    0.252751   2.889722   15.963468  28.437190
  28   41    0.144097   2.825143    2.420592  22.963238
  28   42    0.044559   2.886401   28.680133  14.749458
  29    0    4.275688   2.962506   14.425394   1.583878
  29    1    4.175803   2.945009   37.967223   4.628441
  29    2    4.074874   2.903898    1.962526  39.959980
  29    3    3.914592   2.906656   26.321571   2.343274
  29    4    3.845023   2.920107   34.333171  22.405371
  29    5    3.794492   2.904721   28.796230   8.949956
  29    6    3.668769   2.945609   27.192379  20.763633
  29    7    3.558502   2.925736    1.831588  36.492791
  29    8    3.425660   2.967450   36.239665  39.705687
  29    9    3.316719   2.976064   17.247649  14.919652
  29   10    3.214778   2.962144   28.327246   8.113380
  29   11    3.157846   2.990695   39.357690   4.129269
  29   12    3.015377   2.969523   27.496909  38.596195
  29   13    2.939716   2.904606   10.077562  31.889064
  29   14    2.889599   2.996854   20.995544   8.633523
  29   15    2.715968   2.956796    5.068969   2.932387
  29   16    2.699174   2.966578    9.108481  24.530233
  29   17    2.534809   2.912479   33.369108  25.364277
  29   18    2.472788   2.956654   12.688770  33.318599
  29   19    2.371481   2.969843   33.623130  17.575243
  29   20    2.222398   2.933780   33.549672  27.934957
  29   21    2.128603   2.964389   11.949944  32.182811
  29   22    2.065274   2.946621   15.426638  27.444766
  29   23    1.958003   2.996051   29.635940   3.090944
  29   24    1.863929   2.928745   17.004152  26.785075
  29   25    1.723962   2.982147    3.265268  27.577722
  29   26    1.648346   2.959067    3.541848  39.438702
  29   27    1.540966   2.982660   25.559389  37.392015
  29   28    1.434002   2.941393    9.923400   1.649731
  29   29    1.379133   2.953422   32.112659  31.160146
  29   30    1.295229   2.994045    5.490729  28.235284
  29   31    1.137399   2.957501    7.374776  14.973906
  29   32    1.096297   2.985579   39.815132  27.743782
  29   33    0.938384   2.905409   22.644984  28.851561
  29   34    0.822340   2.913223    8.596019  38.655279
  29   35    0.799505   2.900699   29.506994   3.833816
  29   36    0.688904   2.996965   10.166984  38.514719
  29   37    0.582497   2.939130   14.047623  17.797006
  29   38    0.442353   2.954101    5.628014   4.334306
  29   39    0.317917   2.946742   10.366256  37.636111
  29   40    0.293762   2.926564   29.411698  25.296484
  29   41    0.142503   2.945065   16.296254  11.290495
  29   42    0.056172   2.956514    2.130354   7.734320
  30    0    4.275490   3.000098    9.923513   5.155567
  30    1    4.179189   3.044434   33.840066   7.561431
  30    2    4.094986   3.045809   32.401464  10.743907
  30    3    3.995921   3.078366   13.396681  36.768863
  30    4    3.857477   3.072594   40.725808  29.029694
  30    5    3.715112   3.092952   18.367871  38.301683
  30    6    3.632347   3.036473   23.546419   1.730565
  30    7    3.506066   3.002568   10.004436   7.573334
  30    8    3.498951   3.075759   33.757829  15.851400
  30    9    3.335605   3.054144   39.063090  39.071125
  30   10    3.276364   3.018515    3.523853   1.134782
  30   11    3.124769   3.062114   20.812020  32.951531
  30   12    3.025351   3.026323   30.555898  29.633231
  30   13    2.998348   3.020502    1.339591  29.219307
  30   14    2.878417   3.047719   18.878625  32.438614
  30   15    2.702601   3.035258   12.325601   6.029713
  30   16    2.616977   3.048100    2.980653  30.674441
  30   17    2.565604   3.083756   17.723597   3.848478
  30   18    2.424736   3.042017   21.162086  36.177066
  30   19    2.370696   3.087743   13.341784  18.649427
  30   20    2.203328   3.078427   32.054674  11.862148
  30   21    2.106342   3.081050    9.099141   5.025020
  30   22    2.040035   3.019862    7.704523  12.593004
  30   23    1.945488   3.064036    3.772423  24.030358
  30   24    1.868125   3.012388   27.271294  14.437825
  30   25    1.794103   3.062974   33.338780  20.776526
  30   26    1.657885   3.064843   17.311910  23.523034
  30   27    1.532106   3.054522   16.557800   3.234451
  30   28    1.420869   3.043012   17.780859  35.260365
  30   29    1.350218   3.072904   35.225819  36.405774
  30   30    1.201185   3.037268   17.293229  10.545574
  30   31    1.163572   3.090603   31.574447  24.962543
  30   32    1.065823   3.080648   16.860675   7.596983
  30   33    0.956994   3.052108    1.574277  12.652841
  30   34    0.891104   3.078393    8.224606  36.422393
  30   35    0.787879   3.044675   10.443831  38.214781
  30   36    0.674242   3.059736   31.074895   7.473200
  30   37    0.540473   3.010068   35.452865  15.236619
  30   38    0.477830   3.078014    2.856521   6.864855
  30   39    0.390079   3.036902   31.148182   7.346037
  30   40    0.240743   3.066149   35.530602   7.613157
  30   41    0.197375   3.024464   33.419219  10.306965
  30   42    0.061510   3.001132   25.570319  19.656116
  31    0    4.211483   3.175786   11.359688   9.047618
  31    1    4.179645   3.143341   26.636330  31.001515
  31    2    4.015832   3.160294   19.670632  10.338758
  31    3    3.946721   3.194369    8.790303  18.160534
  31    4    3.803085   3.184438   39.389331  40.786471
  31    5    3.792168   3.160474   33.769279   6.098182
  31    6    3.614526   3.122555    1.017538  24.999089
  31    7    3.548842   3.117868   32.757635  36.251531
  31    8    3.425313   3.189538   21.661589  20.233179
  31    9    3.310315   3.150754   21.257468  35.737123
  31   10    3.299838   3.181964   16.586010   1.518855
  31   11    3.145684   3.173358    5.072305  11.689165
  31   12    3.081229   3.174928    5.621280  25.209960
  31   13    2.998340   3.153159   22.083082   1.740508
  31   14    2.815614   3.138151   26.155504  29.099989
  31   15    2.742739   3.124100    6.409417  34.978659
  31   16    2.645270   3.126773   26.978774  33.689943
  31   17    2.567615   3.115773   14.713258  37.279433
  31   18    2.435170   3.109797   11.038103  11.889591
  31   19    2.395399   3.127406   18.816040  30.741133
  31   20    2.224658   3.122281   20.199837  33.378967
  31   21    2.135794   3.143923   24.464567   9.012479
  31   22    2.020129   3.166150   31.405531  25.052202
  31   23    1.906514   3.125449    2.994878  38.627801
  31   24    1.865573   3.138887   21.146360  20.411141
  31   25    1.736110   3.101328   20.807433   1.033352
  31   26    1.645709   3.139388   33.970149  18.471471
  31   27    1.592651   3.165051   20.981006  30.808866
  31   28    1.491205   3.185904   20.774211  16.689430
  31   29    1.357673   3.197460   32.016745   2.658853
  31   30    1.267067   3.182277   13.926226  22.612464
  31   31    1.187397   3.142164   30.617918  13.068379
  31   32    1.033802   3.185549   38.794462   5.402506
  31   33    0.972628   3.119317   28.574911  12.088435
  31   34    0.876321   3.160570   25.057696  21.075878
  31   35    0.725081   3.191741   28.239146   6.536299
  31   36    0.697801   3.155335   36.204256  14.249123
  31   37    0.581031   3.190821   16.733599  17.966584
  31   38    0.474832   3.194614   21.918683  24.375385
  31   39    0.323274   3.168706   25.961697  37.089018
  31   40    0.266182   3.168752   15.593544  25.901260
  31   41    0.179303   3.168029   33.640428  10.879288
  31   42    0.060389   3.189608    7.993023   9.469383
  32    0    4.257410   3.290713   39.997549  29.449586
  32    1    4.137123   3.296208   28.133954   5.237281
  32    2    4.033119   3.203374   25.436845  26.815840
  32    3    3.903880   3.218961   13.739038  39.578385
  32    4    3.895908   3.238417   36.389472  33.018892
  32    5    3.753094   3.253184   16.156038  22.876367
  32    6    3.610601   3.237135   39.733440  34.627214
  32    7    3.565072   3.250221   38.425819   8.819303
  32    8    3.439147   3.233942   30.577407  16.469063
  32    9    3.359475   3.207540   30.221150  24.545467
  32   10    3.206656   3.299333   13.868960   9.512285
  32   11    3.172103   3.228012   19.667261  26.187876
  32   12    3.080641   3.243258   27.201672  38.130304
  32   13    2.904826   3.222941    9.594201   5.810018
  32   14    2.864338   3.230266   10.359258  24.563117
  32   15    2.764300   3.253432   24.560102  23.420501
  32   16    2.683793   3.273171   16.549220   9.202461
  32   17    2.569905   3.240352    5.023541   1.699689
  32   18    2.474081   3.252875   40.942439   2.400600
  32   19    2.372932   3.224379   26.332213  21.266691
  32   20    2.242580   3.258627   14.049230  36.822528
  32   21    2.187556   3.224552   12.734228  30.760382
  32   22    2.006670   3.255161   30.626444  18.931651
  32   23    1.989502   3.226243   40.407396  18.703449
  32   24    1.869516   3.261025   19.224250  24.019370
  32   25    1.790557   3.227618   38.540912  23.063772
  32   26    1.610797   3.265830    3.145321  21.259262
  32   27    1.546192   3.287425    3.792936  39.622767
  32   28    1.429276   3.223262   20.503165  13.586897
  32   29    1.399568   3.246344   20.986614  11.705597
  32   30    1.281080   3.231399   19.230452  31.776620
  32   31    1.108072   3.239140   31.696152   1.523532
  32   32    1.011317   3.252192   22.302227  12.906950
  32   33    0.938252   3.275534   12.413619  37.323979
  32   34    0.877388   3.227947    9.102952  40.476566
  32   35    0.751677   3.243939   15.276208  40.739075
  32   36    0.609875   3.224215   40.780407   6.753140
  32   37    0.537708   3.284130   26.872763  25.169014
  32   38    0.451341   3.265710   10.593525  37.507629
  32   39    0.379566   3.282430   14.437424  18.731606
  32   40    0.254680   3.234694   24.675305  35.106896
  32   41    0.167310   3.266127   13.777331  24.254875
  32   42    0.010835   3.269747   14.296004   8.007901
  33    0    4.295469   3.312629   29.570341  23.984806
  33    1    4.110763   3.336905   27.625883  23.016969
  33    2    4.004065   3.343228   26.207851   8.125692
  33    3    3.928466   3.344855   27.160832   1.247984
  33    4    3.839635   3.341401   26.146793  14.025802
  33    5    3.740704   3.341225    8.388263  19.533647
  33    6    3.627602   3.321186   22.774009   6.766448
  33    7    3.574699   3.357946   15.934740  36.114277
  33    8    3.458985   3.372453   16.075228  32.107798
  33    9    3.397690   3.370253    5.350842  32.748919
  33   10    3.202896   3.326802   31.939939  29.190142
  33   11    3.131644   3.396096    1.852861  14.963843
  33   12    3.061689   3.320312    9.722538   3.084586
  33   13    2.992726   3.390577    1.754967  17.973854
  33   14    2.887840   3.377515   17.719151   6.232480
  33   15    2.718306   3.383456   27.989537  27.882101
  33   16    2.680763   3.304768   22.508641   3.008219
  33   17    2.554382   3.366888    8.027438  26.084433
  33   18    2.477779   3.360542   35.645330  33.085323
  33   19    2.333158   3.365236   10.674068  39.374616
  33   20    2.246305   3.365209    9.980063  26.981062
  33   21    2.174415   3.309137   17.631067   9.067089
  33   22    2.074098   3.323529   37.925271   1.100166
  33   23    1.994904   3.391969   16.377650  39.524200
  33   24    1.840980   3.359317   15.268783   9.793500
  33   25    1.707634   3.308443   22.839560  29.795204
  33   26    1.639003   3.303659   16.680184  38.392881
  33   27    1.537288   3.362241   35.477760  31.644615
  33   28    1.488355   3.335575   22.842570  23.878532
  33   29    1.369367   3.382465    6.842960  33.067811
  33   30    1.273569   3.347165   24.181639  28.780980
  33   31    1.188807   3.307117   14.306227  38.462096
  33   32    1.098704   3.394034   22.453086  29.114516
  33   33    0.948889   3.375915   38.589912  24.941759
  33   34    0.831194   3.396218   18.988377   8.584649
  33   35    0.743196   3.324438   36.887246  38.855956
  33   36    0.671881   3.374801   37.187982  39.007302
  33   37    0.532171   3.386951    6.772989  37.388576
  33   38    0.453554   3.345124   16.890266  10.822798
  33   39    0.301528   3.396211   37.771584  37.189534
  33   40    0.231882   3.338687   39.533258  17.783016
  33   41    0.102305   3.315114   19.363340  25.307298
  33   42    0.091168   3.392795   35.565615  16.335387
  34    0    4.241805   3.447291   37.373225  37.262708
  34    1    4.142696   3.429489    9.352117  32.922735
  34    2    4.060968   3.451549   25.100900  12.924500
  34    3    3.945691   3.443447   11.858141   1.363264
  34    4    3.846891   3.428552   21.214714  22.917256
  34    5    3.730061   3.432339   37.686583  37.670307
  34    6    3.689294   3.457184   23.346418  16.612784
  34    7    3.546032   3.432467   40.579792   1.116779
  34    8    3.496648   3.432759   34.487430  17.326291
  34    9    3.308726   3.467585   30.288113  28.044564
  34   10    3.241488   3.499588   38.701549   1.158976
  34   11    3.145415   3.479416   13.745718  38.864411
  34   12    3.005132   3.476333   33.333062  22.999027
  34   13    2.989844   3.484650   14.783470   8.887184
  34   14    2.839566   3.444204    6.803271  16.513279
  34   15    2.701500   3.495117   29.147605  20.072674
  34   16    2.658713   3.405227    4.252520  14.532132
  34   17    2.518081   3.445333   25.382099  13.477443
  34   18    2.412575   3.420662    7.698855  32.050632
  34   19    2.376647   3.494775   27.171650  21.128530
  34   20    2.285976   3.408102   33.048538   6.138910
  34   21    2.163081   3.410992   29.031252  31.245113
  34   22    2.098636   3.409870   13.207663  35.375529
  34   23    1.970465   3.494086    4.767411  12.175584
  34   24    1.865265   3.445017   14.708222  25.987562
  34   25    1.764864   3.473068    6.925123  28.112757
  34   26    1.603196   3.422600    4.676005  12.701545
  34   27    1.571729   3.490293    5.473779  23.595288
  34   28    1.450714   3.424823   25.631785  39.379789
  34   29    1.307794   3.491405   35.274233  13.998662
  34   30    1.281827   3.465250    7.531318  37.836810
  34   31    1.191790   3.455136   14.408342  15.664425
  34   32    1.072658   3.489480   29.613726  32.800965
  34   33    0.972710   3.429823   19.241322   2.011675
  34   34    0.890937   3.413512   39.041909  26.806706
  34   35    0.716581   3.491647   17.126367  40.920099
  34   36    0.643245   3.488493   38.982699  40.873150
  34   37    0.591833   3.403375   23.949990  33.869180
  34   38    0.424759   3.439620   15.688510   5.145006
  34   39    0.389335   3.431754   11.255665  18.763512
  34   40    0.273130   3.451661   22.306325  28.242182
  34   41    0.106065   3.476778   36.472349  16.069463
  34   42    0.031974   3.463912   36.553908  24.884731
  35    0    4.211105   3.576633    9.813587  11.833742
  35    1    4.180116   3.593359   20.067195  28.430101
  35    2    4.099275   3.578438    2.701920   1.349734
  35    3    3.980315   3.526379   29.136885  38.279955
  35    4    3.821228   3.506775    5.112394  23.682804
  35    5    3.745577   3.506545   19.716310  31.684158
  35    6    3.659197   3.519532   33.018043  39.961034
  35    7    3.512540   3.598925   33.996725   5.289825
  35    8    3.494810   3.513707   32.159259  27.283228
  35    9    3.349546   3.529697   31.510223   3.853650
  35   10    3.289544   3.532618   40.648037  15.291288
  35   11    3.112096   3.584037   14.634543   1.856033
  35   12    3.069361   3.530337   40.457149  23.899398
  35   13    2.990317   3.594883   16.538109  28.325845
  35   14    2.872939   3.569195    6.633358   8.367757
  35   15    2.771870   3.570561    9.017672  26.004995
  35   16    2.687682   3.561855   13.112833  21.853924
  35   17    2.569422   3.590175    8.345038  13.052231
  35   18    2.459283   3.520692   35.306024  25.770132
  35   19    2.334359   3.542291    9.153373   8.805991
  35   20    2.219120   3.544165   22.158271  34.720271
  35   21    2.197840   3.594592   19.557683  14.696352
  35   22    2.029168   3.552324   14.181531  15.485517
  35   23    1.946631   3.560080    5.118106  27.216509
  35   24    1.896286   3.581787   38.991629   8.472918
  35   25    1.754298   3.568797   14.918719   1.934476
  35   26    1.656940   3.564277   22.174531  25.236567
  35   27    1.548439   3.563168   39.948626   5.846046
  35   28    1.479360   3.542183    8.844179  37.126277
  35   29    1.301535   3.509735    2.136167   9.940343
  35   30    1.273021   3.519671   40.043511   7.814014
  35   31    1.186836   3.560428   11.801132   4.669616
  35   32    1.035094   3.508467   28.179321  36.393641
  35   33    0.941362   3.502421   21.953930   8.085245
  35   34    0.800108   3.503752    6.970723  27.944838
  35   35    0.725660   3.507252    9.784749  39.722217
  35   36    0.692599   3.517450   33.929987  14.897391
  35   37    0.564409   3.527081   28.849764  12.884690
  35   38    0.412843   3.503772   37.183628  35.227330
  35   39    0.393245   3.588751   19.875559  33.805504
  35   40    0.213062   3.534962   23.480674  12.461733
  35   41    0.125394   3.504852   23.766947  28.222896
  35   42    0.045585   3.524006   20.524080  17.664310
  36    0    4.286721   3.654993    7.317465  24.237914
  36    1    4.185461   3.645429   34.300358  25.019199
  36    2    4.049785   3.690238   10.285885   4.886372
  36    3    3.947867   3.675357   40.871523  40.325725
  36    4    3.826249   3.678986   31.916107   4.679511
  36    5    3.735429   3.657625    2.132530   5.662166
  36    6    3.652712   3.643526   35.641916  21.437818
  36    7    3.562175   3.604013   16.326442   3.671905
  36    8    3.427575   3.633082   22.632103  28.062773
  36    9    3.309342   3.653583   26.648621   1.370648
  36   10    3.225988   3.641372   27.995544  18.461626
  36   11    3.173633   3.648590   15.060314   6.068701
  36   12    3.036235   3.604539    7.879858   7.660595
  36   13    2.970758   3.632602   23.471046  14.947609
  36   14    2.824097   3.608755   31.361377  28.212198
  36   15    2.756223   3.640237   30.738315   5.025781
  36   16    2.641790   3.695917    7.938177  23.322748
  36   17    2.521318   3.627298   31.472133  31.693037
  36   18    2.455013   3.680498    9.601999  11.696349
  36   19    2.315138   3.685135   11.421029   1.689306
  36   20    2.265442   3.681028    5.878964  29.912040
  36   21    2.133204   3.693673   14.255179  20.348050
  36   22    2.056702   3.625566   40.893031  25.221051
  36   23    1.999882   3.693861   25.851413  23.120265
  36   24    1.889391   3.612139   23.420216  34.971445
  36   25    1.755283   3.602133    4.723885   7.840260
  36   26    1.615177   3.692346   14.065645   8.437744
  36   27    1.537723   3.647054   21.033269  26.889691
  36   28    1.471295   3.699117   18.109602  22.653423
  36   29    1.330025   3.681417   11.646420  17.361664
  36   30    1.254950   3.658103   28.232754  15.914495
  36   31    1.112116   3.611852   35.007461  22.522033
  36   32    1.062190   3.606251    8.244845  30.942714
  36   33    0.933325   3.692401   37.120366  29.310303
  36   34    0.807759   3.690818   27.105158   4.267225
  36   35    0.785692   3.648534   18.732143  34.317915
  36   36    0.621229   3.637415    1.937178  39.203825
  36   37    0.524321   3.633704    3.844787  14.626935
  36   38    0.440412   3.656622    9.403869  16.881277
  36   39    0.342439   3.671845   30.973241  20.087542
  36   40    0.295601   3.605311   36.724115  13.084483
  36   41    0.167331   3.606078    1.105678  20.057986
  36   42    0.097621   3.631009    6.774886  18.254564
  37    0    4.298667   3.756432   20.111434  30.326004
  37    1    4.108991   3.705465    6.137784  23.806293
  37    2    4.063009   3.787516   28.381052  14.876018
  37    3    3.990673   3.797053   30.612659  39.993547
  37    4    3.807384   3.700862   16.771894  22.361715
  37    5    3.776935   3.740706   39.635083   8.873848
  37    6    3.600833   3.796037   25.471890  18.588959
  37    7    3.537813   3.738814   39.198491  30.493295
  37    8    3.455676   3.789663   11.183025  34.009259
  37    9    3.342434   3.766806   12.295899  31.233556
  37   10    3.220035   3.742102   28.065236  39.169366
  37   11    3.137179   3.763146   26.560138  10.332882
  37   12    3.029711   3.717855   39.170464  31.257868
  37   13    2.900185   3.755004   10.695642  23.913411
  37   14    2.841081   3.797613   17.635656   1.334945
  37   15    2.728166   3.708111   24.458844  25.417359
  37   16    2.696976   3.767405   10.692575  34.526806
  37   17    2.552788   3.792109   31.358349  17.174985
  37   18    2.404815   3.733450    4.591341  14.411596
  37   19    2.372069   3.721192   18.910069  39.897564
  37   20    2.230347   3.750080   24.823704  18.018892
  37   21    2.117289   3.763881   38.196601  15.208867
  37   22    2.031361   3.702495   13.571073  19.310232
  37   23    1.957865   3.715523   32.644164  40.899010
  37   24    1.873612   3.756135    5.091438   6.703412
  37   25    1.775419   3.792401   35.344509  19.404810
  37   26    1.685919   3.770099    9.798336  24.148606
  37   27    1.513995   3.737324   34.913229  37.091106
  37   28    1.423057   3.773297   19.074116   5.459688
  37   29    1.335885   3.723130   21.790015  25.227841
  37   30    1.213534   3.718946   15.398792  28.049421
  37   31    1.182009   3.702757   30.050416   3.127963
  37   32    1.074707   3.765497   16.164843   4.912532
  37   33    0.952075   3.782358   24.212759  29.731575
  37   34    0.879976   3.780268   34.587396  22.645948
  37   35    0.782923   3.787397    6.187926  31.992026
  37   36    0.661860   3.725800    7.408260  38.490847
  37   37    0.513541   3.750748   14.433764  16.739980
  37   38    0.430817   3.768354   16.631381  30.826420
  37   39    0.382157   3.776522   35.539946   7.271794
  37   40    0.282490   3.742992    1.316314  35.240624
  37   41    0.104609   3.723680    7.883188  16.728859
  37   42    0.055829   3.720323   15.495384  32.248445
  38    0    4.233915   3.809440   27.656772  37.404869
  38    1    4.191166   3.846270   19.569291  22.923580
  38    2    4.098482   3.854095    9.492387  28.438284
  38    3    3.920804   3.868102   35.074936  35.154685
  38    4    3.860853   3.876024    7.056381  23.917589
  38    5    3.705055   3.817499    6.508343   5.932699
  38    6    3.630195   3.898544    3.416552  39.247236
  38    7    3.503913   3.894565   18.924594   4.021059
  38    8    3.499906   3.848696   36.639693  25.692490
  38    9    3.348658   3.885468   16.325770  12.555904
  38   10    3.266785   3.812141   32.994157  31.341702
  38   11    3.148706   3.850783   13.386942   2.568715
  38   12    3.020138   3.858038   38.295769  11.294850
  38   13    2.936857   3.841628   31.859316  16.119134
  38   14    2.868021   3.863136   27.349476  30.707486
  38   15    2.720870   3.836349   23.028729   1.671014
  38   16    2.693454   3.845235   12.103204   1.389572
  38   17    2.570902   3.841740   18.896704   4.540066
  38   18    2.406074   3.862785    1.044415  25.978964
  38   19    2.330841   3.869722    7.290382  11.686797
  38   20    2.274054   3.849566    5.533967  13.279638
  38   21    2.196940   3.882895   29.896687   2.823723
  38   22    2.087470   3.831258   23.185911  34.175060
  38   23    1.959402   3.800534   37.255145   8.751160
  38   24    1.817479   3.814139   34.065921  29.597406
  38   25    1.751694   3.870363   21.032847  23.031233
  38   26    1.695692   3.845249    2.395147  40.353669
  38   27    1.598349   3.840844    1.444103  14.555003
  38   28    1.445114   3.818062    4.610292  23.179979
  38   29    1.394904   3.813724   16.466400   6.252985
  38   30    1.247789   3.838019   24.044835  28.215792
  38   31    1.193356   3.817252   19.543332  19.144598
  38   32    1.034991   3.868277   23.160330  40.159914
  38   33    0.903141   3.816715   23.754252  31.117420
  38   34    0.833355   3.847559   26.170816   8.690627
  38   35    0.751142   3.870861   12.969425   6.272428
  38   36    0.694779   3.809239   38.067407  33.302511
  38   37    0.574599   3.850286   34.298564  33.366724
  38   38    0.479232   3.833593   10.464217   3.532864
  38   39    0.348041   3.857017   11.179654  30.830543
  38   40    0.247793   3.833650   20.350808  27.620928
  38   41    0.169478   3.823270   12.744066  11.030668
  38   42    0.058296   3.809098   34.750442  30.963444
  39    0    4.252096   3.921790   22.633002  27.897688
  39    1    4.137900   3.902460   12.447465  10.300387
  39    2    4.085561   3.990161   29.229377  19.729832
  39    3    3.935697   3.957071    3.361212  30.385016
  39    4    3.845782   3.957153   29.308332   2.931448
  39    5    3.734174   3.907319   26.807884  26.962709
  39    6    3.643613   3.960426   18.398581  32.639484
  39    7    3.520890   3.928235    1.805932  33.203360
  39    8    3.411465   3.961797   33.685931  22.636665
  39    9    3.391157   3.933702   25.744505  16.302424
  39   10    3.232176   3.998821   19.079300  29.645347
  39   11    3.168845   3.940377   12.148622  16.786009
  39   12    3.016710   3.959555   17.098683  36.041371
  39   13    2.995590   3.907902   23.938764   5.125728
  39   14    2.836416   3.931156   38.533531  10.222515
  39   15    2.748764   3.925042   15.496660   8.589337
  39   16    2.611543   3.952370   38.359119   5.311497
  39   17    2.505475   3.936093    5.013089  15.823503
  39   18    2.450584   3.994957   15.187479  34.568759
  39   19    2.373699   3.992268   18.007599  17.485341
  39   20    2.224783   3.909774   31.568604  35.835594
  39   21    2.162319   3.968665   33.574092   8.309689
  39   22    2.048737   3.999495    3.746644   7.523483
  39   23    1.959393   3.909076   26.820295  19.319397
  39   24    1.821546   3.921823   32.014891   5.110828
  39   25    1.732429   3.948040   34.133199  28.456220
  39   26    1.663311   3.984617   36.602420   9.803568
  39   27    1.555736   3.912413   12.316602  33.730206
  39   28    1.459040   3.967438    9.064313  39.961493
  39   29    1.308110   3.923172   38.310973  25.055805
  39   30    1.296155   3.992845    5.436437  31.087367
  39   31    1.169176   3.902251   23.119886  19.263211
  39   32    1.052744   3.975123   14.954850   1.621296
  39   33    0.974631   3.938923   31.731378   7.343785
  39   34    0.861643   3.994186   36.928915   9.478088
  39   35    0.769452   3.985551   30.236600   3.808710
  39   36    0.640100   3.977989    8.396327  28.210656
  39   37    0.523813   3.933531   22.012235  25.110324
  39   38    0.436468   3.928117    6.477267  11.877832
  39   39    0.349004   3.966782    6.747186  37.395935
  39   40    0.203813   3.990052    1.883990  34.140281
  39   41    0.170102   3.902372   39.258121  23.434178
  39   42    0.065728   3.952186    3.831211  39.803508
  40    0    4.278423   4.005719   39.452528   4.374331
  40    1    4.191877   4.055759   31.631708  35.972255
  40    2    4.099990   4.011206   30.461954  34.069302
  40    3    3.949915   4.011695   14.550630  35.175914
  40    4    3.876302   4.088203   38.882237  22.013299
  40    5    3.746429   4.049687   19.031059  24.269900
  40    6    3.660628   4.067128   19.221523  15.515539
  40    7    3.512415   4.069907   11.192439  30.613194
  40    8    3.486841   4.080572   24.070991   2.551636
  40    9    3.328548   4.028370    2.542542  30.967659
  40   10    3.268517   4.080412   32.177213  23.804632
  40   11    3.122130   4.063234   18.132708  38.759951
  40   12    3.033567   4.063475    8.509197   5.727945
  40   13    2.901099   4.061218   28.925167  11.792246
  40   14    2.894102   4.075467   23.577164   6.032830
  40   15    2.720829   4.070864    3.930285   5.183249
  40   16    2.692540   4.065765    3.674220  18.823240
  40   17    2.506743   4.092461    2.710678  13.266312
  40   18    2.453165   4.034087   39.376126  38.671316
  40   19    2.379836   4.013276   25.138171  39.366762
  40   20    2.203380   4.044164   26.548424  11.247015
  40   21    2.153216   4.011092    2.828649  23.825888
  40   22    2.010846   4.079219   32.274257   2.685726
  40   23    1.985674   4.019088   15.468912  28.334316
  40   24    1.811505   4.079428    7.530280  40.698019
  40   25    1.792977   4.030745   25.288715  38.582843
  40   26    1.679169   4.032442   29.102104  17.495992
  40   27    1.529262   4.024709   24.220223  27.434080
  40   28    1.409909   4.084692   25.144799  37.930987
  40   29    1.359360   4.006476   40.826177  37.263611
  40   30    1.263925   4.003354    1.958038   5.807772
  40   31    1.148280   4.096235   37.867139  32.814641
  40   32    1.023865   4.046709   23.959519  27.160577
  40   33    0.996309   4.040390   26.417238  24.855442
  40   34    0.891776   4.094091    4.504370  11.346710
  40   35    0.747312   4.088040    8.726901  30.124236
  40   36    0.656893   4.045683   22.112314  29.133766
  40   37    0.593826   4.053066   39.570119  14.491414
  40   38    0.423435   4.027150   24.828411  21.526778
  40   39    0.395377   4.077533    4.602860  23.964371
  40   40    0.291368   4.024401   24.857276  23.901953
  40   41    0.116240   4.022740   14.298302   2.105476
  40   42    0.033785   4.029756   16.274729  17.083955
