   0    0    0.050082   0.033490    8.461470  27.507184
   1    0    0.048109   0.150118   21.181688  18.048452
   2    0    0.079323   0.232801   36.615432  26.457426
   3    0    0.019128   0.370888   29.572865  35.975286
   4    0    0.028948   0.411075    4.389021   3.527539
   5    0    0.022292   0.514016   18.296540  38.738637
   6    0    0.013641   0.683513   22.217961  38.357594
   7    0    0.056344   0.749640   30.563888   9.014861
   8    0    0.047814   0.837917    3.642529  36.536676
   9    0    0.011759   0.983389   37.448399  30.673759
  10    0    0.071103   1.094405   31.567324  12.126854
  11    0    0.050816   1.150013   13.000506  19.367671
