   0    0    0.103530   0.007334   36.645088  22.339276
   0    1    0.085943   0.099657   29.820394  17.575888
   1    0    0.157361   0.123317   21.462574  21.521148
   1    1    0.081451   0.126544   21.730644  11.976670
   2    0    0.123202   0.220172   30.021017  33.112108
   2    1    0.004031   0.260151   22.334378   5.387982
   3    0    0.170573   0.385849   37.468365  12.920745
   3    1    0.077076   0.326730   16.122374  13.710363
   4    0    0.153469   0.440792   39.020000   3.456616
   4    1    0.062564   0.474864   21.316866  34.320997
