   0    0    0.156978   0.081179   24.828707  17.171369
   0    1    0.023776   0.049197   38.459100  17.103324
   1    0    0.135400   0.113833    6.309715  16.584870
   1    1    0.043774   0.182200   13.888423  27.978054
   2    0    0.117455   0.229268   15.653014  22.696677
   2    1    0.085770   0.206286   26.372217  12.037327
   3    0    0.127504   0.388185   12.718768  27.483896
   3    1    0.097808   0.303820    1.680861  18.405864
   4    0    0.159123   0.443667   34.397471  10.376555
   4    1    0.013368   0.466339    5.185332  37.968236
   5    0    0.136527   0.571198    1.494726   3.906570
   5    1    0.042371   0.583497    7.596828   7.082960
   6    0    0.109271   0.619689   29.881191  23.449930
   6    1    0.038978   0.693376   22.267096  37.707319
   7    0    0.185789   0.761450    4.571039  24.495919
   7    1    0.041536   0.740349    3.513586   3.245626
   8    0    0.140133   0.884380    4.806312  11.697545
   8    1    0.094779   0.872263   25.472587  13.379014
   9    0    0.101983   0.900620    8.888625   1.027614
   9    1    0.075995   0.910040   22.272601  31.330098
  10    0    0.162530   1.042469   39.413743   9.685255
  10    1    0.055410   1.039652    2.859237   3.461213
  11    0    0.198286   1.178606   12.728610  17.967956
  11    1    0.026343   1.108956   37.591997  23.800203
  12    0    0.131174   1.211452   30.844464  33.144528
  12    1    0.043006   1.260019    8.772377   5.033078
  13    0    0.106442   1.310004   19.703761  27.434705
  13    1    0.002888   1.391340    3.551759  32.698156
  14    0    0.179994   1.491522   34.612651  20.521403
  14    1    0.006685   1.423750   25.206664  40.761620
  15    0    0.163675   1.590169   21.814861  11.591981
  15    1    0.021602   1.538823    7.557946  24.449737
