   0    0    0.210426   0.055023   13.012325  12.003461
   0    1    0.161609   0.098736    7.097807  16.630759
   0    2    0.013438   0.004350   31.156857  11.648592
   1    0    0.206097   0.137856    6.046202   3.979438
   1    1    0.111708   0.138364    1.285011  12.281246
   1    2    0.067508   0.152421   30.410055  18.686672
   2    0    0.284436   0.290521   27.969171   2.047048
   2    1    0.118540   0.280909   27.239348  23.101366
   2    2    0.064778   0.246542   29.774943  17.296494
   3    0    0.264173   0.357814   29.053799   1.615474
   3    1    0.119239   0.359595   26.458427  39.796428
   3    2    0.038149   0.350238    4.894989  20.940605
   4    0    0.235345   0.411473   20.428674   8.034715
   4    1    0.151239   0.480871   12.939190   6.795330
   4    2    0.023145   0.497726   31.138639  26.051970
   5    0    0.286656   0.583497    4.135016   6.315959
   5    1    0.164925   0.580008   30.482036  14.054482
   5    2    0.052725   0.522845   36.369062  29.448820
   6    0    0.223182   0.679879    7.937543  22.132798
   6    1    0.114523   0.611838   19.951775   2.777432
   6    2    0.039479   0.684887    6.115879  21.730735
   7    0    0.234721   0.776230   27.754851   5.683232
   7    1    0.126222   0.799936   30.529331  39.079924
   7    2    0.059222   0.749091   27.120518  31.433873
   8    0    0.269719   0.804816   11.817374  40.635273
   8    1    0.185420   0.825795   25.702140  24.738373
   8    2    0.026064   0.872182    4.326087  22.617063
   9    0    0.250052   0.973893   29.684609  12.503765
   9    1    0.101434   0.959404   21.853138  15.085715
   9    2    0.069605   0.971674   10.372092   5.973147
  10    0    0.265346   1.012363   19.534159  25.545543
  10    1    0.159081   1.044226   23.919736  10.120407
  10    2    0.049199   1.009644   10.260418  37.894167
  11    0    0.244715   1.176459    9.025002  10.122155
  11    1    0.133141   1.131512   34.681724   9.604537
  11    2    0.072840   1.108807   38.683374  14.922744
  12    0    0.221828   1.259638    5.762601  13.346840
  12    1    0.100568   1.263251    4.652232   4.353564
  12    2    0.054105   1.200760    2.023796   8.827889
  13    0    0.234376   1.304785   27.055755  28.963088
  13    1    0.182926   1.380287   28.015279   6.445883
  13    2    0.059883   1.316624   26.602778  30.659497
  14    0    0.200025   1.470320   36.230922  36.428760
  14    1    0.180261   1.456210   33.178588  27.462985
  14    2    0.064903   1.400631   31.589140   5.444664
