   0    0    3.563874   0.028868    1.195944   6.835553
   0    1    3.499442   0.048276   15.736513  16.158195
   0    2    3.391476   0.094866   16.003998   6.712315
   0    3    3.268420   0.093512   38.203981  19.980822
   0    4    3.105961   0.047460   26.917008   1.865815
   0    5    3.049247   0.098555   34.447894  25.336017
   0    6    2.941368   0.092858    3.219575  16.610199
   0    7    2.839272   0.057999   12.797835  27.796867
   0    8    2.770432   0.049418   25.152414  24.216434
   0    9    2.614977   0.049290   12.922266   5.262713
   0   10    2.501951   0.047991   11.422128  35.686286
   0   11    2.433926   0.016980    2.193150  34.798249
   0   12    2.361419   0.003257   10.976157  32.619500
   0   13    2.263499   0.068366    3.611284  15.883341
   0   14    2.160501   0.034003   17.706240  27.608020
   0   15    2.031776   0.026645    4.756447   9.386291
   0   16    1.989717   0.075637   16.157761  16.411420
   0   17    1.810672   0.073427    7.265537   5.518626
   0   18    1.744381   0.059139    6.986462   3.237983
   0   19    1.653050   0.013636   17.630949  14.224766
   0   20    1.516429   0.027304   12.818015  33.776216
   0   21    1.414033   0.012807   12.650464   7.905252
   0   22    1.354158   0.021267    8.330053  20.191893
   0   23    1.292102   0.089225   16.649039  39.067542
   0   24    1.108265   0.098180   32.790284   8.126017
   0   25    1.027833   0.091570    2.631904   4.443668
   0   26    0.945686   0.034360   28.948413  17.799422
   0   27    0.897217   0.056446   15.817459  32.309373
   0   28    0.722874   0.027287    9.093624   9.650027
   0   29    0.632526   0.019598   35.537521  11.184674
   0   30    0.567016   0.034557   17.253457  39.499104
   0   31    0.496560   0.049629   40.281525  35.791078
   0   32    0.317550   0.078236   35.923976  39.063182
   0   33    0.225825   0.083681   40.700364  40.086016
   0   34    0.130996   0.098986   36.385178   4.698572
   0   35    0.044870   0.070793   16.674593  17.390369
   1    0    3.549685   0.165951   33.569666  20.585776
   1    1    3.437436   0.170576   17.090801  34.070255
   1    2    3.379412   0.135574   39.616657   2.131375
   1    3    3.240510   0.112342   34.759022   5.929579
   1    4    3.112321   0.105358   14.657479   1.185289
   1    5    3.004574   0.192963   13.943081   5.415158
   1    6    2.969544   0.127039    9.042756   6.741631
   1    7    2.837477   0.180535    4.264901  22.931524
   1    8    2.723163   0.127725   38.135545   3.111672
   1    9    2.620373   0.195278    2.282778  17.007855
   1   10    2.588979   0.137256   28.958763  12.127760
   1   11    2.451991   0.159163   20.832773  35.754765
   1   12    2.360417   0.135368   27.399292  26.757341
   1   13    2.242307   0.141357   36.261364  15.994015
   1   14    2.179550   0.113222   35.335216  20.576549
   1   15    2.038265   0.177898    4.966616   6.639515
   1   16    1.913797   0.190414   38.966715  30.873128
   1   17    1.822710   0.110850   33.204158  19.353296
   1   18    1.726268   0.140805   32.795182  22.718798
   1   19    1.683067   0.174764   27.903326   2.195442
   1   20    1.594080   0.158340   18.109219   7.171436
   1   21    1.498533   0.156364   31.277906  40.932308
   1   22    1.342083   0.137484   20.500214  28.837804
   1   23    1.243690   0.167187   28.304954  17.862609
   1   24    1.119559   0.151971    7.844262  36.347852
   1   25    1.052424   0.198278   33.684242  39.466353
   1   26    0.954358   0.190294   38.351261  23.861915
   1   27    0.828921   0.171066   33.679951  21.876818
   1   28    0.772743   0.146663   27.696083  22.552473
   1   29    0.632249   0.159192   38.285271  17.121177
   1   30    0.573906   0.172161   34.910762   8.072429
   1   31    0.497647   0.132334   10.439660  13.270592
   1   32    0.395689   0.162351    8.630732  13.342180
   1   33    0.291172   0.164957   21.567540   8.085999
   1   34    0.102441   0.194849   28.452181  15.558068
   1   35    0.024676   0.160448   36.496318  18.441053
