   0    0    0.563286   0.082678    1.135621 100.000000
   0    1    0.414618   0.099628    1.097005   5.890773
   0    2    0.330743   0.049168    4.670220 100.000000
   0    3    0.206286   0.077463    5.989296   2.443626
   0    4    0.104806   0.043675    4.771669 100.000000
   0    5    0.060004   0.035089    5.669540 100.000000
   1    0    0.510523   0.119775    2.195650   3.441236
   1    1    0.411535   0.176440  100.000000 100.000000
   1    2    0.303772   0.119140  100.000000 100.000000
   1    3    0.204960   0.101309  100.000000   4.514805
   1    4    0.175760   0.155861    5.160422 100.000000
   1    5    0.089055   0.128642    1.107124   1.409230
   2    0    0.528735   0.202084  100.000000   2.155237
   2    1    0.468618   0.224009  100.000000   3.573554
   2    2    0.338320   0.234419  100.000000   1.629423
   2    3    0.287946   0.208422  100.000000 100.000000
   2    4    0.108635   0.222818    1.331104 100.000000
   2    5    0.037173   0.200760  100.000000 100.000000
   3    0    0.587056   0.314253  100.000000 100.000000
   3    1    0.408456   0.331908    2.827095 100.000000
   3    2    0.370247   0.357346  100.000000   3.893620
   3    3    0.265309   0.396538  100.000000 100.000000
   3    4    0.144381   0.339000  100.000000 100.000000
   3    5    0.061509   0.355685    5.758468 100.000000
   4    0    0.565068   0.431132    1.227651 100.000000
   4    1    0.434038   0.455032    2.955414   2.565644
   4    2    0.327375   0.414098  100.000000   3.573442
   4    3    0.233541   0.492722    5.849076   5.545187
   4    4    0.132938   0.483100    2.638923   3.357249
   4    5    0.028677   0.456967  100.000000   4.613210
   5    0    0.504719   0.570389    5.526190   2.284796
   5    1    0.412688   0.553355  100.000000   1.182786
   5    2    0.352073   0.558285  100.000000 100.000000
   5    3    0.247864   0.540136    3.536809 100.000000
   5    4    0.195141   0.535878  100.000000   4.046836
   5    5    0.081423   0.554820    1.460244 100.000000
   6    0    0.559970   0.610944    2.355042 100.000000
   6    1    0.478597   0.651678  100.000000 100.000000
   6    2    0.355483   0.668196  100.000000 100.000000
   6    3    0.226288   0.608973  100.000000 100.000000
   6    4    0.164041   0.693256    1.298509   3.357342
   6    5    0.060452   0.621170    4.147253   5.122878
   7    0    0.558682   0.726920  100.000000   2.063752
   7    1    0.484295   0.776172    1.822282   3.882351
   7    2    0.376297   0.727949  100.000000 100.000000
   7    3    0.244970   0.731235  100.000000   2.831352
   7    4    0.102028   0.787251  100.000000   1.792789
   7    5    0.069701   0.739976  100.000000 100.000000
   8    0    0.527577   0.801469    2.308219   1.132068
   8    1    0.488775   0.832479    1.139874   5.504063
   8    2    0.338818   0.811943  100.000000   4.814216
   8    3    0.230796   0.835033  100.000000   5.666542
   8    4    0.182734   0.842778    4.511278   5.588345
   8    5    0.047855   0.807630  100.000000   2.925356
   9    0    0.515932   0.908489  100.000000   2.411332
   9    1    0.484042   0.900006  100.000000 100.000000
   9    2    0.336545   0.962477  100.000000   5.622473
   9    3    0.216149   0.928422  100.000000 100.000000
   9    4    0.135788   0.951768    4.089973 100.000000
   9    5    0.039905   0.992379    1.332528 100.000000
  10    0    0.540671   1.098208  100.000000 100.000000
  10    1    0.423157   1.025605  100.000000   4.204447
  10    2    0.348051   1.058921  100.000000 100.000000
  10    3    0.232606   1.025900    5.417216 100.000000
  10    4    0.106188   1.019058  100.000000   5.400913
  10    5    0.086089   1.009445    4.208426 100.000000
  11    0    0.530308   1.176369  100.000000 100.000000
  11    1    0.461970   1.111231  100.000000   3.845418
  11    2    0.388844   1.124883    5.913563 100.000000
  11    3    0.202489   1.154366    1.665069 100.000000
  11    4    0.174311   1.163028    4.613623 100.000000
  11    5    0.015561   1.132137    4.928028 100.000000
  12    0    0.593934   1.254104    5.626954   3.093637
  12    1    0.404063   1.216432    1.604714 100.000000
  12    2    0.318783   1.258407  100.000000 100.000000
  12    3    0.227523   1.279203  100.000000   3.245203
  12    4    0.175123   1.210367    2.922513 100.000000
  12    5    0.025875   1.225746    2.168978   1.147578
  13    0    0.542973   1.322218  100.000000 100.000000
  13    1    0.432453   1.367861    2.932306   1.906924
  13    2    0.313681   1.304082  100.000000 100.000000
  13    3    0.283106   1.309652    4.561344 100.000000
  13    4    0.172826   1.327664  100.000000   1.192750
  13    5    0.088727   1.335159  100.000000 100.000000
  14    0    0.512892   1.450286    1.105468   3.393708
  14    1    0.446810   1.496132    3.447169 100.000000
  14    2    0.350525   1.436309    3.957690 100.000000
  14    3    0.237910   1.411281    3.859952 100.000000
  14    4    0.160145   1.475482  100.000000   5.972100
  14    5    0.009177   1.452367    2.747377 100.000000
  15    0    0.538941   1.562548    2.116401 100.000000
  15    1    0.491217   1.508713  100.000000 100.000000
  15    2    0.338295   1.528205  100.000000   4.428161
  15    3    0.251444   1.595837    4.068437   4.537258
  15    4    0.130408   1.564916  100.000000 100.000000
  15    5    0.042514   1.510946  100.000000   3.529528
  16    0    0.595994   1.677357  100.000000 100.000000
  16    1    0.411870   1.611681  100.000000 100.000000
  16    2    0.300053   1.635580    3.938013 100.000000
  16    3    0.252385   1.683555  100.000000 100.000000
  16    4    0.157266   1.687877    4.447757   1.947207
  16    5    0.060972   1.655540  100.000000   3.901945
  17    0    0.540918   1.757541  100.000000 100.000000
  17    1    0.425634   1.735761    1.331804 100.000000
  17    2    0.371587   1.727467  100.000000   1.881546
  17    3    0.214128   1.740992    1.060846   1.771559
  17    4    0.130371   1.778080  100.000000 100.000000
  17    5    0.088088   1.713892    5.241376 100.000000
  18    0    0.552665   1.846574    1.877853   1.568183
  18    1    0.440365   1.872095    5.186197   5.222247
  18    2    0.393670   1.818400  100.000000 100.000000
  18    3    0.299268   1.825654  100.000000   1.013222
  18    4    0.104537   1.899514  100.000000   4.622578
  18    5    0.033752   1.839544    1.358619   4.092045
  19    0    0.576349   1.962170    5.940464 100.000000
  19    1    0.477575   1.958394  100.000000   3.895245
  19    2    0.344576   1.957757    2.911657 100.000000
  19    3    0.237490   1.942641    2.070007   4.201980
  19    4    0.184247   1.943659    4.619304   1.873265
  19    5    0.002243   1.939802  100.000000   1.847829
  20    0    0.573424   2.087166  100.000000   1.762384
  20    1    0.422586   2.092481    3.552574   5.047320
  20    2    0.344017   2.059986  100.000000 100.000000
  20    3    0.286917   2.001512    1.129700   4.391671
  20    4    0.124503   2.026832  100.000000 100.000000
  20    5    0.058391   2.058393  100.000000   4.143276
  21    0    0.576805   2.166120  100.000000 100.000000
  21    1    0.405952   2.135322    4.209857 100.000000
  21    2    0.358769   2.189523  100.000000   1.099457
  21    3    0.292402   2.174679  100.000000   2.680459
  21    4    0.139860   2.156825  100.000000 100.000000
  21    5    0.053701   2.172530    2.105346 100.000000
  22    0    0.500125   2.268881  100.000000 100.000000
  22    1    0.415408   2.222411  100.000000   4.929286
  22    2    0.359457   2.261654    3.685490 100.000000
  22    3    0.289522   2.246417    4.096516 100.000000
  22    4    0.118063   2.226581    1.951486   3.152128
  22    5    0.029699   2.222648    2.581522   4.761548
  23    0    0.514614   2.351699    2.600736 100.000000
  23    1    0.401837   2.318391    2.177766   1.075855
  23    2    0.395507   2.334780  100.000000   3.251129
  23    3    0.264649   2.370924    4.447540 100.000000
  23    4    0.140063   2.398070  100.000000 100.000000
  23    5    0.023567   2.334554    1.796261 100.000000
  24    0    0.513760   2.440137    3.242417 100.000000
  24    1    0.454247   2.434201    4.492812 100.000000
  24    2    0.307162   2.463287  100.000000   3.029420
  24    3    0.240864   2.439654  100.000000   5.097550
  24    4    0.190465   2.402878    4.504042   3.685602
  24    5    0.002398   2.437426    5.918546 100.000000
  25    0    0.596818   2.515195  100.000000   2.112447
  25    1    0.426736   2.500412  100.000000 100.000000
  25    2    0.339080   2.545042    3.287737 100.000000
  25    3    0.230998   2.572869    2.380652 100.000000
  25    4    0.126801   2.540278  100.000000   2.713590
  25    5    0.085281   2.503956  100.000000 100.000000
  26    0    0.516730   2.657019  100.000000   5.767202
  26    1    0.432328   2.609051  100.000000   2.905459
  26    2    0.368865   2.691327  100.000000   5.321548
  26    3    0.202563   2.674399  100.000000 100.000000
  26    4    0.169532   2.636129    3.973986   4.660337
  26    5    0.007383   2.603947    4.508862   3.360527
  27    0    0.502653   2.796056    2.383092   4.769622
  27    1    0.472427   2.760858    4.915909   2.051430
  27    2    0.305813   2.736839  100.000000   3.370548
  27    3    0.208079   2.789163    5.112618   2.412913
  27    4    0.117014   2.735423    1.764848   1.309004
  27    5    0.022036   2.741944    2.539798 100.000000
  28    0    0.516183   2.892682  100.000000   3.590764
  28    1    0.498181   2.801175    2.642156 100.000000
  28    2    0.384387   2.880667    1.716632 100.000000
  28    3    0.278587   2.843733    5.386415 100.000000
  28    4    0.173264   2.884120  100.000000 100.000000
  28    5    0.061774   2.817021  100.000000 100.000000
  29    0    0.582993   2.970231    3.295244   3.960743
  29    1    0.483948   2.919056    3.801824   5.119259
  29    2    0.376828   2.979529  100.000000   5.885121
  29    3    0.203868   2.924439    4.781981 100.000000
  29    4    0.162378   2.956498    3.143484 100.000000
  29    5    0.043273   2.914646  100.000000 100.000000
  30    0    0.546457   3.001591    2.454762   4.244060
  30    1    0.417290   3.089648    2.671153   3.085650
  30    2    0.339769   3.087758    4.615194 100.000000
  30    3    0.257113   3.040875  100.000000 100.000000
  30    4    0.193456   3.032973    5.020255   5.498931
  30    5    0.052094   3.008979    3.234946 100.000000
