   0    0    1.898368   0.034351    4.789131   1.593350
   0    1    1.725591   0.066415    2.193178   5.352908
   0    2    1.642968   0.024049    3.230534   2.709665
   0    3    1.563040   0.013904  100.000000   1.563983
   0    4    1.400134   0.019927  100.000000 100.000000
   0    5    1.301468   0.089269  100.000000   1.110422
   0    6    1.287396   0.058043  100.000000 100.000000
   0    7    1.167391   0.023715  100.000000 100.000000
   0    8    1.011572   0.049912  100.000000   1.664154
   0    9    0.921392   0.054047    4.171732   1.860290
   0   10    0.800281   0.030850  100.000000   1.268422
   0   11    0.756007   0.027430  100.000000   3.051130
   0   12    0.669538   0.056206    2.643275 100.000000
   0   13    0.574828   0.097387  100.000000   2.795354
   0   14    0.407979   0.096918    1.391652 100.000000
   0   15    0.368632   0.019031  100.000000 100.000000
   0   16    0.284157   0.033928    3.636172   4.990553
   0   17    0.148169   0.006319  100.000000 100.000000
   0   18    0.090741   0.009629    4.029325   4.101614
   1    0    1.868947   0.156399    4.804895   2.838627
   1    1    1.779106   0.154538  100.000000   3.246296
   1    2    1.638710   0.104106  100.000000   2.340775
   1    3    1.535452   0.112805  100.000000   2.226885
   1    4    1.498861   0.123528    1.044973   4.168463
   1    5    1.308996   0.165839    2.045862 100.000000
   1    6    1.277556   0.177396    5.200543 100.000000
   1    7    1.127548   0.130844  100.000000 100.000000
   1    8    1.040517   0.175440  100.000000 100.000000
   1    9    0.910023   0.103256  100.000000   3.837511
   1   10    0.807449   0.133516  100.000000   4.337211
   1   11    0.760427   0.144668    3.000946   3.630229
   1   12    0.638991   0.141087  100.000000 100.000000
   1   13    0.562590   0.121705    5.974835 100.000000
   1   14    0.402804   0.116196    5.585030 100.000000
   1   15    0.346492   0.191310  100.000000 100.000000
   1   16    0.297943   0.109008  100.000000   5.389087
   1   17    0.126420   0.190746  100.000000 100.000000
   1   18    0.005656   0.190434    2.649624   1.191449
   2    0    1.871194   0.215773  100.000000   1.428595
   2    1    1.741274   0.277891  100.000000 100.000000
   2    2    1.605517   0.281431  100.000000   2.001390
   2    3    1.559961   0.233040  100.000000 100.000000
   2    4    1.437067   0.288993    5.041147   4.784478
   2    5    1.309639   0.206189  100.000000 100.000000
   2    6    1.265681   0.237801    1.515136 100.000000
   2    7    1.182434   0.224335  100.000000 100.000000
   2    8    1.077436   0.207861    2.742005   4.271383
   2    9    0.945627   0.235614  100.000000   1.313835
   2   10    0.899537   0.244272    4.671278 100.000000
   2   11    0.786760   0.299834  100.000000   4.468673
   2   12    0.679620   0.237569  100.000000   3.345951
   2   13    0.530124   0.272230  100.000000   3.070770
   2   14    0.442973   0.288874    1.614656 100.000000
   2   15    0.336652   0.263334    1.501876   5.648640
   2   16    0.200326   0.222969  100.000000   5.588366
   2   17    0.162043   0.269693  100.000000 100.000000
   2   18    0.007687   0.241548    3.004374   2.510930
   3    0    1.865380   0.312991  100.000000 100.000000
   3    1    1.780003   0.330545  100.000000 100.000000
   3    2    1.611932   0.318933  100.000000 100.000000
   3    3    1.532478   0.358052  100.000000   4.471094
   3    4    1.403080   0.395923  100.000000   2.072320
   3    5    1.310397   0.336744  100.000000   5.622351
   3    6    1.255497   0.328209    1.465788 100.000000
   3    7    1.115236   0.354031  100.000000   4.937136
   3    8    1.038056   0.317951    1.350584   1.271761
   3    9    0.920868   0.386100  100.000000 100.000000
   3   10    0.814285   0.350687    3.072010   1.792179
   3   11    0.793814   0.393882    1.775001 100.000000
   3   12    0.658953   0.307424    4.104984 100.000000
   3   13    0.590809   0.374433  100.000000   1.149966
   3   14    0.478387   0.355382    4.435471 100.000000
   3   15    0.303171   0.356803  100.000000 100.000000
   3   16    0.237459   0.329892  100.000000   1.608133
   3   17    0.110405   0.316927  100.000000   4.688461
   3   18    0.065355   0.354436    3.999591 100.000000
   4    0    1.886167   0.496064    3.283283   1.825021
   4    1    1.778270   0.494232  100.000000   2.323495
   4    2    1.610308   0.487853  100.000000 100.000000
   4    3    1.592867   0.429642    4.591998   3.444002
   4    4    1.417904   0.441135    2.832957 100.000000
   4    5    1.388722   0.429830    2.617699 100.000000
   4    6    1.279632   0.497222    5.880242   5.017259
   4    7    1.121438   0.446416  100.000000 100.000000
   4    8    1.060366   0.446185  100.000000 100.000000
   4    9    0.979668   0.418627  100.000000 100.000000
   4   10    0.836372   0.440392  100.000000 100.000000
   4   11    0.795450   0.422320    2.967290   1.230686
   4   12    0.619367   0.492435  100.000000   1.526824
   4   13    0.511001   0.428351  100.000000   4.267982
   4   14    0.481271   0.480085    5.086807   4.626427
   4   15    0.399443   0.415490  100.000000 100.000000
   4   16    0.284302   0.459875  100.000000   1.076374
   4   17    0.146472   0.421927    2.345825 100.000000
   4   18    0.088409   0.469235  100.000000   5.167692
   5    0    1.885806   0.580893  100.000000 100.000000
   5    1    1.763346   0.592645    1.021945   5.594543
   5    2    1.637775   0.564214    3.368598 100.000000
   5    3    1.504342   0.598508    3.736629   2.236536
   5    4    1.447371   0.551602    2.098206 100.000000
   5    5    1.374193   0.543418  100.000000 100.000000
   5    6    1.265536   0.538714  100.000000 100.000000
   5    7    1.195858   0.506618  100.000000   3.581346
   5    8    1.048615   0.532611  100.000000   4.542562
   5    9    0.943422   0.535731  100.000000 100.000000
   5   10    0.839565   0.549578  100.000000 100.000000
   5   11    0.725476   0.574166    2.249839 100.000000
   5   12    0.625820   0.546123  100.000000   1.566863
   5   13    0.572427   0.500768  100.000000 100.000000
   5   14    0.497273   0.529753    3.588950   5.160231
   5   15    0.351039   0.595249    3.767111 100.000000
   5   16    0.203556   0.514703  100.000000 100.000000
   5   17    0.185235   0.561033  100.000000   5.397655
   5   18    0.062812   0.562827    3.829059   2.785964
   6    0    1.876292   0.618688  100.000000   4.029522
   6    1    1.742488   0.622324  100.000000 100.000000
   6    2    1.689162   0.695338    4.443455   4.572428
   6    3    1.592488   0.665470  100.000000 100.000000
   6    4    1.467962   0.668349  100.000000   3.272657
   6    5    1.369148   0.628967  100.000000 100.000000
   6    6    1.299874   0.612235    5.882007   4.580431
   6    7    1.162100   0.689171    2.604290 100.000000
   6    8    1.028602   0.635909    5.103088 100.000000
   6    9    0.988606   0.667587  100.000000   1.478053
   6   10    0.876491   0.636978  100.000000   1.271144
   6   11    0.747396   0.660140  100.000000 100.000000
   6   12    0.679309   0.610343    3.659193 100.000000
   6   13    0.543530   0.636776    3.825749   2.932111
   6   14    0.496939   0.602330    3.660097 100.000000
   6   15    0.347346   0.631017    4.627219 100.000000
   6   16    0.294768   0.685278  100.000000 100.000000
   6   17    0.122390   0.694444    3.406049 100.000000
   6   18    0.044755   0.628810    1.240181   2.602598
   7    0    1.824271   0.740883  100.000000   5.155993
   7    1    1.769362   0.717178  100.000000   2.597621
   7    2    1.610250   0.706074  100.000000   4.871294
   7    3    1.513010   0.749217  100.000000 100.000000
   7    4    1.453269   0.733272    5.815888 100.000000
   7    5    1.310030   0.791605    5.698181   5.383882
   7    6    1.245027   0.781993    3.721479   4.829102
   7    7    1.167487   0.745095  100.000000   4.041314
   7    8    1.091937   0.764049  100.000000   5.363541
   7    9    0.932469   0.778566    1.373553 100.000000
   7   10    0.868995   0.738304  100.000000   2.714089
   7   11    0.781851   0.792319    1.967422   3.165120
   7   12    0.623593   0.716402  100.000000 100.000000
   7   13    0.559776   0.721077  100.000000 100.000000
   7   14    0.459083   0.725146    4.988245   5.942242
   7   15    0.399352   0.749338  100.000000   5.175027
   7   16    0.208808   0.725969    5.544036   4.820415
   7   17    0.129118   0.728544  100.000000 100.000000
   7   18    0.098989   0.753374    4.083157 100.000000
   8    0    1.846186   0.837499    2.483621   5.686104
   8    1    1.750969   0.851826    5.090151   2.670868
   8    2    1.649910   0.823534  100.000000   4.378966
   8    3    1.572778   0.829567  100.000000   4.789097
   8    4    1.405354   0.863452  100.000000 100.000000
   8    5    1.352379   0.866183    2.040039   2.448779
   8    6    1.257624   0.861087    5.820432 100.000000
   8    7    1.130811   0.884648    3.409399 100.000000
   8    8    1.088447   0.878858  100.000000 100.000000
   8    9    0.900258   0.822885    4.370729   4.009271
   8   10    0.849420   0.847329  100.000000   1.954945
   8   11    0.797658   0.845422    4.125420   1.976664
   8   12    0.615270   0.837557    4.132471   2.964489
   8   13    0.578351   0.807481    1.571597 100.000000
   8   14    0.491266   0.823439    3.570997   5.864995
   8   15    0.333616   0.809492  100.000000 100.000000
   8   16    0.224757   0.886498    4.995330   1.178324
   8   17    0.135332   0.863210  100.000000   3.067140
   8   18    0.054310   0.846428  100.000000   5.629057
   9    0    1.866497   0.954058    4.951423   3.360759
   9    1    1.791761   0.995801  100.000000 100.000000
   9    2    1.668531   0.959852    2.976340 100.000000
   9    3    1.505519   0.908604    5.865327   2.020648
   9    4    1.435439   0.942967    1.330543 100.000000
   9    5    1.344181   0.904519  100.000000 100.000000
   9    6    1.264620   0.963855  100.000000 100.000000
   9    7    1.153857   0.935807  100.000000   4.646530
   9    8    1.026889   0.982592    4.595849   3.090907
   9    9    0.923820   0.976548  100.000000 100.000000
   9   10    0.846148   0.990453    1.389860   5.782292
   9   11    0.756468   0.994117  100.000000 100.000000
   9   12    0.639342   0.961859    4.638562   1.383650
   9   13    0.589017   0.943892    1.525759   2.500763
   9   14    0.448975   0.937603  100.000000   1.856796
   9   15    0.348557   0.913267  100.000000 100.000000
   9   16    0.277755   0.968031    4.206635   2.019711
   9   17    0.163709   0.998938    3.107700 100.000000
   9   18    0.073292   0.979867    5.283749 100.000000
