   0    0    2.366830   0.022335  100.000000   5.116302
   0    1    2.235082   0.049225  100.000000 100.000000
   0    2    2.183864   0.014588    1.373295   3.846569
   0    3    2.082973   0.083846  100.000000   5.900511
   0    4    1.976202   0.083095  100.000000 100.000000
   0    5    1.886053   0.030905  100.000000   3.902649
   0    6    1.739082   0.014156    2.362024   4.317958
   0    7    1.684810   0.068490  100.000000 100.000000
   0    8    1.576928   0.067200    1.078872   3.280715
   0    9    1.429608   0.030415    2.244830   5.197382
   0   10    1.381655   0.013249  100.000000 100.000000
   0   11    1.209926   0.079111  100.000000   5.104028
   0   12    1.105348   0.062098    5.387295   1.780271
   0   13    1.042458   0.075754    2.231430   1.555756
   0   14    0.929178   0.076178  100.000000 100.000000
   0   15    0.807160   0.020829  100.000000 100.000000
   0   16    0.760517   0.075774    5.848757 100.000000
   0   17    0.693412   0.096332    3.954971   3.955825
   0   18    0.523621   0.049764    2.720390 100.000000
   0   19    0.426623   0.005662    2.877611   5.460240
   0   20    0.324176   0.083072    1.804715   1.125614
   0   21    0.207361   0.067268    1.706299   5.918607
   0   22    0.184209   0.011293    2.899904   5.568251
   0   23    0.073699   0.023333  100.000000 100.000000
   1    0    2.393152   0.153525    4.562079 100.000000
   1    1    2.283995   0.197354    1.452223 100.000000
   1    2    2.194503   0.160187  100.000000 100.000000
   1    3    2.032991   0.118736    1.954933   4.879288
   1    4    1.920157   0.138887    5.560171 100.000000
   1    5    1.827530   0.135863  100.000000   5.993827
   1    6    1.765047   0.142569    4.071511   1.968038
   1    7    1.629898   0.105643  100.000000 100.000000
   1    8    1.551775   0.117483    1.833280   1.288037
   1    9    1.422167   0.119025  100.000000   3.618964
   1   10    1.356203   0.136102    3.915146 100.000000
   1   11    1.295102   0.122568  100.000000 100.000000
   1   12    1.124068   0.124950    4.682475   5.090316
   1   13    1.000968   0.184889  100.000000 100.000000
   1   14    0.925530   0.182394  100.000000 100.000000
   1   15    0.847506   0.104167    1.775401   4.372995
   1   16    0.765855   0.199473  100.000000   4.370908
   1   17    0.629971   0.112363  100.000000 100.000000
   1   18    0.572681   0.123487    5.935959 100.000000
   1   19    0.412495   0.194648  100.000000   3.081146
   1   20    0.329359   0.118189  100.000000 100.000000
   1   21    0.205668   0.103258  100.000000 100.000000
   1   22    0.104126   0.145635  100.000000 100.000000
   1   23    0.058365   0.130721  100.000000   2.671668
   2    0    2.339557   0.248370    3.498000 100.000000
   2    1    2.241547   0.268461  100.000000 100.000000
   2    2    2.168468   0.202673    1.488818   4.803407
   2    3    2.004956   0.200140  100.000000   1.583991
   2    4    1.985265   0.218070    4.882470   5.371405
   2    5    1.888422   0.259722    4.711938 100.000000
   2    6    1.753096   0.226540  100.000000 100.000000
   2    7    1.662651   0.205156    2.673454 100.000000
   2    8    1.576986   0.257231    3.855688 100.000000
   2    9    1.437001   0.237203    4.840790   4.191900
   2   10    1.329503   0.245468  100.000000 100.000000
   2   11    1.204728   0.257943  100.000000 100.000000
   2   12    1.115429   0.202505    3.400882 100.000000
   2   13    1.007381   0.215795    3.512453   2.548770
   2   14    0.976387   0.219585  100.000000 100.000000
   2   15    0.831288   0.272255    4.297812 100.000000
   2   16    0.704526   0.250775    5.252082 100.000000
   2   17    0.693832   0.233541  100.000000   2.110210
   2   18    0.543455   0.210910    3.265559   5.192560
   2   19    0.489191   0.244945  100.000000   2.414148
   2   20    0.384033   0.247949    2.804708 100.000000
   2   21    0.281637   0.292805  100.000000 100.000000
   2   22    0.113005   0.295978    2.349178   3.440231
   2   23    0.063788   0.236097  100.000000 100.000000
   3    0    2.347157   0.382027  100.000000 100.000000
   3    1    2.242941   0.376971  100.000000   2.939573
   3    2    2.127922   0.305986    5.309905   5.809385
   3    3    2.036685   0.361754    5.211027   4.286480
   3    4    1.939761   0.392469    3.240923 100.000000
   3    5    1.879329   0.337616  100.000000   5.776630
   3    6    1.761563   0.324217    4.212541 100.000000
   3    7    1.619859   0.352142  100.000000 100.000000
   3    8    1.558638   0.398198    2.067264 100.000000
   3    9    1.484351   0.388996    2.560579 100.000000
   3   10    1.398033   0.330042    2.954479 100.000000
   3   11    1.200944   0.319198    3.195314 100.000000
   3   12    1.146531   0.309550    1.504558 100.000000
   3   13    1.034134   0.361730  100.000000   3.910879
   3   14    0.945119   0.331682  100.000000   2.609164
   3   15    0.887133   0.385270  100.000000 100.000000
   3   16    0.756135   0.361600  100.000000 100.000000
   3   17    0.637818   0.357316  100.000000 100.000000
   3   18    0.502436   0.388854    1.572009 100.000000
   3   19    0.453556   0.318878  100.000000 100.000000
   3   20    0.374968   0.342695    2.285522   4.400480
   3   21    0.269026   0.332373  100.000000   1.475574
   3   22    0.117409   0.321394  100.000000 100.000000
   3   23    0.030206   0.336951    4.290906   2.387901
   4    0    2.334084   0.401941    5.348227 100.000000
   4    1    2.234237   0.461565  100.000000   4.849649
   4    2    2.112159   0.451710    5.574330   2.354229
   4    3    2.006834   0.494466    2.658169 100.000000
   4    4    1.911443   0.437092    1.624618   1.800098
   4    5    1.827465   0.494092    4.722928   2.854435
   4    6    1.730331   0.463986  100.000000 100.000000
   4    7    1.637541   0.491684    2.969489   5.895097
   4    8    1.585338   0.495911  100.000000   2.187950
   4    9    1.464830   0.440926    2.348606 100.000000
   4   10    1.387373   0.437744    1.265693 100.000000
   4   11    1.214554   0.447236    1.056975   2.629030
   4   12    1.186457   0.487292  100.000000 100.000000
   4   13    1.072320   0.422178  100.000000   2.132295
   4   14    0.918436   0.419183  100.000000 100.000000
   4   15    0.850437   0.405848    4.929595   1.266213
   4   16    0.772639   0.407762    4.794395   3.593814
   4   17    0.603952   0.499295  100.000000   5.307901
   4   18    0.541054   0.450603    5.951401   1.431257
   4   19    0.434512   0.472194  100.000000 100.000000
   4   20    0.382406   0.457480  100.000000 100.000000
   4   21    0.275551   0.407258    1.872377   1.362814
   4   22    0.198689   0.448451    2.087093   2.551008
   4   23    0.056439   0.490173    2.738089 100.000000
   5    0    2.371662   0.582236  100.000000 100.000000
   5    1    2.278613   0.525920  100.000000   5.418622
   5    2    2.200000   0.574218  100.000000 100.000000
   5    3    2.084509   0.536477    4.725655   5.225395
   5    4    1.989560   0.598343  100.000000 100.000000
   5    5    1.848287   0.592399  100.000000   1.070868
   5    6    1.787858   0.558885    1.083326 100.000000
   5    7    1.685945   0.532846    4.112606 100.000000
   5    8    1.509423   0.512447    2.991365 100.000000
   5    9    1.488404   0.543769    5.882192 100.000000
   5   10    1.389549   0.537024  100.000000 100.000000
   5   11    1.275258   0.575692  100.000000   2.865941
   5   12    1.144367   0.563901    3.863457 100.000000
   5   13    1.054133   0.522774    1.955069 100.000000
   5   14    0.987910   0.585988    3.682985 100.000000
   5   15    0.868814   0.513768  100.000000   3.948174
   5   16    0.759070   0.598152  100.000000   4.583796
   5   17    0.633256   0.598866    1.572230   3.612854
   5   18    0.520538   0.515787    2.585060 100.000000
   5   19    0.445736   0.565715  100.000000 100.000000
   5   20    0.396273   0.559944    3.191362 100.000000
   5   21    0.266240   0.550174  100.000000 100.000000
   5   22    0.184509   0.501363  100.000000   1.119391
   5   23    0.010426   0.516918  100.000000   5.883829
   6    0    2.393971   0.651793  100.000000 100.000000
   6    1    2.273678   0.608739  100.000000   2.506895
   6    2    2.191237   0.673228    1.984925 100.000000
   6    3    2.025884   0.632932    2.906428   4.989559
   6    4    1.911449   0.688549    5.077678   2.478602
   6    5    1.886959   0.644015  100.000000 100.000000
   6    6    1.771531   0.684897  100.000000 100.000000
   6    7    1.620298   0.612203    5.518866 100.000000
   6    8    1.544582   0.619666    2.579108 100.000000
   6    9    1.429039   0.637906  100.000000   4.196646
   6   10    1.393933   0.602064    3.749835 100.000000
   6   11    1.200869   0.653877    5.173716 100.000000
   6   12    1.178384   0.645803    3.315310 100.000000
   6   13    1.059565   0.600017    2.123297   3.237412
   6   14    0.914918   0.696295    5.080626 100.000000
   6   15    0.897896   0.674603  100.000000 100.000000
   6   16    0.754916   0.659065  100.000000   5.963279
   6   17    0.655828   0.680452  100.000000   3.461908
   6   18    0.569374   0.633160  100.000000   3.080130
   6   19    0.485646   0.624243  100.000000 100.000000
   6   20    0.395409   0.670269    1.157823 100.000000
   6   21    0.279018   0.603019  100.000000   4.276346
   6   22    0.125960   0.648332  100.000000   5.591776
   6   23    0.089129   0.670000  100.000000   3.772599
   7    0    2.396161   0.735651    3.339939   4.957478
   7    1    2.243555   0.727213    4.505287 100.000000
   7    2    2.188631   0.775820    5.914642   2.917120
   7    3    2.012778   0.793075    2.199595 100.000000
   7    4    1.928919   0.708301  100.000000 100.000000
   7    5    1.818733   0.736154  100.000000   5.283515
   7    6    1.772209   0.773007    3.563748   2.165929
   7    7    1.612686   0.736432    1.578460   1.171709
   7    8    1.529052   0.757927  100.000000 100.000000
   7    9    1.493738   0.707407  100.000000   5.596944
   7   10    1.317544   0.728764  100.000000 100.000000
   7   11    1.247656   0.756794    5.249233   5.223899
   7   12    1.126823   0.737427  100.000000   2.149306
   7   13    1.035176   0.725876  100.000000 100.000000
   7   14    0.950179   0.718783  100.000000 100.000000
   7   15    0.817687   0.779041    5.633463   3.860336
   7   16    0.764019   0.720783    1.890206   2.271150
   7   17    0.630870   0.757309  100.000000   4.560845
   7   18    0.509128   0.782313    4.886246 100.000000
   7   19    0.402921   0.714753  100.000000   3.567555
   7   20    0.368931   0.719955  100.000000 100.000000
   7   21    0.217076   0.721118    4.105249 100.000000
   7   22    0.104534   0.719835    2.959182 100.000000
   7   23    0.096855   0.711941    5.128580   3.146417
   8    0    2.311486   0.860741  100.000000   3.266823
   8    1    2.254015   0.868987  100.000000 100.000000
   8    2    2.170006   0.860381    2.618132   3.266073
   8    3    2.014166   0.883098  100.000000   3.489370
   8    4    1.928757   0.819667  100.000000   2.018026
   8    5    1.889452   0.886301  100.000000 100.000000
   8    6    1.789603   0.892218  100.000000   1.341271
   8    7    1.674204   0.803378  100.000000   5.341700
   8    8    1.575129   0.850193    4.675511   1.314496
   8    9    1.451029   0.885728    2.120817   3.458324
   8   10    1.361674   0.877531    2.897940 100.000000
   8   11    1.249158   0.866309    5.422632 100.000000
   8   12    1.153074   0.876247    4.772730 100.000000
   8   13    1.099621   0.816283  100.000000 100.000000
   8   14    0.952194   0.872652    1.519793   5.260461
   8   15    0.873429   0.832329    1.527575 100.000000
   8   16    0.760966   0.892370  100.000000 100.000000
   8   17    0.608746   0.801290    3.045957 100.000000
   8   18    0.591301   0.825332  100.000000   5.170389
   8   19    0.418432   0.806486    3.853949   1.204737
   8   20    0.380776   0.855509  100.000000   1.749456
   8   21    0.204605   0.885401  100.000000   2.410162
   8   22    0.115524   0.879475  100.000000   3.654547
   8   23    0.043878   0.812821  100.000000 100.000000
   9    0    2.344099   0.917715    4.167914 100.000000
   9    1    2.263338   0.963266    1.337666   1.039449
   9    2    2.109018   0.967476  100.000000 100.000000
   9    3    2.089682   0.958290    5.646317 100.000000
   9    4    1.975269   0.991952    2.068903   2.247380
   9    5    1.808112   0.938837  100.000000   1.410000
   9    6    1.724654   0.988088    1.261028   5.532713
   9    7    1.612704   0.998155  100.000000   1.842752
   9    8    1.596281   0.928824  100.000000   3.036710
   9    9    1.428844   0.914472    1.110087 100.000000
   9   10    1.317447   0.953642  100.000000 100.000000
   9   11    1.208516   0.944059    3.973752   5.999087
   9   12    1.174351   0.989213    3.624037   1.858005
   9   13    1.089744   0.913456  100.000000   5.313091
   9   14    0.922557   0.983997    1.129319   3.728671
   9   15    0.893334   0.903876  100.000000 100.000000
   9   16    0.798161   0.927477  100.000000   3.810337
   9   17    0.662730   0.980268  100.000000   5.407784
   9   18    0.510411   0.971418  100.000000 100.000000
   9   19    0.446074   0.911760  100.000000 100.000000
   9   20    0.329098   0.982515    3.988255   1.580163
   9   21    0.200136   0.907530    4.379842   2.807902
   9   22    0.132176   0.900056    5.597339   1.414711
   9   23    0.028538   0.920588  100.000000   4.209947
