   0    0    1.131113   0.098091   22.114037  20.996015
   0    1    1.088608   0.095974   18.930043  13.795375
   0    2    0.981668   0.047448   20.239706  22.030926
   0    3    0.880035   0.071792   38.992875  19.987741
   0    4    0.777227   0.092942   35.076992  29.788661
   0    5    0.657941   0.029230   14.637086  18.582743
   0    6    0.526026   0.004538   39.471592   9.425954
   0    7    0.442932   0.043449   20.590269  11.274375
   0    8    0.398705   0.063793    2.039770  18.816131
   0    9    0.269000   0.006665   12.264598  23.498906
   0   10    0.115512   0.089974   16.240632  15.135577
   0   11    0.012814   0.050689   28.683955  24.086472
   1    0    1.191788   0.162176    3.713574  35.543424
   1    1    1.024802   0.105839   36.971755  21.323395
   1    2    0.947282   0.115388   30.544242  35.388271
   1    3    0.857374   0.142386    7.863599  24.737951
   1    4    0.713677   0.153779   24.536384  28.196110
   1    5    0.600404   0.126336   21.747914   5.867657
   1    6    0.550377   0.155438    2.231055  28.763906
   1    7    0.445687   0.122627    6.026820  31.461435
   1    8    0.301175   0.139393    6.328696  14.003618
   1    9    0.210590   0.195694   17.128533  19.015349
   1   10    0.193841   0.127919   17.333661   5.751734
   1   11    0.056500   0.189898    4.291644  37.235891
   2    0    1.100993   0.264999   17.654832   5.579739
   2    1    1.039901   0.220448    7.280721  22.970143
   2    2    0.943798   0.245250   32.060043  33.711212
   2    3    0.833038   0.269213   26.481707  11.337417
   2    4    0.730075   0.266699   25.296057  22.471587
   2    5    0.647130   0.259217    1.364663  37.242311
   2    6    0.575370   0.245527    5.849947  29.266910
   2    7    0.483954   0.276645    2.090472   4.144430
   2    8    0.359307   0.221194    4.241766   4.908257
   2    9    0.231376   0.219794   39.077177  29.905321
   2   10    0.120269   0.236354    4.902450  20.168746
   2   11    0.005021   0.280722   26.630687  29.728493
   3    0    1.188970   0.397516   12.604994  16.780454
   3    1    1.021776   0.307202   39.283649  22.653709
   3    2    0.905946   0.309649   27.580963   8.648803
   3    3    0.871181   0.350126   33.275357  10.762035
   3    4    0.759292   0.330715   27.868483  14.882318
   3    5    0.628025   0.374656   30.644599  39.193462
   3    6    0.517140   0.310634   33.101931  18.305985
   3    7    0.423560   0.302157   19.696465  40.274217
   3    8    0.314463   0.363196   30.867569  31.446711
   3    9    0.263784   0.354391   33.143120  16.496185
   3   10    0.185693   0.369207   24.913473  36.549747
   3   11    0.051053   0.391412   24.007699  24.786201
   4    0    1.113468   0.424431   33.916137  27.005209
   4    1    1.030098   0.470306   29.419454   8.448268
   4    2    0.989495   0.426903   10.170211  14.634162
   4    3    0.841092   0.403135   13.717430  23.357048
   4    4    0.756097   0.444718   39.481891  40.604052
   4    5    0.620923   0.459383   34.818938  21.426342
   4    6    0.516404   0.417642   26.710542  17.313564
   4    7    0.449217   0.440690   21.598200   7.071521
   4    8    0.367504   0.423717    5.817190  34.407305
   4    9    0.287876   0.453824    5.059590  31.330240
   4   10    0.124018   0.485472   38.942602  24.151035
   4   11    0.012033   0.421604   32.378955  13.501032
   5    0    1.159648   0.599457   25.951702  39.718466
   5    1    1.076318   0.500871   10.425562  21.604736
   5    2    0.901146   0.547512   34.045173  14.510959
   5    3    0.803192   0.521648   14.166289  40.668980
   5    4    0.763009   0.588510   16.453121  21.451790
   5    5    0.619876   0.522251   35.392729  11.781300
   5    6    0.511840   0.535288   19.889773  18.266920
   5    7    0.406987   0.531390   18.500941  35.051737
   5    8    0.396907   0.593043   22.362205   8.084569
   5    9    0.255521   0.540206   12.592657  16.071122
   5   10    0.177851   0.572680   36.090201  24.256173
   5   11    0.059183   0.514685    2.955792  18.146522
   6    0    1.121806   0.695454   14.708376   4.121615
   6    1    1.096298   0.622062   30.021197   1.540659
   6    2    0.930370   0.673664   19.585763   8.511958
   6    3    0.879684   0.683564   40.181621   6.137430
   6    4    0.791949   0.686282   27.012142  12.103200
   6    5    0.673832   0.620284   20.397958   5.400947
   6    6    0.536895   0.668074   16.164439  34.304882
   6    7    0.496646   0.628944   27.306859  27.190848
   6    8    0.301691   0.696115    7.180578  21.187710
   6    9    0.237705   0.609977   11.582913  20.941937
   6   10    0.184117   0.688571   39.332252  26.024647
   6   11    0.036657   0.671650   19.597605  30.911515
   7    0    1.193883   0.727170   11.202129  29.340250
   7    1    1.073835   0.750777   26.956379  31.643095
   7    2    0.972650   0.777026    7.935065  28.933348
   7    3    0.830575   0.723176    2.284137  14.490480
   7    4    0.773675   0.705282   15.046979  16.158453
   7    5    0.678933   0.725096   14.668627  22.991529
   7    6    0.554489   0.793524    3.939079  16.821614
   7    7    0.459651   0.770649    4.460182  20.076207
   7    8    0.346087   0.797973   31.179231  33.366756
   7    9    0.203186   0.729670   34.665375  11.538878
   7   10    0.119036   0.736189   21.776269  39.598820
   7   11    0.041531   0.725441   28.961192  27.900063
   8    0    1.170714   0.869335   26.087165  30.010374
   8    1    1.048241   0.822357   22.395404  20.728227
   8    2    0.908577   0.805034   30.661007  32.848642
   8    3    0.830763   0.899897    2.127867  19.687468
   8    4    0.701926   0.867396   25.237796  39.380237
   8    5    0.682623   0.851145   18.106556  23.022286
   8    6    0.519043   0.868035   21.284141  21.381184
   8    7    0.483401   0.801618   37.361188  16.885923
   8    8    0.357917   0.864705    1.862014   4.700127
   8    9    0.211689   0.817328   40.636361  37.864090
   8   10    0.116931   0.812645   38.290743  18.812944
   8   11    0.010327   0.859753   36.375200  28.241190
   9    0    1.136960   0.997819   35.976530  10.607282
   9    1    1.014217   0.949784   34.603543  25.001474
   9    2    0.978246   0.990928    9.947819  15.205862
   9    3    0.818895   0.922764   22.053803  11.252872
   9    4    0.774245   0.976400   40.048897  17.457697
   9    5    0.632759   0.992331    9.906653  22.706560
   9    6    0.530308   0.991546   36.408201  14.796691
   9    7    0.417515   0.992106    6.817794   2.040624
   9    8    0.307629   0.957624   37.711836   5.487388
   9    9    0.279853   0.931100   22.436084  30.421515
   9   10    0.152303   0.996773    7.976880  15.847964
   9   11    0.032772   0.981284   10.408411  18.152270
  10    0    1.195691   1.006614   31.933138   5.860863
  10    1    1.097203   1.013882   14.905710  25.361833
  10    2    0.965417   1.007762   34.786029  34.651782
  10    3    0.863697   1.014725   10.993636  28.845061
  10    4    0.706425   1.088586   29.047382  25.638046
  10    5    0.679950   1.038400   26.710412  32.608383
  10    6    0.518433   1.046251   19.284978   5.717689
  10    7    0.472807   1.005942   23.503499  17.371325
  10    8    0.369944   1.063418   35.055714   3.690913
  10    9    0.253125   1.011468   11.715723  18.219478
  10   10    0.149636   1.065924   32.951365  40.175876
  10   11    0.088509   1.079420   29.100634   9.799766
  11    0    1.163552   1.178353   10.599943  24.601082
  11    1    1.062412   1.105973   32.885860  24.894209
  11    2    0.980887   1.131623    8.629742  14.426973
  11    3    0.868487   1.125691    9.692346  34.903654
  11    4    0.772540   1.179522   21.017212  27.569609
  11    5    0.616307   1.167653   12.656381  19.718306
  11    6    0.574730   1.149615   29.903864  31.069664
  11    7    0.448679   1.104045   31.390418  29.647159
  11    8    0.345067   1.188002   27.881473  17.370245
  11    9    0.291814   1.148608   27.957719  13.523765
  11   10    0.160392   1.157120   28.908919  24.137392
  11   11    0.077447   1.132336   10.824943  34.801086
  12    0    1.134493   1.211118   18.438037  34.377394
  12    1    1.090755   1.269506   28.795854  21.393490
  12    2    0.909530   1.204297   33.989959  30.675393
  12    3    0.809568   1.228325    8.218386  35.219245
  12    4    0.797505   1.284668   19.337438  30.700039
  12    5    0.608825   1.237438   29.296351   3.842214
  12    6    0.517589   1.286904   38.612760  20.689310
  12    7    0.409631   1.292025   21.126170   9.306724
  12    8    0.391417   1.266804   31.074863   9.452860
  12    9    0.254493   1.271363   30.118036  18.204931
  12   10    0.121623   1.212813   12.933383  27.496644
  12   11    0.089462   1.243502   22.750003   2.211298
  13    0    1.188987   1.329253    9.541397  34.195820
  13    1    1.029860   1.312115   21.142549  19.764104
  13    2    0.960453   1.310613   29.432671  10.512281
  13    3    0.879197   1.355565   38.730217   7.269245
  13    4    0.704123   1.316582   31.093338   5.573456
  13    5    0.660583   1.318911   23.346024   2.146883
  13    6    0.558003   1.313470    4.021936  12.499356
  13    7    0.406585   1.345828   26.323354  10.236792
  13    8    0.396820   1.369222   27.545828  32.185126
  13    9    0.236972   1.379313   18.759150  16.523608
  13   10    0.185691   1.376481    4.026097  23.316699
  13   11    0.034155   1.317569    9.871260  40.838464
  14    0    1.100711   1.430937    7.497044  32.717458
  14    1    1.003379   1.484608   27.421859  19.138815
  14    2    0.934721   1.410697    4.450499  12.194104
  14    3    0.878851   1.463866   16.467936   6.163580
  14    4    0.791571   1.486462   10.389214  16.370268
  14    5    0.607973   1.447551   40.238895  26.706024
  14    6    0.504137   1.442036   23.937674  40.566698
  14    7    0.413730   1.474431    5.730383  10.442134
  14    8    0.390140   1.499990    9.712696  18.607174
  14    9    0.200023   1.464423    6.642511  29.197536
  14   10    0.185513   1.428284   21.820304  17.499620
  14   11    0.026356   1.409633   37.579714  35.731330
  15    0    1.167632   1.550232   31.759370  39.262171
  15    1    1.036796   1.548360    5.968543  39.560513
  15    2    0.900116   1.592380   27.676613  29.734303
  15    3    0.883474   1.531126   11.938755  28.044005
  15    4    0.797278   1.582736    6.331602  20.033414
  15    5    0.637169   1.585910   21.452116  29.890562
  15    6    0.519418   1.555201   24.794455  28.387571
  15    7    0.426598   1.503565    4.252414   3.450203
  15    8    0.370269   1.525183   35.813020  28.395456
  15    9    0.294085   1.593762   25.749227  33.594099
  15   10    0.174808   1.576040   38.950348  24.334830
  15   11    0.098100   1.506844   30.737048  38.683134
  16    0    1.169452   1.636352   19.007363  24.961196
  16    1    1.032939   1.677608   16.890459  23.070732
  16    2    0.937370   1.633985   13.909689  34.308585
  16    3    0.872429   1.623314    7.265077  20.780788
  16    4    0.769153   1.684462   16.151634   1.324780
  16    5    0.678023   1.620088   13.573070  22.446908
  16    6    0.523580   1.608402   25.054425  29.743538
  16    7    0.442055   1.689445   35.791117  40.294436
  16    8    0.304464   1.675592   31.509834   5.416715
  16    9    0.264124   1.649768   28.697716   4.892083
  16   10    0.157786   1.641719   32.544399  30.399524
  16   11    0.082751   1.626365    2.225852   2.595279
  17    0    1.128376   1.777888   19.953502  21.402428
  17    1    1.005394   1.768116   10.056046  14.048665
  17    2    0.997321   1.792726   25.418649  14.793524
  17    3    0.897830   1.788749   39.663921   1.810493
  17    4    0.750102   1.712250   13.935325   1.155552
  17    5    0.608605   1.736410   27.075436  39.106967
  17    6    0.501131   1.713581   18.042896   9.472011
  17    7    0.415935   1.796494   20.872050  11.919912
  17    8    0.322953   1.705213   37.262067  34.337145
  17    9    0.292877   1.749549   32.527089  23.056439
  17   10    0.197744   1.708733   10.309472   9.154881
  17   11    0.092001   1.738648   13.943696  19.544613
  18    0    1.125134   1.824712    2.073057  14.112138
  18    1    1.053022   1.848708   18.103778  33.644417
  18    2    0.983472   1.858968   32.995935  29.782208
  18    3    0.835987   1.864040    5.026440  12.958642
  18    4    0.751806   1.844454   35.430503   5.534226
  18    5    0.678578   1.849803   32.773455  36.573635
  18    6    0.556683   1.818770    9.688637   6.495093
  18    7    0.469005   1.898052    2.028382  11.855134
  18    8    0.311785   1.807576   11.927866  13.630469
  18    9    0.215670   1.889701   22.814999  40.469769
  18   10    0.169011   1.820209   16.677473  18.581834
  18   11    0.081434   1.850017    3.209798  12.398079
  19    0    1.197234   1.985312   38.722550  18.216856
  19    1    1.033792   1.917144   22.442335  33.150238
  19    2    0.949369   1.941560   12.228074  13.420687
  19    3    0.842650   1.900657    4.566293  12.090981
  19    4    0.769700   1.951358    9.399162  32.476066
  19    5    0.634628   1.980334   33.923189  18.725532
  19    6    0.531606   1.923847   36.637694  11.450449
  19    7    0.486957   1.984049   29.909708   8.993664
  19    8    0.380869   1.917655   33.069587  32.328695
  19    9    0.215007   1.988134   26.098714  35.064308
  19   10    0.191695   1.943524   14.481037  24.200134
  19   11    0.075360   1.903546   17.553042  39.818471
  20    0    1.121387   2.002270   35.116129  13.629186
  20    1    1.071127   2.046829   10.210256   1.153505
  20    2    0.975278   2.074499   20.452273   7.408973
  20    3    0.807752   2.046129    7.505609  11.437107
  20    4    0.766110   2.025098   35.983968   4.217717
  20    5    0.606129   2.099420    1.939486  13.884727
  20    6    0.571462   2.097684   40.209500  21.267999
  20    7    0.435157   2.084617    3.084717  10.329376
  20    8    0.359149   2.052081   24.429184  27.859292
  20    9    0.278151   2.019380    8.568168   3.798148
  20   10    0.163697   2.041304   27.627893  19.814465
  20   11    0.096623   2.082215   10.850092  24.505064
  21    0    1.157051   2.133644   31.628599  27.101298
  21    1    1.000959   2.135843   30.163809  29.315186
  21    2    0.963611   2.160141   29.867798  21.510341
  21    3    0.880371   2.138835   12.767303  22.430220
  21    4    0.723502   2.108055   22.557680   2.080760
  21    5    0.684272   2.192175   33.697430  18.991197
  21    6    0.508659   2.186934    1.664015  23.036146
  21    7    0.483820   2.143648   34.506453  23.489072
  21    8    0.343884   2.165414   31.042767  32.312555
  21    9    0.275888   2.164875   28.999723  21.319437
  21   10    0.179438   2.114133   20.242522  28.331363
  21   11    0.022090   2.123322    3.782356   4.512845
  22    0    1.103068   2.292964   14.893861  18.489842
  22    1    1.042718   2.294757   25.461830  31.617541
  22    2    0.967540   2.289200   22.270895  14.912677
  22    3    0.809597   2.200399   22.642488  16.906725
  22    4    0.744790   2.247448   37.524226  31.327932
  22    5    0.602838   2.207388   18.387008  35.527781
  22    6    0.599791   2.231677   34.248660  29.501313
  22    7    0.414343   2.201261    7.608926  18.906210
  22    8    0.305967   2.225183   32.463068   4.482882
  22    9    0.295676   2.224698    3.899418  38.662332
  22   10    0.199741   2.205217   37.743850  14.990682
  22   11    0.059517   2.278144   21.580547  17.494114
