   0    0    4.484561   0.071935   10.297655  15.828108
   0    1    4.326441   0.045513   27.568750  13.322811
   0    2    4.259706   0.037964    5.086848  17.094648
   0    3    4.142358   0.027448   31.150654  35.989125
   0    4    4.071480   0.002038   20.708988  19.373230
   0    5    3.939680   0.075365   18.674925  25.232088
   0    6    3.882958   0.006875   14.721995  23.989105
   0    7    3.763664   0.020539    6.148756  15.969877
   0    8    3.604360   0.066669   37.417241  25.736070
   0    9    3.519804   0.098140   36.133065  27.146144
   0   10    3.498225   0.078371    1.204333  11.025435
   0   11    3.308592   0.017431   25.982116  37.944116
   0   12    3.217862   0.053960   34.261057  20.128209
   0   13    3.137062   0.093334   27.643849  30.411405
   0   14    3.084638   0.051665   17.111843  36.944322
   0   15    2.902493   0.085534    8.485030  27.808283
   0   16    2.838469   0.049407   10.212108  30.553048
   0   17    2.758351   0.076918   32.644389  21.937463
   0   18    2.671576   0.034697    1.279973   9.869091
   0   19    2.584215   0.024425    3.705994   2.908769
   0   20    2.478125   0.081810   13.030833  26.049098
   0   21    2.389902   0.032271    2.024147  21.237368
   0   22    2.221777   0.049249   35.134383  26.863702
   0   23    2.189380   0.030033   33.820165   4.869560
   0   24    2.039539   0.058363   38.627742  13.070484
   0   25    1.982315   0.086224   24.210484   2.675438
   0   26    1.863420   0.007428   16.682369  28.893571
   0   27    1.780203   0.051766   12.614557  31.143025
   0   28    1.651515   0.034582   12.536543  17.035899
   0   29    1.510051   0.007141   26.530091   2.453838
   0   30    1.477040   0.067721    3.569246   3.220472
   0   31    1.321433   0.082048   18.452261  29.815101
   0   32    1.227658   0.089786   29.905324   6.077272
   0   33    1.112486   0.027016   30.752539  19.869182
   0   34    1.018123   0.003827    6.605904  15.262781
   0   35    0.977051   0.042708    4.621905  32.196118
   0   36    0.816826   0.003830   40.412060  24.019390
   0   37    0.758644   0.014527   11.722219  12.370399
   0   38    0.631253   0.044463   25.173824   1.952288
   0   39    0.577315   0.057683   40.978624  27.728526
   0   40    0.488686   0.055786   14.510684   9.621724
   0   41    0.372715   0.050994   17.984903  13.949123
   0   42    0.286659   0.067353    5.913766  28.618856
   0   43    0.180777   0.026482   30.782777  35.742756
   0   44    0.072723   0.090291   37.413974  29.113719
   1    0    4.432466   0.186213   23.315189  16.393851
   1    1    4.345036   0.155597   16.104415   1.434145
   1    2    4.230865   0.137862   16.642684  38.592489
   1    3    4.144078   0.122244   27.219506  19.054782
   1    4    4.027657   0.176096   28.051072  22.939118
   1    5    3.931484   0.149639   13.137210  37.445684
   1    6    3.881658   0.188183   39.467593  10.700554
   1    7    3.724558   0.175578   23.584926  26.550237
   1    8    3.640566   0.129090   19.141895  13.840951
   1    9    3.574431   0.153009    1.493614  24.232517
   1   10    3.442447   0.193875    4.337175   8.046737
   1   11    3.342188   0.176792    3.358785  23.854479
   1   12    3.285745   0.113317    7.815927  13.409826
   1   13    3.140405   0.175069   18.631080  31.213681
   1   14    3.065702   0.112488   17.193755  12.628717
   1   15    2.967666   0.148954   29.573190  24.392588
   1   16    2.821096   0.101390   13.773826  18.032412
   1   17    2.770503   0.118955    1.183955   4.640768
   1   18    2.678046   0.111765   26.263557  36.427413
   1   19    2.521062   0.176879   30.204529  37.231653
   1   20    2.417401   0.154863   34.814221  34.713324
   1   21    2.399426   0.147914   32.885575  28.305818
   1   22    2.228855   0.151201   12.113198  39.407966
   1   23    2.117150   0.139181   33.108499   7.033047
   1   24    2.048391   0.175255   10.797680   9.668147
   1   25    1.912933   0.188246    5.617805   1.995794
   1   26    1.806084   0.165533   20.247687  26.087616
   1   27    1.792707   0.127908   13.535717  16.516913
   1   28    1.638481   0.173626   40.855310  36.498981
   1   29    1.574580   0.152056   14.994267  39.724892
   1   30    1.443939   0.164622   20.156183  15.201727
   1   31    1.334147   0.101452   40.634129  38.470106
   1   32    1.280277   0.135625    2.748223   3.483757
   1   33    1.127594   0.188006   21.883508  19.775927
   1   34    1.021985   0.189175   24.711747  26.999204
   1   35    0.998855   0.141455   19.344502  14.328845
   1   36    0.808951   0.183994   13.284146   9.510570
   1   37    0.752749   0.193291    1.278367   8.582058
   1   38    0.630329   0.186755   33.831354   2.698557
   1   39    0.598574   0.109395   14.095223   6.367315
   1   40    0.495619   0.165460   18.697400   8.188282
   1   41    0.338106   0.145015    9.917773  10.480087
   1   42    0.250458   0.197548   16.302414  20.635855
   1   43    0.188204   0.123568   30.702668  20.523482
   1   44    0.096802   0.113980   13.898510  29.664645
   2    0    4.491463   0.234204   14.067244  25.366599
   2    1    4.376360   0.264327   33.682031  23.635830
   2    2    4.278371   0.202163   22.883381  26.893365
   2    3    4.172102   0.267287   39.499698  19.683192
   2    4    4.001387   0.210624    8.864320   6.288177
   2    5    3.975531   0.206063   20.175286   2.137371
   2    6    3.865142   0.243138   19.784332  34.925012
   2    7    3.757195   0.238689   35.522498  25.410153
   2    8    3.627687   0.271631   10.635193  38.996954
   2    9    3.564475   0.219654   22.398759  27.604664
   2   10    3.445214   0.236593   40.937479  10.343433
   2   11    3.354243   0.271079   40.693756  27.562632
   2   12    3.277175   0.253251   33.588773  35.502741
   2   13    3.148310   0.299205   32.935558  20.755232
   2   14    3.059967   0.230354   35.044904  30.837744
   2   15    2.976847   0.225106   36.236257   8.369310
   2   16    2.895593   0.206686   12.294451   3.652993
   2   17    2.749094   0.287322    1.588109  29.136107
   2   18    2.686723   0.294454    9.000758   7.541763
   2   19    2.561642   0.278459   23.060228  14.894915
   2   20    2.481544   0.268457    1.349800   4.771856
   2   21    2.322469   0.297881   18.234940  38.579410
   2   22    2.270575   0.255235    3.556286  29.339319
   2   23    2.133644   0.238218   11.261975  27.259714
   2   24    2.003312   0.257381   33.644467   1.389542
   2   25    1.937236   0.274701   31.197727  33.068565
   2   26    1.865147   0.294759   22.034149  37.025509
   2   27    1.787464   0.293231   10.835893  11.285268
   2   28    1.674399   0.256595   28.626508   7.093289
   2   29    1.567485   0.275603   35.024836  27.546418
   2   30    1.425643   0.236235   28.498332  24.355173
   2   31    1.321490   0.258457    2.506112  25.097717
   2   32    1.218674   0.263814   31.977415  40.531157
   2   33    1.121860   0.296286   31.597630   8.196487
   2   34    1.072540   0.261169   21.785854  13.009818
   2   35    0.937156   0.288243   37.584016  19.219823
   2   36    0.830959   0.218043   38.102084  35.599895
   2   37    0.709600   0.273487   38.465766   4.728621
   2   38    0.619297   0.228934    1.806551  18.514251
   2   39    0.590397   0.260477   25.757891  19.683044
   2   40    0.413935   0.235937   16.839969  29.848153
   2   41    0.317944   0.231868   28.317759   9.200293
   2   42    0.232418   0.294469   14.517176  34.134172
   2   43    0.157404   0.258575   19.720959  33.690866
   2   44    0.047220   0.216010   15.803688   3.126267
   3    0    4.450518   0.364090   13.493039  25.904793
   3    1    4.367257   0.344802   31.976062  29.785970
   3    2    4.251797   0.303257   15.544031  27.364663
   3    3    4.119477   0.393906   19.751312  28.513878
   3    4    4.051308   0.358527   19.441772  26.857560
   3    5    3.997896   0.300117   33.884603  12.989976
   3    6    3.805310   0.311057   17.699047  15.103326
   3    7    3.729409   0.356923   18.398597   7.556636
   3    8    3.613840   0.314070   21.038678  37.411919
   3    9    3.534475   0.350041   27.021801   8.898429
   3   10    3.499104   0.381533    7.639736  30.087903
   3   11    3.336508   0.351005   24.077410  31.843234
   3   12    3.250157   0.306468    5.657101  26.535449
   3   13    3.196320   0.320884   28.978131  26.429392
   3   14    3.007823   0.340114   24.845670  35.462522
   3   15    2.917415   0.338393   30.646594  22.954022
   3   16    2.869226   0.395678   16.909593   6.278257
   3   17    2.784247   0.394509   12.594972   7.537877
   3   18    2.693495   0.388555   19.235929   5.722822
   3   19    2.558737   0.389150   35.061527  32.812459
   3   20    2.489365   0.388661    2.961241  34.964390
   3   21    2.370374   0.324559   17.515850   6.655430
   3   22    2.261387   0.339938   23.858656  17.843158
   3   23    2.192209   0.314754   13.008616  36.470637
   3   24    2.084304   0.397076   23.322006  28.637643
   3   25    1.998823   0.320718    5.255756  17.329420
   3   26    1.864935   0.340178    6.762738   1.673828
   3   27    1.753030   0.376968   30.010993  19.360149
   3   28    1.637499   0.354337   18.024308  15.293013
   3   29    1.565672   0.396738    4.194771  33.093285
   3   30    1.421834   0.302993   10.957870   9.139564
   3   31    1.317250   0.330187   39.411641  11.039530
   3   32    1.254298   0.381479   33.092124  36.425046
   3   33    1.121488   0.302911   20.902264  19.598988
   3   34    1.078434   0.310276    1.369237  31.770548
   3   35    0.949063   0.380463    8.640221   7.469534
   3   36    0.856567   0.316287    6.207832  30.424328
   3   37    0.714843   0.388696    4.197906   5.042926
   3   38    0.634507   0.354841    7.693087   6.097193
   3   39    0.563866   0.369419   25.169834  13.847492
   3   40    0.459401   0.345135   26.483063   2.353375
   3   41    0.370134   0.366220   38.355745  25.916548
   3   42    0.215538   0.327483    2.059427  16.439947
   3   43    0.187944   0.316247    3.569976  10.032002
   3   44    0.004505   0.302007   32.239808  34.633159
   4    0    4.468090   0.470326   31.857602  35.112931
   4    1    4.354616   0.475303   40.408095  34.625364
   4    2    4.270633   0.475997   25.061938  10.589204
   4    3    4.199881   0.424124   40.708022  23.171538
   4    4    4.072317   0.435899   18.102036   9.420563
   4    5    3.921054   0.483269    6.484472  26.159696
   4    6    3.879835   0.497360   30.982891   1.491878
   4    7    3.790403   0.478661   13.545993  33.464824
   4    8    3.620240   0.438163   34.475116  23.435580
   4    9    3.507836   0.455942   27.361060  22.391256
   4   10    3.486727   0.488146    1.564918  25.502638
   4   11    3.358917   0.499987   32.089705  21.203747
   4   12    3.271799   0.466637   36.189271  26.923711
   4   13    3.165010   0.401340   39.391193   8.192793
   4   14    3.020542   0.421664    1.435235  18.272444
   4   15    2.932454   0.401880   26.237460  31.915066
   4   16    2.884273   0.428488   31.296446  32.663185
   4   17    2.741129   0.443880   33.501135   4.695151
   4   18    2.649265   0.442201    3.243852   7.185707
   4   19    2.543175   0.454189   30.875999   4.170073
   4   20    2.456567   0.401945   33.281835  31.799840
   4   21    2.369850   0.418362   38.726795  16.603430
   4   22    2.217107   0.452812   10.824931  14.983220
   4   23    2.168653   0.438377   33.754388  30.891238
   4   24    2.061343   0.485507   37.644416   3.745688
   4   25    1.913808   0.421938   32.901326   3.626931
   4   26    1.844632   0.493617   13.298076  20.194169
   4   27    1.751111   0.421404    8.711893  23.288256
   4   28    1.658344   0.413629   38.870569  37.652189
   4   29    1.552861   0.426022   19.399857   5.554114
   4   30    1.472368   0.443805   31.515824  16.408485
   4   31    1.370213   0.412406   18.166121  11.954730
   4   32    1.257274   0.434605   34.206999  32.489488
   4   33    1.178830   0.475106   38.847597  40.503822
   4   34    1.003790   0.405563    8.263573  22.420770
   4   35    0.919020   0.491626   38.767656   9.656758
   4   36    0.873586   0.471334   10.639226  12.762846
   4   37    0.733836   0.424409   14.697571   5.884034
   4   38    0.678514   0.453114   23.618198  25.277056
   4   39    0.507730   0.426036   14.127458  10.344655
   4   40    0.495550   0.410686    1.481901  26.897540
   4   41    0.304332   0.493344   21.584237  21.589383
   4   42    0.281571   0.455083    6.871618   8.255651
   4   43    0.194803   0.411120    8.523257  28.919075
   4   44    0.055952   0.492167   28.987174   5.323462
   5    0    4.457973   0.536728   15.359225  24.968685
   5    1    4.369620   0.503388    6.425542  25.813311
   5    2    4.220075   0.503260   25.491207  16.282778
   5    3    4.176781   0.591582   39.377392   5.290682
   5    4    4.085389   0.560708   33.715467  37.093756
   5    5    3.969954   0.506849    9.063670  17.527996
   5    6    3.889487   0.532184   25.209041  14.209287
   5    7    3.730271   0.520403   26.708353  39.447212
   5    8    3.684008   0.535342    6.305940   9.860731
   5    9    3.583167   0.532742   30.007572  23.069463
   5   10    3.436020   0.507928    4.576982   4.559697
   5   11    3.334657   0.586549   31.969384  15.210232
   5   12    3.296016   0.580802    3.263304  13.455159
   5   13    3.195331   0.504477    5.162517  30.228931
   5   14    3.056462   0.561756   13.902655  37.378869
   5   15    2.977989   0.587266   33.826479   1.962014
   5   16    2.887575   0.529137    1.026656  13.712126
   5   17    2.780549   0.588618   26.959492  18.039090
   5   18    2.698601   0.585513   34.096254  32.402278
   5   19    2.538390   0.529835   37.414760  13.101819
   5   20    2.431400   0.588563   14.381672  18.902628
   5   21    2.349750   0.529437   35.199662   7.015678
   5   22    2.248466   0.558836    8.282217  18.504747
   5   23    2.144094   0.500785   37.586499  19.984984
   5   24    2.029812   0.562222   13.620371  25.477486
   5   25    1.976561   0.514224    4.307518  18.551906
   5   26    1.842217   0.578702   11.733646  25.622333
   5   27    1.791634   0.529329   23.020959   4.780477
   5   28    1.690371   0.598373   15.726762   2.300012
   5   29    1.506150   0.577527   38.398973  15.496952
   5   30    1.402297   0.530745   34.035742  13.678603
   5   31    1.315537   0.515731   37.602299  29.278155
   5   32    1.241196   0.573955   28.494622   2.898707
   5   33    1.127869   0.577557   35.570643  25.949791
   5   34    1.072457   0.566813   17.384485  33.046554
   5   35    0.977890   0.520286    5.471799  26.676978
   5   36    0.848099   0.538495   16.483644  25.271219
   5   37    0.767574   0.502935   32.816572  22.299612
   5   38    0.601260   0.578205    4.926819  21.077434
   5   39    0.521126   0.533638   36.160652  33.385436
   5   40    0.470609   0.570291   27.720227   8.770830
   5   41    0.330474   0.592998   32.978652  17.544059
   5   42    0.298669   0.579047   23.048598   9.227695
   5   43    0.102402   0.574131   16.209565  27.865422
   5   44    0.069035   0.521843   30.049130   7.606705
   6    0    4.400371   0.679871    5.136978  10.916562
   6    1    4.365349   0.639256   11.516527   5.315356
   6    2    4.202915   0.682890   23.681433  33.550827
   6    3    4.149642   0.656470   16.042269  30.489165
   6    4    4.076150   0.685487   39.846395  24.853992
   6    5    3.969257   0.631558    5.380364  25.437000
   6    6    3.880530   0.612344   31.973331  32.872075
   6    7    3.710078   0.603077   25.370882   5.951226
   6    8    3.601379   0.631786   10.625497   5.335904
   6    9    3.519167   0.681990   22.541619  40.076665
   6   10    3.409067   0.628894   19.334065   9.417881
   6   11    3.322136   0.681021   23.547331  22.877660
   6   12    3.217873   0.647277   23.104300   7.626610
   6   13    3.159715   0.638363   40.895013   8.937888
   6   14    3.022612   0.675417   10.493547   5.265455
   6   15    2.963983   0.672025   25.942776   5.772826
   6   16    2.849093   0.678165   23.236871  19.451333
   6   17    2.787576   0.696124   18.948937  29.030137
   6   18    2.658211   0.664331   26.810230  10.510417
   6   19    2.588951   0.641101   25.986985  34.298517
   6   20    2.494228   0.637267   25.985142  23.637696
   6   21    2.363398   0.646072    3.831170  30.540885
   6   22    2.265307   0.696897   11.342865  32.027673
   6   23    2.193000   0.633434   16.456513   6.613082
   6   24    2.088822   0.648892   35.880165  32.253790
   6   25    1.969081   0.633391   20.586091  25.024590
   6   26    1.825275   0.629486    5.252820  18.494485
   6   27    1.717974   0.699164    2.757524  36.043063
   6   28    1.662811   0.672911   20.867061  34.274076
   6   29    1.535024   0.642443    6.669658  40.439804
   6   30    1.499423   0.632499   21.943219   8.707019
   6   31    1.302745   0.623052   37.109479  20.618602
   6   32    1.201823   0.616205   30.839910   8.804365
   6   33    1.136949   0.646771   25.548380   7.565690
   6   34    1.098808   0.612647   35.341145  40.221575
   6   35    0.969362   0.660949   32.535956  35.003870
   6   36    0.892603   0.664704    2.272830   5.897139
   6   37    0.736907   0.688780    3.308548  32.329176
   6   38    0.644235   0.694301   28.729159   5.351799
   6   39    0.506313   0.610037    5.568856   4.353763
   6   40    0.408424   0.694218   40.353499  26.988443
   6   41    0.318070   0.678537    2.181968  18.574005
   6   42    0.259789   0.680596   20.532388  11.553082
   6   43    0.186013   0.664805    6.572231   9.628121
   6   44    0.065336   0.643253   20.025371   6.987618
   7    0    4.437935   0.726142   14.894453  15.802933
   7    1    4.318276   0.740021   33.467427  13.225427
   7    2    4.228617   0.735688    6.591988  23.894710
   7    3    4.155129   0.756031   37.344827  10.051107
   7    4    4.099537   0.747137   33.743307  36.424315
   7    5    3.931910   0.789168   23.459308  11.966020
   7    6    3.899280   0.732344   19.637734   9.152233
   7    7    3.735843   0.728913   12.559524   1.071608
   7    8    3.615273   0.705389   38.310080  17.034341
   7    9    3.556626   0.767365   34.732788  12.302757
   7   10    3.400966   0.738514   29.302985  33.204600
   7   11    3.335713   0.718410   36.314183   4.913788
   7   12    3.212975   0.782907   35.714810   8.266165
   7   13    3.153359   0.723889   17.484197   9.939981
   7   14    3.099915   0.730413   18.630018  36.117725
   7   15    2.901387   0.794018   20.390065  35.427849
   7   16    2.808802   0.791056   17.318030   7.737178
   7   17    2.724673   0.763455   34.540110  19.547674
   7   18    2.695878   0.715622   12.125591   5.790091
   7   19    2.596291   0.744049   24.384394  26.272163
   7   20    2.446597   0.762601   25.776775  20.625675
   7   21    2.320071   0.720699   33.409082  39.125354
   7   22    2.224242   0.794405    8.833795  12.168334
   7   23    2.129985   0.767677   39.735970   5.576247
   7   24    2.078294   0.789054   16.360844  22.408168
   7   25    1.978368   0.759342   10.132697  17.971933
   7   26    1.852124   0.770441   15.372290  39.639094
   7   27    1.774384   0.711408   22.503218   6.475311
   7   28    1.634995   0.792762    6.435561  28.288594
   7   29    1.550475   0.716748    1.342186  25.292782
   7   30    1.405579   0.762890   37.838163   7.128390
   7   31    1.397701   0.733153   16.300938  15.547650
   7   32    1.213324   0.748199   17.017302   3.850664
   7   33    1.120956   0.739584   30.926864  26.475246
   7   34    1.040007   0.796769   21.489671  15.439760
   7   35    0.921957   0.702135   16.801985  31.186108
   7   36    0.876668   0.791910   40.308009   1.464609
   7   37    0.721720   0.781266   27.720627   4.063878
   7   38    0.640878   0.773580   17.110104  31.362428
   7   39    0.584939   0.767818   39.210154  33.934876
   7   40    0.445911   0.785565   37.114975  36.979575
   7   41    0.306200   0.756916   20.612772  10.466618
   7   42    0.216880   0.749149   22.960039  28.080729
   7   43    0.162449   0.756058   20.110491  40.822878
   7   44    0.029279   0.721566   18.062118  31.232900
   8    0    4.427389   0.876520    7.489377  29.423188
   8    1    4.322609   0.870621    1.224211  11.416064
   8    2    4.281711   0.875692   35.103310  25.724983
   8    3    4.115895   0.885675   32.499020  30.907553
   8    4    4.038083   0.801990   24.411505  13.266937
   8    5    3.922893   0.849575   17.859274  11.432621
   8    6    3.831789   0.843758    3.628139  17.782298
   8    7    3.732656   0.816102   19.013966  13.268948
   8    8    3.606693   0.898844   31.436464  33.011401
   8    9    3.585878   0.873205   24.748679   8.938111
   8   10    3.451890   0.862552   22.383869  19.912800
   8   11    3.339051   0.823512    1.457232  29.312421
   8   12    3.216993   0.878193    1.488399   8.292811
   8   13    3.166974   0.880522   13.070944  16.410782
   8   14    3.053389   0.806725   38.751333  39.443542
   8   15    2.909515   0.861414    4.380886   9.852588
   8   16    2.895150   0.849748    8.684431  14.199816
   8   17    2.720774   0.855527   36.787540  22.883946
   8   18    2.606453   0.803625   25.624586  12.895699
   8   19    2.527936   0.861360   31.801339   9.085856
   8   20    2.482403   0.831547    2.522628  12.021657
   8   21    2.353053   0.814313   15.156666   2.319277
   8   22    2.297124   0.815084   29.057120  16.953686
   8   23    2.193927   0.872434   23.190893  30.157322
   8   24    2.046755   0.887103    4.338035  20.946052
   8   25    1.999958   0.888051   33.179149  35.000133
   8   26    1.835700   0.853857   30.129273   7.649621
   8   27    1.715467   0.869471   30.604555  27.263321
   8   28    1.602022   0.885684   32.433026  37.738038
   8   29    1.596506   0.828800   28.882719   1.476137
   8   30    1.472304   0.892908   12.443082  19.794357
   8   31    1.337518   0.819457   30.848349   8.820869
   8   32    1.277623   0.806411   32.288211  21.431013
   8   33    1.171478   0.890117    6.350921  38.590290
   8   34    1.050466   0.850760   36.650820   8.686354
   8   35    0.931240   0.820570   36.595377  16.235246
   8   36    0.857439   0.831902   18.260174  30.061249
   8   37    0.780847   0.859388    3.402901  37.119846
   8   38    0.604617   0.861099   13.423482   6.129632
   8   39    0.543397   0.853308   20.355896   2.796977
   8   40    0.481130   0.802143    3.172267   6.477098
   8   41    0.366824   0.843873   12.830319  30.562209
   8   42    0.282310   0.859837   36.265458  32.792053
   8   43    0.180576   0.808172   15.207633   7.239459
   8   44    0.076249   0.824297   22.204726  40.254161
   9    0    4.404648   0.937377   26.097646  14.597096
   9    1    4.347069   0.947854   25.581650  18.935190
   9    2    4.277825   0.979329    6.192623  26.488477
   9    3    4.164523   0.959164    7.490348  22.747666
   9    4    4.074219   0.919534   18.412086  26.756225
   9    5    3.992694   0.912587    5.403279  35.547022
   9    6    3.876309   0.938742   36.286782   2.134869
   9    7    3.760660   0.929972   39.821990  22.313300
   9    8    3.668692   0.964635   24.069380   5.831770
   9    9    3.574900   0.916711   24.178632  27.908714
   9   10    3.409618   0.930196   40.848497  25.161588
   9   11    3.357030   0.924231   33.878134  36.727748
   9   12    3.227136   0.961967   20.981735  40.554835
   9   13    3.141143   0.987083   21.035004  13.626733
   9   14    3.073301   0.947677   14.452463  33.456397
   9   15    2.962594   0.984327    3.372760  29.840192
   9   16    2.853365   0.974603   33.294136  27.075195
   9   17    2.714487   0.962166   28.918079  37.161537
   9   18    2.627279   0.987569    4.015028   6.641477
   9   19    2.539439   0.907574   22.535800   9.486012
   9   20    2.458059   0.988610   30.995284   4.773565
   9   21    2.362389   0.981137   36.015001  22.884105
   9   22    2.255697   0.989110   32.117291  32.751158
   9   23    2.155260   0.901425   10.330393  33.693949
   9   24    2.036277   0.929620   15.429414   9.937630
   9   25    1.956233   0.922874   36.867390  38.691545
   9   26    1.883871   0.902563   24.432201  31.289065
   9   27    1.745177   0.964545   33.813219   2.217973
   9   28    1.667473   0.948714    9.615242  16.833095
   9   29    1.502504   0.928035   14.580549  12.213031
   9   30    1.426909   0.949558   25.161912   7.195892
   9   31    1.351220   0.989439   37.044141  20.425106
   9   32    1.200124   0.904585    2.278292  25.701013
   9   33    1.101437   0.962424    5.535107  31.637329
   9   34    1.019621   0.965053   34.391644  40.259082
   9   35    0.982861   0.907359   31.951417  12.570457
   9   36    0.858087   0.993915   24.502847   7.212621
   9   37    0.764012   0.904852    8.007361  13.193149
   9   38    0.652343   0.935378   11.266294  24.495645
   9   39    0.516937   0.921172   37.558730  31.490708
   9   40    0.480777   0.906940   27.909787  22.912955
   9   41    0.393153   0.967695   26.104554   7.313582
   9   42    0.212258   0.971800   36.896054  22.039374
   9   43    0.130338   0.996903   23.980279   1.747314
   9   44    0.084298   0.910135    3.266549  11.184479
  10    0    4.409987   1.083349   30.421347  25.515870
  10    1    4.304850   1.084070   40.897282  26.063703
  10    2    4.233805   1.009660    7.590191   3.250651
  10    3    4.105612   1.082988   28.435469  18.261984
  10    4    4.081029   1.014791   26.823731  40.027752
  10    5    3.905084   1.043414   25.474873  17.271461
  10    6    3.850210   1.064627   13.772502  12.396381
  10    7    3.766882   1.060809   24.566751  23.830012
  10    8    3.677139   1.073443   34.766633  18.191652
  10    9    3.562920   1.049396   10.952394   8.482771
  10   10    3.455668   1.038852   33.657942  27.745267
  10   11    3.372070   1.060529    9.442319  40.734040
  10   12    3.270131   1.052549   26.551459  23.677940
  10   13    3.162786   1.040140   16.656209  21.852343
  10   14    3.076844   1.014512   31.253803  37.277697
  10   15    2.922924   1.091441    6.876791  18.336691
  10   16    2.847875   1.009259    8.929832  26.538528
  10   17    2.711602   1.010330    1.059871  33.247409
  10   18    2.612819   1.099367   27.373111  14.254164
  10   19    2.516451   1.077837   21.081841   9.050215
  10   20    2.403756   1.053632   38.459769  34.132053
  10   21    2.304975   1.026471   15.095009   8.317556
  10   22    2.224863   1.055114   16.769372  18.712959
  10   23    2.160981   1.045491   14.900181  27.576482
  10   24    2.031358   1.027756   12.020553   4.951880
  10   25    1.996168   1.053839   32.534975   4.787705
  10   26    1.812487   1.079327    4.883127  11.636311
  10   27    1.722948   1.048952   40.815426   2.385754
  10   28    1.630222   1.083192    3.892545  17.388202
  10   29    1.567462   1.034593   11.357487   5.505479
  10   30    1.469124   1.011696   20.606579  38.816244
  10   31    1.391479   1.041583    3.644091  28.965466
  10   32    1.203539   1.089938   10.808180  15.455461
  10   33    1.178504   1.081489   29.992537  36.774218
  10   34    1.085805   1.060275   11.472538  11.451380
  10   35    0.922910   1.015313   23.815960  24.370292
  10   36    0.803647   1.035122   16.380419  23.516355
  10   37    0.741271   1.076655   32.361792  16.502891
  10   38    0.646181   1.068422   17.673926  40.505964
  10   39    0.502343   1.062050   20.149090  12.604709
  10   40    0.456177   1.094633   16.314880  12.033677
  10   41    0.346238   1.089880    5.615758  26.704149
  10   42    0.231264   1.068162   31.320102  11.862330
  10   43    0.134338   1.033708   21.025688  40.369353
  10   44    0.068716   1.085874   15.811913   6.381236
  11    0    4.439380   1.155867   24.474938  34.871777
  11    1    4.327230   1.190644   37.336255  19.298086
  11    2    4.249867   1.102801    2.875125  12.702379
  11    3    4.104846   1.134863   20.564874  40.745108
  11    4    4.024601   1.174909    6.081257  18.768782
  11    5    3.904654   1.129423   22.412109   2.319248
  11    6    3.891623   1.150559   24.870321  28.047094
  11    7    3.779419   1.115865   12.760829   9.146473
  11    8    3.641206   1.126431   29.265975  19.157385
  11    9    3.512538   1.177257   28.406201  25.880588
  11   10    3.414811   1.134518   38.743764   2.277117
  11   11    3.305922   1.146778   33.489958  35.617282
  11   12    3.241027   1.109864    2.140369  15.002156
  11   13    3.105481   1.182119   16.611966   9.024433
  11   14    3.015510   1.112533    2.629404  21.210296
  11   15    2.901793   1.148455   22.969894  35.560003
  11   16    2.864812   1.152293   31.915409   5.677534
  11   17    2.797362   1.193139   39.291899  39.469176
  11   18    2.673737   1.125180   17.836680  31.142657
  11   19    2.532558   1.101181   39.991263  30.322705
  11   20    2.492481   1.147340   20.856694  14.711006
  11   21    2.309882   1.192167   24.886024  21.178739
  11   22    2.273303   1.163480   17.462921   6.933611
  11   23    2.150629   1.156504   11.990652  27.020720
  11   24    2.016862   1.114729   22.280884  19.593168
  11   25    1.959344   1.131666   13.300938  11.944248
  11   26    1.835580   1.173918   25.750385  27.173691
  11   27    1.759641   1.187619   17.157281   5.636134
  11   28    1.665524   1.194990   20.499897  22.185938
  11   29    1.500008   1.124643    7.685661  18.009159
  11   30    1.479297   1.177700   17.094161  15.966053
  11   31    1.310175   1.186512   29.979607   5.426373
  11   32    1.270298   1.118755    8.619099   4.260163
  11   33    1.117398   1.157304   19.100565  22.769101
  11   34    1.093448   1.106196   13.607220  40.852994
  11   35    0.907734   1.141066   31.638125  32.673102
  11   36    0.859115   1.115096    8.095756   2.693865
  11   37    0.739908   1.120164   10.485609  36.577664
  11   38    0.685454   1.179540   30.148826  26.418747
  11   39    0.588824   1.150332   36.650613   1.802723
  11   40    0.419759   1.148366    3.963985  28.862387
  11   41    0.312077   1.178281   16.334144   4.689402
  11   42    0.241662   1.180318    5.722590  33.099789
  11   43    0.196006   1.161170   37.176054  11.909693
  11   44    0.060144   1.197980   19.632461   6.751684
  12    0    4.447883   1.226350    4.478536  20.371291
  12    1    4.312306   1.299316   30.150393  20.733920
  12    2    4.257777   1.234460   36.383520  30.713935
  12    3    4.164734   1.220609    5.161127  34.326003
  12    4    4.057423   1.299335   16.393855  20.213894
  12    5    3.908030   1.255269   24.928448  26.379365
  12    6    3.854136   1.274089   32.292233  27.983570
  12    7    3.721700   1.259229   22.923161   2.681212
  12    8    3.615333   1.234361   12.425876  28.673482
  12    9    3.570092   1.215566    7.171729  15.935143
  12   10    3.423699   1.276911   23.489067  10.454236
  12   11    3.370444   1.288474   24.558441  17.515026
  12   12    3.214308   1.204548   18.349655  28.876363
  12   13    3.151349   1.269877   35.553037  39.093951
  12   14    3.043216   1.286897   38.129755  20.276246
  12   15    2.994074   1.210759    3.124767  37.445367
  12   16    2.822087   1.270517   19.664909  26.716669
  12   17    2.720136   1.233629   27.142945   7.158830
  12   18    2.685358   1.261661   37.630021   9.020811
  12   19    2.556464   1.242618   34.353093  33.708131
  12   20    2.435253   1.220243   20.034479   5.278848
  12   21    2.374152   1.283312    4.056868  23.254833
  12   22    2.235627   1.284575   36.452911  29.276614
  12   23    2.158495   1.255704   10.912998  25.765595
  12   24    2.098214   1.292987   10.272090  36.616114
  12   25    1.926454   1.250551   18.815515   4.466979
  12   26    1.824245   1.280680   29.398570  35.867953
  12   27    1.763080   1.261923    3.594677  37.356711
  12   28    1.630730   1.207975    4.285697  27.916106
  12   29    1.500678   1.226901   17.324966  25.435719
  12   30    1.403900   1.219578    7.802700  38.725721
  12   31    1.313605   1.257130   33.313677  27.520558
  12   32    1.282324   1.243569   28.382630  29.084999
  12   33    1.147593   1.256324   28.382633  22.941168
  12   34    1.079179   1.213535   36.049969  39.442468
  12   35    0.945371   1.262869    7.844638  21.124179
  12   36    0.806961   1.237590   40.342819  38.781325
  12   37    0.770086   1.217285   38.615348  31.007364
  12   38    0.668574   1.243974    9.808605  33.542791
  12   39    0.564661   1.230580   27.190288  33.426064
  12   40    0.426345   1.204535    4.666326  15.930757
  12   41    0.318714   1.221448    1.755825   6.057796
  12   42    0.254902   1.274572    7.392431  10.500318
  12   43    0.145038   1.297750   31.491944  33.206530
  12   44    0.025183   1.290364   40.401450  13.753086
  13    0    4.494897   1.380891    1.163763  31.653439
  13    1    4.355017   1.334170   35.656602  13.532504
  13    2    4.265479   1.310448   15.387766  38.996244
  13    3    4.196795   1.310567    7.959642   3.332669
  13    4    4.073899   1.320824   34.497811  22.344580
  13    5    3.914649   1.377680   21.833267  11.204529
  13    6    3.889961   1.351704    2.725012  12.934142
  13    7    3.732411   1.342226   31.323493   3.763575
  13    8    3.634673   1.339742   19.444679  16.167644
  13    9    3.509253   1.358214   32.713437  22.873516
  13   10    3.463105   1.340179   25.532551  26.785989
  13   11    3.322529   1.365757   22.054036  25.900694
  13   12    3.258700   1.343976   29.411615  35.318301
  13   13    3.106712   1.368626   32.581283  30.004337
  13   14    3.071488   1.388584    1.159879  24.654838
  13   15    2.913681   1.377050    1.503609  26.748048
  13   16    2.834930   1.308592   18.088519  24.532085
  13   17    2.722759   1.335670   21.307135  15.388243
  13   18    2.695227   1.336298   11.488886  36.914631
  13   19    2.538978   1.315698   27.640544   1.515562
  13   20    2.482916   1.341596   21.785929  26.703791
  13   21    2.374981   1.374979    4.005418   2.295589
  13   22    2.249461   1.395644   18.124630  29.898191
  13   23    2.115778   1.380031   22.891916  30.375542
  13   24    2.081285   1.353385   38.455144   5.276885
  13   25    1.916251   1.340075   13.663774  15.593878
  13   26    1.890316   1.376267   17.471365  25.870870
  13   27    1.778863   1.324646    9.410609  26.950108
  13   28    1.663609   1.358421   32.296721  12.934184
  13   29    1.503471   1.323599   18.149639  16.862394
  13   30    1.434982   1.377069    9.600068  17.821077
  13   31    1.392445   1.361141   28.172949  25.560838
  13   32    1.218838   1.361049    2.863596  16.121061
  13   33    1.132456   1.393977   33.000498  35.534670
  13   34    1.020505   1.360169    4.813731  13.598963
  13   35    0.959404   1.307761   28.313157  14.271864
  13   36    0.808354   1.302443   27.565098  14.932409
  13   37    0.744841   1.375717   11.404087   8.100025
  13   38    0.600901   1.346316   21.816641  33.934488
  13   39    0.521081   1.358653   23.100862  10.757678
  13   40    0.486791   1.370613   36.478077  27.894639
  13   41    0.387865   1.306544   12.774787   7.395450
  13   42    0.257203   1.396226    1.393928  18.866148
  13   43    0.116007   1.368429   18.967934   8.026894
  13   44    0.088719   1.300434    8.371419   1.173931
  14    0    4.482883   1.429581    1.332461  34.019063
  14    1    4.370052   1.467295    9.507611   7.111583
  14    2    4.240922   1.472756   33.990884  27.033220
  14    3    4.118292   1.415653    6.850189  31.742022
  14    4    4.033474   1.403759   36.089975  31.896405
  14    5    3.979439   1.460132   33.715396   2.911333
  14    6    3.832436   1.490657   12.235080   3.204882
  14    7    3.753987   1.489814    5.525652  24.030747
  14    8    3.679006   1.440691   23.655669  40.030808
  14    9    3.531210   1.494375    6.818484  34.876997
  14   10    3.462705   1.479241   10.367026   3.923759
  14   11    3.355526   1.428071   21.117422  29.606613
  14   12    3.274507   1.401184   15.257015   2.469105
  14   13    3.184942   1.478232   21.644623   1.375022
  14   14    3.017470   1.436553    2.940963   3.985472
  14   15    2.935104   1.496834    3.393991   9.396632
  14   16    2.852707   1.409606   39.391716   8.513917
  14   17    2.732796   1.461217   30.872679  26.977399
  14   18    2.699819   1.473263   22.766032  16.071684
  14   19    2.530029   1.453194   20.857887   7.996681
  14   20    2.499122   1.469313   31.512499  25.213775
  14   21    2.353961   1.484513   15.804942  24.510497
  14   22    2.278044   1.498877    2.760257  23.265853
  14   23    2.188870   1.451097   11.081711  19.593628
  14   24    2.046012   1.487328   32.151848  34.162317
  14   25    1.904303   1.468436   17.993455   7.233295
  14   26    1.870935   1.493189   15.697589  10.643694
  14   27    1.758248   1.426206   14.601303  35.032480
  14   28    1.666105   1.441492   34.892926  14.637825
  14   29    1.515809   1.401433   37.626581  25.676255
  14   30    1.438878   1.458674   18.254274   2.969599
  14   31    1.332354   1.486405   21.272285   9.559796
  14   32    1.221918   1.448270   35.592943  25.114344
  14   33    1.155467   1.420088   12.582083  13.672090
  14   34    1.024127   1.474517   15.760778  25.530261
  14   35    0.902322   1.459910    7.996236  20.774623
  14   36    0.801549   1.414429    4.265215   5.175623
  14   37    0.768152   1.494572   22.052958  38.109682
  14   38    0.658584   1.497988   14.065540  35.136757
  14   39    0.517553   1.477927   36.722742  16.318202
  14   40    0.446806   1.480794   31.026158   9.863151
  14   41    0.303168   1.458994   28.652270  16.942388
  14   42    0.232475   1.483873   14.916780  38.326339
  14   43    0.146109   1.493813   11.633581  40.833693
  14   44    0.054510   1.491268   27.513480  38.489518
  15    0    4.499024   1.551118    2.903238  19.981992
  15    1    4.392261   1.517645    1.268631  23.795182
  15    2    4.296281   1.565704   24.415279   1.727166
  15    3    4.106851   1.545338   15.181815  29.948357
  15    4    4.076065   1.550880    4.020832  37.009555
  15    5    3.911150   1.583097   28.917834  26.093334
  15    6    3.836442   1.554542   26.526302   3.261119
  15    7    3.761653   1.517256    1.882041   6.552121
  15    8    3.661580   1.532174   40.891122  27.734404
  15    9    3.550574   1.510126   30.877248   7.613129
  15   10    3.425294   1.514479   17.365122   8.511755
  15   11    3.308401   1.550109   18.130548  38.428943
  15   12    3.246965   1.567354   27.154622  38.132520
  15   13    3.105984   1.573388   30.892436  15.902308
  15   14    3.039619   1.577588   27.245417  38.721292
  15   15    2.970889   1.557974   14.474694  30.509824
  15   16    2.851586   1.548899   34.299903  17.695572
  15   17    2.705321   1.537505   32.507551   3.333089
  15   18    2.661644   1.559854   24.084640   9.576528
  15   19    2.512358   1.594363   11.360697  24.137408
  15   20    2.442926   1.517710   16.673698  22.121837
  15   21    2.303530   1.569547   20.086802  26.158452
  15   22    2.263127   1.540379    2.712233  33.944936
  15   23    2.173978   1.570160   22.910230  35.327582
  15   24    2.037638   1.512471   32.313764  15.980275
  15   25    1.991474   1.564479   38.197734  29.986876
  15   26    1.898276   1.590775    5.703703  30.599526
  15   27    1.752527   1.529260    6.011946  21.715168
  15   28    1.683103   1.579554   33.510751  19.878988
  15   29    1.512597   1.554285    5.762567  38.706788
  15   30    1.492607   1.556678   34.646836   8.463725
  15   31    1.398136   1.515099   16.134201  20.214934
  15   32    1.294119   1.507885   31.005322  36.669337
  15   33    1.155716   1.596465   11.383861  13.891964
  15   34    1.089855   1.518349   20.746293   5.907524
  15   35    0.987960   1.586295    1.265217  27.429202
  15   36    0.894312   1.578267    5.726777   1.216940
  15   37    0.767278   1.562614    6.250741  21.719141
  15   38    0.694042   1.582313   33.672823  34.626153
  15   39    0.506616   1.564594   35.386937   4.833277
  15   40    0.486889   1.541573   31.979431   8.270820
  15   41    0.301458   1.572780   21.031942  34.429081
  15   42    0.218822   1.580983   37.563369  27.632516
  15   43    0.139281   1.523314    2.888816  40.769960
  15   44    0.054343   1.565291    5.983000   2.961952
  16    0    4.401456   1.646314    3.161916  23.362348
  16    1    4.331191   1.682232   33.078291  40.894653
  16    2    4.258272   1.649520   35.327814  31.284396
  16    3    4.161709   1.612857   23.673232   8.462447
  16    4    4.080336   1.664900   20.926264  10.601038
  16    5    3.951699   1.635856   34.421976   8.149466
  16    6    3.858997   1.638098   11.940820  11.830506
  16    7    3.712999   1.645240   21.669050  15.336635
  16    8    3.644798   1.668483   30.752722  36.247719
  16    9    3.548248   1.608888   20.233072  38.423968
  16   10    3.476115   1.600953    5.315774   1.880239
  16   11    3.385402   1.659225   25.312447  27.115289
  16   12    3.280200   1.629792   14.113973   8.372824
  16   13    3.135609   1.686716    7.250605  15.795300
  16   14    3.085786   1.699534    3.627725  34.466923
  16   15    2.940877   1.601849   37.687382   6.624252
  16   16    2.890233   1.678158   20.448526  12.661755
  16   17    2.767740   1.641952    5.662221  30.920768
  16   18    2.674845   1.633872   10.846088  12.693936
  16   19    2.589743   1.625443   13.523933  37.598694
  16   20    2.459579   1.668333   22.505902  28.792940
  16   21    2.385047   1.698010   25.040808  23.869149
  16   22    2.232783   1.646359   36.319335   5.239963
  16   23    2.155871   1.672739   11.893951  26.114279
  16   24    2.082915   1.615019   20.522396  10.578105
  16   25    1.953662   1.639351   29.775750  27.784518
  16   26    1.897375   1.623446   15.143379   2.892083
  16   27    1.768091   1.606484   31.604475  36.366467
  16   28    1.678641   1.638797    1.633650  16.895990
  16   29    1.508880   1.645335   32.905056  12.913843
  16   30    1.459836   1.603486   30.719905   8.137944
  16   31    1.377424   1.623022    3.195139   5.329213
  16   32    1.280665   1.694171   10.930298  10.450784
  16   33    1.189839   1.649643    7.254617  20.529600
  16   34    1.010334   1.623901   20.910885  19.848262
  16   35    0.974748   1.614297   21.445843  30.824309
  16   36    0.876627   1.675427   40.562916  31.386514
  16   37    0.727573   1.652222   22.790850   6.278658
  16   38    0.679757   1.665904   39.195537   5.080905
  16   39    0.558504   1.667724   32.300924  37.532624
  16   40    0.435905   1.621003   13.302555  22.788634
  16   41    0.323528   1.635705   29.092960  22.488683
  16   42    0.208555   1.679954   32.235978  40.037816
  16   43    0.177057   1.618393   38.116082  35.478488
  16   44    0.045775   1.662085   26.963075  35.104081
  17    0    4.430665   1.763249   31.851087  18.963309
  17    1    4.348551   1.700160   25.257815  12.206004
  17    2    4.245318   1.793043   15.134308  35.518466
  17    3    4.149072   1.786122   36.091553  26.511034
  17    4    4.024253   1.759765   22.296584  31.797336
  17    5    3.978551   1.780837   16.651932   5.713880
  17    6    3.810234   1.710271   27.097067  16.365781
  17    7    3.751727   1.710973   37.333010   6.269626
  17    8    3.624465   1.703475   28.470666  19.743190
  17    9    3.589635   1.713413   13.203708  21.934168
  17   10    3.414762   1.726430   28.896988  27.681630
  17   11    3.343519   1.790373   34.875694  38.084869
  17   12    3.207876   1.779754   27.237698  17.659905
  17   13    3.170972   1.706893    7.355941  17.364649
  17   14    3.084930   1.741659   24.178299   3.764647
  17   15    2.950421   1.796442   32.383193  30.513033
  17   16    2.819991   1.774214   25.949353   6.575875
  17   17    2.702032   1.740077   27.911702  10.817992
  17   18    2.639600   1.705505   10.791280  32.369755
  17   19    2.511893   1.749927   27.819602  11.442736
  17   20    2.475895   1.706984   32.665902  29.896627
  17   21    2.332045   1.718751    5.583386  21.951909
  17   22    2.297534   1.786594   38.006955  33.187666
  17   23    2.151467   1.793874   37.574013  33.681980
  17   24    2.011142   1.735126    3.840888  15.288858
  17   25    1.902563   1.796029    4.794202  13.170896
  17   26    1.831383   1.795793   29.398297  10.516279
  17   27    1.784011   1.731457   26.290575  28.682412
  17   28    1.619990   1.775161   28.375420  11.771999
  17   29    1.544004   1.739079   23.138353  16.930809
  17   30    1.493204   1.777326   35.294186  14.655214
  17   31    1.378005   1.773639   28.810358  15.432022
  17   32    1.293099   1.722639   16.948353   1.548545
  17   33    1.152010   1.750407    9.906166  40.477517
  17   34    1.011102   1.707293   28.712366  36.554750
  17   35    0.966206   1.767387   40.631297   1.547566
  17   36    0.841788   1.770720   15.528591  16.104402
  17   37    0.724501   1.776920    5.080399  30.050889
  17   38    0.631638   1.764046    8.677665  30.250400
  17   39    0.573051   1.700138   23.292443   3.597931
  17   40    0.470969   1.754706   31.975776  16.110506
  17   41    0.315271   1.764975   30.210005  26.585365
  17   42    0.257570   1.759874   24.831708  27.614383
  17   43    0.102167   1.701218   21.088786  23.689720
  17   44    0.037873   1.774493   34.635600   4.656964
  18    0    4.434997   1.844594   12.567572  14.938354
  18    1    4.305577   1.848452   27.240390  39.955245
  18    2    4.202330   1.885918   35.522892  29.346283
  18    3    4.108657   1.871880   31.835998  13.350960
  18    4    4.005499   1.851077   33.996720  18.677720
  18    5    3.983545   1.847503   15.305356  10.996863
  18    6    3.805260   1.812934   33.899604  33.711463
  18    7    3.700029   1.864701   31.190470  10.809683
  18    8    3.648146   1.817193    5.855676   2.459597
  18    9    3.562041   1.841133    9.685728  15.768112
  18   10    3.403581   1.850866   38.470066  23.109295
  18   11    3.367974   1.864724    7.614781  33.079525
  18   12    3.262222   1.894163    1.463298  34.027786
  18   13    3.189581   1.851290   21.136336  29.934405
  18   14    3.012331   1.874487   12.531308   8.990913
  18   15    2.980711   1.831276   18.963293   5.512795
  18   16    2.824158   1.884643    7.453791   7.865981
  18   17    2.776298   1.892788   40.168715   4.102393
  18   18    2.632362   1.836483   29.887647  11.299916
  18   19    2.587978   1.837545   18.191172  15.633210
  18   20    2.413450   1.895892   25.446355   2.534087
  18   21    2.345621   1.851374    1.441085  27.629056
  18   22    2.209001   1.885360   24.080159  30.287434
  18   23    2.173758   1.851512   40.948723   6.521394
  18   24    2.046148   1.846350   25.436039  33.719857
  18   25    1.928575   1.849266    6.783606  16.466435
  18   26    1.854329   1.825236   23.790463  33.808162
  18   27    1.754557   1.858462   17.514110  30.251660
  18   28    1.671765   1.883814   22.312023  15.037122
  18   29    1.550316   1.887631   20.765125   9.573260
  18   30    1.476434   1.838204   30.825074  37.128591
  18   31    1.360338   1.877042   27.970703  10.911300
  18   32    1.264467   1.898421   36.909602  28.601845
  18   33    1.133497   1.880447   22.707676   8.424725
  18   34    1.034002   1.814986   27.086572   2.278704
  18   35    0.910232   1.845795   29.535294  16.733650
  18   36    0.814400   1.838638   33.002101  17.417262
  18   37    0.718088   1.819209    9.054991  24.151656
  18   38    0.609600   1.864561    6.937834  13.978372
  18   39    0.570121   1.882146   14.943460  10.876177
  18   40    0.400022   1.863467   11.638990  21.599355
  18   41    0.372257   1.832933   10.001262   6.840321
  18   42    0.270017   1.898496   21.365589  39.169710
  18   43    0.154210   1.840784   10.798287  20.374828
  18   44    0.097291   1.889064   14.236439  10.473902
  19    0    4.443914   1.932895   14.286402  21.524139
  19    1    4.357017   1.910655   30.349535  27.186643
  19    2    4.207699   1.923383   14.788736  32.805905
  19    3    4.156574   1.912977   35.826559  12.576365
  19    4    4.077532   1.956585   26.064068   5.398532
  19    5    3.926863   1.998016    9.843270  37.592925
  19    6    3.882660   1.916641   20.683881  20.186710
  19    7    3.753128   1.924205   19.871589  15.585859
  19    8    3.695859   1.950305    7.748684  10.790167
  19    9    3.531979   1.993273    9.773296  12.719866
  19   10    3.494230   1.960557   10.009278  19.646200
  19   11    3.392028   1.932281   36.049276  38.224448
  19   12    3.221121   1.954876   32.747713   8.411851
  19   13    3.113097   1.904950   29.462337  21.935016
  19   14    3.019230   1.973927   39.311712  10.396924
  19   15    2.923380   1.973582   32.415690  26.153027
  19   16    2.885333   1.983908   21.985445  15.434314
  19   17    2.745264   1.985712   26.883217  14.673059
  19   18    2.674319   1.989001    1.918572  16.539476
  19   19    2.598701   1.978077    3.351739  33.895041
  19   20    2.454325   1.909077    8.124527   2.906138
  19   21    2.356052   1.974591   28.149563   9.260159
  19   22    2.285793   1.972251   13.098112  35.230707
  19   23    2.174306   1.904696   24.699616   4.819274
  19   24    2.065089   1.991874    1.391501   7.053082
  19   25    1.909338   1.983812   33.649575  14.563013
  19   26    1.838136   1.933205   17.526828  39.746973
  19   27    1.742577   1.978550   17.495445  31.212980
  19   28    1.651062   1.926270   20.912601  38.988050
  19   29    1.523023   1.925947   27.229100  31.493871
  19   30    1.463434   1.948310   27.970229  36.973642
  19   31    1.346957   1.988182   31.704365  26.476591
  19   32    1.204950   1.981752   25.466045  37.362953
  19   33    1.164027   1.902068    4.830289  11.402749
  19   34    1.008764   1.951757   14.083221   8.852121
  19   35    0.911547   1.926063   11.364306  31.471264
  19   36    0.803706   1.961189    7.557087  38.493720
  19   37    0.738941   1.996638   28.992057  18.388107
  19   38    0.693663   1.970244   30.236385  17.315659
  19   39    0.591151   1.980538   12.544705  27.050498
  19   40    0.495270   1.912973    4.722074  28.489698
  19   41    0.373686   1.949811    5.618619  12.557234
  19   42    0.244788   1.903616   21.274372   2.245160
  19   43    0.122632   1.912421   15.526416  14.807092
  19   44    0.021676   1.961893   31.967748  31.918696
  20    0    4.450531   2.002869    9.422335   1.267589
  20    1    4.369873   2.078330   35.112686  11.976277
  20    2    4.233444   2.074435    2.609061  18.066687
  20    3    4.128141   2.048189   29.252065   1.538932
  20    4    4.045850   2.037479   34.447124  35.380346
  20    5    3.908108   2.025722   21.079089  15.889011
  20    6    3.838190   2.056723   22.952071  25.159130
  20    7    3.782747   2.089257    7.912753   3.629114
  20    8    3.686951   2.054489   16.078700  17.557401
  20    9    3.569021   2.061996    2.905887  18.611097
  20   10    3.429077   2.066600   15.855667  26.998930
  20   11    3.306316   2.003428   29.949892   3.447923
  20   12    3.221363   2.062957   20.947864  19.633082
  20   13    3.147000   2.071922   25.279349   5.366393
  20   14    3.041111   2.075786   13.888035  31.006039
  20   15    2.987100   2.060306   24.068727   5.354136
  20   16    2.866918   2.075119   31.133122  16.091821
  20   17    2.773551   2.023166    2.852498  17.999548
  20   18    2.647911   2.093285   37.264946  23.398222
  20   19    2.529881   2.047090   12.389006  32.118647
  20   20    2.486002   2.028000   39.068860  30.683026
  20   21    2.344398   2.063231   10.627538  31.208190
  20   22    2.218988   2.047149   40.888058  21.886251
  20   23    2.164106   2.065361   11.727053  37.959630
  20   24    2.002323   2.077367   19.565346  23.204415
  20   25    1.933548   2.075937    4.614151  28.513878
  20   26    1.844347   2.083304    5.448166  10.803187
  20   27    1.710654   2.097760    3.356859  19.832096
  20   28    1.653572   2.034732   35.346792  13.485057
  20   29    1.581417   2.099420   11.669935   7.503077
  20   30    1.407286   2.014653   33.999643  40.698994
  20   31    1.381847   2.009028   15.156417   1.503098
  20   32    1.248317   2.043111   22.513730  29.599369
  20   33    1.119131   2.032577   37.429208  13.869403
  20   34    1.061229   2.078659    5.412321  24.431728
  20   35    0.964324   2.070857   10.045571  14.943830
  20   36    0.870501   2.012225   12.335962  37.343317
  20   37    0.766115   2.081931   31.226450  33.788384
  20   38    0.641480   2.086603   26.107064  11.786568
  20   39    0.509367   2.025002    4.621608  13.569865
  20   40    0.449900   2.058872   35.782320  18.004080
  20   41    0.313073   2.025856   16.920622  24.155996
  20   42    0.217729   2.072736   11.481281  14.653923
  20   43    0.130315   2.024108   11.898862  21.860792
  20   44    0.091904   2.023151    7.193494  11.454418
  21    0    4.477477   2.198120   28.526610  10.222215
  21    1    4.368190   2.176505   18.430634  24.797869
  21    2    4.281655   2.114711   12.058568  35.890502
  21    3    4.134975   2.156254   13.504180  31.602995
  21    4    4.093661   2.117703   19.560051  30.150836
  21    5    3.931222   2.116083   40.373182  36.246178
  21    6    3.869399   2.151851    5.115221  39.299356
  21    7    3.779142   2.100522    5.420789  11.231912
  21    8    3.674645   2.116832    5.001792  36.036818
  21    9    3.565292   2.136381   26.182222  14.333166
  21   10    3.417376   2.159777    9.405690  29.239514
  21   11    3.303902   2.107471   16.960976  23.252696
  21   12    3.257787   2.144196   24.788217  30.912396
  21   13    3.123142   2.139765   14.434067   3.426631
  21   14    3.089025   2.178162   39.807331  36.824641
  21   15    2.968864   2.164497    9.761233  35.411996
  21   16    2.821377   2.145295    7.733714  11.273207
  21   17    2.721018   2.132665    4.377020  15.370124
  21   18    2.639317   2.158316   29.591365  16.615271
  21   19    2.565528   2.125946    8.558802  25.478238
  21   20    2.434279   2.146869   24.791517  14.655695
  21   21    2.358821   2.146295   35.027783  30.671796
  21   22    2.246400   2.198819   29.817744   9.671060
  21   23    2.163526   2.169275    4.254150  13.940482
  21   24    2.075740   2.197357   30.559171  21.797027
  21   25    1.922038   2.114672   33.801563  14.471082
  21   26    1.847586   2.135055   30.177785  34.701185
  21   27    1.769704   2.121989   30.960263  21.250741
  21   28    1.637458   2.140360    1.934887  32.908786
  21   29    1.571315   2.118150    6.082119  19.314466
  21   30    1.479291   2.122082   35.190802  11.844134
  21   31    1.393403   2.130063   33.445008   6.641006
  21   32    1.295039   2.123034   32.831017   7.595675
  21   33    1.100528   2.125656   27.137994  16.771578
  21   34    1.095528   2.175289   39.660989  33.608148
  21   35    0.986285   2.163558   31.372804  15.546223
  21   36    0.810934   2.166381   33.850912   7.950501
  21   37    0.719214   2.193855   27.791200  29.922867
  21   38    0.614571   2.158315   37.300814  27.503546
  21   39    0.500083   2.180122   16.751872  12.664489
  21   40    0.405981   2.149397   15.835406  14.356668
  21   41    0.390221   2.106427   15.244581  28.750121
  21   42    0.218393   2.132654    6.427161  24.898208
  21   43    0.180615   2.192091   30.993289   7.685691
  21   44    0.011643   2.184012   26.185184  13.529448
  22    0    4.428434   2.261657   20.474131  20.461052
  22    1    4.304494   2.208424   26.636478  20.627444
  22    2    4.291440   2.207890   37.988114  10.719858
  22    3    4.190073   2.282788   16.865274   8.327265
  22    4    4.041443   2.241568   33.592489  16.779223
  22    5    3.964722   2.260738   10.365180  17.889506
  22    6    3.835498   2.243424   19.608831   4.456475
  22    7    3.784100   2.246331   12.997920   8.864253
  22    8    3.667999   2.220764   38.589889  10.230556
  22    9    3.540702   2.201132   23.241554  22.958002
  22   10    3.418103   2.224188   10.041360  10.085997
  22   11    3.334249   2.222356   40.950081  34.455332
  22   12    3.245135   2.298216   28.858793  21.457668
  22   13    3.180478   2.218514   17.135420   4.242451
  22   14    3.069651   2.223777   35.353877  14.014823
  22   15    2.974908   2.213370    4.821817   5.925054
  22   16    2.809798   2.260174   14.908465   9.593294
  22   17    2.795977   2.229072    9.811792  40.228228
  22   18    2.621394   2.209501   14.708706  12.404973
  22   19    2.596743   2.234928   30.241793  17.811466
  22   20    2.415855   2.207422    5.675746   7.724040
  22   21    2.395910   2.299605   35.094798  10.827160
  22   22    2.202643   2.290828    9.623529  40.569731
  22   23    2.137486   2.251396    4.376169   9.996246
  22   24    2.022337   2.205072   34.838256  15.475714
  22   25    1.943714   2.233722   37.448101  36.670014
  22   26    1.802764   2.291332   17.688160  24.256486
  22   27    1.738184   2.241205   11.057118  28.292359
  22   28    1.683771   2.238098   33.536300  30.751498
  22   29    1.565146   2.235374   14.878072  40.872130
  22   30    1.416317   2.289863   37.143133  19.848035
  22   31    1.377039   2.268519    9.937221  33.520476
  22   32    1.248469   2.280817   40.909708  12.654193
  22   33    1.105138   2.289156    4.065974  17.803448
  22   34    1.064706   2.201646   18.726360  20.513592
  22   35    0.967934   2.263288   38.575994  28.605421
  22   36    0.845629   2.213529   13.855871  17.623803
  22   37    0.708525   2.221846   31.635390   3.394180
  22   38    0.662697   2.294997   11.194105  35.340751
  22   39    0.585759   2.236637   26.364789   3.223883
  22   40    0.417106   2.244494   27.415211  40.821694
  22   41    0.374251   2.234628    5.461164  31.507372
  22   42    0.273156   2.264378   16.922521  38.479662
  22   43    0.155653   2.283532   39.196328   5.534647
  22   44    0.024715   2.220479   27.190355  24.792591
  23    0    4.407664   2.320451    9.926090  10.909622
  23    1    4.368381   2.305479    3.996009  35.330658
  23    2    4.218260   2.349700   23.785115  20.522597
  23    3    4.138925   2.334053   25.205237  27.435658
  23    4    4.070515   2.305984   39.031606  27.371182
  23    5    3.991374   2.363034   11.188640  22.806593
  23    6    3.858110   2.364724   10.544976  24.487738
  23    7    3.789798   2.360856   40.610400  31.315901
  23    8    3.603256   2.382605   11.268746  25.426704
  23    9    3.585415   2.347080   12.244892  30.701136
  23   10    3.457251   2.368304   23.929979  35.210482
  23   11    3.336048   2.385023   16.640737   6.347163
  23   12    3.269269   2.315902   40.155591  34.327890
  23   13    3.135312   2.338356   15.865957   1.194273
  23   14    3.011214   2.381596   39.144983  27.324467
  23   15    2.983054   2.395977   35.231921   7.877946
  23   16    2.845605   2.348110   24.347472  32.719279
  23   17    2.738655   2.328547    7.807861  33.526261
  23   18    2.619442   2.300618   14.132064  32.428129
  23   19    2.555714   2.364804   40.701780  22.211317
  23   20    2.459879   2.332962   31.226189  36.568430
  23   21    2.300470   2.366076   31.497653  10.871296
  23   22    2.237288   2.313658   35.739072  33.466304
  23   23    2.106977   2.333390   13.902864   1.590143
  23   24    2.047893   2.367390   37.874467   4.881750
  23   25    1.919608   2.303146   33.573912  36.442134
  23   26    1.851680   2.369633   28.976564  32.913098
  23   27    1.717928   2.374541   28.252449  20.678914
  23   28    1.681627   2.309539    3.341927   7.737214
  23   29    1.510231   2.364741   30.757811  35.856920
  23   30    1.417579   2.349370    8.269374   4.287276
  23   31    1.320275   2.306288   29.046233  16.573388
  23   32    1.292185   2.397545   16.108811  31.165239
  23   33    1.176767   2.385277    4.461014  12.799474
  23   34    1.067325   2.316742   19.609047   6.531418
  23   35    0.947103   2.368568   27.461980  24.369330
  23   36    0.887325   2.308527   30.653706   3.408937
  23   37    0.735679   2.383620   19.536618  15.004283
  23   38    0.679994   2.351630   12.513420  30.786097
  23   39    0.592752   2.395498   10.659347  30.321576
  23   40    0.438163   2.322247   37.031523  37.095028
  23   41    0.352418   2.372168   33.579435  37.597454
  23   42    0.272860   2.391648   10.699564  39.090326
  23   43    0.137680   2.341437   39.382157  14.624678
  23   44    0.084676   2.378895   37.367982  11.846637
  24    0    4.436910   2.420690   33.181819  20.824867
  24    1    4.352082   2.434599   40.376373  24.539527
  24    2    4.269169   2.444044   14.469364   5.846385
  24    3    4.184602   2.445450   13.176850  31.869238
  24    4    4.015943   2.420650   23.551325  29.198792
  24    5    3.934729   2.478602    5.063014  12.432263
  24    6    3.803735   2.432526    3.680955  19.045204
  24    7    3.705358   2.430065   37.406183  23.040997
  24    8    3.675817   2.420692    7.896426  29.094208
  24    9    3.529236   2.401852   25.839519  11.936999
  24   10    3.492095   2.414294   30.245049  39.603294
  24   11    3.333571   2.408939   15.119821  24.038756
  24   12    3.243599   2.429008   22.986546  11.826083
  24   13    3.136419   2.408963   15.935751  17.810120
  24   14    3.062566   2.498216   34.532431  24.805940
  24   15    2.951849   2.455120   26.720388  16.030908
  24   16    2.850368   2.403280   27.292668  19.238860
  24   17    2.708143   2.495851   28.564999  11.696482
  24   18    2.633735   2.437680   10.264786  25.198861
  24   19    2.507379   2.483699   17.620045  25.468423
  24   20    2.494784   2.473909    8.114747  38.839393
  24   21    2.375768   2.410095    6.908450   2.543726
  24   22    2.202275   2.401660    6.662866  17.754602
  24   23    2.171985   2.452843   28.265249   4.505269
  24   24    2.000362   2.471231    4.102201  25.504607
  24   25    1.935461   2.408756   15.156796  35.661607
  24   26    1.886756   2.407001   17.940852  12.879251
  24   27    1.768242   2.485120    8.421761   3.579465
  24   28    1.634791   2.452412   29.573703  36.795093
  24   29    1.552512   2.440581   39.515214  29.957601
  24   30    1.483321   2.470115   31.553160   7.290744
  24   31    1.311251   2.498579   29.626165  40.686048
  24   32    1.234675   2.448748   17.042560  38.905930
  24   33    1.121732   2.404560   18.077976  32.880028
  24   34    1.064079   2.461298   36.599931   4.800005
  24   35    0.990701   2.462021   39.710134   1.873168
  24   36    0.854040   2.479050   24.353887  30.285948
  24   37    0.796067   2.461780    8.478939  12.599943
  24   38    0.624069   2.469864    3.797473  17.026157
  24   39    0.592807   2.413930   33.303705  37.492588
  24   40    0.429983   2.499830    2.839865  19.956714
  24   41    0.370527   2.402546   12.224166  36.963048
  24   42    0.257672   2.413313   18.419882   6.077074
  24   43    0.136757   2.409510    2.223805   8.735819
  24   44    0.033800   2.487994   32.899304   7.562456
  25    0    4.483539   2.595696   24.612922  18.742875
  25    1    4.320313   2.548713   37.618116  21.226516
  25    2    4.275249   2.585278   39.654283  28.987162
  25    3    4.150978   2.576729   23.407778   2.182214
  25    4    4.072833   2.572085    9.153299  16.726484
  25    5    3.906318   2.569525   33.522755  31.619086
  25    6    3.883756   2.555672   22.023692  34.524881
  25    7    3.708391   2.590301    1.364571   6.935433
  25    8    3.697977   2.519185   25.378724  12.163938
  25    9    3.548792   2.596058   13.536699   7.034284
  25   10    3.438105   2.581128   22.487081   9.101781
  25   11    3.342064   2.548475    8.182702  26.412270
  25   12    3.216662   2.588748   28.971594  10.112789
  25   13    3.122368   2.592760   19.224065   8.740878
  25   14    3.054996   2.572074   19.918035  16.936425
  25   15    2.973873   2.536226   29.028246   3.959856
  25   16    2.876854   2.544492   33.100284   5.208839
  25   17    2.704688   2.570547   15.201518  22.472865
  25   18    2.645061   2.518293   37.317223   8.646250
  25   19    2.540532   2.559491   31.615244   5.855765
  25   20    2.461910   2.501758    9.875795   1.394419
  25   21    2.327483   2.557383   29.438301  35.558265
  25   22    2.203075   2.558116   13.543698  14.653818
  25   23    2.193221   2.532623   40.862409  19.399944
  25   24    2.000787   2.536104   40.834273   5.135438
  25   25    1.923103   2.545301   36.371199  30.231995
  25   26    1.834930   2.526893    2.275200  30.597475
  25   27    1.761233   2.568278   25.817914  21.956341
  25   28    1.630434   2.562762   35.351658   1.658451
  25   29    1.547356   2.547070    4.240699  15.164073
  25   30    1.495975   2.549193   22.103716  29.277644
  25   31    1.347978   2.565424   25.258489  27.975502
  25   32    1.272486   2.513946   25.896714  13.738998
  25   33    1.134528   2.520726   18.054591  27.234404
  25   34    1.090346   2.564193   11.672541  23.670019
  25   35    0.902721   2.516179   28.369084  31.029362
  25   36    0.861374   2.565934   19.028686  32.572458
  25   37    0.715421   2.545149   39.585258   5.585407
  25   38    0.655873   2.598698   33.761094  35.536897
  25   39    0.586399   2.577187   16.909351   7.889505
  25   40    0.435943   2.592896   31.045838  20.258679
  25   41    0.304293   2.554902   35.806911   9.983708
  25   42    0.234197   2.527262    2.223740  34.167912
  25   43    0.124890   2.576223   25.273191   1.680125
  25   44    0.081709   2.549410   27.191115  33.431621
  26    0    4.435542   2.667533   17.179010  25.522181
  26    1    4.300691   2.683843   15.688859  39.781405
  26    2    4.218077   2.649738    4.847618  31.136940
  26    3    4.185851   2.608628   13.321194   7.565277
  26    4    4.006000   2.661542   17.182132   5.693562
  26    5    3.903794   2.614465   31.924429  36.117700
  26    6    3.848090   2.632048    9.077191  23.003324
  26    7    3.742043   2.608042   18.945152  31.487103
  26    8    3.653695   2.688217   14.512531  15.866893
  26    9    3.538384   2.685319   26.776353  26.755513
  26   10    3.405054   2.641870   25.640257  14.594887
  26   11    3.317259   2.679791   40.539018  31.630225
  26   12    3.278943   2.625539    9.341630  29.198060
  26   13    3.152771   2.685780   31.585800  19.682761
  26   14    3.023732   2.636898   32.143267   3.563765
  26   15    2.967626   2.667490   24.042458  35.555665
  26   16    2.888625   2.607365   35.046716  17.005648
  26   17    2.763954   2.690772   12.991787  14.653016
  26   18    2.699410   2.632141   21.739406  31.893865
  26   19    2.565464   2.656503   15.443834  34.275832
  26   20    2.419510   2.686085   16.819071  25.643389
  26   21    2.330719   2.671944    9.025280  37.858854
  26   22    2.226373   2.602704   35.077784  21.158324
  26   23    2.174611   2.669635   18.359890  32.910537
  26   24    2.071491   2.611964   38.555793  21.900436
  26   25    1.909207   2.672115   25.401036  38.453342
  26   26    1.877351   2.616736    4.989454   6.070415
  26   27    1.786134   2.605187   27.516324   9.206778
  26   28    1.656573   2.637368   29.441561  18.960723
  26   29    1.590558   2.682427    5.913456  31.450931
  26   30    1.417285   2.669236   30.316489  23.359166
  26   31    1.301550   2.619325   37.035482  29.453538
  26   32    1.244500   2.679069   11.626592   4.952655
  26   33    1.195236   2.686670   40.842691   1.538980
  26   34    1.019766   2.612416   25.290375   3.000937
  26   35    0.925662   2.679726   32.437435  21.322862
  26   36    0.860856   2.696853   20.407033   6.120378
  26   37    0.773642   2.662235   27.277247  12.331189
  26   38    0.629516   2.603341   20.865974  18.838201
  26   39    0.506112   2.642444   25.260683  33.168443
  26   40    0.468516   2.671612   18.314058  26.647888
  26   41    0.337643   2.652130    5.259355  15.594164
  26   42    0.289274   2.614534    4.417303  25.616782
  26   43    0.131766   2.628951   39.208740  19.312990
  26   44    0.038295   2.691135   14.517891  17.167211
  27    0    4.422596   2.747539    3.659330  24.978382
  27    1    4.324426   2.778253   34.201374  19.472802
  27    2    4.277047   2.705315    6.728844  40.855602
  27    3    4.189662   2.776800   10.953027  33.981929
  27    4    4.054501   2.745353   39.685197   8.784803
  27    5    3.953762   2.760145   14.996363   8.900586
  27    6    3.854310   2.790453   24.929052  21.530424
  27    7    3.757377   2.709371    6.570901   1.037271
  27    8    3.671888   2.770138    5.933811  26.298372
  27    9    3.569710   2.782982   11.320327  33.232768
  27   10    3.411381   2.745426   29.739955   8.147812
  27   11    3.314902   2.737089   21.126236  16.668056
  27   12    3.227035   2.774990   28.889741  22.219666
  27   13    3.106396   2.746178   24.636755  35.663862
  27   14    3.086368   2.720723   37.227284  15.149275
  27   15    2.960465   2.774293   29.903340  37.155699
  27   16    2.866140   2.760739   12.778150  23.725940
  27   17    2.788911   2.711786   10.953174   7.848534
  27   18    2.606843   2.763487   30.961630  22.807432
  27   19    2.546608   2.723730   30.788594  19.125560
  27   20    2.463053   2.777931   12.677927  14.692810
  27   21    2.332124   2.752696    5.219079  33.105834
  27   22    2.295520   2.711631   24.351559  28.602244
  27   23    2.109108   2.780798   35.095380  12.815876
  27   24    2.056169   2.701078   10.801335  11.607840
  27   25    1.932411   2.783714   28.929422  25.260634
  27   26    1.819526   2.726814   36.846342  21.304757
  27   27    1.726110   2.702899   23.547699  28.249516
  27   28    1.613105   2.789586   39.846400  35.707263
  27   29    1.570661   2.721236   27.339920  10.153525
  27   30    1.495380   2.743212   12.914573  37.299623
  27   31    1.313336   2.752114   38.828735  26.339828
  27   32    1.222761   2.774859    7.328309   5.867106
  27   33    1.119907   2.742232   12.700439   6.850416
  27   34    1.036789   2.734044    2.704911  28.677634
  27   35    0.936236   2.744405   36.100606  36.961811
  27   36    0.889373   2.737990   24.796063  26.779955
  27   37    0.725959   2.738214   39.912674  15.583098
  27   38    0.607366   2.722806   13.295206   2.629531
  27   39    0.594934   2.763546    2.901555  16.019874
  27   40    0.478182   2.767527   15.840636  36.948612
  27   41    0.304376   2.784926   11.018417  29.452005
  27   42    0.215386   2.791171   29.436244  21.672329
  27   43    0.112828   2.722976   29.826842  23.543420
  27   44    0.037301   2.711741   26.800878  31.027902
  28    0    4.472160   2.873425   34.924629  36.922443
  28    1    4.362689   2.860501   32.696384  24.239413
  28    2    4.234710   2.883801   23.399565  34.841524
  28    3    4.195425   2.864868   34.073433   1.045873
  28    4    4.007516   2.873284   38.771576  32.145514
  28    5    3.934831   2.848920   17.913313  35.165652
  28    6    3.815252   2.862118    2.537680  26.747930
  28    7    3.709957   2.851763   11.932908  31.035635
  28    8    3.606036   2.823606   17.350296  20.135011
  28    9    3.594598   2.830922   15.859187  25.598784
  28   10    3.453738   2.883889   10.023460  30.987636
  28   11    3.315190   2.800433   34.768540  29.609105
  28   12    3.276683   2.872552   36.975614  13.831507
  28   13    3.116000   2.851439   21.025398  11.868322
  28   14    3.005879   2.870557   40.381648  16.696315
  28   15    2.995130   2.816893   37.643624  35.003883
  28   16    2.895910   2.811090   40.220989  30.084909
  28   17    2.770839   2.871343   13.433217  32.843223
  28   18    2.678590   2.863603   35.572547  34.123809
  28   19    2.580593   2.801797   29.083943  37.134533
  28   20    2.413300   2.871673   27.921417  21.586714
  28   21    2.354968   2.846327   33.376571  15.309587
  28   22    2.288569   2.821261    9.906303  21.552963
  28   23    2.145159   2.873307   40.001448  31.179503
  28   24    2.077063   2.887530    4.850656  11.783229
  28   25    1.916359   2.866121   38.003200  26.899614
  28   26    1.840556   2.845578   15.584635   7.465037
  28   27    1.749619   2.885642   22.659449  27.234943
  28   28    1.622762   2.833303    5.479014  29.800991
  28   29    1.522071   2.805987   38.640434  26.103093
  28   30    1.456119   2.823036   30.276246   9.982950
  28   31    1.359500   2.857765    3.585553  30.566664
  28   32    1.243628   2.892701    6.217956  12.415646
  28   33    1.176245   2.867467   27.771857  28.892645
  28   34    1.058835   2.886928   18.132184  25.623609
  28   35    0.935302   2.851666    4.338611  16.991495
  28   36    0.835814   2.823903   20.557778  10.095536
  28   37    0.776220   2.810307   14.571100  21.494003
  28   38    0.696712   2.834699   25.647391  29.390566
  28   39    0.570027   2.864683   14.035915  17.919278
  28   40    0.486962   2.818386    3.504593   4.151245
  28   41    0.368894   2.802542   17.899008  38.832548
  28   42    0.257729   2.858456   23.774691  38.238261
  28   43    0.123643   2.825326   27.546901  39.586772
  28   44    0.051423   2.873911    1.722887  12.022349
  29    0    4.444429   2.940669   35.670438  38.187369
  29    1    4.309340   2.971835   17.697479  19.939092
  29    2    4.279062   2.907045   13.259607  31.014680
  29    3    4.130511   2.927335   35.789891   7.732620
  29    4    4.079415   2.916877   19.496938   7.584096
  29    5    3.967806   2.941453   35.667336  39.384573
  29    6    3.819261   2.999406    4.326132   5.219093
  29    7    3.751129   2.917991   10.968022  34.544947
  29    8    3.616595   2.935285   13.511552  38.457746
  29    9    3.578217   2.956126   18.312851   4.351820
  29   10    3.400147   2.901126   37.293351  28.208561
  29   11    3.311149   2.977302    2.901630  16.847203
  29   12    3.243273   2.904128   26.282005  22.116845
  29   13    3.161056   2.992066   39.825873  22.766621
  29   14    3.068778   2.924410   32.025134  40.298069
  29   15    2.934881   2.965362   34.644329  28.300326
  29   16    2.805499   2.955866   14.718519  39.540064
  29   17    2.756174   2.957262   22.431461  33.494336
  29   18    2.651546   2.925060   36.822317   4.271150
  29   19    2.557012   2.900166   31.423123  23.279855
  29   20    2.470157   2.972151    8.882504   4.036630
  29   21    2.370027   2.923244   35.547773  22.689880
  29   22    2.211939   2.997790   32.646678   4.921404
  29   23    2.128360   2.950204    9.545620   8.642173
  29   24    2.022050   2.915614   16.602379   6.301749
  29   25    1.907038   2.977430    1.042146  27.738040
  29   26    1.852481   2.901223   20.355169  14.504645
  29   27    1.711809   2.986122    5.856544   2.846706
  29   28    1.658098   2.995418   36.802775  21.398308
  29   29    1.540946   2.954270   35.989619  20.815370
  29   30    1.410468   2.901996    4.850648   8.632958
  29   31    1.311784   2.912140   24.149828  19.465332
  29   32    1.215762   2.918544   40.453365   7.196089
  29   33    1.156995   2.928378   34.340144  14.104922
  29   34    1.072105   2.952452   20.055368   7.141893
  29   35    0.955620   2.922955    4.942513   2.110241
  29   36    0.847799   2.903744   28.043570  33.799754
  29   37    0.770828   2.977863   18.900744  18.695057
  29   38    0.604654   2.941355   28.613467  24.462052
  29   39    0.520195   2.956800   35.016716   7.811512
  29   40    0.430458   2.960133    2.489397  13.496853
  29   41    0.304943   2.951060    5.038858  19.193589
  29   42    0.281206   2.982089   20.228716   4.026326
  29   43    0.172176   2.940394   23.135922  25.875636
  29   44    0.067224   2.957356   26.378658  10.757099
