   0    0    2.938009   0.045780   38.481274  10.660200
   0    1    2.864275   0.095053   36.207456  12.850246
   0    2    2.737744   0.028480   29.933989  12.158370
   0    3    2.604681   0.083104   23.308433  11.990509
   0    4    2.565733   0.011135    6.340985   8.957799
   0    5    2.421419   0.021500   22.712763  31.881433
   0    6    2.339890   0.009211   29.972398  38.552257
   0    7    2.284396   0.097629   31.707243  20.665379
   0    8    2.110014   0.069544   32.794713  32.656009
   0    9    2.070609   0.089615   20.001531  30.793383
   0   10    1.980937   0.066767   26.168034   6.915293
   0   11    1.804369   0.084173   23.280277  11.801761
   0   12    1.743936   0.045744   24.808541   4.712994
   0   13    1.649323   0.080829   18.315943  39.499416
   0   14    1.521994   0.087942    3.679443  38.500372
   0   15    1.447613   0.028682    9.106460  30.878615
   0   16    1.363261   0.045035   35.887833  32.909986
   0   17    1.216297   0.027499    3.540864  38.007269
   0   18    1.192776   0.013957   40.328892  30.974276
   0   19    1.022742   0.026223    1.385169  14.356103
   0   20    0.955074   0.024228   19.732969  38.094579
   0   21    0.869213   0.068849   26.919760  23.459387
   0   22    0.749713   0.070580   12.935104   7.975671
   0   23    0.622260   0.070167   23.348686  12.503230
   0   24    0.578085   0.051727   19.600652  20.561228
   0   25    0.424729   0.052000    1.140248  22.380733
   0   26    0.383042   0.069606    1.304695  24.075929
   0   27    0.227367   0.034319   38.747406  10.948634
   0   28    0.172955   0.002464   39.777030  11.600210
   0   29    0.072972   0.055065   11.695520   7.665366
   1    0    2.978711   0.189915    1.288544  17.174033
   1    1    2.858912   0.187451   34.814050  15.485772
   1    2    2.796009   0.158378   15.568882   7.246287
   1    3    2.693596   0.134239   22.427902   9.833044
   1    4    2.515978   0.171301    8.309359  10.356815
   1    5    2.449081   0.104694   22.613124  34.663743
   1    6    2.344683   0.110143   28.219126  31.258325
   1    7    2.295512   0.121852   24.160789   2.087090
   1    8    2.156560   0.179278   22.766685  35.255774
   1    9    2.083450   0.165240    8.681890   4.695017
   1   10    1.918080   0.180857    1.152885   4.361130
   1   11    1.817405   0.127333    5.325206  28.704784
   1   12    1.756178   0.124071   18.725601  38.931727
   1   13    1.637994   0.150806    1.869090  31.211295
   1   14    1.530983   0.117385    3.960378  26.780727
   1   15    1.401148   0.118035   13.487257  16.291517
   1   16    1.304379   0.141988    7.295357   6.318542
   1   17    1.210677   0.184312    9.277669  12.398776
   1   18    1.174688   0.120056   20.522875  11.104356
   1   19    1.025215   0.181885   26.682690  37.429969
   1   20    0.973473   0.172376   16.104209  20.257207
   1   21    0.822223   0.173230   25.217756  38.044061
   1   22    0.793018   0.106439    7.687961  12.496422
   1   23    0.660209   0.198796    3.464851   6.255560
   1   24    0.532459   0.188376   16.276686  31.151471
   1   25    0.435677   0.147060   27.076150   9.021952
   1   26    0.316873   0.129868   40.900379  13.301653
   1   27    0.283613   0.172809   10.572264  35.489412
   1   28    0.156793   0.164667   38.319557  38.276328
   1   29    0.019371   0.103372    2.008556  11.756401
   2    0    2.975684   0.298451   33.194678   9.066711
   2    1    2.865875   0.201909   17.122090  14.460089
   2    2    2.739861   0.290399    8.322737  34.770577
   2    3    2.652900   0.201882   38.360825  32.185845
   2    4    2.579115   0.265248    3.955936  13.011517
   2    5    2.414927   0.287474   34.235712  17.645349
   2    6    2.387013   0.260539    5.881377  38.344716
   2    7    2.250723   0.271012    5.725454   3.764195
   2    8    2.137394   0.285320    3.854794   5.981525
   2    9    2.041261   0.210305    9.002704   3.265171
   2   10    1.948015   0.203812   15.145410  19.735415
   2   11    1.852986   0.216380   37.539582  34.028709
   2   12    1.763608   0.260362   12.363057  28.912211
   2   13    1.680664   0.225191   11.689423  31.457302
   2   14    1.518791   0.230448   10.402771  30.937826
   2   15    1.408194   0.245681   40.130745  24.266023
   2   16    1.376345   0.216621   14.256115  24.837013
   2   17    1.286722   0.250966   25.098488   1.566566
   2   18    1.118292   0.207939   27.602577   5.246973
   2   19    1.047323   0.249406   22.116634  26.807560
   2   20    0.996020   0.286795   31.508426   7.469980
   2   21    0.880197   0.258011   14.985380  38.079203
   2   22    0.721381   0.298010    3.224481  31.139469
   2   23    0.624000   0.201859    8.065104  14.485600
   2   24    0.503266   0.291620   16.988318  23.394380
   2   25    0.417403   0.280143   10.438421  24.733469
   2   26    0.303562   0.213005   11.900480  32.026826
   2   27    0.270341   0.271920   30.320690  26.781230
   2   28    0.102732   0.241854    6.358357  24.888511
   2   29    0.014670   0.202864   13.128393  36.337761
   3    0    2.928437   0.374885   24.195408  33.911584
   3    1    2.893070   0.358005   22.903879  27.195454
   3    2    2.710656   0.306352   14.587531  20.419974
   3    3    2.641018   0.304904    4.334020  27.827507
   3    4    2.583738   0.385058   35.952372  12.977535
   3    5    2.409532   0.386685   11.389380  16.374678
   3    6    2.359571   0.316940   13.481500  39.839650
   3    7    2.266149   0.355021    8.649591  30.092080
   3    8    2.146796   0.338228   30.609378   5.145266
   3    9    2.098186   0.339411    2.669650  35.521861
   3   10    1.988503   0.305791   16.637163  21.306629
   3   11    1.825863   0.391013   23.280956  32.102979
   3   12    1.735308   0.338466    5.893405   9.624298
   3   13    1.613218   0.396791   28.509928  24.624542
   3   14    1.562018   0.396003   28.227794  16.975360
   3   15    1.442005   0.332885   31.836153  18.874531
   3   16    1.374254   0.300727   26.298160  28.493042
   3   17    1.287862   0.314892    6.801018  30.031024
   3   18    1.136485   0.391088   22.024986   4.476244
   3   19    1.009067   0.307134   11.516913   4.788357
   3   20    0.984843   0.345985   32.751780  34.337850
   3   21    0.826042   0.372999   14.416077  25.905948
   3   22    0.766905   0.334070    7.063674   1.220941
   3   23    0.634528   0.384106   12.617296  31.812868
   3   24    0.576315   0.323216   30.880732  27.982392
   3   25    0.456957   0.357296   15.577660  24.096507
   3   26    0.322665   0.331894    6.356462  28.563630
   3   27    0.295075   0.355362   39.235702  32.149022
   3   28    0.196496   0.316417    9.276136  38.338615
   3   29    0.002198   0.369923   19.641262  36.940566
   4    0    2.955595   0.465856   25.063526   2.849483
   4    1    2.845778   0.403033   30.106514  24.833601
   4    2    2.771932   0.419866   29.168801   6.410532
   4    3    2.680022   0.477848   12.201625  27.547913
   4    4    2.538656   0.433753   14.524325  40.381589
   4    5    2.494363   0.438086    8.457619   5.831263
   4    6    2.343484   0.489835   16.919190  25.482102
   4    7    2.246393   0.441032   13.428034  32.085917
   4    8    2.168649   0.494450    8.557388  33.337589
   4    9    2.027668   0.409486   39.800059  21.146611
   4   10    1.978233   0.405950   40.728572  19.520431
   4   11    1.847380   0.484315   27.534883   8.600821
   4   12    1.701284   0.410584   18.434410   3.667262
   4   13    1.652396   0.411177    6.556058   2.487523
   4   14    1.513553   0.400397   22.977633  31.825561
   4   15    1.432549   0.402489   17.293732  16.905932
   4   16    1.361974   0.410083    2.934913  32.002330
   4   17    1.287288   0.438861   18.431682  35.011021
   4   18    1.164224   0.438197    9.598760  25.958091
   4   19    1.053938   0.413009    7.493126  24.067961
   4   20    0.950725   0.412232   39.887733   8.609707
   4   21    0.818806   0.473507    7.440374  16.682887
   4   22    0.798426   0.456727    7.888274  30.975880
   4   23    0.650232   0.495803   31.252412  40.022751
   4   24    0.534456   0.488965   35.605565  23.419464
   4   25    0.407453   0.493559   26.483618  38.782316
   4   26    0.363486   0.497713   14.164861  33.011075
   4   27    0.290745   0.484611    3.095815  17.851653
   4   28    0.195136   0.457100   38.618824  22.158745
   4   29    0.006821   0.442790   20.394990  27.082830
   5    0    2.917240   0.589882   22.680428  25.218735
   5    1    2.828822   0.599331   12.693016   3.249791
   5    2    2.777078   0.522215   34.115081   5.622894
   5    3    2.632496   0.505747    8.353822  33.240712
   5    4    2.595851   0.565486   17.189670  38.128274
   5    5    2.489268   0.533820   23.172479  27.717482
   5    6    2.351760   0.519864   25.490303  19.115040
   5    7    2.292914   0.567760   26.574762  15.922212
   5    8    2.123966   0.518895   36.584562  22.428993
   5    9    2.089411   0.538586    7.913795  10.006041
   5   10    1.993524   0.524853   19.418173  29.085383
   5   11    1.869286   0.561446   30.179453   1.200773
   5   12    1.748058   0.540467   16.000050  26.220942
   5   13    1.668414   0.562846    9.725263  20.349234
   5   14    1.534523   0.524255   20.843713  34.001444
   5   15    1.406697   0.526673    3.156591   1.755520
   5   16    1.348809   0.583894   34.797185  38.762362
   5   17    1.274441   0.545389   16.312988  32.011627
   5   18    1.142264   0.574884   34.307485   6.480518
   5   19    1.053488   0.535944   15.316616   4.402281
   5   20    0.963405   0.550230   12.829944   2.744964
   5   21    0.834283   0.568708   35.947728  14.685077
   5   22    0.738115   0.590931   38.006598  33.715583
   5   23    0.661040   0.562131   15.147279  25.488363
   5   24    0.523596   0.596802   26.401994  27.128286
   5   25    0.405071   0.515840    7.235743  34.264616
   5   26    0.350128   0.532450   26.998794  33.225921
   5   27    0.231052   0.590542   37.476342   3.682358
   5   28    0.190375   0.504210   25.319648   2.564384
   5   29    0.082654   0.594381   26.899902  33.534989
   6    0    2.968548   0.690420   31.955835  30.963691
   6    1    2.872436   0.602246   34.847648  29.690215
   6    2    2.741150   0.659614   22.447263  31.444104
   6    3    2.616287   0.617121   29.477289  18.299071
   6    4    2.547356   0.689063   29.872470  38.807713
   6    5    2.404939   0.680628   31.516829  22.428831
   6    6    2.340251   0.639520   37.171327  14.596184
   6    7    2.254207   0.653757   22.839572  23.479445
   6    8    2.170210   0.651142   33.137211  18.475703
   6    9    2.021587   0.618122   28.972893  11.188412
   6   10    1.998646   0.600253    4.179488  26.670445
   6   11    1.819734   0.693130   33.442363   3.724360
   6   12    1.774146   0.696922   13.371178  28.886226
   6   13    1.697081   0.625072   21.891927  33.314854
   6   14    1.503715   0.609342   28.960780   2.236303
   6   15    1.492479   0.680445    5.209842   3.049345
   6   16    1.399393   0.672515    6.441259  24.001590
   6   17    1.204235   0.667673   13.429200  26.943394
   6   18    1.174949   0.676000   21.433280  24.627877
   6   19    1.044295   0.618933   25.960882   8.045710
   6   20    0.908669   0.628299   35.053835  18.182966
   6   21    0.875576   0.686956    8.755873  28.314776
   6   22    0.776429   0.663905   29.105464  39.566916
   6   23    0.654555   0.650389   25.282925  19.187197
   6   24    0.594309   0.693126   15.335330  26.088947
   6   25    0.422221   0.675759   15.746605  33.205197
   6   26    0.391943   0.694508    1.177503  25.594814
   6   27    0.204393   0.654058   17.759866   4.766018
   6   28    0.166587   0.615009   23.805813  34.148827
   6   29    0.097116   0.615634   11.724278  12.001260
   7    0    2.943605   0.774030    4.988752  23.344959
   7    1    2.824491   0.728319   15.460192  11.989549
   7    2    2.791595   0.763998   31.151931  30.641832
   7    3    2.664783   0.700662    5.168105  17.951204
   7    4    2.509836   0.702393    6.217674  35.686659
   7    5    2.446039   0.744604   23.591616  39.768904
   7    6    2.322038   0.717955   19.205396  11.413554
   7    7    2.214649   0.700110   11.291365  18.123652
   7    8    2.173556   0.747259   14.240461  20.771905
   7    9    2.079474   0.788033   23.228476   7.730668
   7   10    1.939294   0.776917    7.533299   8.260853
   7   11    1.830087   0.736885   10.395019   6.605130
   7   12    1.706459   0.791397    4.054598  10.016210
   7   13    1.620602   0.724188   15.018131   5.983016
   7   14    1.500118   0.776757    6.046482  37.016454
   7   15    1.400277   0.783756    7.903452   9.467601
   7   16    1.370228   0.786566   36.173612  33.044787
   7   17    1.258716   0.756503    7.772615  20.167477
   7   18    1.156327   0.797852   40.032234  32.364508
   7   19    1.036986   0.704272    4.988599   1.037275
   7   20    0.990539   0.772137    5.899266  21.635305
   7   21    0.836324   0.763712    5.851790  16.327594
   7   22    0.790843   0.789449    4.017544   6.418359
   7   23    0.633388   0.790350   18.688692  40.995929
   7   24    0.534728   0.741637   23.377449  34.688476
   7   25    0.485082   0.731807   19.244256  40.125730
   7   26    0.388445   0.755443   30.869180  38.091769
   7   27    0.277025   0.773469   20.427894  31.846010
   7   28    0.198967   0.765430   35.843996  36.257728
   7   29    0.037564   0.719966   10.252268  34.939267
   8    0    2.934592   0.872263   32.536829  30.294842
   8    1    2.804022   0.811444   31.843056  26.270746
   8    2    2.785821   0.802736   33.466711  28.669206
   8    3    2.689451   0.824897   20.686900  13.367448
   8    4    2.510670   0.834573   38.845552  21.985922
   8    5    2.456671   0.877706   26.823858  23.920530
   8    6    2.328037   0.861190   30.189824  32.763357
   8    7    2.261775   0.833056   13.479717  26.680118
   8    8    2.129039   0.849488   10.743814  12.110677
   8    9    2.081473   0.805065   18.672573   7.156825
   8   10    1.989424   0.887144   20.987144  17.289348
   8   11    1.887811   0.875189   12.617201  26.739601
   8   12    1.726216   0.825015   14.413319  22.459657
   8   13    1.679782   0.860903    1.289715  15.284839
   8   14    1.548688   0.894914    6.930149   9.483563
   8   15    1.424223   0.822655   15.304181   4.926985
   8   16    1.307572   0.823407   12.646917  16.475550
   8   17    1.298121   0.855734   23.291813  26.806216
   8   18    1.147079   0.868180   29.477271  28.863435
   8   19    1.061095   0.889978   40.262517   2.604037
   8   20    0.911896   0.875158   19.900831  21.041401
   8   21    0.820309   0.812115    3.967566  29.223000
   8   22    0.755711   0.891736    5.390622  16.267861
   8   23    0.680429   0.833089    6.071281  37.642023
   8   24    0.539184   0.874312   17.427444   8.281030
   8   25    0.498500   0.845825   29.978624  25.924118
   8   26    0.393409   0.896797    3.686410  20.175441
   8   27    0.287741   0.857695   23.454707   1.548665
   8   28    0.160013   0.800815   34.894904  24.402913
   8   29    0.035231   0.836299    1.711253  19.685629
   9    0    2.900951   0.928064   16.025295  32.331812
   9    1    2.816354   0.977251   15.424129  31.724502
   9    2    2.799863   0.940597   14.899798  22.618771
   9    3    2.603608   0.988242   28.185120  22.315998
   9    4    2.552560   0.965756    1.948941  34.717302
   9    5    2.478996   0.984972   29.180182  33.379886
   9    6    2.366739   0.999097    6.779143  27.168112
   9    7    2.267727   0.911403   19.425470  29.977635
   9    8    2.160496   0.960798   40.369006  29.886174
   9    9    2.016319   0.929337   13.681506  35.643875
   9   10    1.965460   0.928928    6.127936  25.479983
   9   11    1.840440   0.970431   15.204916  33.715958
   9   12    1.703630   0.966385   28.714823  36.708695
   9   13    1.666946   0.907554    6.786201  36.396275
   9   14    1.516972   0.917384    6.428530  35.503175
   9   15    1.490581   0.981797   39.061124  24.727220
   9   16    1.385838   0.974117   21.146027   3.547297
   9   17    1.258651   0.916417    5.872288  40.354074
   9   18    1.176038   0.904499   39.198069   5.236142
   9   19    1.086759   0.959714   36.496614   3.896358
   9   20    0.905081   0.987904   27.236364  40.898059
   9   21    0.895288   0.925030    5.843423   4.943515
   9   22    0.715680   0.927356   29.060247  11.487868
   9   23    0.639822   0.938019   26.266947  15.136116
   9   24    0.589035   0.993854   22.534954  25.528780
   9   25    0.489072   0.958830   18.426115  18.489074
   9   26    0.321711   0.911350   20.147622  34.900952
   9   27    0.281108   0.919962    3.663540  32.058680
   9   28    0.128129   0.909338   12.411234  38.144877
   9   29    0.062829   0.909387   16.664701   5.250574
  10    0    2.915734   1.054112   20.240761  38.268138
  10    1    2.888596   1.032861   24.697357  17.511087
  10    2    2.711841   1.019443   40.589850  26.614369
  10    3    2.621817   1.009406   38.520317  21.839697
  10    4    2.599964   1.072783   39.050436   5.173561
  10    5    2.448047   1.089579   30.089731   5.505653
  10    6    2.349128   1.034007    3.781737  16.783194
  10    7    2.269729   1.037406   13.480136  19.547141
  10    8    2.192218   1.010366   27.049152   5.989947
  10    9    2.011276   1.083767   17.976567  25.076668
  10   10    1.928832   1.023448   23.817640   2.912104
  10   11    1.818492   1.041522    6.083091  37.111668
  10   12    1.794459   1.021837   31.258225   8.263020
  10   13    1.688629   1.070832   24.232170  15.594617
  10   14    1.550935   1.016587   18.690327  19.766397
  10   15    1.416466   1.096876   20.268373  38.462303
  10   16    1.313227   1.085722   14.396692  38.514365
  10   17    1.287805   1.011581   19.318952  13.069160
  10   18    1.134512   1.068664    3.911748  28.389725
  10   19    1.094657   1.035982   38.452918  19.964921
  10   20    0.925328   1.011857   33.798278  32.493999
  10   21    0.886112   1.080497   40.569273  16.972144
  10   22    0.783254   1.032758   25.591375  17.593240
  10   23    0.605545   1.016635   19.244152  21.704481
  10   24    0.557149   1.041018    6.502680  40.913901
  10   25    0.498273   1.065600    8.805654  37.111874
  10   26    0.364402   1.092805   36.641996  13.191319
  10   27    0.204153   1.016724   27.694243   7.334158
  10   28    0.120941   1.057130   16.927420  27.693747
  10   29    0.076899   1.011838    8.205625  30.089909
  11    0    2.931973   1.141426   37.519188  17.015119
  11    1    2.895941   1.170447    2.002103  27.022612
  11    2    2.726436   1.157763   13.526514  27.750099
  11    3    2.657724   1.184974   18.317447   4.871626
  11    4    2.500116   1.110761   12.900742  27.735221
  11    5    2.451161   1.185355   30.569396   8.030657
  11    6    2.361169   1.153606   30.842209   1.360307
  11    7    2.236722   1.157912   17.132966  27.001806
  11    8    2.147479   1.189520    5.712274  25.524596
  11    9    2.060267   1.104701   23.316799   7.448575
  11   10    1.907846   1.192640    3.356029  12.132368
  11   11    1.841211   1.146422   24.123847  20.996484
  11   12    1.708423   1.184442   39.905275  12.593164
  11   13    1.679990   1.104522   31.166767  11.625322
  11   14    1.542128   1.129693    7.545399   5.611981
  11   15    1.432052   1.146208   22.147430  40.442321
  11   16    1.381962   1.109377   13.393862  11.625175
  11   17    1.294691   1.139940   37.599052  16.820878
  11   18    1.129188   1.187095   18.552072  35.558077
  11   19    1.049065   1.148285   27.128475   5.334754
  11   20    0.964284   1.110191   12.556457  14.150680
  11   21    0.892604   1.180099   16.185227  15.612996
  11   22    0.712402   1.177132   37.868639  34.918037
  11   23    0.686745   1.134604   24.423027  36.186147
  11   24    0.585699   1.158691   29.708669  40.882329
  11   25    0.431571   1.196219   18.008463   3.589589
  11   26    0.362533   1.181997   18.449335  38.533887
  11   27    0.262419   1.180894   20.770665   4.435231
  11   28    0.107890   1.173783   34.953614   6.048752
  11   29    0.043885   1.192210   22.874807  10.858016
  12    0    2.930759   1.211950   23.651432  14.610677
  12    1    2.813926   1.218659   30.741381   8.689054
  12    2    2.712323   1.253055    3.815918   7.755774
  12    3    2.604842   1.292290   18.222221  12.902514
  12    4    2.523924   1.287382   26.413432  31.978342
  12    5    2.438951   1.233286   26.583331  16.328694
  12    6    2.385665   1.222998   32.065680  36.406711
  12    7    2.264625   1.225080   19.633617  25.321018
  12    8    2.195345   1.215490    5.076338  20.178248
  12    9    2.063104   1.200234   10.377720  40.010010
  12   10    1.983082   1.241067   39.138604  23.212995
  12   11    1.818119   1.268612   36.860152  16.972633
  12   12    1.719562   1.257271    2.254232  29.405708
  12   13    1.698870   1.286228   17.407070  28.590644
  12   14    1.525269   1.207772   11.558592  40.826387
  12   15    1.462260   1.245710   39.261022   6.066995
  12   16    1.394366   1.205522   23.160429  27.339703
  12   17    1.232524   1.267438   29.643106  22.014552
  12   18    1.160075   1.272027   27.769013  38.124019
  12   19    1.065550   1.284197   24.566016  33.726779
  12   20    0.988480   1.219572   19.795439  39.891056
  12   21    0.851134   1.241581   28.260532   9.685303
  12   22    0.794578   1.237929   35.778927  21.177514
  12   23    0.649326   1.281384   24.867066  39.554603
  12   24    0.528249   1.287427   17.402998  12.900318
  12   25    0.496750   1.235901   24.082927  21.859398
  12   26    0.378475   1.206203    5.030488   2.437445
  12   27    0.255397   1.237280   13.745057  33.735572
  12   28    0.191696   1.211052    9.600419  21.816606
  12   29    0.009899   1.237990   34.867026  33.590856
  13    0    2.994646   1.308487    3.893799  10.164374
  13    1    2.849666   1.346001    8.438143  10.206720
  13    2    2.753298   1.335467   18.589506  26.388653
  13    3    2.699485   1.301381   28.331628  30.758322
  13    4    2.587740   1.317680    4.195450  20.137716
  13    5    2.486344   1.359809   30.957805  15.424598
  13    6    2.397861   1.367393    6.854284  17.399311
  13    7    2.251209   1.302900   19.837382  37.705946
  13    8    2.136662   1.342546   24.187001   1.673700
  13    9    2.032355   1.365240    2.058926  37.262249
  13   10    1.996823   1.354121   16.751797  12.474764
  13   11    1.861623   1.353691    3.623702  36.029274
  13   12    1.751803   1.339782   31.359661  39.983645
  13   13    1.626557   1.335782   11.970117  28.566840
  13   14    1.515379   1.318326    4.402220   7.999695
  13   15    1.459914   1.390903    6.509064  34.037419
  13   16    1.352880   1.301751   36.511396  26.903829
  13   17    1.223373   1.350546   21.790538  29.909176
  13   18    1.193756   1.369517    4.284543   4.169665
  13   19    1.054540   1.301962    2.960926  36.422744
  13   20    0.958248   1.303080   20.472745  22.028189
  13   21    0.845459   1.393390   19.459484   6.056365
  13   22    0.721020   1.337838   30.944065  30.211943
  13   23    0.616826   1.358407   40.441531  33.669316
  13   24    0.591536   1.314336   24.897560  36.275098
  13   25    0.445000   1.371949   24.204973  20.698877
  13   26    0.394761   1.300919   14.217958  26.806046
  13   27    0.288616   1.361226   13.935842  20.731384
  13   28    0.186473   1.315971   28.524954  39.919479
  13   29    0.048255   1.321009   23.377577  23.963249
  14    0    2.935017   1.499465   34.385145  12.735236
  14    1    2.876111   1.424645   18.567846  24.513119
  14    2    2.745757   1.470746   40.318675   7.121497
  14    3    2.632958   1.479712   15.575774  17.241677
  14    4    2.595812   1.462317   13.646747  12.800228
  14    5    2.466988   1.450338   19.211500   9.680879
  14    6    2.384834   1.437839   10.890186  18.983090
  14    7    2.263182   1.457002   23.969042   9.869763
  14    8    2.192638   1.486655   30.343347  34.026343
  14    9    2.082909   1.468997   26.002541  22.339244
  14   10    1.966442   1.436832   13.611673  17.163570
  14   11    1.881277   1.424804   33.724958  32.183651
  14   12    1.739271   1.444074   32.315315  27.195384
  14   13    1.654544   1.451216   14.657440  21.102064
  14   14    1.506776   1.494791   36.825254  10.085570
  14   15    1.431494   1.403362   17.446556  39.487804
  14   16    1.362257   1.408214   15.812455  20.733454
  14   17    1.281194   1.414653   40.505724  15.089785
  14   18    1.109140   1.434630   18.554625  23.762562
  14   19    1.064899   1.428202   22.526184  31.464686
  14   20    0.936441   1.424664   26.359219  23.985995
  14   21    0.812149   1.479410    5.141931  18.384290
  14   22    0.755945   1.487975    5.125400  19.279214
  14   23    0.650189   1.413176   24.322118   1.557575
  14   24    0.559896   1.468831   27.981728  26.911272
  14   25    0.461868   1.448596   24.603445  20.472509
  14   26    0.364903   1.440718    5.100388   8.955823
  14   27    0.290020   1.449023   19.064180  20.857785
  14   28    0.161604   1.462485   17.202874  33.223569
  14   29    0.046104   1.416009   37.980456  22.210051
  15    0    2.990289   1.544475   39.936066  13.228089
  15    1    2.817460   1.501923   40.394605  11.027518
  15    2    2.710260   1.544677    8.211726  34.017347
  15    3    2.601084   1.527918   25.364304  36.836102
  15    4    2.525125   1.552145   22.766493  30.273457
  15    5    2.422161   1.501479   33.450419  10.789623
  15    6    2.367548   1.517744    5.613510  38.903599
  15    7    2.222839   1.550864   14.040448   5.570846
  15    8    2.135140   1.560778   26.720910  40.415310
  15    9    2.030886   1.532592   10.393566  30.515493
  15   10    1.904254   1.514086   11.166399  11.689669
  15   11    1.838813   1.522463   21.832314  27.326657
  15   12    1.730373   1.569947   34.181291  37.336222
  15   13    1.641973   1.570669    1.295040  39.442357
  15   14    1.572575   1.554434   40.911375   7.633778
  15   15    1.498844   1.587146   16.502276  32.064302
  15   16    1.355279   1.588833   28.386074   8.131565
  15   17    1.288361   1.524636    4.279273  40.051216
  15   18    1.102982   1.593310   19.101407  19.305502
  15   19    1.047636   1.543794   20.116010  37.325425
  15   20    0.953189   1.550232   18.786344  34.234681
  15   21    0.878785   1.577189   28.835023  34.136679
  15   22    0.768995   1.572372   25.336190   8.083462
  15   23    0.615829   1.557228   17.276483  17.472541
  15   24    0.535992   1.514672    1.560701  15.244893
  15   25    0.441748   1.536751   16.199019  15.099934
  15   26    0.338233   1.527357   21.308708   8.321471
  15   27    0.241774   1.510493   16.133815  25.167805
  15   28    0.164891   1.572853   26.695070   7.689601
  15   29    0.071876   1.540579   30.718610  10.996124
  16    0    2.903099   1.619327   33.569856   1.214383
  16    1    2.811125   1.699903   21.077272  14.621800
  16    2    2.723103   1.679619   33.033705  20.751704
  16    3    2.653274   1.673481    6.099667  12.867360
  16    4    2.559450   1.685905   18.717384  25.394904
  16    5    2.476355   1.699790    6.015644  26.143591
  16    6    2.336346   1.677648    2.707631  40.993606
  16    7    2.209484   1.691591   20.445985  32.892628
  16    8    2.176627   1.633225    7.415406   1.292610
  16    9    2.093311   1.648919   27.152241   1.523301
  16   10    1.971993   1.694077   36.346783  28.109059
  16   11    1.804659   1.665655    3.996449  26.885851
  16   12    1.777186   1.614290   13.650723  36.286416
  16   13    1.686910   1.635514   24.160775  29.778461
  16   14    1.522734   1.618266   40.482079  33.734076
  16   15    1.495557   1.683289   33.466191  25.673332
  16   16    1.319709   1.664428    5.632214  27.681764
  16   17    1.233086   1.682851   28.668370  32.795370
  16   18    1.155611   1.693888    8.543689   5.348193
  16   19    1.008977   1.674649   16.898015  29.881848
  16   20    0.953039   1.689580    4.739546  30.543751
  16   21    0.819109   1.662378   28.951950  30.396730
  16   22    0.782296   1.683571    6.861748   7.297297
  16   23    0.694226   1.650979   22.930309  32.668640
  16   24    0.585301   1.628090   28.927445  27.417481
  16   25    0.419364   1.686297   29.754257  14.366803
  16   26    0.381454   1.689275   27.075749  40.969294
  16   27    0.275252   1.670479   38.387731  24.924547
  16   28    0.186079   1.631722    6.991791  26.966865
  16   29    0.098726   1.656589   16.125745  30.965333
  17    0    2.979064   1.736621   36.358896  16.153860
  17    1    2.802024   1.770959   28.100878   7.481528
  17    2    2.715093   1.736600   40.103767  28.563125
  17    3    2.630612   1.772403   20.198607   1.461490
  17    4    2.567549   1.756363    6.863628  35.617522
  17    5    2.475792   1.733718   20.861229   4.855838
  17    6    2.345750   1.719768   37.018341  39.854266
  17    7    2.291844   1.722789   19.799176  20.219079
  17    8    2.119579   1.721223   35.794599   4.925317
  17    9    2.097828   1.768109   35.417572   5.058094
  17   10    1.926914   1.762092   39.363300  24.346746
  17   11    1.871417   1.716714    7.804963  39.864280
  17   12    1.727407   1.721273   37.515345  29.540290
  17   13    1.666250   1.731247   30.420205  40.001484
  17   14    1.501266   1.763179    3.415105  26.030605
  17   15    1.405288   1.727318   21.152562  23.067141
  17   16    1.373588   1.786076   19.094891  31.232073
  17   17    1.220549   1.722299   32.219122  31.039373
  17   18    1.173612   1.779043   14.767821   8.079302
  17   19    1.024293   1.752361    8.402697  10.468104
  17   20    0.913963   1.786798   40.700548  25.825787
  17   21    0.808426   1.715829    4.422468  34.163553
  17   22    0.797486   1.778206    2.301347  32.655508
  17   23    0.677301   1.717816   24.768637   4.280797
  17   24    0.528731   1.776477   12.243158  34.322543
  17   25    0.424542   1.723629   33.121488   9.394388
  17   26    0.323427   1.736939   27.855225  18.854112
  17   27    0.266716   1.776565   13.514246  17.102340
  17   28    0.172508   1.751662    7.681024   9.422755
  17   29    0.045802   1.799512   11.688238   8.894100
  18    0    2.927271   1.819354   38.014265   5.813670
  18    1    2.808440   1.879139    2.627910   5.462430
  18    2    2.729206   1.843623   28.388783   9.483552
  18    3    2.662764   1.826497   19.052290   8.334457
  18    4    2.511835   1.813032   14.412226  18.027578
  18    5    2.403396   1.818475   35.678594  17.642436
  18    6    2.352596   1.872342   36.997472  21.941511
  18    7    2.281808   1.850862   35.362698  16.050098
  18    8    2.150333   1.815918   28.959825  39.886188
  18    9    2.082727   1.875616    5.760277  15.295770
  18   10    1.948427   1.821472   13.112034   8.231980
  18   11    1.847652   1.852497    8.941471  24.508754
  18   12    1.714895   1.895159   40.403309  16.481141
  18   13    1.663787   1.818337   11.431014  38.400775
  18   14    1.528942   1.817486   32.312516  32.236227
  18   15    1.410828   1.866025   18.434789  18.629619
  18   16    1.308559   1.863601   38.619838   7.703150
  18   17    1.229015   1.829626   23.552883  33.077385
  18   18    1.145661   1.821201   19.845209  24.287670
  18   19    1.039748   1.892140    4.068232  25.481109
  18   20    0.994062   1.844655   33.055942  32.664496
  18   21    0.814824   1.867986   21.939051  31.798799
  18   22    0.781297   1.864898   40.409976  22.768450
  18   23    0.651933   1.863612   31.912260  39.889268
  18   24    0.587831   1.821210   31.715290  31.477475
  18   25    0.472596   1.886507   10.714231  25.529431
  18   26    0.356645   1.893226   35.450029  25.327571
  18   27    0.214053   1.855412   25.064197  30.488070
  18   28    0.162496   1.889334    7.102026  21.420058
  18   29    0.038901   1.862666   11.294758  37.320374
  19    0    2.983320   1.991103    9.350385  31.751884
  19    1    2.835356   1.953418   25.652968  40.742863
  19    2    2.776317   1.962425   15.525923  14.520001
  19    3    2.627050   1.915793   21.894548  36.893640
  19    4    2.568198   1.906810   35.951279  30.521144
  19    5    2.454116   1.921146   21.572841   9.478208
  19    6    2.322853   1.996552    6.175602  33.588670
  19    7    2.227083   1.914181   22.463185  25.746411
  19    8    2.150418   1.903492   26.782755  11.078409
  19    9    2.091697   1.928964   21.852425  25.441366
  19   10    1.969258   1.932656   26.366066  13.735818
  19   11    1.876316   1.998773   33.962390  32.306569
  19   12    1.726808   1.997249   12.426703  13.847010
  19   13    1.623853   1.935239   34.565165  20.432673
  19   14    1.526554   1.976345   19.366806  26.396569
  19   15    1.437542   1.975378   10.887112   6.670736
  19   16    1.396586   1.965046   18.412595  40.025360
  19   17    1.293862   1.933874   11.187600  35.534066
  19   18    1.170232   1.960965   21.216714  32.901861
  19   19    1.097005   1.952391   35.937508  14.456092
  19   20    0.931210   1.930626   27.053145  13.190848
  19   21    0.867111   1.907684   31.311616   4.967000
  19   22    0.704552   1.964653   12.932074  24.623597
  19   23    0.669247   1.925944   15.748039  19.297206
  19   24    0.550220   1.961633    6.626180  34.744053
  19   25    0.401740   1.952070   11.616962  12.111011
  19   26    0.338904   1.977083   14.513857  16.725748
  19   27    0.270949   1.939460    6.579959  33.519143
  19   28    0.158943   1.936158   39.308940  25.224553
  19   29    0.084954   1.958435   33.010263  22.214169
  20    0    2.919569   2.036607   17.160595  12.552667
  20    1    2.800867   2.069549   28.883419  26.518082
  20    2    2.778918   2.061891   29.271069  13.529557
  20    3    2.659610   2.071806   29.836787  26.326686
  20    4    2.535265   2.083485   40.093061  25.685863
  20    5    2.437975   2.015213   39.635464  30.380713
  20    6    2.376894   2.056109    2.332559  26.066627
  20    7    2.240692   2.062103   35.071222  20.988907
  20    8    2.189823   2.099915    8.397021  16.700473
  20    9    2.044924   2.092303   21.360146  12.273646
  20   10    1.973271   2.019678   18.592870  17.871722
  20   11    1.896285   2.073522   25.393700  18.204952
  20   12    1.710348   2.032564   38.290300  11.652699
  20   13    1.638926   2.060181   36.737024  13.134092
  20   14    1.585830   2.063288    9.437502  17.723835
  20   15    1.442644   2.041473   20.057328  10.233249
  20   16    1.334243   2.018305    6.220417  39.329451
  20   17    1.267174   2.032550   27.704291  22.193069
  20   18    1.139628   2.069115   20.328257  29.287453
  20   19    1.077991   2.091532   17.453474  23.725218
  20   20    0.993433   2.058863    8.199033  14.291444
  20   21    0.898905   2.049394   27.962777  26.862365
  20   22    0.748904   2.096122   30.783439  40.314105
  20   23    0.654626   2.059857    3.281057   7.743341
  20   24    0.589165   2.015063    5.779469  22.741000
  20   25    0.421219   2.011986   27.787088   7.516534
  20   26    0.351855   2.062192   12.954244  21.934239
  20   27    0.263977   2.099532   34.226086  30.189881
  20   28    0.125736   2.016403    5.083536  38.245816
  20   29    0.000759   2.007917   20.050113  16.701152
  21    0    2.954157   2.161307   20.203601  10.070678
  21    1    2.884188   2.162270   11.057707  27.177499
  21    2    2.746510   2.106637    5.283937  24.349933
  21    3    2.648364   2.178102    6.367171  12.298600
  21    4    2.512069   2.198964   27.093693  11.004921
  21    5    2.414864   2.169949    5.047006  39.873004
  21    6    2.390582   2.171077    2.948481  31.103159
  21    7    2.298802   2.102709   32.266031   4.182608
  21    8    2.160997   2.154042   12.188428   3.127507
  21    9    2.098574   2.115432   11.614812   3.345514
  21   10    1.963451   2.116326   28.652363  22.540203
  21   11    1.892698   2.107966   10.289061   3.892826
  21   12    1.770367   2.100316   25.077091  36.903726
  21   13    1.603725   2.157105   15.114754   1.950247
  21   14    1.590060   2.198127    2.264766  22.140770
  21   15    1.422758   2.120813   19.933756  36.860663
  21   16    1.380669   2.145830   29.025455   5.085907
  21   17    1.218420   2.196610   18.657824  35.779212
  21   18    1.193561   2.118047    3.316023  13.301854
  21   19    1.081411   2.123322   23.337899   6.717638
  21   20    0.953532   2.173314   40.660561  25.203536
  21   21    0.879899   2.154214   22.884693  32.710049
  21   22    0.718167   2.134697    2.851598   1.853495
  21   23    0.621957   2.183874   25.615595  11.217516
  21   24    0.540696   2.189872   18.095459  26.362460
  21   25    0.439186   2.181269   27.592032  10.584256
  21   26    0.389448   2.160176   33.179134  17.649242
  21   27    0.220355   2.167019   38.750437  39.303447
  21   28    0.152722   2.119126   38.900130  22.384417
  21   29    0.035540   2.174213   20.119083  24.046063
  22    0    2.980432   2.237468   21.914818   2.262566
  22    1    2.899746   2.248984   17.952052  28.851384
  22    2    2.783323   2.294027   39.324852   3.318159
  22    3    2.630326   2.279573    4.400738  20.573204
  22    4    2.526871   2.219470    6.735309  19.820493
  22    5    2.454822   2.290777   29.382272  34.621019
  22    6    2.320152   2.233532   36.182253  27.353392
  22    7    2.224908   2.204413   14.593374  20.230831
  22    8    2.110028   2.295368   17.241486  38.005684
  22    9    2.088153   2.245852   38.157187  25.945489
  22   10    1.947931   2.211357    2.794318  25.168813
  22   11    1.862186   2.271692   27.179682   3.679820
  22   12    1.700346   2.235066   40.340260  16.258221
  22   13    1.645576   2.204268   35.531329   3.691097
  22   14    1.524752   2.250000   20.410572  38.745468
  22   15    1.486376   2.284977   15.458761  22.970724
  22   16    1.330364   2.247359   15.550707   8.208362
  22   17    1.212770   2.200312   34.170228  16.018308
  22   18    1.187440   2.298245   16.503714  26.676697
  22   19    1.010641   2.291959   40.327710  19.654623
  22   20    0.940228   2.272562   16.640757  35.371486
  22   21    0.810103   2.235535   30.417604  22.475264
  22   22    0.716811   2.275346   11.348939  18.005910
  22   23    0.617193   2.261240    1.260977   4.742115
  22   24    0.514167   2.255304   26.000714  19.136510
  22   25    0.497883   2.294147    2.463434   5.955064
  22   26    0.368700   2.290095    4.293204   6.623448
  22   27    0.289465   2.211834    1.393706  25.041701
  22   28    0.101287   2.268169   38.159829  28.079007
  22   29    0.079106   2.252735   23.319147  22.048069
  23    0    2.951611   2.367976    1.120682  28.253770
  23    1    2.850967   2.359836   10.615347  30.408818
  23    2    2.789044   2.381915   38.852197  27.630276
  23    3    2.661823   2.311250   17.506203   5.320471
  23    4    2.506857   2.344612   13.920659  32.064223
  23    5    2.460436   2.371714   40.579761   6.436763
  23    6    2.372760   2.302947   16.038221   9.133629
  23    7    2.218226   2.397213   20.364295   2.050390
  23    8    2.122036   2.308700   34.864123   8.926655
  23    9    2.087885   2.338675   15.538083  27.120765
  23   10    1.939529   2.323772    9.287884  25.319129
  23   11    1.852565   2.320109    8.885436  28.952729
  23   12    1.783716   2.302651   35.295294   8.363092
  23   13    1.671171   2.311560   12.900595  12.026447
  23   14    1.559892   2.357116   13.932100  29.228034
  23   15    1.465008   2.377898   22.980166   7.424058
  23   16    1.350176   2.314123   11.544344   6.206762
  23   17    1.227672   2.360727   37.433836  22.493939
  23   18    1.155615   2.349427    6.388368  23.618202
  23   19    1.073552   2.342620   26.082149  32.838766
  23   20    0.900077   2.316657   28.867563  35.009693
  23   21    0.870705   2.350356   22.999235  21.408877
  23   22    0.786960   2.394448    7.067007  37.881701
  23   23    0.631090   2.377032    3.997388   8.427724
  23   24    0.587906   2.342623   24.921207  39.228145
  23   25    0.455279   2.341655    5.739489  31.071555
  23   26    0.377774   2.392581   27.264192  19.505876
  23   27    0.249756   2.359233   10.904330   3.270734
  23   28    0.112063   2.396672   24.175302   7.217129
  23   29    0.052795   2.364397   22.618940  33.695468
  24    0    2.971785   2.426733   36.448067  17.109123
  24    1    2.819635   2.417232    1.411089  23.933978
  24    2    2.776453   2.442898   24.673621  22.065246
  24    3    2.629309   2.421258   19.224215   9.066495
  24    4    2.588451   2.450346   16.344173   2.082620
  24    5    2.483976   2.400416   17.576056  19.283753
  24    6    2.301427   2.423923   28.546120   3.301122
  24    7    2.276961   2.414401   20.731367  33.893986
  24    8    2.121718   2.408329   18.226438   5.869267
  24    9    2.007990   2.439865   29.798133  28.007717
  24   10    1.914951   2.495092   17.680056   1.502666
  24   11    1.823177   2.408755   29.945768  17.384985
  24   12    1.700056   2.436574   29.819988  19.911080
  24   13    1.653366   2.474461   20.482850  28.374906
  24   14    1.529847   2.481995    5.956045  37.840412
  24   15    1.417265   2.471456    6.321005  17.572851
  24   16    1.301125   2.410782   28.222022  35.296290
  24   17    1.245589   2.444768   29.390606  19.765769
  24   18    1.187973   2.494509   29.455318  10.586194
  24   19    1.069001   2.451888    9.863035  12.931528
  24   20    0.989432   2.440276    5.247002   9.137411
  24   21    0.896200   2.481604    9.573294  35.503478
  24   22    0.727204   2.455574   26.044412  40.618405
  24   23    0.688821   2.491787    3.825839  13.806697
  24   24    0.520343   2.427533    1.602415  34.711498
  24   25    0.417079   2.441285   32.805551  36.517754
  24   26    0.302056   2.427892    5.743558  37.955082
  24   27    0.254230   2.479859   20.104833   8.195089
  24   28    0.128805   2.439111   36.301345   2.393875
  24   29    0.038874   2.464482   33.416890   5.372458
  25    0    2.963845   2.546768    3.285006   1.346078
  25    1    2.802036   2.590359    1.234282   6.403176
  25    2    2.796131   2.558696   27.718116   8.416562
  25    3    2.620690   2.560639    9.430957  10.188212
  25    4    2.581201   2.592285   34.267546  12.955566
  25    5    2.421009   2.570096    2.894963  19.116521
  25    6    2.363227   2.517957   12.693247  18.482668
  25    7    2.213133   2.544920    9.918171  17.991277
  25    8    2.156831   2.559015    6.313461  20.166124
  25    9    2.094596   2.563302   10.838344  13.411013
  25   10    1.933596   2.525920   20.093980  23.267979
  25   11    1.811833   2.579624    7.467993   7.019965
  25   12    1.771365   2.506481   26.634185  26.535649
  25   13    1.618273   2.588839   36.133502  21.237251
  25   14    1.584497   2.542560    5.236615  12.841015
  25   15    1.413544   2.597033    4.687066  17.519806
  25   16    1.360164   2.598558   37.410893   3.938358
  25   17    1.291175   2.509167    2.643058  24.909320
  25   18    1.179610   2.567321   21.576922  27.032786
  25   19    1.061937   2.505634   13.629496  30.558743
  25   20    0.903933   2.565032   40.396282   7.921119
  25   21    0.856579   2.555564   30.634355  14.129212
  25   22    0.751567   2.538257   16.074862  28.787506
  25   23    0.645196   2.506676   37.065504  14.393596
  25   24    0.589009   2.543504   22.143801  28.306363
  25   25    0.440884   2.599010   10.432151  19.078144
  25   26    0.397710   2.562504    4.639877  37.525522
  25   27    0.282518   2.573015   30.494707   7.919044
  25   28    0.168179   2.584854   21.270562  37.072828
  25   29    0.015669   2.581229   10.019055  14.106018
  26    0    2.907436   2.623784   34.062993   9.549684
  26    1    2.811637   2.667200   33.810282  40.730376
  26    2    2.727888   2.630464   29.160203  25.545391
  26    3    2.682456   2.645303   30.489974  36.550278
  26    4    2.514482   2.637650   26.841998   2.526442
  26    5    2.464479   2.600746   31.520255  19.331263
  26    6    2.342702   2.694399   25.511936  32.925220
  26    7    2.254775   2.630348   33.266810  35.215406
  26    8    2.142523   2.650158   15.305927  11.072882
  26    9    2.093044   2.661557   30.432173  39.017797
  26   10    1.972869   2.608762   20.142035  18.191518
  26   11    1.887158   2.619674   12.979667  13.044319
  26   12    1.787426   2.600693    1.445118  30.480980
  26   13    1.682652   2.661448   13.707398  30.970054
  26   14    1.535861   2.615408   22.444021  37.406098
  26   15    1.475647   2.656901   19.920802  38.512909
  26   16    1.354531   2.694634    8.853083  35.610310
  26   17    1.264629   2.680717   40.191288  24.082422
  26   18    1.157733   2.612233   29.913786  38.452036
  26   19    1.029447   2.669477    5.977590  30.278972
  26   20    0.944312   2.656565   23.186449  11.980459
  26   21    0.815571   2.611723    7.925503  31.063952
  26   22    0.785178   2.687243   17.145906  35.237659
  26   23    0.688324   2.664057   17.950737  29.616791
  26   24    0.554786   2.659747    7.549208  26.094397
  26   25    0.405277   2.628423   10.748688  18.339976
  26   26    0.314125   2.698589   36.707399  33.397113
  26   27    0.235354   2.683185   32.163995   5.168605
  26   28    0.144014   2.652528   29.207542  12.024058
  26   29    0.030473   2.633819   26.891789  29.286244
  27    0    2.965739   2.783798   33.295171   9.518764
  27    1    2.829640   2.737743   14.271641   4.544228
  27    2    2.771072   2.727428   24.041457   1.289375
  27    3    2.646423   2.762269    8.474245  20.326835
  27    4    2.515696   2.706372   22.583406  15.932685
  27    5    2.458603   2.754616   38.169948  37.300061
  27    6    2.308833   2.703574   15.139489  13.062023
  27    7    2.283547   2.738622   10.807309  19.427082
  27    8    2.157571   2.772988   16.167149  13.088465
  27    9    2.084455   2.704026   27.918915   3.828743
  27   10    1.996939   2.718200   11.942723  31.725119
  27   11    1.811155   2.721110   10.410752  26.512773
  27   12    1.756222   2.779478    4.008326   1.554611
  27   13    1.634465   2.795985   16.580504  34.690710
  27   14    1.578302   2.747917   26.344379  28.820129
  27   15    1.485401   2.779981   30.649188   5.346860
  27   16    1.322008   2.768810   35.790454  35.670777
  27   17    1.259630   2.760332   25.879625  14.918882
  27   18    1.137507   2.705449   12.151217  36.412233
  27   19    1.093564   2.788794    3.894287   6.394955
  27   20    0.911713   2.709262   12.588303  30.884073
  27   21    0.861350   2.749786   40.594131  37.827758
  27   22    0.734476   2.782548   24.313004   8.905394
  27   23    0.681779   2.730355    9.119108  30.210827
  27   24    0.537036   2.725994   10.258737   6.800710
  27   25    0.460734   2.730492    1.580059  22.858149
  27   26    0.301741   2.734777   24.326301  20.338389
  27   27    0.228314   2.744230   13.830821  10.873183
  27   28    0.136497   2.744225    5.959004  17.984225
  27   29    0.060127   2.749496   31.338384  21.988803
  28    0    2.948704   2.828879    8.218813  34.193041
  28    1    2.899503   2.867795   19.248046  29.004959
  28    2    2.741630   2.827218    9.198713  34.531538
  28    3    2.621483   2.893610   36.029520  29.246186
  28    4    2.591222   2.898428   23.520562  12.745915
  28    5    2.400457   2.847779   37.629082  33.906387
  28    6    2.343305   2.817270    8.831757   4.458094
  28    7    2.261182   2.879118   37.841829  37.843641
  28    8    2.199894   2.878461   11.628117  22.994713
  28    9    2.007648   2.824245   20.657258   4.333078
  28   10    1.939069   2.812915   37.394423  19.923330
  28   11    1.835912   2.836771    1.620379  19.481207
  28   12    1.735398   2.814801   21.968148   6.190633
  28   13    1.645480   2.813972   27.789666   7.450372
  28   14    1.517323   2.840546   24.195946  39.327731
  28   15    1.469211   2.881541    9.662215  30.337323
  28   16    1.314248   2.868778   34.366544   8.007932
  28   17    1.243960   2.845181   13.475521  25.495219
  28   18    1.109239   2.803648   38.567753  27.312719
  28   19    1.043290   2.881563    8.584371  18.283679
  28   20    0.923316   2.863032   36.029345  36.381947
  28   21    0.889580   2.820564   22.150398  29.676811
  28   22    0.714238   2.817862   14.677650  24.694612
  28   23    0.655744   2.865736    2.170900  35.854463
  28   24    0.576495   2.839127    9.541745   4.046819
  28   25    0.456501   2.810572   29.912609  30.847253
  28   26    0.379917   2.865066   19.315201  30.363933
  28   27    0.215758   2.834436   14.105145  13.501251
  28   28    0.181845   2.822657   18.291408  22.804180
  28   29    0.080184   2.803905    1.787942   6.473488
  29    0    2.992266   2.924687   14.054543  27.181285
  29    1    2.829411   2.962776   34.493524  17.664792
  29    2    2.762600   2.916564   25.722349   6.554046
  29    3    2.610531   2.967169   23.489041  13.441753
  29    4    2.507043   2.965443   33.200899  13.901068
  29    5    2.498709   2.910891   14.087062   8.194938
  29    6    2.350378   2.968356   14.825639  30.119162
  29    7    2.256695   2.990645   16.575663   6.225794
  29    8    2.128165   2.905719   28.927028  35.154273
  29    9    2.033928   2.980683   20.106932  39.649968
  29   10    1.943963   2.981940   24.273167  20.894060
  29   11    1.810624   2.922126   35.922059   9.950113
  29   12    1.713974   2.975784    5.005872  11.521613
  29   13    1.653901   2.983487   37.580246  21.006554
  29   14    1.502021   2.969770    7.600722  10.350069
  29   15    1.411478   2.915773   38.397740  27.879471
  29   16    1.367234   2.940041   30.545636  21.728226
  29   17    1.223837   2.908109   30.092350  38.311628
  29   18    1.113097   2.966008   31.846647  22.427539
  29   19    1.088017   2.947947   21.667868  32.865921
  29   20    0.939725   2.962525   15.133565  18.991226
  29   21    0.855302   2.903689    3.861880  14.807389
  29   22    0.761266   2.946405   22.052299   5.846510
  29   23    0.691071   2.976970    2.019526   2.284605
  29   24    0.557289   2.923848   16.794664  13.551319
  29   25    0.467959   2.916841   29.044808  13.060701
  29   26    0.380792   2.925611   28.030582  27.367106
  29   27    0.203199   2.948759   30.120121   5.989573
  29   28    0.146188   2.922792   24.171604   3.419761
  29   29    0.087672   2.947532   22.173757  13.628145
  30    0    2.968148   3.027602   39.808798  33.030865
  30    1    2.887647   3.075303   13.614159   6.820870
  30    2    2.716634   3.020757    4.332071  25.371900
  30    3    2.630601   3.013133   23.638810  14.787957
  30    4    2.594768   3.049945   28.152060  14.414295
  30    5    2.413726   3.037916    5.464656   3.194144
  30    6    2.334346   3.012258   17.609814  28.218540
  30    7    2.297877   3.035121   34.116077  27.870117
  30    8    2.138885   3.067591   16.573522  26.925873
  30    9    2.070692   3.092241   26.945424  33.304024
  30   10    1.986008   3.029694   10.885620  40.386397
  30   11    1.880484   3.087866    3.850264  32.715822
  30   12    1.729806   3.046905    1.237675  37.177761
  30   13    1.657275   3.076933   24.190484  10.472511
  30   14    1.519461   3.015562   30.714492  33.838881
  30   15    1.448941   3.073959   18.697498   7.797621
  30   16    1.373005   3.065632   25.162967  26.463470
  30   17    1.208929   3.053001    7.206863   9.173651
  30   18    1.114520   3.020356    7.705267  16.368462
  30   19    1.077410   3.015544   16.834653  39.531427
  30   20    0.999367   3.059507    3.129977  27.372741
  30   21    0.899937   3.025739   30.257020  31.265715
  30   22    0.715250   3.009315   33.558919  14.291872
  30   23    0.626827   3.076097   20.041433   5.311682
  30   24    0.556959   3.041214   23.701413  20.574875
  30   25    0.432474   3.026218    2.517140  11.962157
  30   26    0.329570   3.086257   22.171809  17.579377
  30   27    0.286666   3.052106   33.461457  14.800919
  30   28    0.138692   3.062384   24.760178  28.801774
  30   29    0.099732   3.054273    7.917575  35.072587
  31    0    2.977050   3.167680   16.210128   9.449397
  31    1    2.849958   3.199117   17.748599   4.004960
  31    2    2.714211   3.114352   28.971747  35.061933
  31    3    2.685223   3.109953   23.071646  17.045013
  31    4    2.540748   3.165345   10.561773  12.459697
  31    5    2.471155   3.181575   27.504831   6.665017
  31    6    2.309395   3.188366   15.577112   2.116654
  31    7    2.235369   3.165390   12.199090   9.340611
  31    8    2.153959   3.160535   14.071926  13.126413
  31    9    2.031468   3.160944   19.915818  37.497933
  31   10    1.951817   3.140951   34.922547  40.249698
  31   11    1.817479   3.154017   27.950368  38.672250
  31   12    1.727726   3.178203   40.968560  37.102159
  31   13    1.611271   3.161531    7.490524  11.815818
  31   14    1.575525   3.135138   22.132433  20.361654
  31   15    1.450240   3.179116   37.038122  14.638049
  31   16    1.399972   3.194207   13.384156  16.944471
  31   17    1.244192   3.178484   38.811062  16.056331
  31   18    1.153495   3.153251   16.331408  19.420270
  31   19    1.068809   3.168631   39.581993   4.281200
  31   20    0.962126   3.133827    6.379837  24.505826
  31   21    0.802499   3.117414   21.199056  13.754854
  31   22    0.701132   3.101970   21.822075  35.297978
  31   23    0.661640   3.128208   21.073081  23.107307
  31   24    0.594086   3.144790   36.878218   9.976497
  31   25    0.438383   3.180088    9.204754   1.489814
  31   26    0.369164   3.155350   37.624528  18.027889
  31   27    0.291134   3.169411    5.864276  22.090496
  31   28    0.113381   3.152978    7.911179  39.611490
  31   29    0.080757   3.135655   32.825143  39.332398
  32    0    2.919296   3.206530   31.783953  34.509483
  32    1    2.885232   3.215064   11.092717  40.199552
  32    2    2.719406   3.234042   29.588837  34.172812
  32    3    2.662173   3.241850   29.357319  30.331908
  32    4    2.550981   3.223805    6.852532  33.695267
  32    5    2.462061   3.208684   29.940644  21.975311
  32    6    2.388569   3.259118   28.195963  20.118322
  32    7    2.225468   3.205635   12.793366  13.568021
  32    8    2.122662   3.231779   32.951924   9.289634
  32    9    2.024737   3.279944   23.140855   9.690587
  32   10    1.951226   3.297850    4.822078  35.568412
  32   11    1.834758   3.297727   24.662979  25.301183
  32   12    1.785858   3.263311   14.822556   6.991179
  32   13    1.638440   3.243129   27.633064  29.623854
  32   14    1.556247   3.286920   34.931509   3.081773
  32   15    1.490367   3.260468   20.230100  32.752401
  32   16    1.325439   3.252932    9.265986  33.309724
  32   17    1.276865   3.230532   21.277379   1.977964
  32   18    1.104094   3.297289   30.279615  11.271490
  32   19    1.022329   3.273490   13.949803  15.043685
  32   20    0.974460   3.267461   39.386576  12.989300
  32   21    0.800162   3.287748   32.531153  13.975115
  32   22    0.704250   3.258357   14.581475  17.292722
  32   23    0.612044   3.266622   18.091685  35.830375
  32   24    0.546901   3.294510    2.038737  32.068333
  32   25    0.401477   3.282816   33.995476  25.659358
  32   26    0.387867   3.222242   34.339249  32.233213
  32   27    0.266724   3.294505   38.436008   2.156620
  32   28    0.106692   3.234579   34.885987  33.608292
  32   29    0.034190   3.206163    8.737535   7.937858
  33    0    2.981495   3.376373   36.234496  21.437881
  33    1    2.846217   3.312356   40.948849  14.065248
  33    2    2.766358   3.367461   39.478078  23.122040
  33    3    2.606983   3.363303   28.295113   2.392183
  33    4    2.522745   3.337615   12.491674   1.798748
  33    5    2.416828   3.317338   13.342504  19.493283
  33    6    2.383668   3.388633   26.752435  10.733144
  33    7    2.208820   3.387244   31.269457   2.390863
  33    8    2.173752   3.386122    5.619081  28.041440
  33    9    2.081748   3.344995   15.427386  18.984352
  33   10    1.999624   3.336366    1.366169   7.097389
  33   11    1.800973   3.322558    1.412782   5.034462
  33   12    1.763290   3.322116   13.933496  10.039534
  33   13    1.612696   3.335191    2.161695  34.749242
  33   14    1.536167   3.355231   31.264896  40.117757
  33   15    1.488183   3.358062   14.116649  33.464427
  33   16    1.363408   3.353801    9.274752  33.187971
  33   17    1.282383   3.307028   13.305075  28.605848
  33   18    1.146956   3.366720   38.894633   9.484100
  33   19    1.056084   3.310073   30.207477  19.066948
  33   20    0.981435   3.349619    8.316502  23.866813
  33   21    0.872417   3.307166   13.582531   3.329767
  33   22    0.789567   3.342684   20.463005   6.068785
  33   23    0.636979   3.383175    5.955433   3.103099
  33   24    0.523219   3.313042   28.879436  12.026577
  33   25    0.406236   3.321035   37.264856  11.946787
  33   26    0.362491   3.302285    9.656015  13.209533
  33   27    0.241100   3.360467   18.202941   7.296489
  33   28    0.158468   3.363108   12.653174  12.926401
  33   29    0.031712   3.361354   21.071800   9.498516
  34    0    2.925273   3.478163   32.216638  36.910721
  34    1    2.865441   3.400236   33.519088  12.909683
  34    2    2.794033   3.428901    5.733112  40.056293
  34    3    2.652998   3.473443   39.304254  11.812413
  34    4    2.595159   3.422535   27.791479   1.994397
  34    5    2.467287   3.441007   40.286142  17.840651
  34    6    2.336011   3.491190   18.378458  11.274714
  34    7    2.286262   3.421758   25.111681  35.807459
  34    8    2.188618   3.448916    5.451742   1.232236
  34    9    2.064540   3.441932   32.624460  31.270475
  34   10    1.996513   3.429410   35.397701  40.192737
  34   11    1.888888   3.447111   31.801053  25.866722
  34   12    1.751079   3.430167   29.294773  14.489720
  34   13    1.699960   3.410462   25.062017  35.393586
  34   14    1.575973   3.457202   18.567783  14.836045
  34   15    1.486776   3.409036   18.093544  20.808069
  34   16    1.393261   3.498580   40.532415  24.913764
  34   17    1.281420   3.494255    6.854822  33.761762
  34   18    1.126833   3.454716   32.493205  15.616007
  34   19    1.099335   3.452738   31.235220  25.984269
  34   20    0.927447   3.418695   12.472427  29.195055
  34   21    0.885292   3.439286   34.864455  35.773151
  34   22    0.779494   3.430874   35.311327  14.641087
  34   23    0.636788   3.465084   31.867995  25.043746
  34   24    0.572060   3.428559   24.799232   8.936345
  34   25    0.485070   3.441092   33.898987  36.837562
  34   26    0.386363   3.473796    5.650107  28.399835
  34   27    0.219393   3.409106   14.567077  15.883221
  34   28    0.167903   3.470122   13.560210  20.157948
  34   29    0.042345   3.441126    3.423532  23.749275
  35    0    2.914874   3.572595    7.244536  25.846711
  35    1    2.843193   3.551433    7.951178   5.323503
  35    2    2.724429   3.554485    3.263832   7.971707
  35    3    2.672228   3.545153   19.546669   4.798622
  35    4    2.595339   3.518748    2.618008  23.921989
  35    5    2.491898   3.522147   28.271725  27.039669
  35    6    2.389381   3.532689   37.495836   3.454648
  35    7    2.270348   3.565661   31.189001  34.153584
  35    8    2.104480   3.520235   37.234889  12.536992
  35    9    2.069517   3.571482   30.387322  17.276895
  35   10    1.910187   3.567759   34.459743   9.753610
  35   11    1.863520   3.515220   19.340091  10.042661
  35   12    1.740515   3.586662   25.530521   1.055916
  35   13    1.603346   3.512840   30.029721  32.883179
  35   14    1.530448   3.528703    3.847919  14.452069
  35   15    1.421201   3.502764   18.310025  36.270263
  35   16    1.320644   3.568560   20.224919   8.305479
  35   17    1.241915   3.566564   21.267542  26.190205
  35   18    1.139888   3.552165   31.449465  15.230428
  35   19    1.039837   3.509726   27.881854  26.595863
  35   20    0.906803   3.559071   16.326414  28.143651
  35   21    0.847517   3.543934    3.074000   1.273605
  35   22    0.771126   3.542443    7.901175  35.851007
  35   23    0.687217   3.548001   15.271167   1.508179
  35   24    0.540542   3.591219   31.231479  12.618725
  35   25    0.457912   3.535827   38.904885  26.123868
  35   26    0.311628   3.505566    7.987798  39.498992
  35   27    0.268939   3.526667   15.799040  16.925620
  35   28    0.142890   3.588974   12.327003   4.749961
  35   29    0.066830   3.595501    3.193047  25.259139
  36    0    2.974195   3.638144   36.897883  16.510597
  36    1    2.854098   3.679448   31.184620  34.354251
  36    2    2.710059   3.655308   13.501256   2.961064
  36    3    2.647874   3.629954   38.665631   7.311162
  36    4    2.544349   3.616679   29.841423  13.519674
  36    5    2.472302   3.629834   34.363579  12.034531
  36    6    2.310851   3.605445   11.969793  29.197749
  36    7    2.221431   3.639315   38.390322  32.115622
  36    8    2.197984   3.658059    1.435583   1.054034
  36    9    2.069141   3.695845   39.738702  26.608067
  36   10    1.966635   3.678517   26.822547   2.760631
  36   11    1.839213   3.668708   36.456839  31.838130
  36   12    1.757620   3.646922   11.264731   6.612727
  36   13    1.682190   3.661376    7.768857   4.835641
  36   14    1.569733   3.685815   10.698371  31.884702
  36   15    1.436015   3.662064    1.199935  10.667100
  36   16    1.330647   3.650601   22.021039  30.255526
  36   17    1.274688   3.666072    2.802585  14.897754
  36   18    1.171100   3.678852   35.993267  25.096641
  36   19    1.073327   3.632304   14.870151  37.604772
  36   20    0.947898   3.667349   16.631906  29.735872
  36   21    0.838972   3.690699   33.062579  36.808939
  36   22    0.743135   3.645432   27.008552  14.381196
  36   23    0.674384   3.687383   33.658570  16.887630
  36   24    0.595918   3.678557   30.780437  32.208516
  36   25    0.456802   3.639955   11.687284  21.477097
  36   26    0.398494   3.666932   19.445225  32.187913
  36   27    0.225277   3.676609   31.981835  30.567465
  36   28    0.111287   3.600651    7.225251  39.543136
  36   29    0.078663   3.649678    7.735880  17.939098
  37    0    2.920765   3.795000   18.650766  34.309438
  37    1    2.891739   3.746722   24.933657  17.784334
  37    2    2.780358   3.757389   28.325843   4.275140
  37    3    2.659177   3.770401    6.062894  38.303907
  37    4    2.537860   3.730871   18.024635  10.662648
  37    5    2.476194   3.722171   32.809088   5.262657
  37    6    2.362768   3.718247   13.179771   3.224942
  37    7    2.260707   3.704212    4.968687  19.934473
  37    8    2.143984   3.715501   28.988704  36.003875
  37    9    2.014707   3.749037   21.607795  33.561713
  37   10    1.932080   3.773607   15.777908  25.816938
  37   11    1.812290   3.796862   10.532076  14.399644
  37   12    1.751040   3.763734   23.928887  22.609450
  37   13    1.688421   3.767077   23.422584  13.611787
  37   14    1.501920   3.742445   30.584004   4.129442
  37   15    1.485990   3.712095   16.531329  22.727344
  37   16    1.325335   3.700687   23.514210  26.952839
  37   17    1.299102   3.799312   10.619431  38.067196
  37   18    1.180961   3.733221   21.944824   1.706824
  37   19    1.027782   3.740122   28.859792  26.490280
  37   20    0.940439   3.783572    9.799566  12.409605
  37   21    0.833397   3.773639   27.715270   2.007475
  37   22    0.775124   3.703683   23.737097   8.165111
  37   23    0.655091   3.717226    3.342398  14.255408
  37   24    0.552057   3.717153   36.518422  20.021452
  37   25    0.415418   3.715907   14.859777  37.517949
  37   26    0.330340   3.790273    5.657528  36.622292
  37   27    0.208071   3.758420   15.859294  12.928425
  37   28    0.175782   3.796033   37.971713  29.350605
  37   29    0.022260   3.778905    6.827418  36.680950
  38    0    2.984251   3.802852   12.562138  30.984580
  38    1    2.816761   3.830138   33.682862  23.524527
  38    2    2.723577   3.831991    7.919170   1.455769
  38    3    2.612058   3.896736    1.425989  27.508934
  38    4    2.570194   3.805444   13.261157  20.119881
  38    5    2.421204   3.814893   26.934357  10.896691
  38    6    2.329853   3.849555   29.879351   6.020923
  38    7    2.289201   3.879001    1.227923  17.350733
  38    8    2.191835   3.828692   25.175740   5.949725
  38    9    2.056648   3.844863    9.066427  26.952719
  38   10    1.972997   3.858022   10.244609  24.668187
  38   11    1.806302   3.884275   22.530588   8.302213
  38   12    1.761809   3.884745   11.262752   2.490891
  38   13    1.690944   3.806356    5.277768  36.892312
  38   14    1.573217   3.833134   15.617248  32.486039
  38   15    1.477543   3.837302   35.451852  19.152567
  38   16    1.372730   3.880268   15.613863  12.878007
  38   17    1.276240   3.842115   37.766145  27.995403
  38   18    1.122555   3.866599    5.773123   9.804090
  38   19    1.053000   3.879391    9.067137  38.397507
  38   20    0.943925   3.848280   14.135216  21.398341
  38   21    0.852086   3.803399   26.726060  30.493016
  38   22    0.777932   3.866673    3.658933  26.245716
  38   23    0.678555   3.866429    5.494241   2.850600
  38   24    0.562253   3.844525    6.713903   7.570058
  38   25    0.412058   3.828812   35.997278  10.051894
  38   26    0.323080   3.817998   33.829456  29.089750
  38   27    0.241009   3.854008   36.832159  26.384000
  38   28    0.110372   3.879086    7.277517  39.295184
  38   29    0.021012   3.851822   22.270501   1.404141
  39    0    2.980235   3.933905   10.730969  17.972524
  39    1    2.873002   3.934074    8.860148  33.329817
  39    2    2.750807   3.978922   38.153014  32.118520
  39    3    2.645075   3.963922   16.756408  22.653145
  39    4    2.527422   3.959381    8.237115  17.961479
  39    5    2.467354   3.912593    5.403317   1.073395
  39    6    2.309185   3.902061    5.131144  11.623772
  39    7    2.231481   3.985395   38.224330  39.787006
  39    8    2.152225   3.907900   31.843463  33.031616
  39    9    2.025429   3.942654   17.270947  26.369719
  39   10    1.974992   3.949137   19.642695   5.998131
  39   11    1.850369   3.920631    6.316800  20.930746
  39   12    1.747873   3.940336   24.927005  11.976027
  39   13    1.639137   3.952479   29.673835  39.914226
  39   14    1.513211   3.942961   24.452810  25.796565
  39   15    1.485646   3.999944   14.046239   9.868529
  39   16    1.332519   3.919141   10.476843  28.781755
  39   17    1.281182   3.932794   32.026878   3.699258
  39   18    1.155203   3.971863   29.279614  37.937065
  39   19    1.037018   3.934851    8.380012  38.367160
  39   20    0.947568   3.996004   39.702326   9.502237
  39   21    0.853166   3.973005    4.043171  35.687409
  39   22    0.712191   3.917474   32.743411  10.958098
  39   23    0.670317   3.938765   17.820116  26.832096
  39   24    0.565902   3.916190   28.924868  27.657585
  39   25    0.416156   3.960638   22.025850  36.333018
  39   26    0.329703   3.912671   37.052693  38.569519
  39   27    0.228216   3.990045   35.883754  32.827226
  39   28    0.115878   3.947770   16.159714  40.193940
  39   29    0.003327   3.983495   39.263945   1.483052
  40    0    2.976335   4.000382   11.833226  38.528189
  40    1    2.888448   4.039372   39.391026  16.989681
  40    2    2.701950   4.068923   18.793896  26.033163
  40    3    2.689287   4.098983   24.438484  16.188643
  40    4    2.535192   4.088954   33.506436  13.869550
  40    5    2.431638   4.088388   30.466007  25.870898
  40    6    2.377774   4.071546    3.766632  19.244108
  40    7    2.265692   4.060059   31.945105  13.958508
  40    8    2.141374   4.024790   36.623377  33.526406
  40    9    2.055862   4.091566    1.157450  21.235216
  40   10    1.902653   4.064344   11.658408  18.866727
  40   11    1.847770   4.012252   28.039415  35.985524
  40   12    1.783852   4.027952   23.560508  19.366165
  40   13    1.650030   4.058251    9.585374  35.347238
  40   14    1.587192   4.083623    6.095016   7.420254
  40   15    1.411351   4.001222   26.711360  14.877687
  40   16    1.365105   4.061442   28.983532  36.677779
  40   17    1.213216   4.056835    6.519770  21.779208
  40   18    1.109007   4.044983   29.872768  40.126727
  40   19    1.035018   4.055284   19.194841  37.424728
  40   20    0.986878   4.029854   25.485566  35.139656
  40   21    0.882036   4.048015   21.297699  21.269664
  40   22    0.754365   4.094108   19.211165  16.881083
  40   23    0.696991   4.032384   31.018846  10.931608
  40   24    0.505409   4.028109    6.805859  37.299762
  40   25    0.403188   4.099083    5.985007  32.164609
  40   26    0.316597   4.039868   37.539245  38.999097
  40   27    0.251349   4.045955   10.506321  27.650177
  40   28    0.174497   4.085973   15.035341  21.599193
  40   29    0.063259   4.056214    6.688927  24.972444
  41    0    2.957155   4.177929   20.221885  22.774392
  41    1    2.883200   4.109109   22.627056  11.840208
  41    2    2.769764   4.179058    8.215231  36.970446
  41    3    2.662911   4.176687   20.927805  30.563935
  41    4    2.510169   4.138072   11.632280  11.875785
  41    5    2.417413   4.161635   32.110822   3.991087
  41    6    2.362468   4.102010   34.734965  16.041655
  41    7    2.297558   4.148008   29.964211   1.548436
  41    8    2.186360   4.113430    5.976880  40.616219
  41    9    2.030511   4.169234    9.727010   6.735396
  41   10    1.986237   4.124597   30.935685   3.978023
  41   11    1.881635   4.145879   25.007670  36.357638
  41   12    1.707177   4.154844   33.279001  10.124522
  41   13    1.690351   4.109461   25.637024   6.985640
  41   14    1.515067   4.176382    8.325553   9.991722
  41   15    1.428578   4.107974   16.193280   5.568086
  41   16    1.375006   4.138536   21.927395   9.451247
  41   17    1.223177   4.183818    3.725680  38.825365
  41   18    1.145961   4.130703    6.813122  18.551496
  41   19    1.073620   4.125461   23.242455  29.993719
  41   20    0.960321   4.140315   19.195995   3.639851
  41   21    0.882686   4.120449   20.817859   1.685925
  41   22    0.754556   4.183643   40.365032  27.323214
  41   23    0.601513   4.179241   16.712045  30.079671
  41   24    0.561628   4.174500    1.141112  20.794450
  41   25    0.470682   4.156908    4.686662  38.340142
  41   26    0.367098   4.148721   31.494265  28.872646
  41   27    0.216276   4.172844   28.738093  16.128603
  41   28    0.169067   4.180784   33.282322  20.175404
  41   29    0.033956   4.117425   14.759320   7.244112
  42    0    2.967138   4.212972   20.985222  23.161676
  42    1    2.865106   4.238940   22.180462  38.890792
  42    2    2.737530   4.267226   33.473287  33.353995
  42    3    2.636985   4.224145   19.427105  33.758400
  42    4    2.530283   4.225149   29.261863  37.869242
  42    5    2.403522   4.221418   37.074592  10.049254
  42    6    2.350152   4.242580   38.368782  20.457423
  42    7    2.285069   4.206789   13.865503  14.779889
  42    8    2.155394   4.211740   35.805166  23.568217
  42    9    2.063884   4.259987   23.296644  12.131121
  42   10    1.928036   4.296171    4.894146  13.535395
  42   11    1.847502   4.200182   12.270880   1.315512
  42   12    1.735556   4.241493   33.026148  20.789505
  42   13    1.664387   4.229247   18.348261   7.376549
  42   14    1.517073   4.208503   28.123438   9.079539
  42   15    1.405406   4.244110   18.419909  33.529141
  42   16    1.387209   4.284167    1.000709   6.004597
  42   17    1.270623   4.209195   19.167221  25.096391
  42   18    1.157716   4.200825   26.972527   1.726905
  42   19    1.023817   4.224950    8.458003  12.792858
  42   20    0.930777   4.234206   19.472536  33.557822
  42   21    0.896849   4.289098   26.870205  37.049890
  42   22    0.718561   4.256841   39.113377   1.178796
  42   23    0.622648   4.223540    9.822992   5.273882
  42   24    0.591174   4.295038   23.530329  20.579568
  42   25    0.409049   4.231714   33.333954  20.373643
  42   26    0.349605   4.274772   36.515771   4.366178
  42   27    0.296131   4.258731   10.210314  21.588381
  42   28    0.161526   4.244703   39.365587  11.911703
  42   29    0.066902   4.249788    8.521054  37.593082
  43    0    2.986036   4.332974   23.022731  24.892927
  43    1    2.805344   4.341069   40.485956   7.053436
  43    2    2.748483   4.328514   26.517217  12.076457
  43    3    2.616779   4.371795   37.456593  13.247723
  43    4    2.508404   4.377320   25.365869  11.788157
  43    5    2.443445   4.376079   25.453396  27.068396
  43    6    2.392482   4.349455   23.009206   1.320005
  43    7    2.222859   4.398871    5.761956  16.661443
  43    8    2.140055   4.363539   39.026944  19.598877
  43    9    2.048208   4.381591    6.380807   2.156873
  43   10    1.931304   4.352014   19.787608   2.762011
  43   11    1.898488   4.379891    2.651991  30.389017
  43   12    1.737662   4.312722   40.351849   1.854234
  43   13    1.611478   4.308555   29.194753  37.200643
  43   14    1.550300   4.320160   40.863101  37.682382
  43   15    1.474888   4.356646   20.301809  33.870180
  43   16    1.305733   4.363195   26.323291   9.932584
  43   17    1.210155   4.379817    2.246651  39.396682
  43   18    1.137641   4.335170   35.565358  15.976475
  43   19    1.019315   4.356073   18.489462   1.822456
  43   20    0.940943   4.326967   13.398421  29.362647
  43   21    0.858314   4.386294   37.558229   9.468598
  43   22    0.737953   4.363992   39.315486  18.810008
  43   23    0.689791   4.331490   33.420748  26.904006
  43   24    0.587156   4.383947   16.817643  15.589997
  43   25    0.455068   4.305004   39.452241  40.663712
  43   26    0.372682   4.373873   29.322778  40.504939
  43   27    0.288504   4.379788   19.642396  26.177751
  43   28    0.156987   4.372146    1.790873  21.240128
  43   29    0.077792   4.328406   34.474685  30.067027
  44    0    2.970578   4.493929   31.612037  26.687536
  44    1    2.851003   4.486532    3.949883  20.908007
  44    2    2.750779   4.457055    7.967486  36.909357
  44    3    2.645303   4.419511   26.514777  36.763348
  44    4    2.526622   4.469385    5.787712  15.729921
  44    5    2.483275   4.475934   20.196120  29.220894
  44    6    2.378839   4.488408   18.596206  17.514807
  44    7    2.250625   4.432195   11.028924  31.378791
  44    8    2.182790   4.479162    3.941098  40.516309
  44    9    2.033838   4.467638   23.907283  21.159765
  44   10    1.967801   4.477530   35.781187  16.234720
  44   11    1.837925   4.461194   32.274956  31.532943
  44   12    1.798980   4.412538   30.106865  17.565207
  44   13    1.662935   4.467273   35.612006  35.666899
  44   14    1.506975   4.453482   33.240533  38.070360
  44   15    1.473253   4.411214   17.462860  27.732907
  44   16    1.357492   4.425572   36.675134  20.538825
  44   17    1.245962   4.442739   11.790215   9.022723
  44   18    1.165533   4.481191   27.973515  35.060734
  44   19    1.033676   4.499619   11.728269  34.240502
  44   20    0.919397   4.423000   24.165388  25.170937
  44   21    0.823219   4.463162   32.347835  34.273794
  44   22    0.786408   4.449784    2.242720  35.181411
  44   23    0.614432   4.432147    7.834948   9.443850
  44   24    0.526164   4.436300   20.768437  22.644453
  44   25    0.483106   4.402480    3.523628  21.180808
  44   26    0.337745   4.464315   17.277405   6.958661
  44   27    0.228689   4.416106   14.512549  40.264612
  44   28    0.114915   4.493636    8.062705   8.449945
  44   29    0.040869   4.434618    5.134409  16.217870
