   0    0    4.691457   0.019624   26.664893   5.492292
   0    1    4.502108   0.044592    4.846162  12.377682
   0    2    4.415783   0.018997   14.781131   7.222093
   0    3    4.367004   0.038760   15.466212  27.991893
   0    4    4.259986   0.020231   31.972982  38.542368
   0    5    4.103158   0.067635   26.750602  38.530778
   0    6    4.096821   0.011547    5.222802  13.115408
   0    7    3.905128   0.074719   17.265729  25.360880
   0    8    3.815669   0.072419   28.172184  39.575949
   0    9    3.721413   0.081090    3.869998  34.440622
   0   10    3.663649   0.055164   11.131734   2.805151
   0   11    3.500147   0.050915   20.578438  25.659405
   0   12    3.470010   0.037528   15.356024  29.297779
   0   13    3.361583   0.068324    8.988037   8.587427
   0   14    3.259350   0.024219   30.247043  40.056422
   0   15    3.192733   0.071830    9.727891  33.948947
   0   16    3.088053   0.040664   21.563557  35.266924
   0   17    2.974244   0.078081   14.437339  14.077076
   0   18    2.813975   0.093217   39.377810  12.079460
   0   19    2.761270   0.028021   39.064343  25.803437
   0   20    2.632023   0.066646   26.435105  10.140059
   0   21    2.548524   0.005426   11.815374  25.681407
   0   22    2.477650   0.091910   30.735826  29.087639
   0   23    2.355139   0.010302   12.877206  20.136900
   0   24    2.216630   0.045091   40.573562  28.051973
   0   25    2.167142   0.017775   18.070011   2.086028
   0   26    2.002665   0.031784   25.927021  19.258287
   0   27    1.974531   0.016872   24.880256  30.754243
   0   28    1.894396   0.070347   27.017516   6.164522
   0   29    1.735893   0.002988   36.860948  12.876893
   0   30    1.680381   0.012109   39.007842  31.127594
   0   31    1.596391   0.092854   11.175840   1.156442
   0   32    1.464361   0.026969    1.232440   8.415302
   0   33    1.374706   0.041461   14.103264  39.796905
   0   34    1.213833   0.038775   10.012813   5.450850
   0   35    1.121111   0.066680   40.604343  37.131368
   0   36    1.072540   0.016456   16.026191  38.497261
   0   37    0.932380   0.029177   36.599358  31.803781
   0   38    0.881866   0.014093   20.359546  28.559260
   0   39    0.789584   0.072797   16.385157  21.661508
   0   40    0.647475   0.005929   27.795085  39.100536
   0   41    0.562095   0.003671   32.665510   3.460445
   0   42    0.425697   0.080790   31.537436   9.244598
   0   43    0.395210   0.075131   12.955403  26.679833
   0   44    0.289243   0.044479   10.506783  24.447735
   0   45    0.169830   0.049858    3.659326  16.189183
   0   46    0.063722   0.028378   38.486299  11.202940
   1    0    4.690489   0.130761    1.912654  26.205063
   1    1    4.505298   0.117869   13.826244   3.153929
   1    2    4.422773   0.187675   25.314308  11.920819
   1    3    4.315462   0.195112   19.071207   3.068729
   1    4    4.262789   0.158278   10.967919  25.387567
   1    5    4.161478   0.137299   31.790996  38.442607
   1    6    4.079851   0.168503   27.787807  38.670169
   1    7    3.990486   0.123744   31.059758  38.070424
   1    8    3.828907   0.100245    9.815125   9.997168
   1    9    3.791558   0.182943   38.441973   2.748827
   1   10    3.681482   0.132301   13.328601  17.568999
   1   11    3.573180   0.154265   18.008035   5.338974
   1   12    3.473039   0.194255   26.823356  10.884086
   1   13    3.383701   0.147949   36.816166  33.740834
   1   14    3.210654   0.102428   20.470354  10.887766
   1   15    3.109219   0.161843   15.461519  24.900386
   1   16    3.027754   0.191998   10.458093  27.944278
   1   17    2.937168   0.153618   17.707344  28.791380
   1   18    2.812452   0.120086   33.657204  40.577373
   1   19    2.774600   0.173165   18.877180   8.383614
   1   20    2.672590   0.190823   39.337710   8.120424
   1   21    2.557638   0.131458   14.601089   4.930003
   1   22    2.434131   0.145355    7.207727  36.862196
   1   23    2.383098   0.119379   24.673014  37.475036
   1   24    2.299887   0.167228   14.831477   1.969803
   1   25    2.134510   0.192816   11.190397   1.307509
   1   26    2.022848   0.176755   22.523536  26.415623
   1   27    1.963001   0.108840    5.811275  22.150761
   1   28    1.872449   0.126740   20.105307  33.330319
   1   29    1.718543   0.131791   27.878101  11.203919
   1   30    1.693167   0.166307    7.448754  39.649376
   1   31    1.508991   0.127871   33.321646  30.718018
   1   32    1.472662   0.109638   19.521521  26.615916
   1   33    1.393184   0.132135    3.672349  40.611115
   1   34    1.251443   0.132027   16.686613  26.647836
   1   35    1.190013   0.102730    5.170596  13.696881
   1   36    1.017672   0.116964   22.298853  26.272642
   1   37    0.907957   0.173844   19.881412  40.421444
   1   38    0.839187   0.194825    2.179442   1.278656
   1   39    0.769017   0.180994   13.883188  13.573565
   1   40    0.690223   0.146292    4.338967  32.926606
   1   41    0.517261   0.160140   22.014046  29.253540
   1   42    0.432538   0.191748   12.358276   3.010877
   1   43    0.365411   0.115565   34.323573   2.456569
   1   44    0.209780   0.151683   12.125728  30.755077
   1   45    0.142941   0.110541    6.291680  13.946584
   1   46    0.009934   0.142520    9.168342  35.971821
   2    0    4.666089   0.259493   23.040423  19.666892
   2    1    4.543532   0.267308    2.603474  30.611986
   2    2    4.454000   0.290743    7.178667   4.754287
   2    3    4.375103   0.271353   21.776684  34.774006
   2    4    4.265906   0.204825   10.583563  11.293579
   2    5    4.131897   0.259168   22.940542   3.439057
   2    6    4.031791   0.274988   32.336847  32.269825
   2    7    3.997482   0.210947    5.868155  36.643326
   2    8    3.893440   0.223681   18.198037  23.745855
   2    9    3.778127   0.294377   24.084299  28.493852
   2   10    3.664069   0.261652   21.410684   3.112977
   2   11    3.507163   0.240663   27.436048  29.379751
   2   12    3.452916   0.294768   40.301868  13.333090
   2   13    3.326630   0.242461   12.013927  30.925941
   2   14    3.286248   0.287723   35.049214   1.410725
   2   15    3.156492   0.235809   39.973598  34.681798
   2   16    3.088141   0.223514   24.153761  23.903844
   2   17    2.929616   0.248116   10.597215  13.232485
   2   18    2.863235   0.212905   10.571063  13.102562
   2   19    2.735413   0.229993   13.972617  36.366022
   2   20    2.649318   0.289052   28.116997  14.575243
   2   21    2.576678   0.239891   39.957593  15.124448
   2   22    2.480183   0.269029   30.678776  20.101750
   2   23    2.302685   0.217493   27.635511  13.012775
   2   24    2.218593   0.276238   29.925764  29.583940
   2   25    2.136911   0.264242    4.257688   6.334713
   2   26    2.085547   0.295477   21.628720  21.343793
   2   27    1.970065   0.247608   17.706915  24.569485
   2   28    1.825190   0.275917   26.360188  12.289907
   2   29    1.738185   0.259409   32.805619   6.899339
   2   30    1.604772   0.206336    7.262796  27.753361
   2   31    1.551570   0.287929   19.331222  32.442704
   2   32    1.456010   0.261627   35.736295  15.364308
   2   33    1.383186   0.208578   28.390301  19.443213
   2   34    1.218002   0.259967   15.308226   8.160926
   2   35    1.164939   0.258495   13.842226  22.610177
   2   36    1.042531   0.275963   24.617176   9.192708
   2   37    0.976815   0.236763   26.752007   8.001348
   2   38    0.870150   0.226699   22.351643  13.200352
   2   39    0.747388   0.263780   33.391157  11.284181
   2   40    0.679886   0.284784   30.151579  20.524855
   2   41    0.514579   0.240887   21.094426   7.907070
   2   42    0.456692   0.275363   13.893763  34.218691
   2   43    0.322778   0.274465   21.319333   2.657378
   2   44    0.208971   0.282488   39.446208  23.402305
   2   45    0.156568   0.267492   35.544480  21.278362
   2   46    0.003554   0.224346    5.890863   4.229439
   3    0    4.632302   0.335956   37.181701  18.262448
   3    1    4.567443   0.356531   37.377952  14.395123
   3    2    4.486625   0.377537    1.466147   2.633584
   3    3    4.334438   0.327888    4.189328  37.940499
   3    4    4.215802   0.305586    5.327500   7.476730
   3    5    4.190464   0.344421    4.252311  34.178916
   3    6    4.031334   0.362754   40.534530   9.167856
   3    7    3.993951   0.393317    8.259517  17.888097
   3    8    3.805819   0.345466   15.944309  18.703138
   3    9    3.717066   0.341372   14.714262  27.483447
   3   10    3.688418   0.302984    8.476438  40.221324
   3   11    3.569909   0.349920   15.635190   3.707911
   3   12    3.471497   0.322939   37.471715  20.758602
   3   13    3.332965   0.341823   39.317814   3.444090
   3   14    3.289171   0.378980    3.383717  20.470574
   3   15    3.133146   0.315169   33.464757  31.574650
   3   16    3.024441   0.395583   29.290869  14.001267
   3   17    2.955723   0.323036   20.160507   8.387350
   3   18    2.894518   0.380097   32.505584  31.374439
   3   19    2.788224   0.328989   33.580591  40.841346
   3   20    2.673638   0.382713   13.596168  40.727717
   3   21    2.543085   0.303966    1.989107  33.081735
   3   22    2.499329   0.371355    1.426218  25.405455
   3   23    2.303375   0.351771   37.492656  34.909604
   3   24    2.291559   0.350353   35.355311  34.371476
   3   25    2.180367   0.337601   30.182729  26.485193
   3   26    2.094583   0.309299   39.533853  27.598209
   3   27    1.963041   0.346858    7.712705  33.362048
   3   28    1.828543   0.361611   29.263994  17.034014
   3   29    1.777747   0.319996   17.019666  38.020393
   3   30    1.612000   0.321129   25.687625  38.945825
   3   31    1.561387   0.393165   31.815290  22.388241
   3   32    1.487574   0.369421   22.601471   4.879532
   3   33    1.383325   0.324185   27.634153  40.409080
   3   34    1.250741   0.386544   27.988423  26.175857
   3   35    1.130122   0.398680   15.641843  40.535295
   3   36    1.046566   0.353602   32.893257  30.924769
   3   37    0.992806   0.392173    7.069320  35.096767
   3   38    0.860803   0.386754   21.559996  32.436818
   3   39    0.769006   0.310513   32.054067  26.814452
   3   40    0.690257   0.329189   29.287200  24.755066
   3   41    0.511667   0.343231   19.832588  12.299005
   3   42    0.432693   0.310119   18.246557  13.426604
   3   43    0.322395   0.342227    1.642904  28.194863
   3   44    0.288824   0.377987   16.549186  18.697966
   3   45    0.100668   0.381679    3.359762  27.700491
   3   46    0.018012   0.328853   32.133152  13.494065
   4    0    4.620181   0.464122   31.799307  13.515827
   4    1    4.535338   0.480303   30.584726  39.985569
   4    2    4.410565   0.412359    6.794059  27.838252
   4    3    4.380551   0.486273   34.795021  26.244972
   4    4    4.276493   0.427207   30.553086  30.848741
   4    5    4.129152   0.448804    4.392662  18.436916
   4    6    4.086888   0.497021   16.486326  26.200162
   4    7    3.952504   0.459011   24.182225  14.183623
   4    8    3.814513   0.416541   21.586071  15.339995
   4    9    3.767340   0.491465   33.357265   9.191637
   4   10    3.600634   0.409798   39.622707   2.070047
   4   11    3.545415   0.483678   21.045765  11.921347
   4   12    3.460772   0.454653   36.825836   4.566091
   4   13    3.381303   0.455550   18.784952  40.026123
   4   14    3.235751   0.474999    7.385996  24.150612
   4   15    3.140457   0.462401   16.811461   7.483156
   4   16    3.027276   0.400746   33.026244   8.432206
   4   17    2.930634   0.429580   38.591885  22.783463
   4   18    2.839254   0.495399   29.056930  30.995460
   4   19    2.757675   0.486713   26.807839  26.243781
   4   20    2.674830   0.416388    8.741057  30.645465
   4   21    2.541372   0.405245    4.048700  18.448407
   4   22    2.414842   0.404254   18.461680  30.281433
   4   23    2.378768   0.444232   12.754263  12.024367
   4   24    2.225917   0.493390   28.096863  28.794175
   4   25    2.150736   0.426219   11.488613  35.398586
   4   26    2.015882   0.499223    4.171775   8.952549
   4   27    1.973057   0.497583    8.415575  29.881049
   4   28    1.870490   0.464577   27.771565  10.064262
   4   29    1.795462   0.475811    7.885159  30.363270
   4   30    1.668597   0.441405    4.862724  16.266754
   4   31    1.551217   0.450030   32.329494   5.116681
   4   32    1.483039   0.443148   13.584696  29.624167
   4   33    1.355841   0.480426   39.205800  31.620878
   4   34    1.231347   0.427710    1.237578  11.776768
   4   35    1.146400   0.437255   21.513006  23.046957
   4   36    1.044285   0.461347   23.105790  28.709446
   4   37    0.942580   0.430783   40.447679  33.966518
   4   38    0.870837   0.469745   25.921681  40.276263
   4   39    0.797357   0.409745   30.054024  24.052176
   4   40    0.635874   0.404122   40.687076  19.438334
   4   41    0.588582   0.447836   16.261731   4.980793
   4   42    0.411125   0.437426    2.734862  25.742614
   4   43    0.383161   0.495239   26.494539  18.445900
   4   44    0.251414   0.458494   21.326735  13.389506
   4   45    0.182768   0.445357   31.071443  32.131127
   4   46    0.086289   0.450533   16.747327   6.307490
   5    0    4.634145   0.555686   33.911530  35.691762
   5    1    4.542233   0.524337   29.768976  20.973305
   5    2    4.458034   0.566137   37.592484  10.236861
   5    3    4.302602   0.526383   26.525476   2.286526
   5    4    4.218665   0.578176    6.601882  32.499664
   5    5    4.191194   0.557259   31.247178  18.627670
   5    6    4.020470   0.593752   22.659456  38.829367
   5    7    3.991092   0.516855   39.973930  39.299323
   5    8    3.880300   0.564282    7.277545  34.332619
   5    9    3.782950   0.539310   40.276344  30.870024
   5   10    3.681942   0.566848   39.266045  28.938432
   5   11    3.506325   0.592944   25.179987  18.511036
   5   12    3.475085   0.507276   18.677216  34.855489
   5   13    3.313985   0.598192   23.901129   4.236369
   5   14    3.233135   0.547908   23.724776  28.836164
   5   15    3.102288   0.560065   37.666769  16.026789
   5   16    3.033405   0.571675   13.500755  27.856870
   5   17    2.960798   0.520700    5.805679  40.138836
   5   18    2.869194   0.523432   26.852669  28.269666
   5   19    2.791227   0.512301   15.461324   3.470174
   5   20    2.646149   0.514564   36.572620  36.175368
   5   21    2.599607   0.531083   27.691536   3.672946
   5   22    2.455045   0.537514   18.089005  10.713726
   5   23    2.366289   0.558803   23.383899  31.777080
   5   24    2.249732   0.513144   23.140548  12.161520
   5   25    2.145902   0.530031   34.329863  15.405824
   5   26    2.092520   0.585736   31.451488  33.174782
   5   27    1.943847   0.580537   17.964672  10.236110
   5   28    1.859598   0.587972    7.215743  14.206611
   5   29    1.757241   0.514986   38.694236  23.176624
   5   30    1.626391   0.521359   32.237022   3.077407
   5   31    1.556343   0.500595   14.394167  22.806823
   5   32    1.476813   0.536343   23.860816  33.869635
   5   33    1.317624   0.527498   13.580243  20.940403
   5   34    1.201428   0.550754   13.373375  31.764553
   5   35    1.101531   0.576258   26.913612  13.747062
   5   36    1.067360   0.515246   19.331730  18.133648
   5   37    0.996812   0.598304    6.118164  11.686715
   5   38    0.857575   0.520014   40.327972  14.142831
   5   39    0.728969   0.546026    4.051487   4.580612
   5   40    0.688735   0.538385   12.980000   1.322772
   5   41    0.552948   0.585851   21.584955  21.464149
   5   42    0.425376   0.519728   13.480057  14.004045
   5   43    0.319613   0.589809   30.112515  14.436443
   5   44    0.213471   0.576684    4.821394  31.211085
   5   45    0.121853   0.528963   32.921807   1.542085
   5   46    0.058744   0.559840    6.862501   4.554257
   6    0    4.689388   0.685493   34.325347  25.790780
   6    1    4.574177   0.676745   12.677390  23.854663
   6    2    4.411331   0.659351    2.363512  25.740895
   6    3    4.317179   0.691569   12.179471   3.681614
   6    4    4.222584   0.670068   19.055182  27.643261
   6    5    4.129726   0.636711   32.795639  11.678011
   6    6    4.093865   0.644666   11.585909  39.961866
   6    7    3.984568   0.678327    7.006243  13.494199
   6    8    3.815934   0.638541   28.487586  18.158423
   6    9    3.727177   0.603987    7.855676  19.346145
   6   10    3.666054   0.657814    6.777629  30.948064
   6   11    3.586644   0.642605   36.077381  23.659150
   6   12    3.489248   0.638816    9.189743  18.803770
   6   13    3.309063   0.684268   16.266139  11.953559
   6   14    3.218147   0.693214   35.042425  11.307419
   6   15    3.144242   0.640760    4.569556  28.074298
   6   16    3.093447   0.645766    3.955407   2.015678
   6   17    2.990635   0.676330   26.659743  10.061345
   6   18    2.832046   0.675724   18.538302  27.829258
   6   19    2.774446   0.642669   12.285235  14.403573
   6   20    2.621859   0.622682   10.339790   4.424372
   6   21    2.506686   0.672040   11.492255  36.113705
   6   22    2.401119   0.632918    2.759727  10.125547
   6   23    2.326732   0.618209   27.643506  16.007436
   6   24    2.205654   0.603310    5.290644  27.669248
   6   25    2.102552   0.686032   23.651723   6.765105
   6   26    2.040202   0.626432   25.369144   6.628095
   6   27    1.916239   0.657497   30.384279   5.799574
   6   28    1.849241   0.652678    7.281780  18.835765
   6   29    1.718914   0.604508    9.984213  15.649330
   6   30    1.629130   0.663077    1.984061   4.972958
   6   31    1.591245   0.676859    1.892110  21.561112
   6   32    1.436534   0.689921   17.355283  32.545176
   6   33    1.394996   0.667610   25.642293  21.121672
   6   34    1.208178   0.631422   35.325958  23.803302
   6   35    1.146994   0.687473   32.045917   2.243609
   6   36    1.013895   0.681297   10.478669   6.728343
   6   37    0.989776   0.624828    3.162528   3.505526
   6   38    0.818746   0.634546    4.137249  13.021978
   6   39    0.772943   0.628649   21.500813  24.792054
   6   40    0.630665   0.636603   38.623227  34.114873
   6   41    0.595818   0.627881   40.178224  26.374622
   6   42    0.457673   0.614670   18.272572  29.525045
   6   43    0.395579   0.692686   28.308323   1.019148
   6   44    0.293091   0.667200   36.969809  21.468850
   6   45    0.195332   0.650541   19.673676   6.402152
   6   46    0.088522   0.690371   16.370643   5.447512
   7    0    4.653883   0.793262   37.781231  24.062093
   7    1    4.562558   0.788833   14.648311  38.602390
   7    2    4.483080   0.749837   26.686176   6.308046
   7    3    4.328199   0.752070   32.512919  35.952523
   7    4    4.219570   0.754326   24.509303   3.953162
   7    5    4.103941   0.777474    1.417090  29.198278
   7    6    4.055726   0.708109   35.362017  35.435639
   7    7    3.902268   0.786513   28.275336   3.595261
   7    8    3.849203   0.721420   25.432138   1.835279
   7    9    3.764973   0.711363   11.688578   5.472945
   7   10    3.642241   0.720347   30.272754  32.488982
   7   11    3.537325   0.725939   36.579362   6.292802
   7   12    3.430297   0.722404   32.875404   2.353873
   7   13    3.342461   0.757476   17.307333  18.711016
   7   14    3.224985   0.716282   15.897972  34.962050
   7   15    3.133781   0.742638   13.748611  25.931181
   7   16    3.058525   0.729527    6.456697  33.756253
   7   17    2.966224   0.785601   10.486786   7.702700
   7   18    2.876057   0.731681   18.180802  29.791093
   7   19    2.737419   0.734607    6.177281   4.640907
   7   20    2.658123   0.799800   32.767279  35.229747
   7   21    2.506612   0.718246    8.310928  37.115253
   7   22    2.408540   0.768287   32.062445  29.761383
   7   23    2.303084   0.772999    8.016650  25.772197
   7   24    2.232612   0.795627   31.735949   1.009865
   7   25    2.186459   0.749565   20.207185   7.829782
   7   26    2.017232   0.706874   38.901951  10.199603
   7   27    1.918865   0.707078   16.285898  26.601155
   7   28    1.807957   0.712640   18.581292  20.789734
   7   29    1.753331   0.791508    9.796736  11.274626
   7   30    1.658490   0.762853   27.687497  30.483132
   7   31    1.534129   0.747380   39.813486  39.798167
   7   32    1.405243   0.766697   20.258551   5.962043
   7   33    1.342936   0.730417   12.528527  29.786565
   7   34    1.293789   0.798904    3.945423  34.897475
   7   35    1.109765   0.772773   28.415359  10.689747
   7   36    1.055009   0.716998   35.307388  21.224768
   7   37    0.939541   0.702238   20.503221  15.031123
   7   38    0.896595   0.734058   20.253269  37.373088
   7   39    0.783998   0.732137   18.716211   7.345094
   7   40    0.640331   0.727262   36.006761  31.081910
   7   41    0.514274   0.719582   15.893340  26.513189
   7   42    0.497186   0.713711   32.263073   4.632845
   7   43    0.322131   0.736349    3.020065  10.518604
   7   44    0.230766   0.791933   21.743196  40.770506
   7   45    0.197150   0.708820   24.365851   2.209232
   7   46    0.015005   0.730005   34.141158   2.281402
   8    0    4.693581   0.861296   37.636428  40.479589
   8    1    4.544274   0.879348   22.498673  21.145158
   8    2    4.413697   0.840429   29.913440  23.352340
   8    3    4.303165   0.807035   17.330693  18.367703
   8    4    4.294556   0.807597   37.068250  27.760455
   8    5    4.149215   0.868848    1.364398  17.051328
   8    6    4.092031   0.860774    2.500734  25.401342
   8    7    3.904725   0.890333   26.543238   8.951885
   8    8    3.809744   0.887752   30.467960   4.854584
   8    9    3.793542   0.883752   14.986705   8.718663
   8   10    3.621250   0.858549   19.931703  37.225270
   8   11    3.595326   0.805088   36.885560  40.207823
   8   12    3.481369   0.836419   26.767813   5.895175
   8   13    3.323293   0.847179   40.851333  25.705575
   8   14    3.216989   0.824066   35.344516  40.534390
   8   15    3.161814   0.872545   26.027937  11.592572
   8   16    3.028974   0.864522    4.890802  31.346293
   8   17    2.927491   0.812646   10.312334  22.926355
   8   18    2.825014   0.884599   11.740080  31.589079
   8   19    2.741448   0.899049   25.320232  14.613949
   8   20    2.638282   0.802884   35.448395   4.737373
   8   21    2.521570   0.846412   36.271862  38.292046
   8   22    2.468708   0.823993   34.950521  37.217768
   8   23    2.321314   0.877172   23.761957  31.727520
   8   24    2.212515   0.806100   30.331326  18.472430
   8   25    2.156421   0.863510   34.417085   1.496339
   8   26    2.021296   0.819726   26.453864   7.175236
   8   27    1.972537   0.863392    8.732600   9.894221
   8   28    1.854508   0.812355   26.599713  15.745230
   8   29    1.715179   0.844428   26.920482  13.477742
   8   30    1.658691   0.855648    7.441142  34.872468
   8   31    1.568920   0.821763   37.388452  33.329875
   8   32    1.422989   0.879869    1.078738  25.591665
   8   33    1.334862   0.884389   27.509765   6.089262
   8   34    1.223802   0.893573   35.542210   8.509356
   8   35    1.114608   0.848039    2.632186   9.977860
   8   36    1.081381   0.845705   22.066139  38.110586
   8   37    0.964960   0.852180   16.813682  21.506862
   8   38    0.808172   0.811962   25.616488   4.641482
   8   39    0.780383   0.813701    7.561448  16.236167
   8   40    0.632491   0.877607   34.557781  16.884343
   8   41    0.550096   0.860485    6.889948  40.907934
   8   42    0.431803   0.844860   36.014903  26.212225
   8   43    0.323209   0.894342   32.302691  14.470100
   8   44    0.207440   0.814604   25.397529  35.630281
   8   45    0.198857   0.874688    3.841556  21.951043
   8   46    0.077026   0.879326   11.719272  17.081458
   9    0    4.638638   0.971855   27.136521  27.841877
   9    1    4.552185   0.917060    4.757694  16.114444
   9    2    4.475916   0.912067    7.427715  14.588194
   9    3    4.307279   0.994541   25.765372  15.082075
   9    4    4.270667   0.924894   15.820793  26.988368
   9    5    4.130016   0.971885   10.356301  34.358737
   9    6    4.029541   0.908374   36.575667  34.740858
   9    7    3.976651   0.950790   30.355956  35.635595
   9    8    3.878683   0.947044    3.017715  33.078237
   9    9    3.733365   0.923603   30.817411  12.172794
   9   10    3.641615   0.953718   19.699638  25.371032
   9   11    3.511047   0.961547   19.069959   7.958109
   9   12    3.436080   0.957166    9.731200  31.779717
   9   13    3.373293   0.926989   34.580770  21.041802
   9   14    3.262264   0.924721   38.733156   4.478557
   9   15    3.116843   0.906837   31.574144  15.887795
   9   16    3.010177   0.991352   10.660723  22.670290
   9   17    2.990021   0.941969   20.767020  35.401534
   9   18    2.866211   0.964905   25.781016  29.555959
   9   19    2.747878   0.971098    2.243439  25.365279
   9   20    2.648035   0.990974   37.377942  18.619506
   9   21    2.502854   0.916491   18.404726  22.331835
   9   22    2.442958   0.990251   21.297103  18.032064
   9   23    2.336652   0.913740   24.096222  10.598064
   9   24    2.267783   0.926246    1.232306  19.676196
   9   25    2.192870   0.928066   10.425469  24.699825
   9   26    2.007910   0.921884   32.694364  33.235623
   9   27    1.970591   0.905600    9.450785  40.940308
   9   28    1.830069   0.919775   39.891928  35.991332
   9   29    1.786715   0.979695    8.833261  24.784043
   9   30    1.696556   0.972848   22.293140  15.410219
   9   31    1.569221   0.989499   18.709254  20.519163
   9   32    1.439238   0.959544    1.425965   4.307785
   9   33    1.384886   0.970862   37.454519  25.410817
   9   34    1.278797   0.940919    3.514145  27.311680
   9   35    1.193141   0.948113   18.675187  22.638967
   9   36    1.098852   0.915787    9.834738  12.548215
   9   37    0.952840   0.989320   28.674856  35.634072
   9   38    0.805557   0.984397   34.222309  13.919274
   9   39    0.790614   0.987344    1.811122  10.994504
   9   40    0.621160   0.901198   25.933872  17.032371
   9   41    0.568307   0.994357   10.568947  17.989860
   9   42    0.474764   0.982850   26.127761   5.791913
   9   43    0.362683   0.968408    7.842316  29.724602
   9   44    0.265120   0.938942    7.498675   6.855024
   9   45    0.193145   0.987253   10.829702  24.356840
   9   46    0.078822   0.909751   19.150180  25.600634
  10    0    4.602623   1.046833   39.112920  34.337309
  10    1    4.552596   1.027907    2.575036  19.955802
  10    2    4.413126   1.089629   33.903008  37.453965
  10    3    4.370677   1.068965   19.652786   7.368599
  10    4    4.240626   1.001588   31.100849  25.537906
  10    5    4.187328   1.019663   39.863063  25.412163
  10    6    4.063979   1.075388   37.734289   5.006631
  10    7    3.960600   1.072034   31.452203   7.949857
  10    8    3.899561   1.062514    9.497595  37.991000
  10    9    3.776290   1.046565   10.079734  16.486770
  10   10    3.637073   1.026958    6.533133   3.612522
  10   11    3.530771   1.058223   38.510453  40.278133
  10   12    3.442666   1.069301   15.259229  26.047946
  10   13    3.328044   1.065473   22.206797  28.960501
  10   14    3.233095   1.011535   25.962230  39.338427
  10   15    3.129800   1.084267   28.215328  27.916889
  10   16    3.069044   1.020173   29.034842  18.470857
  10   17    2.977698   1.006527    8.530178   9.282366
  10   18    2.807072   1.098029   37.156886   2.079255
  10   19    2.784280   1.035788   34.155392  30.441894
  10   20    2.687810   1.093521   16.378686   4.184440
  10   21    2.563080   1.041431    2.377140  27.067554
  10   22    2.423107   1.060417   35.981343  20.710503
  10   23    2.339482   1.037320   27.295861  19.187569
  10   24    2.276752   1.050657   25.152244  21.086917
  10   25    2.151735   1.010711    2.457444  16.474887
  10   26    2.012189   1.038212   13.928173  36.065442
  10   27    1.916306   1.062902   14.461614  12.888361
  10   28    1.806375   1.052913   36.522504   9.951279
  10   29    1.793353   1.074389   27.714773  40.994914
  10   30    1.601425   1.049737   27.066982  18.768254
  10   31    1.546594   1.074196   33.033579  32.746365
  10   32    1.485172   1.051277   40.962666   5.448121
  10   33    1.347247   1.075526   16.594644   6.179896
  10   34    1.258064   1.078923   29.448690  28.954375
  10   35    1.123918   1.038077   20.764750  26.456489
  10   36    1.056986   1.031772   20.661541   6.321306
  10   37    0.909477   1.031093   34.635093  34.846938
  10   38    0.866676   1.081326   37.371616   4.909296
  10   39    0.781942   1.000645   29.622086  40.720370
  10   40    0.656335   1.024787    9.747898  36.747718
  10   41    0.539235   1.089625   24.286348   9.285521
  10   42    0.432824   1.080060   40.915636  17.657073
  10   43    0.387486   1.019625   22.560534  11.780323
  10   44    0.202541   1.011546   13.735992  40.912339
  10   45    0.159103   1.020095   20.865764  35.000670
  10   46    0.081618   1.047370    9.150659  18.529793
  11    0    4.610385   1.182097   22.135431  33.504548
  11    1    4.588530   1.185943   19.598545  22.829914
  11    2    4.478794   1.121490    8.554260  30.523020
  11    3    4.394484   1.192518   25.425662  36.749245
  11    4    4.207254   1.159510   29.859541  12.554869
  11    5    4.195173   1.154926   17.873409  13.444446
  11    6    4.066975   1.167504   40.340512  17.817029
  11    7    3.902525   1.101715   39.144550  34.052051
  11    8    3.831280   1.176937   25.210963  30.168228
  11    9    3.737002   1.185640    8.210175  17.037772
  11   10    3.670800   1.125844   15.819144  17.818583
  11   11    3.529827   1.100781   10.435077  33.389502
  11   12    3.455138   1.198526    3.198175  20.083213
  11   13    3.320191   1.132531    9.762971  18.978473
  11   14    3.257736   1.116561   40.749179  25.633241
  11   15    3.155064   1.136248   34.117085  28.733353
  11   16    3.069147   1.156093   19.388448  22.142846
  11   17    2.968637   1.102623   27.835704  26.842364
  11   18    2.829326   1.198892   22.278992  29.926388
  11   19    2.734776   1.195598   39.376307  33.018822
  11   20    2.691769   1.172811   21.305902   1.104892
  11   21    2.549010   1.142153   18.185995   6.935817
  11   22    2.431459   1.101043    3.744016  11.036516
  11   23    2.306660   1.112358   31.549994  31.256049
  11   24    2.204575   1.158963   15.105426  30.190940
  11   25    2.100635   1.152785   20.394046  28.253168
  11   26    2.060794   1.132385   32.943452  22.342911
  11   27    1.966248   1.126728   12.430596  15.841261
  11   28    1.898762   1.181681    6.428740   8.905506
  11   29    1.751057   1.170595    1.702712  15.899453
  11   30    1.641917   1.142495    7.802236  29.418983
  11   31    1.585332   1.197474    5.493774  11.098894
  11   32    1.495363   1.135666    4.348825  14.656396
  11   33    1.373156   1.166034    2.735001   6.009725
  11   34    1.224859   1.116520   33.324502  31.502482
  11   35    1.115482   1.185769   22.456963   4.085918
  11   36    1.076224   1.166798   27.308992  37.707599
  11   37    0.914667   1.148075   26.495277   4.196207
  11   38    0.827583   1.121291   33.744811  39.813871
  11   39    0.795031   1.156686   17.574766  28.689631
  11   40    0.637893   1.125624   19.962820  18.995940
  11   41    0.505964   1.180741    2.060397  39.554529
  11   42    0.423031   1.141663   13.783372  17.254086
  11   43    0.352872   1.169066    6.077405  20.050144
  11   44    0.255495   1.152660   39.821233  40.342765
  11   45    0.126968   1.145220    4.367042  16.260286
  11   46    0.045372   1.171520   12.911523  14.012941
  12    0    4.677447   1.249434   13.158489  26.338837
  12    1    4.518738   1.222464    2.612947   6.591882
  12    2    4.489045   1.205771    1.501488  14.787189
  12    3    4.365027   1.248901    6.533717  23.619429
  12    4    4.294263   1.270692    9.918354  14.924010
  12    5    4.177125   1.298430    5.264550   9.205029
  12    6    4.062739   1.262627   10.898070  24.778046
  12    7    3.957108   1.249705   17.992259  13.965167
  12    8    3.870310   1.281282    2.669216  39.955003
  12    9    3.706507   1.275261   15.406462  10.846112
  12   10    3.657216   1.200086   35.852589  21.599821
  12   11    3.562861   1.279423   35.301045  37.832237
  12   12    3.438744   1.255514   12.008385  28.396014
  12   13    3.384079   1.211078    6.311022  20.485458
  12   14    3.232263   1.263010    3.756905  28.614026
  12   15    3.118733   1.227348   16.514562  17.456668
  12   16    3.012171   1.260776    8.065806  11.540878
  12   17    2.933918   1.276098   26.168954  18.555342
  12   18    2.898714   1.219925   17.460976  17.193701
  12   19    2.702668   1.272728   37.638386   7.658816
  12   20    2.627926   1.262327   38.332162  39.040051
  12   21    2.580188   1.269865   20.610462  21.688032
  12   22    2.438155   1.295922    1.168587  26.518217
  12   23    2.322245   1.257299    6.987433  32.071888
  12   24    2.243669   1.211364   34.473787  22.471054
  12   25    2.120111   1.283957   37.377205   6.567603
  12   26    2.047771   1.283572   32.273022  15.177168
  12   27    1.944261   1.263664   19.898220  36.999859
  12   28    1.876694   1.287079   34.540654   5.483619
  12   29    1.703821   1.212146   12.051400  22.426768
  12   30    1.691186   1.265052   20.538924   6.614590
  12   31    1.540375   1.263961   37.701374  37.436032
  12   32    1.455279   1.288408    6.973678   7.550802
  12   33    1.383198   1.234943   23.748302  31.719985
  12   34    1.211173   1.203689    6.036596  20.444769
  12   35    1.198420   1.228287   24.860647  19.773500
  12   36    1.025456   1.296165   32.817581  38.357287
  12   37    0.966805   1.230505   39.678320  28.504080
  12   38    0.835077   1.288111   37.235003  11.670871
  12   39    0.723992   1.207314    8.184689  15.738742
  12   40    0.631553   1.251273   12.545578   9.856164
  12   41    0.593035   1.288831   17.484999  34.057635
  12   42    0.478808   1.237238   40.659700   9.837664
  12   43    0.331924   1.228561   12.017814  12.079624
  12   44    0.263867   1.219798   33.902126   3.025404
  12   45    0.108564   1.231221    4.265148  19.270407
  12   46    0.030291   1.299281   23.521965  20.149566
  13    0    4.602254   1.370778   33.316034  10.539034
  13    1    4.541833   1.340481   27.169992  36.355290
  13    2    4.414243   1.361941    1.177327  13.334000
  13    3    4.368189   1.302977   40.725365  18.585275
  13    4    4.250306   1.305877   30.514587   2.645421
  13    5    4.176041   1.375470   24.267886  13.098065
  13    6    4.015509   1.304052   12.544985  28.265077
  13    7    3.946801   1.344253    7.656017  23.040237
  13    8    3.835476   1.322894   30.093218  33.851474
  13    9    3.727462   1.309965   28.084910  14.311023
  13   10    3.689455   1.396346   28.360456  38.792320
  13   11    3.552966   1.316527   10.162790  32.528186
  13   12    3.408351   1.373399   24.745474  21.552194
  13   13    3.357249   1.371473   28.458077  34.724321
  13   14    3.255647   1.353359   19.096099  27.138429
  13   15    3.115845   1.317840   13.133700  36.473028
  13   16    3.070751   1.302839   27.058244   1.513614
  13   17    2.935465   1.364378   31.199139  28.464739
  13   18    2.812800   1.315399   31.728806  32.228373
  13   19    2.725431   1.393034   39.074741  26.122293
  13   20    2.698325   1.357244   12.607803   7.243415
  13   21    2.552099   1.340518   16.576991  21.666647
  13   22    2.478436   1.340551    5.884153  32.855178
  13   23    2.390664   1.394170   18.097412  30.113437
  13   24    2.250290   1.379767   16.378616  36.834675
  13   25    2.148728   1.351497   33.661882  19.001435
  13   26    2.043617   1.315603   19.006410  24.334469
  13   27    1.942989   1.367392   40.721186   6.224206
  13   28    1.865938   1.336490   16.411140  11.814032
  13   29    1.764197   1.353412    6.937701   1.156647
  13   30    1.629869   1.387862   39.460699  18.179040
  13   31    1.566228   1.399449   34.897168  31.338348
  13   32    1.422508   1.335977    8.584884   2.525472
  13   33    1.362651   1.359700    1.588570  40.296067
  13   34    1.210413   1.344792   36.473521  24.324694
  13   35    1.108630   1.382054   18.659193   1.657897
  13   36    1.004044   1.332002    6.442968   4.581025
  13   37    0.987303   1.362832   23.866014  10.532023
  13   38    0.832793   1.393450   25.817911   5.438596
  13   39    0.707942   1.377315    9.808622  25.193298
  13   40    0.605836   1.323915   29.964444  40.909601
  13   41    0.558290   1.370517    2.942939  20.441137
  13   42    0.455043   1.316651   40.149479   2.841404
  13   43    0.335379   1.392416    4.039070  18.562603
  13   44    0.274069   1.394103   37.190608  13.935216
  13   45    0.107961   1.327163   10.660679  24.654789
  13   46    0.082462   1.307832   22.899572   3.574414
  14    0    4.639339   1.496760    2.907335  30.131009
  14    1    4.555272   1.446994    2.611585  22.415870
  14    2    4.421986   1.416262   25.575363   1.555532
  14    3    4.367138   1.411562   14.631819   8.142972
  14    4    4.244728   1.439785    3.056760  21.521973
  14    5    4.105185   1.439057   36.219394  27.474318
  14    6    4.029615   1.464423   37.709840  14.110726
  14    7    3.907323   1.421643   10.768307   8.467416
  14    8    3.838756   1.452636   28.099291   9.531161
  14    9    3.781663   1.414253    7.133790   2.351980
  14   10    3.661471   1.492748   20.417431  40.874611
  14   11    3.558753   1.413777   39.591632  35.572777
  14   12    3.449055   1.441920   14.562479  40.474475
  14   13    3.321204   1.484391   25.707094  30.417251
  14   14    3.268217   1.486259   25.763740  34.190103
  14   15    3.145044   1.414722   19.429077   6.548501
  14   16    3.094994   1.408731   13.307664  39.001417
  14   17    2.973728   1.418837   28.014284  25.959455
  14   18    2.868467   1.477072   29.832782  32.621541
  14   19    2.729260   1.434920    3.925177  30.309450
  14   20    2.668030   1.451151   17.825613  23.405036
  14   21    2.545217   1.433038   36.634588   2.299692
  14   22    2.469307   1.462028    4.363681   4.649637
  14   23    2.383765   1.416527   34.308906   1.689410
  14   24    2.271969   1.433436   20.815838  29.459700
  14   25    2.172807   1.490305    1.630832  21.749827
  14   26    2.077761   1.400482   21.124179  30.659891
  14   27    1.970472   1.473815   27.561745   3.398373
  14   28    1.828998   1.430081   30.455861  14.817954
  14   29    1.731966   1.456314   15.632791  11.950883
  14   30    1.696590   1.462951    5.427221  40.255705
  14   31    1.518593   1.427882   19.392877   5.374845
  14   32    1.432333   1.477978   27.766671  25.997715
  14   33    1.350349   1.470774   26.930791   3.122064
  14   34    1.272768   1.426324    5.196844  11.927462
  14   35    1.162002   1.462646   10.927765   1.064415
  14   36    1.001356   1.494860   16.480621  39.991039
  14   37    0.977945   1.425719   24.485823  30.751689
  14   38    0.841990   1.436347   11.989640  32.108807
  14   39    0.773325   1.454047   38.016357  10.155844
  14   40    0.670095   1.447239    6.818016  22.525728
  14   41    0.538132   1.464878   38.762403  38.261255
  14   42    0.487585   1.483064   20.378034  20.651382
  14   43    0.306854   1.449442   12.067170  27.305931
  14   44    0.214905   1.476043   24.578642  35.011017
  14   45    0.159238   1.443567   32.290438   4.173906
  14   46    0.007186   1.459947   22.101632  19.749280
  15    0    4.637409   1.599117   11.313496   6.384392
  15    1    4.502216   1.513148    6.954487  32.198591
  15    2    4.461224   1.513569    3.862349   8.318540
  15    3    4.355515   1.502388    1.392876  33.344439
  15    4    4.257249   1.566891   31.418005  19.770007
  15    5    4.112195   1.547019   16.469908   2.590184
  15    6    4.047098   1.522446   40.271694   1.600813
  15    7    3.906642   1.526282    7.883273  14.044261
  15    8    3.868138   1.571752   14.321953  22.229296
  15    9    3.769195   1.520653   14.455478  33.623014
  15   10    3.623668   1.541737   19.499547  13.872290
  15   11    3.554089   1.512383   33.496442   4.582671
  15   12    3.480689   1.537483   24.245292  18.908952
  15   13    3.384845   1.570029    5.461787  13.664298
  15   14    3.251247   1.563503   39.254880  24.428983
  15   15    3.142114   1.507152   29.734217  10.855898
  15   16    3.008078   1.552232    9.743888   6.973303
  15   17    2.994634   1.536275   14.019428  12.846096
  15   18    2.896909   1.529660   14.775198   9.670542
  15   19    2.796565   1.535793   11.762082  33.564203
  15   20    2.616253   1.564977   40.730137  30.418041
  15   21    2.543857   1.509747    5.151421  34.771739
  15   22    2.440923   1.583562   19.793685  12.451337
  15   23    2.398638   1.548175    5.700155  15.490816
  15   24    2.267732   1.570841   39.363195  17.591467
  15   25    2.153787   1.589231   30.044339   1.125093
  15   26    2.060953   1.558285   34.579089   7.654680
  15   27    1.919913   1.543357    5.526003  31.449335
  15   28    1.871123   1.562206   33.715095  40.954511
  15   29    1.773907   1.564457    8.284365   1.213901
  15   30    1.693654   1.541063   14.954627  28.521451
  15   31    1.512016   1.543406   35.995518  17.930826
  15   32    1.423437   1.547584   13.118991   8.610769
  15   33    1.301102   1.555147    8.064547   8.478453
  15   34    1.248259   1.578332    6.202137  28.264362
  15   35    1.119285   1.512220   27.988102  29.481883
  15   36    1.007353   1.565197   34.105779   7.137808
  15   37    0.921625   1.564789   15.769488  35.996848
  15   38    0.821770   1.510835   35.757726   1.499116
  15   39    0.757772   1.540047   22.682434  18.844892
  15   40    0.680495   1.543219   35.835351   5.250990
  15   41    0.506737   1.532337   36.343736  33.018080
  15   42    0.440370   1.553234    8.605192  20.023710
  15   43    0.378969   1.539425   30.969040  27.891760
  15   44    0.268868   1.583630   33.928723  37.831073
  15   45    0.167855   1.590051   15.850107  34.554212
  15   46    0.026648   1.557696   39.273425   7.477138
  16    0    4.611597   1.623221    4.505935   6.382340
  16    1    4.551540   1.671636   11.607296  39.846823
  16    2    4.452069   1.660670    7.624206   6.062871
  16    3    4.367271   1.625895   24.344084   7.408733
  16    4    4.249827   1.660487   24.823578   5.578822
  16    5    4.198693   1.637617   37.045493  29.703896
  16    6    4.033905   1.652127   13.431385  35.251343
  16    7    3.930688   1.658881   29.375764  29.289402
  16    8    3.831286   1.630836   26.885404  23.747324
  16    9    3.700138   1.623544   25.843026  31.551248
  16   10    3.634175   1.633008   21.032393  13.033482
  16   11    3.559489   1.659284   34.150922   6.996015
  16   12    3.423219   1.623034   23.510155  30.577949
  16   13    3.396423   1.630818   17.523045  16.076303
  16   14    3.271778   1.696956    9.563971  35.670712
  16   15    3.137031   1.625292   30.151807  14.300174
  16   16    3.010147   1.648519    7.062291  27.554537
  16   17    2.999622   1.651503    4.962409  29.320149
  16   18    2.829316   1.649227   24.140633  10.128358
  16   19    2.702923   1.600857   34.171643  11.892642
  16   20    2.651407   1.665541   34.816715  11.305387
  16   21    2.565928   1.609876    5.660342   9.044001
  16   22    2.488384   1.673595   31.083894  34.678558
  16   23    2.367006   1.671590   31.967315  10.474657
  16   24    2.251902   1.634635   14.404059  36.966175
  16   25    2.157160   1.666276   33.751716  38.178183
  16   26    2.065386   1.662816   35.185183  16.781008
  16   27    1.946408   1.620798   35.859811  24.447389
  16   28    1.864451   1.651127   35.742793  28.586335
  16   29    1.703284   1.660185    1.671211  34.884877
  16   30    1.653744   1.620851   30.408704  40.272790
  16   31    1.525311   1.685101   10.188667  40.730802
  16   32    1.417072   1.625374   25.864395  33.610148
  16   33    1.353062   1.694507   30.374609   8.765899
  16   34    1.253360   1.670048    5.440485   3.898530
  16   35    1.112016   1.674103   28.526665  37.243146
  16   36    1.033580   1.606442   33.037841  28.463783
  16   37    0.974947   1.687988   17.023458  22.746736
  16   38    0.843175   1.621495   35.489868  23.212139
  16   39    0.742932   1.643556   36.561036  15.572360
  16   40    0.690842   1.669929   16.599660  32.279547
  16   41    0.545315   1.647735   39.039375  10.168108
  16   42    0.427717   1.691736   21.749689  17.881387
  16   43    0.358090   1.636476    4.547418  22.370603
  16   44    0.231057   1.615628   28.895808  15.788597
  16   45    0.136159   1.638794   23.434224   6.616299
  16   46    0.063455   1.674059    9.921407  36.426556
  17    0    4.647792   1.731662   23.242814  24.003193
  17    1    4.522419   1.745743    5.741601  22.413352
  17    2    4.489354   1.752726   40.322416   6.023503
  17    3    4.345855   1.797565   29.211414  40.424429
  17    4    4.245011   1.764069   27.223808  28.983181
  17    5    4.136521   1.719355   31.805973   8.590863
  17    6    4.039585   1.702140   29.521601  20.569446
  17    7    3.912978   1.732204    3.204794  40.208861
  17    8    3.813138   1.706496   39.496283  22.722826
  17    9    3.785862   1.703837   37.326297  40.358397
  17   10    3.623073   1.793144   19.147979  13.915524
  17   11    3.596482   1.723002   14.022769   4.099175
  17   12    3.453703   1.727034    1.302893   9.133212
  17   13    3.339814   1.768938   12.560022  13.232468
  17   14    3.284188   1.752659   25.112492  27.302710
  17   15    3.125892   1.761667   11.170092  13.187650
  17   16    3.033661   1.761730   21.034540  23.603258
  17   17    2.912407   1.794214   36.379374  32.412584
  17   18    2.867064   1.712543   30.424149  28.044482
  17   19    2.766997   1.728783   26.478623  23.717332
  17   20    2.606869   1.766918    6.152102  31.889375
  17   21    2.590298   1.785535   25.415379  40.340944
  17   22    2.454336   1.777496   13.206723  19.946020
  17   23    2.350223   1.764793    6.553353   9.081436
  17   24    2.279350   1.740681   12.024671  39.447016
  17   25    2.144273   1.721347   40.157450   8.649345
  17   26    2.090090   1.728685    2.335083   5.180925
  17   27    1.919857   1.752978   24.127117  23.475572
  17   28    1.842962   1.727876   11.590536  25.735371
  17   29    1.742652   1.774416   34.414787  21.524550
  17   30    1.699149   1.740043   29.597401  37.156700
  17   31    1.509975   1.722633   39.730252  19.234058
  17   32    1.477080   1.748198   39.747177   8.026460
  17   33    1.359950   1.779736   24.545850  27.523354
  17   34    1.289800   1.709199   17.289493  13.900260
  17   35    1.127923   1.705638   35.081436  19.881562
  17   36    1.092893   1.711717   36.376512  29.249862
  17   37    0.949153   1.744318   24.862139   6.868615
  17   38    0.802071   1.729998   10.147531  31.494706
  17   39    0.701229   1.704636   29.605986  20.931327
  17   40    0.669938   1.711361    1.911644  34.404346
  17   41    0.520975   1.719554   25.612552  31.257490
  17   42    0.438668   1.758548   10.525389   7.098618
  17   43    0.318792   1.756015   21.487825  40.461231
  17   44    0.209469   1.706774    9.351365  10.067646
  17   45    0.148443   1.781871   19.954553  23.213125
  17   46    0.090683   1.749762    5.722870  11.079124
  18    0    4.672211   1.895902   24.661414  31.498925
  18    1    4.504276   1.839026   26.628667  11.535626
  18    2    4.490188   1.892360   16.318400  32.011053
  18    3    4.345175   1.866344   26.371057  37.789978
  18    4    4.278116   1.862364   23.149856  18.247304
  18    5    4.199567   1.840610   33.239497  32.122093
  18    6    4.000779   1.831107   22.570707  13.211556
  18    7    3.936750   1.887161    4.781046  34.525917
  18    8    3.837355   1.892027   34.155452  28.181561
  18    9    3.794508   1.830187    5.038028  39.150507
  18   10    3.671478   1.826901   38.383554  28.829222
  18   11    3.580222   1.866979   12.162305  18.184532
  18   12    3.461904   1.894319    1.308947   2.049072
  18   13    3.309048   1.806540   31.104674  31.168826
  18   14    3.219769   1.828048   22.215421  35.170969
  18   15    3.196499   1.824487   23.616915  39.166912
  18   16    3.075347   1.811519    9.483712  33.803365
  18   17    2.915630   1.881168   36.593116  20.918759
  18   18    2.821011   1.884980    9.310194  35.373772
  18   19    2.718773   1.860587    9.815940   2.048306
  18   20    2.667806   1.897852    2.581127  22.503418
  18   21    2.510395   1.813996   35.462576  18.590650
  18   22    2.450593   1.840364    7.120478  23.673344
  18   23    2.341138   1.833882    4.264172   2.550052
  18   24    2.261151   1.875792   35.693396  28.209542
  18   25    2.173489   1.841643    7.001602  19.895270
  18   26    2.079936   1.847416   24.561482  38.435033
  18   27    1.946744   1.845336    5.059510  10.344029
  18   28    1.815385   1.852809   23.050059  33.907094
  18   29    1.743092   1.812704   20.049597  13.483738
  18   30    1.644704   1.862121    1.501715  10.978166
  18   31    1.527598   1.809039   20.053214  17.220882
  18   32    1.482024   1.806742   33.154441  25.489272
  18   33    1.302768   1.869491   38.822363  32.246853
  18   34    1.278589   1.880068   14.896759  27.225107
  18   35    1.183112   1.811047   14.317290  20.153254
  18   36    1.085371   1.873018   32.516300  31.830246
  18   37    0.956740   1.840704   14.247891   3.025057
  18   38    0.881020   1.813594   27.972345  29.206267
  18   39    0.759522   1.883236    8.825251  18.785301
  18   40    0.687511   1.891900   29.386907  16.979861
  18   41    0.542724   1.834467   34.718656  39.260303
  18   42    0.462167   1.829948   18.863005  33.452328
  18   43    0.367270   1.844138   29.252515  16.879721
  18   44    0.267902   1.898986   18.902825   6.511188
  18   45    0.106898   1.846189   40.166672  31.121057
  18   46    0.083591   1.896173   15.112540  33.304914
  19    0    4.688480   1.983695   13.802668  27.253551
  19    1    4.523427   1.967157   21.044624  40.052139
  19    2    4.440647   1.920709   13.367541  37.631704
  19    3    4.387898   1.901410   10.442544   2.176978
  19    4    4.261610   1.993902   38.965870   9.733985
  19    5    4.169744   1.933164   32.816791  32.032430
  19    6    4.053668   1.933171   12.379765  35.337594
  19    7    3.985765   1.952334   30.195262  24.794142
  19    8    3.805421   1.972275   32.115632   1.665462
  19    9    3.799824   1.967078    6.055081  32.677113
  19   10    3.633061   1.978077   18.025555  28.036983
  19   11    3.543687   1.962411   21.856997  33.448244
  19   12    3.419343   1.950111   29.850224  30.499277
  19   13    3.330502   1.967794   12.267557  31.277950
  19   14    3.213008   1.980986   20.319401  12.111119
  19   15    3.190818   1.980694   17.068343  36.294346
  19   16    3.072363   1.922486   10.984961   7.996950
  19   17    2.942939   1.992787    5.915573  13.773864
  19   18    2.854652   1.972305   17.750637  21.983721
  19   19    2.738249   1.930854   21.527486  14.722439
  19   20    2.667550   1.981944   23.101619  15.578629
  19   21    2.597811   1.955339    7.540949  36.671723
  19   22    2.410782   1.987613   13.326269  10.241106
  19   23    2.379092   1.956144   19.192812  36.835118
  19   24    2.244308   1.982835   11.561229  40.347754
  19   25    2.181129   1.947427   18.145587   9.338703
  19   26    2.024940   1.983999   21.280300   6.944207
  19   27    1.912731   1.991014    7.191094  24.062456
  19   28    1.855476   1.988248    9.886502  31.323240
  19   29    1.711512   1.971481   26.229779   6.697493
  19   30    1.689548   1.986833   28.355813  12.663735
  19   31    1.511596   1.905061   27.837480  17.945336
  19   32    1.431399   1.976499   40.420129  35.410436
  19   33    1.314792   1.989210   38.895452  24.355566
  19   34    1.262678   1.906453   23.566056   9.769743
  19   35    1.123812   1.990035   14.173565   4.118490
  19   36    1.018046   1.909125    4.165214  22.642096
  19   37    0.946814   1.920707   38.420613  18.199800
  19   38    0.818068   1.989206   20.340782   6.506822
  19   39    0.780104   1.985593   35.429764  40.524498
  19   40    0.651315   1.987330    8.714085  20.220624
  19   41    0.520267   1.952031   15.711226  40.487666
  19   42    0.477987   1.992293    4.964091  38.386204
  19   43    0.348288   1.964508   18.818262   6.889992
  19   44    0.204623   1.948850   33.171729  24.892838
  19   45    0.166439   1.934466    2.036787  14.466257
  19   46    0.053570   1.996886   35.210028  21.426002
  20    0    4.653735   2.023031   34.062774  22.495315
  20    1    4.521885   2.082179   38.980114  13.188503
  20    2    4.437723   2.083671   30.455840  19.550395
  20    3    4.392226   2.098953    3.082185   1.770844
  20    4    4.259147   2.047125   37.071373  29.268890
  20    5    4.123003   2.060111    5.549634  19.053884
  20    6    4.031753   2.011908    8.337677   9.091073
  20    7    3.906728   2.042257   25.563555  36.222160
  20    8    3.872016   2.050249   19.158637   7.237545
  20    9    3.743957   2.019558   19.603936  18.411565
  20   10    3.693030   2.051571   12.386492  12.765474
  20   11    3.535598   2.082977   37.282891  28.210351
  20   12    3.423121   2.003417   38.223361  19.364045
  20   13    3.348636   2.039584   37.144371  10.177795
  20   14    3.222879   2.053199    7.574215   5.619828
  20   15    3.159390   2.000400    9.003819  13.740115
  20   16    3.034426   2.003229   18.288081  12.803082
  20   17    2.924481   2.094625   26.940334  13.268596
  20   18    2.803619   2.066192    1.388290  35.796349
  20   19    2.772489   2.093148   25.842954   1.840155
  20   20    2.669729   2.048564   13.806674  33.606969
  20   21    2.549088   2.084832   14.451720  29.125896
  20   22    2.417794   2.035419   14.800654  12.975500
  20   23    2.385028   2.025385   29.123274   4.048546
  20   24    2.236434   2.021663    5.146263   1.912296
  20   25    2.189843   2.070499   35.089770  29.294927
  20   26    2.018318   2.071941   21.364142   9.564848
  20   27    1.904537   2.012451   35.768988  17.464983
  20   28    1.881798   2.094283   21.649698   4.638786
  20   29    1.773735   2.062531   15.722538  37.584146
  20   30    1.680413   2.081028   15.842593  16.665742
  20   31    1.521930   2.060399   19.148173  15.901181
  20   32    1.402011   2.004633   38.684850  32.731617
  20   33    1.339423   2.045898   13.331242  26.338923
  20   34    1.241178   2.055690   23.780899  26.849079
  20   35    1.101444   2.098855    5.269398  13.660668
  20   36    1.057476   2.075801   25.086965  19.978443
  20   37    0.958691   2.038031    9.723741  36.360253
  20   38    0.807661   2.068922   33.421237   5.771402
  20   39    0.749129   2.071691   28.238618  36.479222
  20   40    0.662634   2.071365    7.400349  10.432377
  20   41    0.589390   2.009116   31.211395  19.999730
  20   42    0.489287   2.022859    1.371750   4.662578
  20   43    0.309516   2.074929   38.882556   4.157203
  20   44    0.293719   2.008897   27.325602  11.472177
  20   45    0.196973   2.016236   12.155546  36.962048
  20   46    0.085514   2.038057   13.433916  35.716305
  21    0    4.615055   2.156356   30.444855  19.415031
  21    1    4.532769   2.177067   38.778686  19.530894
  21    2    4.456737   2.128315   31.289887   2.346267
  21    3    4.334556   2.191088   11.994861  22.414710
  21    4    4.287940   2.116287   15.261221   7.503052
  21    5    4.141277   2.127032   40.968043  35.524223
  21    6    4.023893   2.143818   39.724952  36.457101
  21    7    3.904047   2.133662   31.390858  26.818272
  21    8    3.868934   2.173938   16.319827  21.097060
  21    9    3.731839   2.133843   33.896039  17.009813
  21   10    3.633540   2.128157    9.540995  35.917473
  21   11    3.579504   2.151481   12.648273   5.852324
  21   12    3.422793   2.188858    7.613218  15.010701
  21   13    3.381145   2.148544   32.690977   4.108781
  21   14    3.267697   2.122759    1.875482  15.613592
  21   15    3.181445   2.146016   39.008200  38.621400
  21   16    3.044913   2.151869   27.187971  25.256032
  21   17    2.902683   2.186685   27.175915  26.220691
  21   18    2.801459   2.102754   23.411480  21.003799
  21   19    2.717019   2.147428    3.641038  16.782648
  21   20    2.668790   2.184983   16.798357  16.983468
  21   21    2.572518   2.123938   23.080561   6.563228
  21   22    2.415425   2.185219   30.173162  20.322430
  21   23    2.347014   2.191816   10.957259  40.009587
  21   24    2.248924   2.114727   32.070264  35.832375
  21   25    2.176492   2.194540   31.302481  11.567840
  21   26    2.036473   2.114955    7.534696  36.209952
  21   27    1.924101   2.121012   22.920616   8.577441
  21   28    1.868759   2.108347   37.081610  27.223560
  21   29    1.722219   2.113237    1.623869   2.162579
  21   30    1.644016   2.179730   25.348764  26.300618
  21   31    1.533165   2.188117   31.770048  35.101304
  21   32    1.498278   2.187334   27.265527  18.124901
  21   33    1.334228   2.166462   27.290143  13.973407
  21   34    1.253843   2.131953   17.100954  32.298890
  21   35    1.139598   2.176985   10.556516  27.458394
  21   36    1.000859   2.157730   34.542534   5.821378
  21   37    0.925612   2.143424   36.856598  23.475201
  21   38    0.866640   2.118725    1.996290   7.075881
  21   39    0.726393   2.168852   22.901045   4.925625
  21   40    0.663999   2.121669   18.587972  28.220739
  21   41    0.514539   2.102835   39.709380   7.123720
  21   42    0.443321   2.147227   38.884131  19.317068
  21   43    0.375921   2.114325    3.380190  39.563780
  21   44    0.203525   2.159594   18.140943  20.226073
  21   45    0.129002   2.195956    1.667026  30.499777
  21   46    0.044267   2.137391   10.927707  25.252525
  22    0    4.627230   2.293925    9.945210   4.879498
  22    1    4.565887   2.297622   26.260998  30.706515
  22    2    4.418142   2.291681   37.068820  14.496870
  22    3    4.344581   2.238810   29.924530   7.000926
  22    4    4.214741   2.275379   39.781173   3.796355
  22    5    4.128154   2.299492   23.438835  24.597356
  22    6    4.063521   2.274357   13.756215  35.583518
  22    7    3.912473   2.213847   19.183934   7.058563
  22    8    3.869189   2.200892   30.012254  37.966273
  22    9    3.770319   2.247564   12.467243  24.660788
  22   10    3.658704   2.210038   37.353571  27.171553
  22   11    3.512889   2.213881    3.867996  38.464641
  22   12    3.436677   2.262569   34.659478  10.452508
  22   13    3.369518   2.202309   28.978563  37.438552
  22   14    3.200494   2.201888   11.254464  39.121624
  22   15    3.173475   2.200657    7.702081  20.174083
  22   16    3.046694   2.249213   19.257151   3.815477
  22   17    2.940782   2.254755   31.554883  17.927726
  22   18    2.810202   2.280423   38.719803  22.417153
  22   19    2.725013   2.289689   24.961273  17.169116
  22   20    2.634964   2.272691    4.534236  25.632661
  22   21    2.523917   2.211332   25.317261  17.510907
  22   22    2.478291   2.299302    3.494020  36.038000
  22   23    2.303407   2.217663   26.638930  34.840864
  22   24    2.201983   2.207080   20.566914  23.483840
  22   25    2.191141   2.275575   22.900178  29.672041
  22   26    2.000767   2.232372   35.345575  23.065086
  22   27    1.975360   2.260807    9.703618  27.172224
  22   28    1.863102   2.298783   22.808593  21.432919
  22   29    1.725065   2.216142   16.717516  18.029144
  22   30    1.650665   2.292665   16.938026  33.047218
  22   31    1.524823   2.256158   28.350677  28.253249
  22   32    1.421013   2.230832   11.403606  40.037569
  22   33    1.391645   2.235584   26.426273  21.215170
  22   34    1.203009   2.219053   18.437917  17.661383
  22   35    1.112349   2.202711   36.154661   6.660307
  22   36    1.066502   2.249573    5.190849  31.917971
  22   37    0.907709   2.279342   15.494294  39.138272
  22   38    0.806573   2.201265   36.265732  16.697730
  22   39    0.794440   2.244372   18.028914  12.230261
  22   40    0.688332   2.286939   11.803611  34.915874
  22   41    0.577661   2.249407   40.778248  15.152708
  22   42    0.470838   2.238965   22.396162   1.400530
  22   43    0.365019   2.261687   20.898516  34.760914
  22   44    0.248100   2.236511   25.271848  34.875243
  22   45    0.148985   2.212106    9.018112  38.671641
  22   46    0.011480   2.255598   40.613946  12.196327
  23    0    4.656113   2.324297   21.992868   4.168975
  23    1    4.550948   2.366572   12.533148  40.075743
  23    2    4.411146   2.314458   24.154412  22.753086
  23    3    4.372756   2.312708   36.131521  37.840556
  23    4    4.209875   2.381065   23.664144  11.636799
  23    5    4.117968   2.378365   20.258630  39.350293
  23    6    4.037505   2.348565   39.374461   1.190247
  23    7    3.920151   2.395426   34.974741  13.013859
  23    8    3.809046   2.389839   13.637886   1.279136
  23    9    3.741175   2.342741   23.400044   5.917968
  23   10    3.644854   2.328478   17.793857  39.637505
  23   11    3.571640   2.364837   39.542917   1.399370
  23   12    3.427962   2.313790   39.601963  31.861163
  23   13    3.376900   2.373414   26.864312  38.963465
  23   14    3.220181   2.369007   15.679483   5.303293
  23   15    3.110926   2.397922   16.749411   1.272193
  23   16    3.041233   2.336294   17.040171  18.099026
  23   17    2.908466   2.320024   21.721748  24.994420
  23   18    2.839275   2.380909   12.120256   9.741120
  23   19    2.701012   2.360789   25.149064  20.632350
  23   20    2.602177   2.371304   19.216708  31.074152
  23   21    2.583995   2.389203    7.354238  11.007789
  23   22    2.476782   2.321924   39.051891  29.269990
  23   23    2.391474   2.385883   17.458674  38.912426
  23   24    2.278142   2.371154    8.217771   7.292587
  23   25    2.110231   2.326863   20.949597  11.496576
  23   26    2.082312   2.368098   15.541909  17.555466
  23   27    1.987783   2.348891   24.876798   2.291179
  23   28    1.804814   2.358775   15.956546   5.920595
  23   29    1.758208   2.319885    5.748372  21.328131
  23   30    1.672226   2.394866   20.241148  34.882621
  23   31    1.526042   2.366031   39.609126   9.644350
  23   32    1.496622   2.336243   34.047812   3.727786
  23   33    1.311641   2.300444   39.449339  16.525291
  23   34    1.261687   2.382321   25.908043   8.652145
  23   35    1.171496   2.357445    2.005656  16.163935
  23   36    1.025347   2.346643    1.458435  27.269004
  23   37    0.963898   2.361139   14.179935  14.981593
  23   38    0.836607   2.384145    9.911885  29.630838
  23   39    0.734178   2.347384   28.715951  31.677163
  23   40    0.654054   2.391178    8.839986  31.836239
  23   41    0.544407   2.314156   29.437893  39.141826
  23   42    0.440086   2.324644    4.621362  18.487754
  23   43    0.370040   2.396895   28.268704  40.696429
  23   44    0.288441   2.328493    8.449736  26.711813
  23   45    0.130358   2.352661    9.410303  32.679163
  23   46    0.022955   2.313346   21.584579   7.147229
  24    0    4.610944   2.489714   20.481871   1.231434
  24    1    4.582732   2.408159    8.566286  36.254076
  24    2    4.474560   2.497619   26.076376  33.200124
  24    3    4.383037   2.491607   33.406847   9.490069
  24    4    4.241857   2.417064    6.109622   9.394789
  24    5    4.112204   2.415266   21.306071  16.346878
  24    6    4.055321   2.438247   19.500145  33.008619
  24    7    3.992731   2.450685    7.232473  25.934116
  24    8    3.818616   2.432070    3.132355   6.832313
  24    9    3.799479   2.428091    2.746995  15.744061
  24   10    3.629196   2.499306   16.719361   9.960332
  24   11    3.589523   2.485736   33.736800  16.425475
  24   12    3.494628   2.469478   36.096030  18.009303
  24   13    3.356669   2.415785   34.265441   1.840215
  24   14    3.242466   2.493435   40.636822  20.438674
  24   15    3.179055   2.475179    5.534755   6.371618
  24   16    3.099856   2.451397   34.907070  34.383997
  24   17    2.980498   2.428029    3.992919  20.398963
  24   18    2.832222   2.441726   30.320402  16.483580
  24   19    2.775327   2.499887   28.912148  20.047649
  24   20    2.690448   2.424761    9.489071  32.499505
  24   21    2.512508   2.453622   17.298582   8.770000
  24   22    2.422891   2.470743   24.118020  19.104380
  24   23    2.377674   2.441656    2.785977  26.006952
  24   24    2.262385   2.401212   36.707589  23.025441
  24   25    2.151454   2.449950   15.203877  32.126172
  24   26    2.099078   2.419198   26.993797   9.808004
  24   27    1.959111   2.425412    8.799988   9.027490
  24   28    1.897482   2.495113    5.969237  37.780512
  24   29    1.779993   2.470284    9.635576   2.251807
  24   30    1.610583   2.412472   33.491654  32.373776
  24   31    1.515655   2.494589    6.461733  13.124995
  24   32    1.485130   2.480380   39.901347  11.767319
  24   33    1.342797   2.440863   34.423433  28.413574
  24   34    1.240443   2.488197    7.732608   6.906024
  24   35    1.101238   2.434161   17.227389  10.164303
  24   36    1.038107   2.411863   36.518455   7.250611
  24   37    0.988172   2.464729   40.948719  39.845108
  24   38    0.841868   2.481094   31.852001   8.195792
  24   39    0.747820   2.480753   31.440577  18.600087
  24   40    0.695854   2.481949   29.281843  36.910243
  24   41    0.560315   2.454234   17.349888   9.376661
  24   42    0.424928   2.400278    4.282927  10.422866
  24   43    0.345313   2.484304    2.031438  26.878229
  24   44    0.283536   2.408105   31.458410  33.100101
  24   45    0.104299   2.419215   20.191623  37.741013
  24   46    0.048845   2.457219   39.292098  30.229395
  25    0    4.630914   2.510721   18.882205   6.029090
  25    1    4.570280   2.572075    1.185097  40.244220
  25    2    4.420918   2.562749   17.503508   8.086909
  25    3    4.350755   2.527582    9.174396  10.196339
  25    4    4.212475   2.599988    7.765540  25.983925
  25    5    4.144931   2.556404   13.645133  37.401375
  25    6    4.083480   2.561471   12.094583  10.231266
  25    7    3.916802   2.555133   40.512381  34.753994
  25    8    3.825503   2.519177   27.761870  20.145692
  25    9    3.702690   2.549024   16.762353   8.029366
  25   10    3.603666   2.532397    4.050021  24.181393
  25   11    3.576414   2.530917   25.906971  40.557861
  25   12    3.498409   2.574816   11.061970  32.745500
  25   13    3.310996   2.511586   36.819823   3.980265
  25   14    3.208571   2.513199    1.316189   2.458488
  25   15    3.175626   2.505922   22.585581  33.361086
  25   16    3.075612   2.574066   39.061063  33.515965
  25   17    2.998009   2.532244   30.409037  40.757871
  25   18    2.866023   2.507895   17.280343  20.753654
  25   19    2.760312   2.520416   19.293942  33.414735
  25   20    2.623105   2.549160   18.650665  34.212693
  25   21    2.582055   2.508605   29.115932  31.068623
  25   22    2.470298   2.574904    4.251185  16.447674
  25   23    2.375182   2.558171    2.877866  21.427157
  25   24    2.216096   2.584563   32.614433  11.515173
  25   25    2.135384   2.531527   33.349962  13.697212
  25   26    2.075345   2.559419    1.746571   4.525823
  25   27    1.959401   2.558776   25.961201   7.113671
  25   28    1.883338   2.511296    8.034277  30.838306
  25   29    1.750619   2.565492    1.722497  24.738163
  25   30    1.637614   2.597050   28.494579  30.418933
  25   31    1.594693   2.546238   27.126230  32.367838
  25   32    1.457742   2.557883   36.612963  15.585828
  25   33    1.353233   2.546239   12.380781   8.214612
  25   34    1.205613   2.540688   17.054217   9.301989
  25   35    1.136791   2.557076    5.002758  11.085566
  25   36    1.057897   2.572375   10.819475  16.376884
  25   37    0.978430   2.541370    2.703713  13.115547
  25   38    0.868295   2.587550   19.962008  11.381485
  25   39    0.736089   2.576112   37.672141  37.673297
  25   40    0.600107   2.554904    9.763389   4.776993
  25   41    0.505785   2.544631   23.765690  13.882756
  25   42    0.449385   2.508355    6.310696   2.702813
  25   43    0.328352   2.513166    8.792509   6.271525
  25   44    0.215535   2.565214   38.704486  26.064652
  25   45    0.119994   2.599563   35.974769  21.378726
  25   46    0.009762   2.505577   17.666346  21.008905
  26    0    4.651353   2.678846   31.851428  32.724895
  26    1    4.522095   2.694631   16.103881  35.564845
  26    2    4.441108   2.673236    2.291391   1.366756
  26    3    4.394995   2.652741   22.230059  16.181406
  26    4    4.218292   2.642647   13.952255  21.330139
  26    5    4.175663   2.616919   32.122900  33.080688
  26    6    4.042598   2.625769    5.433927   7.534524
  26    7    3.940150   2.691706   16.150570  34.795614
  26    8    3.853846   2.681565   10.540429   8.393085
  26    9    3.700260   2.657479   32.475963  39.954476
  26   10    3.650617   2.646329    5.477288  26.092359
  26   11    3.518980   2.689888   10.893981  38.320439
  26   12    3.473731   2.652414   32.475966   4.626010
  26   13    3.371773   2.645338   11.543718  33.289363
  26   14    3.292813   2.651323   24.250850  38.977476
  26   15    3.199596   2.684385   35.576864  14.494628
  26   16    3.063612   2.646062   16.858379  28.416563
  26   17    2.904854   2.637390    8.652685   1.862953
  26   18    2.840063   2.665480   32.941949  22.695412
  26   19    2.743743   2.664944   13.168999  11.410519
  26   20    2.688244   2.606788    3.010304  31.999528
  26   21    2.567596   2.629337   11.427647  18.264018
  26   22    2.459473   2.631528   29.311185   9.829920
  26   23    2.361775   2.672736   19.471988  13.836550
  26   24    2.236677   2.624958    5.026056  32.562666
  26   25    2.123594   2.692776   40.123051  31.783623
  26   26    2.072015   2.619174   40.925805  30.252575
  26   27    1.910451   2.616878    3.779998  31.309804
  26   28    1.884406   2.636224    2.291385  10.317891
  26   29    1.775999   2.602908   16.839654  16.591894
  26   30    1.683153   2.629073   40.817390  39.063331
  26   31    1.595659   2.635677   20.128884  17.529812
  26   32    1.428322   2.685454   39.380670  25.569025
  26   33    1.363182   2.646290   33.532689  39.731672
  26   34    1.229821   2.612516   11.970112  28.293286
  26   35    1.117167   2.654517   28.039943  10.584877
  26   36    1.025306   2.638592   36.737801  16.807388
  26   37    0.930610   2.623108    2.717762  23.460322
  26   38    0.862115   2.652519    7.045816   9.400910
  26   39    0.767523   2.617379   11.664540  13.542172
  26   40    0.640351   2.650651    3.547010  31.866465
  26   41    0.578545   2.683422    4.780778  26.470928
  26   42    0.453051   2.677015   19.752151   3.592970
  26   43    0.372212   2.693916   16.235871  24.932856
  26   44    0.285053   2.623043   34.199884  14.166916
  26   45    0.160180   2.661815   15.798098  38.524143
  26   46    0.004752   2.699875   14.260036  27.001422
  27    0    4.633170   2.789051   30.734100  38.663457
  27    1    4.502335   2.708452   39.764832  36.083153
  27    2    4.479814   2.799932   29.773219  13.021920
  27    3    4.394430   2.710435   29.076682  27.747503
  27    4    4.212773   2.707056   15.671125   2.884775
  27    5    4.128267   2.746449   15.865228   1.462763
  27    6    4.015681   2.771327   39.196194  32.054399
  27    7    3.978508   2.757244    1.780429  21.924285
  27    8    3.870407   2.747047   24.901225  17.349558
  27    9    3.736842   2.738047   18.372507   9.330002
  27   10    3.667040   2.748102   27.832063  28.451183
  27   11    3.548255   2.796739   11.023655   5.528929
  27   12    3.438731   2.731869   20.363838  18.790194
  27   13    3.348552   2.792422   28.320450  20.804629
  27   14    3.200137   2.773774   19.644536  19.368260
  27   15    3.105286   2.702546    2.210002  29.375906
  27   16    3.001739   2.797307   28.664708  13.847673
  27   17    2.958655   2.703965   17.446907   1.267318
  27   18    2.842643   2.731820   37.761179  15.941819
  27   19    2.700289   2.756103   33.252160  34.022416
  27   20    2.611733   2.793589   18.401674   9.083071
  27   21    2.515953   2.742911   15.769215  39.802904
  27   22    2.451187   2.724372   37.386358  23.540208
  27   23    2.353338   2.764328    6.816478  11.737269
  27   24    2.257313   2.776124    7.141329  37.602800
  27   25    2.157974   2.767712   32.599554  37.952705
  27   26    2.051588   2.700493    6.568182  37.145297
  27   27    1.949150   2.775008   25.460634  32.544473
  27   28    1.869497   2.787436   36.952811  11.828882
  27   29    1.783398   2.792380   12.406498   9.807189
  27   30    1.626388   2.798498   38.725699  26.394467
  27   31    1.575645   2.785641   36.070624   1.372776
  27   32    1.428082   2.757240   27.404973  21.945486
  27   33    1.317594   2.766989   16.929006   5.470208
  27   34    1.299312   2.791783   30.842605  34.814514
  27   35    1.149176   2.766410   40.003316  23.342415
  27   36    1.005347   2.772623    4.933179  29.552991
  27   37    0.902125   2.754556   34.949104  39.926077
  27   38    0.841247   2.752590   31.233695   7.778684
  27   39    0.744772   2.743004   35.340826  24.220329
  27   40    0.659216   2.795269   17.481985  36.060815
  27   41    0.514080   2.712480   31.129507  19.340722
  27   42    0.497366   2.773182   30.790326  13.718104
  27   43    0.324777   2.709993   27.662951   3.075070
  27   44    0.262986   2.727696   13.329944  15.350266
  27   45    0.196095   2.711767   15.322436  26.828174
  27   46    0.009989   2.708881    1.611131  13.118863
  28    0    4.634216   2.870443   15.743926  24.162675
  28    1    4.533736   2.855448   13.002787  30.238657
  28    2    4.452918   2.852226    3.755873  19.713635
  28    3    4.386806   2.832402   36.924237  19.835985
  28    4    4.206274   2.822497   28.579746  25.074746
  28    5    4.196506   2.817198   33.181246   2.275950
  28    6    4.045384   2.856848   33.503510  40.324378
  28    7    3.939061   2.813962   16.207238  29.255545
  28    8    3.896232   2.838604   20.152300   8.179987
  28    9    3.796393   2.879717   31.509737  14.405158
  28   10    3.687651   2.853572    1.644638  12.339733
  28   11    3.589310   2.866600   29.411170  17.836179
  28   12    3.437219   2.808119   38.336577  32.390444
  28   13    3.345625   2.819662   31.212187  36.017780
  28   14    3.228565   2.877630   30.520227   4.731401
  28   15    3.123368   2.821165    4.194743   8.561241
  28   16    3.086151   2.838953   14.357185  32.283708
  28   17    2.967772   2.839128   34.421237   9.935489
  28   18    2.873004   2.852694   30.491447  15.325349
  28   19    2.736037   2.820433   30.075073   6.832856
  28   20    2.603201   2.839004    9.200439  21.612319
  28   21    2.576163   2.866935   23.127065  10.849356
  28   22    2.474072   2.834005   21.606885  16.016546
  28   23    2.395248   2.846786    3.401170  21.339111
  28   24    2.283173   2.823045    3.388263   8.231634
  28   25    2.198640   2.822579   36.652101  34.747834
  28   26    2.001988   2.821706   25.584696  11.667764
  28   27    1.924209   2.822938   27.056430  34.425649
  28   28    1.832134   2.815799    6.520157  37.477394
  28   29    1.735754   2.844827    4.557859  28.864762
  28   30    1.670546   2.877571   29.515952  34.723732
  28   31    1.576173   2.850123    8.796383  36.502898
  28   32    1.457653   2.846877   32.989488  31.024255
  28   33    1.314515   2.811880   23.890160  21.678642
  28   34    1.276991   2.803340   12.695427   7.571855
  28   35    1.151439   2.873238   32.127939   9.020207
  28   36    1.016034   2.858302   20.280337  18.256522
  28   37    0.974790   2.805088   19.668970  22.494432
  28   38    0.886174   2.863856   37.986079  14.680772
  28   39    0.781191   2.887353    3.636391  30.538111
  28   40    0.634864   2.870317   16.251169   7.182341
  28   41    0.500486   2.893143   17.529129  10.139112
  28   42    0.464855   2.863212   19.123468  16.547998
  28   43    0.377787   2.825081   10.666429  10.430004
  28   44    0.204276   2.876174   11.811571  31.922600
  28   45    0.182597   2.838717   27.418202  20.302269
  28   46    0.046998   2.807115   25.366370   7.487893
  29    0    4.626104   2.989230   33.263394   4.744451
  29    1    4.505250   2.961613    5.398298   3.805783
  29    2    4.476252   2.954504   27.257712  31.052945
  29    3    4.385932   2.909657   34.899830  29.291217
  29    4    4.265553   2.920205   24.281045  38.759393
  29    5    4.118339   2.969736   15.656896   3.100033
  29    6    4.088849   2.960595   25.474002  36.064018
  29    7    3.924223   2.927711   18.396902  22.787516
  29    8    3.887371   2.912616   21.562080  10.759499
  29    9    3.731161   2.956974    8.735131  18.413675
  29   10    3.611407   2.920172   31.304971  25.075335
  29   11    3.587131   2.931147    4.145344  29.341586
  29   12    3.446800   2.920531    6.097658  21.567914
  29   13    3.338029   2.910849   36.594494  30.795442
  29   14    3.280219   2.955446   11.788946   1.126882
  29   15    3.180500   2.942070   26.145486  24.315279
  29   16    3.064758   2.915840   30.072177   4.363645
  29   17    2.900071   2.925240   12.746016  29.565658
  29   18    2.830951   2.970805    4.341929  14.093211
  29   19    2.748946   2.901291   26.585558  34.525878
  29   20    2.668620   2.989181   28.699552  19.315850
  29   21    2.509197   2.953859    1.816651  36.909633
  29   22    2.482255   2.935128    3.829473  40.050392
  29   23    2.325199   2.945219   34.100691   1.732315
  29   24    2.296711   2.907875   19.757252  27.566267
  29   25    2.174284   2.987620   29.352478  28.264505
  29   26    2.061042   2.900212   13.039438  26.006734
  29   27    1.976465   2.901403   29.221877  24.180465
  29   28    1.866124   2.970331    4.724338   9.091035
  29   29    1.722929   2.926634   28.264962   5.530805
  29   30    1.656499   2.957257   15.461874  29.528526
  29   31    1.528659   2.935894   38.421107  18.238775
  29   32    1.478470   2.921363   15.429756  18.973167
  29   33    1.387124   2.942510   28.326543  10.139960
  29   34    1.264976   2.958390   39.282286  32.792043
  29   35    1.124372   2.910660    8.158957  12.155470
  29   36    1.013172   2.917888   40.117133  26.616910
  29   37    0.916231   2.951671   25.121781  33.009018
  29   38    0.862839   2.955146   11.494526  20.593079
  29   39    0.745434   2.934235   20.340866  13.968602
  29   40    0.632914   2.959446   12.832328  32.435252
  29   41    0.535601   2.945396   14.860323  28.413823
  29   42    0.419408   2.930884   31.039562   1.845243
  29   43    0.305925   2.913826   20.588348   5.600165
  29   44    0.200841   2.922994   20.039983   6.541827
  29   45    0.144194   2.947282   11.457933   8.811899
  29   46    0.037089   2.929084   19.876380  24.098279
  30    0    4.696508   3.042054   40.731407  25.165560
  30    1    4.584145   3.066441    8.375338   3.978462
  30    2    4.419576   3.093828   32.291843   7.646291
  30    3    4.380801   3.004473   40.891264  40.607654
  30    4    4.235921   3.076565   26.928384  29.529625
  30    5    4.193618   3.090359    7.437536  21.009612
  30    6    4.073637   3.058860    9.036664  27.161612
  30    7    3.933814   3.048940   21.551699  19.486663
  30    8    3.860511   3.095682   34.819497  39.140509
  30    9    3.783802   3.072337   11.530692   7.014955
  30   10    3.677396   3.067474   29.987122  18.263547
  30   11    3.592113   3.069191   32.211162  14.472305
  30   12    3.457650   3.038325    3.120328  37.172624
  30   13    3.313335   3.013425   34.258965  16.511365
  30   14    3.248250   3.070225   10.273850  29.453066
  30   15    3.184380   3.018093   37.971038   6.836186
  30   16    3.023907   3.061393    7.061493  25.009927
  30   17    2.940107   3.061121   19.881877  15.835539
  30   18    2.868027   3.073251   16.378504  31.866593
  30   19    2.779722   3.006670   13.005910  17.971676
  30   20    2.603826   3.072803   23.080763   6.100788
  30   21    2.500835   3.098356   25.336144  29.018519
  30   22    2.475205   3.045039    1.354447  17.453380
  30   23    2.320243   3.048692   36.258488   2.188600
  30   24    2.240171   3.023411    6.173865  40.215688
  30   25    2.199657   3.012930   16.830258  37.383352
  30   26    2.049655   3.045538   37.159238  17.321342
  30   27    1.990574   3.014816   37.410405  39.246692
  30   28    1.841506   3.065989   11.310237  40.138998
  30   29    1.705375   3.086852   34.918071  17.397149
  30   30    1.683261   3.048314   20.505201  17.282595
  30   31    1.511470   3.098241   32.035156  36.159068
  30   32    1.447951   3.014489   20.319962  32.826089
  30   33    1.331934   3.070034   11.957634  31.308791
  30   34    1.204789   3.051465   38.634305  37.629955
  30   35    1.119578   3.018807   14.839401  37.796971
  30   36    1.050996   3.061782   25.658153  17.057033
  30   37    0.951760   3.027799   15.861541  15.103525
  30   38    0.802351   3.097983   31.423603  14.175638
  30   39    0.770497   3.017519    9.898907  15.827033
  30   40    0.698212   3.039070   12.453026  39.618122
  30   41    0.566563   3.076648   24.045028  38.305702
  30   42    0.461835   3.051278   36.227502   7.583427
  30   43    0.377228   3.018426   26.795368  15.512312
  30   44    0.288735   3.025195   10.243912   2.042478
  30   45    0.135212   3.047745   21.478071  20.160920
  30   46    0.014652   3.096559   31.863088  38.025535
