   0    0    4.744905   0.093469   14.848511  40.324385
   0    1    4.639941   0.094132   13.484868  11.905118
   0    2    4.593821   0.009513   39.628273   2.285815
   0    3    4.429327   0.094416    7.623991   3.993277
   0    4    4.354239   0.029327   17.604979  28.126938
   0    5    4.284896   0.013770   30.788440   5.180123
   0    6    4.153753   0.013883   20.473205  27.678559
   0    7    4.025860   0.051809    2.824216  30.056382
   0    8    3.921323   0.075294   23.549655   6.495888
   0    9    3.872218   0.072566   27.738465  38.087860
   0   10    3.746361   0.043560   36.095435  38.695010
   0   11    3.695924   0.017657   17.876599  39.517049
   0   12    3.596083   0.029311    5.903507  13.882564
   0   13    3.473844   0.055818   39.660132  17.675438
   0   14    3.396706   0.060496   16.814644   1.612473
   0   15    3.237852   0.014978   10.349321  37.019279
   0   16    3.112845   0.036292    7.239282  37.623862
   0   17    3.032190   0.028663   25.333815  30.146882
   0   18    2.935174   0.072476   38.426729  33.184645
   0   19    2.899797   0.029819   36.743517  37.250771
   0   20    2.708972   0.009064   33.137241  22.185540
   0   21    2.627836   0.042003   36.710988  27.903426
   0   22    2.505586   0.013241    8.536547  10.199607
   0   23    2.488019   0.050436    2.405727  27.770569
   0   24    2.355176   0.038455   21.546471  35.542717
   0   25    2.209556   0.083551   34.999775  21.791323
   0   26    2.122287   0.093962   10.549347  14.440645
   0   27    2.021696   0.099426   11.013106  10.559851
   0   28    1.915836   0.038229   14.258003  40.728834
   0   29    1.898814   0.050912   22.026377  18.088420
   0   30    1.782052   0.034303   36.727140   5.081156
   0   31    1.633870   0.098257   27.537629  26.827113
   0   32    1.532712   0.095561   26.895998   9.584317
   0   33    1.455816   0.048684    5.778627  29.760766
   0   34    1.311687   0.006248   11.716267  40.544885
   0   35    1.293141   0.028665   18.595562  39.598993
   0   36    1.100397   0.022769    3.833257   5.736197
   0   37    1.069248   0.036502    9.037928  21.520472
   0   38    0.907173   0.048908   17.952407  21.862745
   0   39    0.895718   0.080354   24.088424  38.627999
   0   40    0.776869   0.031000   14.437286  33.839942
   0   41    0.606785   0.080010   20.005814  18.216106
   0   42    0.595216   0.037509    4.349270  19.557468
   0   43    0.452427   0.099455   24.041716  22.148372
   0   44    0.347503   0.071573   17.053188  22.114742
   0   45    0.238512   0.081680   33.831394  16.086848
   0   46    0.123065   0.014768   29.677241  16.087337
   0   47    0.070302   0.077211   34.547639  40.011351
   1    0    4.735909   0.115682    7.129613  35.203503
   1    1    4.620331   0.193465   23.945926  26.411670
   1    2    4.557451   0.117848   22.038206  25.880252
   1    3    4.403354   0.143325   36.718082  12.731074
   1    4    4.329938   0.168160   15.894031  24.388792
   1    5    4.299494   0.138209   12.110763  31.084778
   1    6    4.148513   0.159111    5.842830   4.989377
   1    7    4.022137   0.153431   32.554100  10.972384
   1    8    3.966242   0.136018   35.983568  32.196001
   1    9    3.879350   0.191793   16.084938  39.648585
   1   10    3.789567   0.143862   37.696513  12.401620
   1   11    3.626708   0.185139   11.638156  10.011770
   1   12    3.591719   0.197446   40.437654  18.414957
   1   13    3.455433   0.102946   23.818618   7.315442
   1   14    3.378576   0.133286   22.600301  15.030195
   1   15    3.202608   0.182115   22.555360  23.702710
   1   16    3.195221   0.141987   31.458752   4.571244
   1   17    3.009978   0.152698   33.078695  23.509398
   1   18    2.962186   0.185790   31.872982  18.422512
   1   19    2.894458   0.110634   32.949966  12.476653
   1   20    2.777881   0.177597   25.347383   3.878481
   1   21    2.627001   0.180405    5.412750  30.459221
   1   22    2.518180   0.134945   34.200618  15.214657
   1   23    2.446789   0.118075   32.123372   9.910897
   1   24    2.305411   0.125271   10.017738  13.702808
   1   25    2.265031   0.128320   33.357650  21.373945
   1   26    2.107212   0.187232    1.219779  13.363695
   1   27    2.036704   0.107799   40.079870   2.394615
   1   28    1.960741   0.146960    1.500088  37.570826
   1   29    1.899612   0.181648   29.799019  37.732185
   1   30    1.799690   0.147804   39.040714  16.189064
   1   31    1.698001   0.169869   16.926409  26.424272
   1   32    1.590349   0.177475   15.836273  33.752249
   1   33    1.422689   0.106044   18.387846  15.216469
   1   34    1.358645   0.107450    7.116710  36.254292
   1   35    1.211344   0.132069   36.532602  38.059684
   1   36    1.112649   0.156069   22.774506  17.448509
   1   37    1.060971   0.109508   33.920464  17.823844
   1   38    0.934473   0.148984   15.865895  35.120304
   1   39    0.810106   0.120664   18.357243  39.071981
   1   40    0.731789   0.178426   37.669735  33.618569
   1   41    0.650406   0.180631   11.588159   9.683993
   1   42    0.502385   0.156246    4.451737  11.001555
   1   43    0.426490   0.145361    1.347576  34.314701
   1   44    0.375226   0.114730   37.995830   7.473193
   1   45    0.278849   0.180137   14.002664   4.116135
   1   46    0.148440   0.133928   10.128475  26.356249
   1   47    0.077533   0.147930   33.817568   4.849293
   2    0    4.748429   0.264545   40.875834   9.668925
   2    1    4.684057   0.287686   34.903777  39.455932
   2    2    4.585015   0.271421   30.557749  17.441891
   2    3    4.465609   0.278924    3.211433  11.356254
   2    4    4.375079   0.244186    8.036531   3.233021
   2    5    4.269102   0.230881   28.455355   1.183673
   2    6    4.151573   0.208897   30.502669  37.867412
   2    7    4.043035   0.291964   19.658669  32.363161
   2    8    3.966119   0.227301   14.593574  29.250593
   2    9    3.872322   0.248441   23.035944  39.884971
   2   10    3.731578   0.288809   14.305576  38.173139
   2   11    3.665397   0.270031   17.226837  31.820858
   2   12    3.536011   0.284357    8.073442  38.345206
   2   13    3.403917   0.264484   28.430283  24.575239
   2   14    3.391439   0.201042   15.555742  13.469839
   2   15    3.233190   0.223234    6.778352  40.559023
   2   16    3.159565   0.291740   14.078452  24.984184
   2   17    3.036297   0.275880   15.327939  40.919176
   2   18    2.922322   0.254887   25.353262   1.168094
   2   19    2.896399   0.222486   24.337526   6.152390
   2   20    2.737702   0.206164   15.001089  11.639871
   2   21    2.610296   0.279624   16.035320  33.876529
   2   22    2.540690   0.236060   10.575392  20.829265
   2   23    2.471624   0.258561   28.874114  15.728861
   2   24    2.315499   0.225098   18.193914  39.838103
   2   25    2.294352   0.292184    5.307317  24.305369
   2   26    2.178448   0.231969   23.551574  18.169282
   2   27    2.096348   0.240971   13.409613  26.250765
   2   28    1.970888   0.278920   40.001268  15.125133
   2   29    1.808777   0.237772   30.204825  19.054144
   2   30    1.768536   0.233420   14.553401   5.246515
   2   31    1.619979   0.276123    3.352569   6.800509
   2   32    1.567355   0.225483   22.059063  22.984264
   2   33    1.402210   0.207504   27.884394  24.073743
   2   34    1.306829   0.245976    8.505779  38.864985
   2   35    1.206250   0.289211   25.969131   7.401875
   2   36    1.139016   0.242814   26.268876  22.733442
   2   37    1.042380   0.216382   20.226256  20.080838
   2   38    0.946219   0.269171   37.325524   9.224149
   2   39    0.896610   0.279286   24.895119  38.908209
   2   40    0.751409   0.240643   24.852613  36.435051
   2   41    0.658268   0.210069   24.206983  10.303736
   2   42    0.553718   0.226779   29.293655  20.846519
   2   43    0.459198   0.221974   23.595834  18.488763
   2   44    0.356383   0.236461   11.893993  39.849170
   2   45    0.245798   0.298406   26.923028  19.842009
   2   46    0.136459   0.256335   26.867629  37.814367
   2   47    0.023018   0.259270   11.679882   5.244417
   3    0    4.734419   0.366812   12.773092  12.461534
   3    1    4.624151   0.317612   24.171382  16.171143
   3    2    4.517442   0.391129   34.339762  35.346757
   3    3    4.471922   0.340897   37.973245  40.484060
   3    4    4.392767   0.329533   17.900210  13.617450
   3    5    4.204817   0.348142   11.493628  10.323446
   3    6    4.116891   0.392861    6.748096  29.748160
   3    7    4.048014   0.306637    4.259861  37.192858
   3    8    3.962739   0.377625   37.155299   1.792928
   3    9    3.810499   0.340132   26.589608   8.276493
   3   10    3.770078   0.318159   21.445957   8.759905
   3   11    3.689074   0.324139   23.594955  13.223665
   3   12    3.514532   0.310475    1.439210   4.034260
   3   13    3.455968   0.323405   32.006976  12.080321
   3   14    3.387480   0.327178    3.736453  34.345706
   3   15    3.299625   0.321607   17.097373  12.742836
   3   16    3.182925   0.333124    7.743008  12.597310
   3   17    3.077990   0.303980   37.012882  40.254662
   3   18    2.938113   0.367464   27.978164  39.942527
   3   19    2.830244   0.379864   33.127172  30.461676
   3   20    2.772226   0.379288   14.141599  35.817763
   3   21    2.676422   0.374033   27.554032  26.987432
   3   22    2.511926   0.391307   25.568272  14.208025
   3   23    2.414726   0.373209   22.754717  23.184790
   3   24    2.383817   0.318832   21.117925  20.243578
   3   25    2.203598   0.387279    3.211372  29.665747
   3   26    2.192089   0.389763   21.209389  33.295823
   3   27    2.089716   0.373550   15.427521  23.206573
   3   28    1.984659   0.395400   25.623982  11.060898
   3   29    1.814108   0.376711   30.055663  24.270702
   3   30    1.743054   0.351568   28.866313  13.689874
   3   31    1.696412   0.357248    8.741103  18.087098
   3   32    1.510116   0.364910    4.284891   7.844668
   3   33    1.462081   0.316662   28.310173  18.167179
   3   34    1.395237   0.380135   28.818991  27.629149
   3   35    1.238952   0.379128   16.220090  31.338647
   3   36    1.169465   0.330607   32.152300  22.665212
   3   37    1.008077   0.356132   23.726752  19.819917
   3   38    0.982184   0.326848   17.217913  33.153905
   3   39    0.849099   0.303116    7.015824   8.554136
   3   40    0.797434   0.395391   13.413338  17.582012
   3   41    0.672709   0.375346    1.581543  14.967101
   3   42    0.561085   0.323838    9.548198  40.804798
   3   43    0.481817   0.303949    1.426731   3.508686
   3   44    0.370152   0.377102   30.461402   8.555951
   3   45    0.249089   0.342483   32.196558  28.782726
   3   46    0.122484   0.324466    9.408629  29.006059
   3   47    0.041368   0.379416   36.147679   8.765585
   4    0    4.778839   0.457492    7.734994  32.811255
   4    1    4.661223   0.472535   26.893396   3.558977
   4    2    4.570060   0.484700    4.011871  10.164022
   4    3    4.412530   0.437577    3.154608  25.317902
   4    4    4.329633   0.460568   36.730883   6.678400
   4    5    4.230446   0.415258   13.285330  31.439880
   4    6    4.126318   0.443597   17.812134  19.512217
   4    7    4.046535   0.448422   16.130647  15.796985
   4    8    3.912875   0.481006   38.597837  30.949217
   4    9    3.887029   0.424144   28.814031  11.737469
   4   10    3.795073   0.486092   25.666528   8.734309
   4   11    3.626359   0.474412    8.339997  35.779115
   4   12    3.560243   0.408365   10.717158  30.775465
   4   13    3.439047   0.483401   21.437164  12.361730
   4   14    3.386564   0.496290   16.936358  36.396105
   4   15    3.210956   0.419368   35.855812   7.721544
   4   16    3.183073   0.417767   33.676302  27.142103
   4   17    3.085628   0.494857   36.373121  24.895553
   4   18    2.986080   0.434479   31.934608  37.217907
   4   19    2.833046   0.460144   10.048334  12.059185
   4   20    2.760238   0.422783   25.041795  26.946519
   4   21    2.636689   0.451776   17.809121  12.845968
   4   22    2.521928   0.496053    2.125876  22.218438
   4   23    2.400076   0.450561   33.239535  19.993194
   4   24    2.318942   0.411198   36.337735   8.714970
   4   25    2.276275   0.451511    4.478952   2.602887
   4   26    2.163639   0.435551   35.484987  11.761602
   4   27    2.022960   0.412027    1.430511   2.502694
   4   28    1.926783   0.409380   19.636094  10.987481
   4   29    1.881595   0.423967   28.016582  16.636625
   4   30    1.756235   0.464024   38.420559  13.537327
   4   31    1.672198   0.450323   28.007880  40.110898
   4   32    1.588451   0.445938   40.165098  20.402439
   4   33    1.484883   0.477811   32.991905  18.465434
   4   34    1.371445   0.452923   15.669750   7.507740
   4   35    1.235998   0.462988   12.335432  27.936875
   4   36    1.115420   0.410392    1.341918   6.512160
   4   37    1.040179   0.491400   27.534863   8.924311
   4   38    0.931710   0.402715   39.570458  29.849923
   4   39    0.829998   0.426766    7.137287  20.564206
   4   40    0.711986   0.427540   38.635926  20.360653
   4   41    0.632148   0.400365    3.454195  23.266326
   4   42    0.537849   0.459428   10.117204  17.926504
   4   43    0.483207   0.479565    8.578804  31.257795
   4   44    0.396022   0.493231   28.668773   3.854842
   4   45    0.239043   0.458805   14.757073  28.627712
   4   46    0.106238   0.487336   17.206956   8.315323
   4   47    0.099767   0.436386    2.951495  30.060062
   5    0    4.747797   0.542256   29.957528   6.960499
   5    1    4.636918   0.576059   13.475856  11.387987
   5    2    4.596364   0.530973    6.481149   9.929439
   5    3    4.471149   0.503666   33.868191  15.297789
   5    4    4.355230   0.544047    1.707136  39.754127
   5    5    4.207213   0.555991   11.708231  33.956333
   5    6    4.184612   0.524697   20.170149   4.258715
   5    7    4.088394   0.581495   23.874716   3.030860
   5    8    3.998930   0.546895   37.058444  36.362061
   5    9    3.884796   0.590750   28.776979  10.515503
   5   10    3.715152   0.532985   14.346395  14.764231
   5   11    3.678999   0.568162   14.384310  28.974138
   5   12    3.595381   0.516385   37.198039  17.818015
   5   13    3.458605   0.585962   12.415622   1.254492
   5   14    3.333765   0.529688   23.992499  37.456784
   5   15    3.268075   0.506474   17.841059  27.423751
   5   16    3.191642   0.538760    2.736155  30.870341
   5   17    3.011969   0.519294   12.886196  34.621235
   5   18    2.985500   0.549426   17.290527  34.690724
   5   19    2.838370   0.536309    6.018580  21.719003
   5   20    2.779908   0.584903    8.758895   9.770247
   5   21    2.664730   0.559356   18.935409  37.126564
   5   22    2.531984   0.569339   30.538722   4.204359
   5   23    2.438767   0.542856    8.360206  30.771200
   5   24    2.375299   0.555660   19.961027  38.072218
   5   25    2.254282   0.596893   34.495419  20.230696
   5   26    2.119277   0.504394   25.101925  25.438205
   5   27    2.065885   0.514991   24.266926  26.190605
   5   28    1.975236   0.554182   32.265582  17.477893
   5   29    1.867624   0.565209   25.035498   3.843477
   5   30    1.702111   0.524452   37.801929  35.162312
   5   31    1.618366   0.553241   23.239332   4.542794
   5   32    1.593760   0.556011   37.336529  40.754659
   5   33    1.411541   0.551786   12.470823   5.969664
   5   34    1.305378   0.526295    6.154032  14.443922
   5   35    1.298475   0.591799   36.779818   9.265658
   5   36    1.139157   0.572604   36.390767  15.760187
   5   37    1.083026   0.528054    7.534644  38.030454
   5   38    0.978729   0.518821   19.856023  38.986712
   5   39    0.810623   0.524032   35.961281  26.778295
   5   40    0.778247   0.528998   19.715678  17.604187
   5   41    0.677048   0.549250   38.520086  15.392555
   5   42    0.575146   0.504601   39.935870  14.872865
   5   43    0.481409   0.545936   18.568579  11.313050
   5   44    0.305691   0.501317   38.298495  15.978616
   5   45    0.243777   0.501341   25.297819  22.636007
   5   46    0.159329   0.566020   16.964338  11.739225
   5   47    0.000801   0.557005   19.718990  23.001949
   6    0    4.711692   0.684833   23.973748  34.687590
   6    1    4.682376   0.696940   17.515872  23.092040
   6    2    4.526786   0.689177   29.738808  35.418786
   6    3    4.459067   0.682945    9.867929  33.748775
   6    4    4.316427   0.688272   24.495011  10.408260
   6    5    4.233466   0.647191    5.887815  32.182184
   6    6    4.189461   0.683777   35.844532  12.078760
   6    7    4.029055   0.609707   14.106163   5.418043
   6    8    3.914583   0.675079    9.937227  27.713886
   6    9    3.807377   0.661557    5.475571  24.089915
   6   10    3.758764   0.682193   35.499580   5.886479
   6   11    3.618441   0.643274   36.654785  14.872115
   6   12    3.548357   0.697337   16.835844  17.390377
   6   13    3.460296   0.652477   39.873113  11.296059
   6   14    3.331877   0.625921   20.089730  22.234375
   6   15    3.291554   0.634675   24.464192  10.387712
   6   16    3.102274   0.693053    6.469018  15.077533
   6   17    3.005418   0.646840   25.197282  26.509220
   6   18    2.962179   0.672612    6.799551  38.555302
   6   19    2.835374   0.634658   33.823311  33.983070
   6   20    2.788185   0.642497   23.689136   7.266243
   6   21    2.621201   0.631227    2.791990  26.522479
   6   22    2.569650   0.681908   30.745920  34.759425
   6   23    2.419336   0.667494   13.885336  34.186992
   6   24    2.363801   0.604317   12.709898   1.682896
   6   25    2.293862   0.682885   19.552049  27.527608
   6   26    2.122132   0.663256   16.020240   5.323956
   6   27    2.073527   0.638344   31.016214   3.781041
   6   28    1.903128   0.677122   16.255223   9.092240
   6   29    1.806182   0.663365    4.772881  31.418059
   6   30    1.793279   0.693930   17.045590  25.066961
   6   31    1.684896   0.613673    7.872139  27.046132
   6   32    1.512163   0.657235   14.476219  33.549957
   6   33    1.459774   0.676802    2.432352  32.611965
   6   34    1.378076   0.640449   11.655078  10.636506
   6   35    1.286090   0.639127   21.112295  31.044762
   6   36    1.158197   0.688323   30.042465  18.136190
   6   37    1.092885   0.619772    7.810992   4.926422
   6   38    0.921780   0.641594   37.297622  29.746382
   6   39    0.886510   0.684357   11.653109   5.470145
   6   40    0.756104   0.623613   15.813866  23.201277
   6   41    0.630868   0.674686   27.356838  18.034277
   6   42    0.593143   0.636240   31.777435  20.189661
   6   43    0.470220   0.629228   11.370249  25.593480
   6   44    0.329961   0.646377   11.499323   4.154947
   6   45    0.281416   0.623678   30.701159   3.034697
   6   46    0.107766   0.644186   29.933438  30.661336
   6   47    0.060290   0.630863   40.154638  22.840621
   7    0    4.743366   0.719420   25.708463   5.830214
   7    1    4.661683   0.784928   33.731310  16.668751
   7    2    4.582468   0.733206   17.664882  25.421294
   7    3    4.424214   0.735993   37.228709  17.529389
   7    4    4.366803   0.759238   29.802694  40.453237
   7    5    4.219384   0.798386    1.626962  23.711263
   7    6    4.176500   0.730509   34.709390  24.828869
   7    7    4.069980   0.728042   40.629177  18.298778
   7    8    3.925434   0.755584   19.951824   6.250380
   7    9    3.884999   0.712846   30.765964  27.070185
   7   10    3.750486   0.761825    7.579710   3.780224
   7   11    3.657424   0.723423   38.762552   2.761308
   7   12    3.545651   0.782119   33.802489  13.723737
   7   13    3.467180   0.751316   38.406082  25.124740
   7   14    3.348940   0.726302    4.065400  20.079825
   7   15    3.224476   0.756476    7.939663   3.909770
   7   16    3.193766   0.768865   18.164661  16.626356
   7   17    3.078480   0.756651   39.048871   5.833584
   7   18    2.987219   0.740438   10.705700  14.777235
   7   19    2.802892   0.717528   19.795439  16.809617
   7   20    2.775197   0.732159   14.122460  14.668424
   7   21    2.653495   0.744385   16.391919  37.144236
   7   22    2.598772   0.709234   24.639858  16.500499
   7   23    2.473096   0.733497   32.500187  10.108247
   7   24    2.337499   0.782810   15.975540  24.985657
   7   25    2.296560   0.714735    9.775722   3.235032
   7   26    2.173548   0.707780   21.241136  11.817356
   7   27    2.082736   0.705518   29.668624  16.892436
   7   28    1.995606   0.758165   30.417286  29.401152
   7   29    1.871067   0.700709    4.031445  26.120841
   7   30    1.793417   0.781479    8.940763  33.655536
   7   31    1.628565   0.743036   20.872921   9.425158
   7   32    1.572650   0.748783   32.356084  34.511941
   7   33    1.417557   0.754291   21.635802  22.153809
   7   34    1.345466   0.798097   32.648076  29.813384
   7   35    1.276254   0.758810   27.665993  32.293057
   7   36    1.124700   0.715427    3.785898  31.631501
   7   37    1.062662   0.797638   26.079323  12.950369
   7   38    0.969031   0.709868   37.173110   3.592078
   7   39    0.867750   0.714301   29.021294  38.495808
   7   40    0.792797   0.717071   12.112427  13.619476
   7   41    0.656024   0.791259   15.354240  20.275764
   7   42    0.567318   0.708831   32.057868   8.580660
   7   43    0.440780   0.729873   10.095370   3.008626
   7   44    0.300632   0.795622   14.341062  15.629854
   7   45    0.247297   0.796115   14.468264  24.417354
   7   46    0.189485   0.783619    9.222541  29.625170
   7   47    0.060124   0.799283   28.219411  18.349167
   8    0    4.791238   0.888076    3.532923  36.808849
   8    1    4.690334   0.831603    5.890483  35.577928
   8    2    4.564025   0.810895   34.832918  32.013094
   8    3    4.435255   0.872896   20.026062   6.680074
   8    4    4.371043   0.861787    3.935206  29.973744
   8    5    4.236686   0.856368    6.835639  17.820294
   8    6    4.139331   0.839645   26.795233  30.904407
   8    7    4.073961   0.899089    3.617731  12.978423
   8    8    3.904649   0.893578   31.192098  36.303933
   8    9    3.855498   0.823910   32.293041  15.094387
   8   10    3.762288   0.851519   19.284709   3.040441
   8   11    3.696552   0.838289   19.682659  13.803300
   8   12    3.578703   0.838374   24.042505  32.075435
   8   13    3.491932   0.889923   12.706343  38.878145
   8   14    3.300754   0.805440    5.714040  32.761837
   8   15    3.210272   0.889104    5.464988  26.192792
   8   16    3.128208   0.858079    3.910855  24.470096
   8   17    3.051219   0.873328   25.210468   6.963404
   8   18    2.990788   0.899671   21.548066  14.366827
   8   19    2.818517   0.891002    5.495083  31.221602
   8   20    2.793638   0.806383    8.797207  23.490764
   8   21    2.670444   0.897954    7.331900  32.918065
   8   22    2.564501   0.809544   18.370888   2.841106
   8   23    2.414468   0.892980   12.986366  36.750573
   8   24    2.352222   0.890222   37.872933   7.013665
   8   25    2.215183   0.866817   12.058604  15.755781
   8   26    2.189355   0.884067   10.611676  34.990523
   8   27    2.083758   0.802687   25.804888  13.899355
   8   28    1.941741   0.853571   13.188214   6.009230
   8   29    1.813094   0.845952   33.185832   9.344408
   8   30    1.724808   0.809587   26.335416  13.007866
   8   31    1.615765   0.855454   30.917923  11.773457
   8   32    1.570222   0.854294   14.897605   6.962641
   8   33    1.411576   0.859745   39.844054  21.084483
   8   34    1.377133   0.873748    3.504853  12.504971
   8   35    1.298163   0.867674    1.227805   4.976952
   8   36    1.179862   0.829742   16.409913  18.525325
   8   37    1.021603   0.824730   29.115266  19.388967
   8   38    0.908295   0.887906   23.119869  27.041419
   8   39    0.844318   0.863997   38.697267  38.442077
   8   40    0.708557   0.871803   35.868641  19.428660
   8   41    0.684844   0.873796   35.643930  19.495508
   8   42    0.529724   0.851242   40.640557  11.181059
   8   43    0.478153   0.892785    7.672544   4.106973
   8   44    0.367394   0.857114   30.369254  34.691131
   8   45    0.276173   0.847752    7.148794   7.142472
   8   46    0.186860   0.864748    7.100239  14.107620
   8   47    0.076089   0.869285   12.310472  33.972823
   9    0    4.727459   0.903132   29.319506  37.150205
   9    1    4.628686   0.956219   24.741835  29.640001
   9    2    4.515319   0.928303    1.314664   5.830648
   9    3    4.440665   0.910969    2.015843  24.071630
   9    4    4.384329   0.945765   13.349084  21.350151
   9    5    4.243335   0.934789   36.960589  33.867329
   9    6    4.124547   0.979043    4.593662   8.013028
   9    7    4.055455   0.954501   38.795263  13.875895
   9    8    3.943600   0.959275   15.174821   6.817072
   9    9    3.820274   0.950400    6.420100  40.727629
   9   10    3.739811   0.954221   39.361478  31.451343
   9   11    3.645881   0.968772   10.433767  35.681436
   9   12    3.545812   0.964150    8.827723  17.752399
   9   13    3.424048   0.931906   17.990762  15.591619
   9   14    3.308402   0.986763    3.092056  12.240305
   9   15    3.245546   0.903469   23.400431  18.494606
   9   16    3.124135   0.993647    3.648064  16.176080
   9   17    3.069717   0.927758   27.408271   4.261196
   9   18    2.950892   0.966725   18.965505  28.652526
   9   19    2.842678   0.937627   39.389252  20.955147
   9   20    2.763170   0.914712    9.454796  15.550740
   9   21    2.692028   0.917779   19.221975  33.984337
   9   22    2.513318   0.926853   14.652015  10.764868
   9   23    2.456314   0.917609    9.401511  37.825947
   9   24    2.302224   0.923979   29.295527  11.918035
   9   25    2.234754   0.930975   32.987842   9.052514
   9   26    2.151142   0.935448   10.629463   4.862625
   9   27    2.066818   0.998982    9.275910  34.580937
   9   28    1.901427   0.964553    6.183313  19.578474
   9   29    1.872301   0.946331    6.612305  40.511891
   9   30    1.750856   0.904742    9.440954  24.652787
   9   31    1.600348   0.931727   10.572703  34.622385
   9   32    1.564038   0.934279   20.226520  28.345941
   9   33    1.450684   0.978554   35.753246  19.519523
   9   34    1.370087   0.947982   27.298559  11.317639
   9   35    1.241879   0.953247   10.718077  13.658832
   9   36    1.183308   0.981196    2.557998  29.408178
   9   37    1.010007   0.975708   18.184349  13.875844
   9   38    0.952056   0.943434   19.439496  34.439937
   9   39    0.826407   0.978625   16.315050   5.774925
   9   40    0.757258   0.906886    2.469826  26.824469
   9   41    0.625525   0.980702   22.029088  37.264658
   9   42    0.545260   0.988503   20.640997  35.830919
   9   43    0.432908   0.902575   23.527108  35.724392
   9   44    0.389725   0.923418   14.159871   1.691790
   9   45    0.279426   0.933576    6.770591  30.731908
   9   46    0.134231   0.952175   32.300121  28.292398
   9   47    0.080704   0.952551   29.440858  21.977415
  10    0    4.771048   1.034589   19.496410   6.010661
  10    1    4.650417   1.016543   15.943634  25.934467
  10    2    4.562230   1.058982   37.484753  31.344188
  10    3    4.402814   1.057466   38.313927   5.053643
  10    4    4.306740   1.037165   33.207076  13.281951
  10    5    4.283245   1.068744   10.415012  29.690188
  10    6    4.101743   1.062698   15.362054  35.948108
  10    7    4.045912   1.021463   36.614371  25.672103
  10    8    3.937517   1.062832   26.898366   2.865900
  10    9    3.875249   1.022658    1.158543  19.360486
  10   10    3.703626   1.092965   36.410589  20.259821
  10   11    3.621502   1.017206   40.757831  27.249256
  10   12    3.569029   1.006545   18.311964   5.134589
  10   13    3.492054   1.039126   30.430948   8.596678
  10   14    3.330770   1.083048    9.822409   8.439757
  10   15    3.207912   1.038133   11.448697   7.276442
  10   16    3.104669   1.011996   22.224132   4.449120
  10   17    3.099525   1.042952   40.254859  32.981352
  10   18    2.957140   1.011938   24.501319  14.554365
  10   19    2.877728   1.074129   38.531530  12.107981
  10   20    2.749810   1.009894    9.394419   6.992758
  10   21    2.674080   1.086015   37.115208  35.096000
  10   22    2.588048   1.018982   35.063584   3.598945
  10   23    2.400268   1.000073   10.258979  19.691151
  10   24    2.330828   1.029757   29.969935  30.491269
  10   25    2.228471   1.089856   11.775243  38.546174
  10   26    2.132518   1.074269   14.247333  11.673318
  10   27    2.043703   1.091708   30.882455   4.769329
  10   28    1.947274   1.030929   27.751441  22.851727
  10   29    1.865157   1.044700    3.118427  10.475407
  10   30    1.733606   1.012953   23.136899  17.341575
  10   31    1.676446   1.008290   20.471817  11.089514
  10   32    1.550556   1.023521    1.727505   6.751021
  10   33    1.444361   1.066848   24.922461  22.099155
  10   34    1.337532   1.066728   20.608356   6.207155
  10   35    1.242414   1.006473   20.870299  25.145501
  10   36    1.117486   1.074972   21.282976  37.205320
  10   37    1.028926   1.041406   24.471685   6.790017
  10   38    0.957481   1.050663    3.402492  40.734511
  10   39    0.859760   1.074870   21.690948  15.987946
  10   40    0.762054   1.022944   11.488024   9.151743
  10   41    0.643091   1.002306   11.914119  25.245458
  10   42    0.562939   1.088580   38.231474  37.348601
  10   43    0.467701   1.003762   10.260820  35.632575
  10   44    0.303783   1.040251   34.873994   2.073496
  10   45    0.257272   1.026556   29.269364  37.269316
  10   46    0.100415   1.085203   37.325459   2.843471
  10   47    0.021051   1.029389   39.419166   4.597792
  11    0    4.786041   1.122520    6.102333  18.699702
  11    1    4.685984   1.144692   37.993652  29.698323
  11    2    4.526420   1.178263   18.825393  12.131158
  11    3    4.407047   1.117294   37.075890  17.102929
  11    4    4.312642   1.194290   25.932823  24.811197
  11    5    4.260993   1.194369   14.008259  40.004895
  11    6    4.108544   1.128769    3.428250  19.362184
  11    7    4.034109   1.174155   11.436495  10.458388
  11    8    3.946126   1.154257   10.897389   7.183532
  11    9    3.816823   1.169058   29.097558  25.107443
  11   10    3.725513   1.132645   28.690966   4.448879
  11   11    3.617117   1.102575   35.799793  13.178932
  11   12    3.586048   1.105361   25.085723  16.698428
  11   13    3.400709   1.138786   27.582943  14.919451
  11   14    3.372064   1.161948   12.399310   7.022785
  11   15    3.258824   1.138272    6.834615  36.351366
  11   16    3.120660   1.140424   10.448967  13.654945
  11   17    3.094128   1.144888   17.178886  40.168577
  11   18    2.949517   1.168848    6.407951   9.857395
  11   19    2.802025   1.134128   20.241773   2.787868
  11   20    2.720331   1.179031   22.027722  22.311599
  11   21    2.607998   1.195716    2.937373  14.017023
  11   22    2.597884   1.110595   32.357968   3.787469
  11   23    2.402067   1.180543   17.707533  38.496209
  11   24    2.316069   1.176379    4.510617  31.690696
  11   25    2.288662   1.115258    3.186969  37.014422
  11   26    2.100392   1.178664   20.678038  16.156188
  11   27    2.044338   1.176556    9.054833  20.998123
  11   28    1.981503   1.149771   36.529694   9.676112
  11   29    1.846771   1.121621   16.372758   4.914495
  11   30    1.766266   1.140281   24.275585  14.821388
  11   31    1.606315   1.191185   23.498511   9.027063
  11   32    1.511682   1.193477   19.098868   7.435793
  11   33    1.496167   1.137334   17.703416   8.886732
  11   34    1.372639   1.125542    8.324107   9.752122
  11   35    1.238810   1.179427   33.910785  28.136614
  11   36    1.167063   1.177657   34.601688  21.200198
  11   37    1.064881   1.158421   34.511663  27.654334
  11   38    0.921445   1.118317    7.552946   4.246807
  11   39    0.816001   1.142390   28.003237  16.750788
  11   40    0.726029   1.152051   12.734683   8.427962
  11   41    0.615348   1.134194   39.234342  21.089685
  11   42    0.542159   1.134152   12.445755  17.804209
  11   43    0.478860   1.145993   10.331549  27.187471
  11   44    0.364304   1.100139   29.812509  25.390005
  11   45    0.285964   1.134730    8.918377  24.798584
  11   46    0.146234   1.193361   35.753899  12.678498
  11   47    0.071606   1.137700    9.029248  26.186265
  12    0    4.754635   1.214476   17.841167  23.203359
  12    1    4.641075   1.207974   30.158860  15.224504
  12    2    4.514107   1.222528   20.731055   6.149644
  12    3    4.445769   1.225732   11.176700   9.471969
  12    4    4.355085   1.288896   29.765547   9.345939
  12    5    4.291520   1.253423   18.375519   4.804115
  12    6    4.170620   1.242601   22.495248  20.540393
  12    7    4.081483   1.210218   40.711607  34.884959
  12    8    3.929297   1.248308   17.297518  11.683534
  12    9    3.822833   1.264352   30.333812  36.705329
  12   10    3.779724   1.226797   23.924580  13.011074
  12   11    3.650628   1.280725    2.787267  28.609710
  12   12    3.517106   1.261762    7.730859  12.040246
  12   13    3.443218   1.215524   38.816902  38.679114
  12   14    3.364331   1.236517   37.492900  17.163487
  12   15    3.221410   1.219643    8.484824  29.032717
  12   16    3.148835   1.209506   16.149234  26.343642
  12   17    3.038396   1.298347    8.354760  25.556329
  12   18    2.932152   1.268471   34.451667  18.485127
  12   19    2.879009   1.275851   23.785785  22.761053
  12   20    2.771654   1.299734   39.433499  38.375856
  12   21    2.695446   1.230427   40.916646  29.920827
  12   22    2.563404   1.271220   12.764253  15.664985
  12   23    2.411886   1.298138   16.711031  17.332831
  12   24    2.331343   1.255722    8.474567  24.161907
  12   25    2.232743   1.291462   10.473220  30.490077
  12   26    2.191235   1.214332    5.198937   9.812185
  12   27    2.088375   1.242821   26.532590   5.150798
  12   28    1.927840   1.219060   24.998095  34.026466
  12   29    1.848094   1.262449   35.334535  37.734558
  12   30    1.780722   1.218368   38.986842  33.608702
  12   31    1.623155   1.295020   28.964406   3.170340
  12   32    1.537911   1.239682   19.407231  29.350335
  12   33    1.472204   1.270139   27.170149  26.267168
  12   34    1.387311   1.278884   28.451061  22.427410
  12   35    1.208223   1.268033    1.238369   2.873115
  12   36    1.173319   1.248399   16.049684  21.057881
  12   37    1.089559   1.263701    5.617631  13.533908
  12   38    0.950547   1.242665   32.013228  19.446716
  12   39    0.857968   1.270281   40.971846  35.057592
  12   40    0.717839   1.232634    2.315354  26.866678
  12   41    0.663844   1.275553   37.385680  34.337085
  12   42    0.553973   1.219391   34.983776  16.793021
  12   43    0.492962   1.254256    2.732961   3.977729
  12   44    0.361491   1.261066    7.970787  14.330602
  12   45    0.280006   1.243297   28.758135  10.722276
  12   46    0.157029   1.236932   29.542142  24.742267
  12   47    0.062075   1.286941    6.209891  35.361046
  13    0    4.725334   1.327884   11.136684   6.707643
  13    1    4.690074   1.394732   10.405110   6.760323
  13    2    4.579834   1.373488   13.313157  11.011816
  13    3    4.477525   1.306146   19.890401  12.837347
  13    4    4.345195   1.312352   17.314741  18.683661
  13    5    4.224840   1.322882    3.407500   7.755594
  13    6    4.196705   1.324761   17.945881   2.173908
  13    7    4.012461   1.352219   14.157898  27.309330
  13    8    3.957687   1.374398   27.870044  18.983360
  13    9    3.808508   1.303000    5.401135  13.411756
  13   10    3.769259   1.389375    9.101130   9.221953
  13   11    3.685716   1.389584   27.710225  33.796346
  13   12    3.506874   1.331917   24.375283   6.899711
  13   13    3.488432   1.328498    5.746788   4.486329
  13   14    3.324980   1.380743   29.253944   9.320905
  13   15    3.233302   1.357547   21.207468  20.282549
  13   16    3.164943   1.390497   25.223038  19.773090
  13   17    3.067041   1.367757   28.632338  32.465253
  13   18    2.962089   1.398581    4.717244  25.772969
  13   19    2.841291   1.314849    2.055014   3.100697
  13   20    2.735241   1.321274   40.912373  18.451365
  13   21    2.698067   1.368771   13.013286  11.788724
  13   22    2.536592   1.318277    8.292932  38.229887
  13   23    2.489668   1.367394   34.228113  13.382839
  13   24    2.381045   1.307616    4.416005   7.762193
  13   25    2.284176   1.363578   28.297923   4.159553
  13   26    2.162353   1.381316   18.956683  25.183059
  13   27    2.031774   1.393615   37.044194   9.109153
  13   28    1.998412   1.306337    3.034280  39.028780
  13   29    1.888130   1.349428   14.683363  34.465292
  13   30    1.730063   1.394959   29.982682  10.762745
  13   31    1.608953   1.306936    6.789185  17.286176
  13   32    1.526474   1.394150   28.142224  31.660336
  13   33    1.444569   1.348646    7.048706   7.845380
  13   34    1.325956   1.374394    6.914540  37.877601
  13   35    1.275003   1.319774   25.104087  20.785678
  13   36    1.163539   1.395056   29.235907  40.848499
  13   37    1.034530   1.374140   11.311585  27.434560
  13   38    0.906133   1.385542    6.788668  39.725788
  13   39    0.880044   1.398541   28.038049  34.375433
  13   40    0.732359   1.309376   28.684371   8.400958
  13   41    0.659823   1.352510   32.154343  22.313813
  13   42    0.557359   1.371739   20.016329  31.708930
  13   43    0.438418   1.324094   39.674205  24.473129
  13   44    0.312915   1.390128   23.593377   3.743538
  13   45    0.229352   1.381702    1.026076   5.200064
  13   46    0.150180   1.372482   26.330639  15.780136
  13   47    0.080221   1.397089   24.234506  17.154683
  14    0    4.736087   1.437452   11.187220  12.121985
  14    1    4.644511   1.425176    3.326825   9.405906
  14    2    4.565237   1.467462    6.204757  39.257367
  14    3    4.461081   1.452696   40.569807  28.948187
  14    4    4.306571   1.406785    4.114858  17.034721
  14    5    4.245749   1.469528   13.680126   4.600593
  14    6    4.148619   1.404057   19.147513  20.133376
  14    7    4.079793   1.474117   32.941466  24.944760
  14    8    3.998385   1.451494   32.086604  13.927789
  14    9    3.857426   1.497520   38.200209  20.903555
  14   10    3.727127   1.491526   30.282736  40.913489
  14   11    3.628421   1.419371    2.000688  38.757539
  14   12    3.541354   1.445660   16.247645   2.183272
  14   13    3.443061   1.453483   12.660056  40.841682
  14   14    3.389296   1.470067   16.618517  23.012460
  14   15    3.274467   1.400794   29.871875  38.860064
  14   16    3.191893   1.457732   12.694614  12.432403
  14   17    3.058080   1.403030   15.466606  28.701622
  14   18    2.913055   1.487980   14.412659  23.741660
  14   19    2.849730   1.481711    3.246235  15.835310
  14   20    2.756492   1.470734   11.541491  36.224649
  14   21    2.662182   1.414042    4.349327  36.808358
  14   22    2.595855   1.445109   19.040583   7.917854
  14   23    2.495454   1.479723    8.391886  15.066615
  14   24    2.311219   1.469747    7.941058  15.083984
  14   25    2.228424   1.410881   15.668420  18.261298
  14   26    2.118153   1.485779   18.771909  36.124801
  14   27    2.088379   1.491081   21.986722   9.401746
  14   28    1.935640   1.442357   31.468185  15.983636
  14   29    1.861143   1.478776   15.248903  25.659133
  14   30    1.746095   1.449434   13.861989  21.658942
  14   31    1.647306   1.475573   11.680282  36.321365
  14   32    1.554480   1.462778   30.271165  10.270526
  14   33    1.409810   1.420337   39.646826   5.344725
  14   34    1.354256   1.412172    2.364631  18.190419
  14   35    1.294777   1.466411   10.290863  34.143141
  14   36    1.155414   1.455350   36.397384   3.070677
  14   37    1.040946   1.491162   36.753861   6.701249
  14   38    0.924313   1.477381    4.072254  10.170675
  14   39    0.823491   1.494535   17.544153  21.792750
  14   40    0.726325   1.458116    8.699540  30.206820
  14   41    0.605186   1.466471   24.646518  36.030868
  14   42    0.550485   1.498683    3.989749  28.017883
  14   43    0.492058   1.441819   33.259605  36.673025
  14   44    0.330404   1.432184   39.728692  29.659466
  14   45    0.211623   1.415732   37.586253  34.547170
  14   46    0.157627   1.443386   26.748273  20.111468
  14   47    0.049699   1.462609   15.890819  15.162498
  15    0    4.712443   1.587571   23.020368   4.602673
  15    1    4.696522   1.587231   18.076686  30.012628
  15    2    4.512814   1.529652    3.365235   3.626945
  15    3    4.464509   1.538062   10.326182  10.274590
  15    4    4.304679   1.521240    7.179991  25.045785
  15    5    4.248529   1.529538   23.884217   1.552328
  15    6    4.186288   1.595572   21.756721  26.242355
  15    7    4.004885   1.552723   18.856002  31.008688
  15    8    3.975559   1.588021   33.173871  25.112364
  15    9    3.827475   1.501818    8.928256   7.175216
  15   10    3.792622   1.583370    2.408622  40.747521
  15   11    3.698728   1.507815   39.212410  37.924375
  15   12    3.539769   1.550139   21.232018   2.987591
  15   13    3.488880   1.549951    6.947340  13.534117
  15   14    3.317968   1.546918   10.612686   4.587390
  15   15    3.270043   1.510670   23.588250  39.470051
  15   16    3.122908   1.576031    3.769013  40.565362
  15   17    3.001286   1.550400   36.847376  37.455770
  15   18    2.914230   1.515785   26.673777   6.370711
  15   19    2.827517   1.504777    2.541239   3.597197
  15   20    2.749138   1.584163   10.729202   9.826354
  15   21    2.618506   1.548791   18.638265  18.772137
  15   22    2.516046   1.574004    5.494565  31.375290
  15   23    2.454720   1.529883   27.689614  29.191534
  15   24    2.395200   1.552561    3.762454   2.978286
  15   25    2.243912   1.545153   38.865152  13.984226
  15   26    2.111418   1.536782   26.943914  28.081079
  15   27    2.026509   1.526609   37.105550  31.852331
  15   28    1.929133   1.539740   25.636735  13.389645
  15   29    1.898862   1.502777   34.440557  30.289689
  15   30    1.771864   1.533334   28.415208  27.762345
  15   31    1.651260   1.525034   37.312567   8.551101
  15   32    1.527063   1.587746   21.293753   4.348118
  15   33    1.482391   1.582632   13.783636  29.505434
  15   34    1.322936   1.529054   20.980867  39.170176
  15   35    1.213532   1.581694    5.793204  35.700945
  15   36    1.136427   1.503017   36.953910  32.674976
  15   37    1.084252   1.530315   24.172814   1.416515
  15   38    0.910979   1.545238   20.549309  10.336561
  15   39    0.866779   1.554459    7.913183   5.167792
  15   40    0.728977   1.535752   33.676829  24.226669
  15   41    0.688443   1.567463    4.218059  16.082531
  15   42    0.596985   1.559535   15.430601  39.531314
  15   43    0.400705   1.529730   32.168342  32.754778
  15   44    0.361940   1.503509    1.783695   8.314882
  15   45    0.279302   1.564603   30.359024  14.632800
  15   46    0.183391   1.595354   21.717049  27.403065
  15   47    0.082887   1.541417   17.660557   3.691028
  16    0    4.740684   1.629718   32.547660  28.076289
  16    1    4.637306   1.697372   36.295321  28.081556
  16    2    4.554698   1.633423    7.884984  12.335596
  16    3    4.449268   1.646150   37.708931   9.656073
  16    4    4.351247   1.692825   13.558567  33.823268
  16    5    4.286659   1.613077   14.255180   3.694407
  16    6    4.187758   1.603686   40.023987   1.050753
  16    7    4.093128   1.644170   13.502479   1.871170
  16    8    3.906094   1.606765   24.168242  36.406828
  16    9    3.831802   1.659537   37.008725  28.437322
  16   10    3.762593   1.640778    9.099804  36.489187
  16   11    3.677147   1.660368   21.700567  34.788760
  16   12    3.521465   1.678469   37.422593   7.622986
  16   13    3.494930   1.653171    9.532141  29.039378
  16   14    3.379600   1.611237   31.657205  15.000189
  16   15    3.268167   1.624899   29.887360   4.911325
  16   16    3.119661   1.613097   24.886791  24.693855
  16   17    3.041646   1.688269   29.228962  38.200535
  16   18    2.964017   1.645696   25.369035  14.871841
  16   19    2.869258   1.617857   23.786520  39.270886
  16   20    2.724637   1.662726   10.769754   5.854684
  16   21    2.656850   1.614419    3.614743   6.475675
  16   22    2.513481   1.634228   10.837701  28.232761
  16   23    2.498707   1.667438   20.142406  18.100401
  16   24    2.394258   1.639165   31.754203  34.078115
  16   25    2.207977   1.634022   24.371353  29.366163
  16   26    2.119573   1.668064   21.055357  38.356675
  16   27    2.040533   1.616052   29.174035   6.228298
  16   28    1.907584   1.636622    8.938533  35.966885
  16   29    1.807690   1.696872    6.677159  29.150176
  16   30    1.769177   1.635886   29.929027  34.401075
  16   31    1.666137   1.693847   40.508038  17.727414
  16   32    1.500526   1.634921   28.296753  32.846245
  16   33    1.463137   1.693729   32.719328  20.983053
  16   34    1.306532   1.607888    1.276921   5.611200
  16   35    1.201697   1.664080   36.496880  28.349571
  16   36    1.118255   1.678963   16.062738  31.087329
  16   37    1.073893   1.675857    8.294513  22.798916
  16   38    0.911831   1.665819    9.702188   7.020610
  16   39    0.890922   1.629807    6.828571  40.277048
  16   40    0.727709   1.655147    5.445053  28.692735
  16   41    0.615674   1.652470   11.404168  38.544804
  16   42    0.527224   1.662206   34.750368  38.679586
  16   43    0.477766   1.616325   28.334144  13.722196
  16   44    0.308555   1.610448    1.078587  25.175561
  16   45    0.221953   1.643048    1.750740  34.278584
  16   46    0.136089   1.616962   39.756779  10.442614
  16   47    0.008719   1.668843    3.899131   9.906456
  17    0    4.715981   1.784854   17.619258  11.763145
  17    1    4.650582   1.786463   10.040989  36.661881
  17    2    4.576423   1.784578   36.790097  34.346199
  17    3    4.429283   1.729811   24.385290  19.950006
  17    4    4.383656   1.752869   38.888035   8.956768
  17    5    4.297518   1.733883   16.002694  13.379268
  17    6    4.144223   1.750107    9.098380  16.608261
  17    7    4.024234   1.785377    7.468839   4.203321
  17    8    3.910244   1.794776   13.970521  28.478561
  17    9    3.894780   1.777390   14.020977   5.014990
  17   10    3.717707   1.737146   12.463781  11.280368
  17   11    3.626294   1.795421   37.301447  36.551860
  17   12    3.547797   1.743382   16.678358   6.636867
  17   13    3.404735   1.791291   15.300516  27.918445
  17   14    3.308238   1.736004   26.872200   7.584044
  17   15    3.292810   1.746610   38.900224  18.225162
  17   16    3.185425   1.776924   24.778695   6.141314
  17   17    3.097821   1.788042   25.459879  37.589693
  17   18    2.918811   1.785282   19.904135  32.962414
  17   19    2.825052   1.792942   31.172965  35.641575
  17   20    2.796566   1.753858   25.397976  33.398842
  17   21    2.675828   1.715765    6.464241  12.116228
  17   22    2.565961   1.765047   13.252967  23.878429
  17   23    2.479749   1.773226   12.484903   6.819889
  17   24    2.393245   1.710229    3.006291  28.321940
  17   25    2.277834   1.749300    1.802732  25.192278
  17   26    2.195954   1.784812   33.776937   6.390924
  17   27    2.097454   1.719938   22.673210  30.889106
  17   28    1.905664   1.765313   16.388543  33.680335
  17   29    1.880908   1.751746   13.816658  28.251861
  17   30    1.701117   1.774534   40.491071  18.539757
  17   31    1.647371   1.798935   15.415504  25.227610
  17   32    1.580482   1.706260   21.008684   1.027394
  17   33    1.482703   1.708443   32.084856  31.246879
  17   34    1.317163   1.711812    8.905289  16.571279
  17   35    1.263222   1.744448   24.858614   4.762979
  17   36    1.166160   1.747413   23.173267  20.232480
  17   37    1.028020   1.760350   21.772426  21.601461
  17   38    0.957388   1.743509    4.114959  17.035391
  17   39    0.819805   1.778833   40.413841   7.963690
  17   40    0.728709   1.785024    2.400563   9.650512
  17   41    0.616483   1.788776   10.849089  10.873845
  17   42    0.514569   1.784989    4.050140  16.785425
  17   43    0.474806   1.731518   13.624977   4.053973
  17   44    0.316222   1.793064    8.401496  33.959992
  17   45    0.203419   1.728410   25.083432   8.657014
  17   46    0.136457   1.705176    4.289773   2.912117
  17   47    0.075516   1.796599   31.015332   5.983054
  18    0    4.765527   1.830834    9.078643  26.700725
  18    1    4.681045   1.810602   29.719271  13.249359
  18    2    4.555695   1.830638   25.847053  14.642903
  18    3    4.405032   1.893555   16.820008  23.680050
  18    4    4.319341   1.858072   35.949549  24.542507
  18    5    4.202092   1.863860    6.740402  38.626615
  18    6    4.130037   1.826897   17.332249  29.237799
  18    7    4.017566   1.820511   19.509681  22.125747
  18    8    3.997272   1.878268   23.400614  30.316019
  18    9    3.882957   1.823504   26.629979   7.246306
  18   10    3.723727   1.840175   12.899218  13.913120
  18   11    3.687476   1.814517   26.012133  18.772537
  18   12    3.539031   1.855886   28.177791  31.837169
  18   13    3.498500   1.827433   23.530765  28.215969
  18   14    3.335883   1.807766   37.381853  15.824271
  18   15    3.271607   1.858300   17.537795  24.843738
  18   16    3.113214   1.878195    5.520351  33.556153
  18   17    3.055600   1.899967   32.712520  30.356394
  18   18    2.956768   1.870252   20.026727  12.138878
  18   19    2.859579   1.897921   30.915536  25.043561
  18   20    2.760018   1.857418    8.343967   8.062465
  18   21    2.607566   1.850699   19.252763   9.691130
  18   22    2.507788   1.843759   28.228178  12.231496
  18   23    2.461611   1.860824   39.344962  40.208978
  18   24    2.311238   1.893889    5.879363   4.477118
  18   25    2.246523   1.840328   36.837162  40.893521
  18   26    2.196080   1.835448   22.672084  34.031150
  18   27    2.058494   1.888688   36.471465   7.434725
  18   28    1.905917   1.845941    8.172781  20.763317
  18   29    1.885888   1.890421   25.585809  12.222497
  18   30    1.789565   1.810466   25.294584  26.552960
  18   31    1.613335   1.824577   37.690275  22.202707
  18   32    1.595005   1.877210   32.854507  16.986850
  18   33    1.420021   1.839045    7.811619  13.478397
  18   34    1.393301   1.843535    1.461979  20.645098
  18   35    1.219664   1.818810    2.585773  17.047043
  18   36    1.103381   1.877067   20.581726  16.557418
  18   37    1.023195   1.869248   10.617105  36.510055
  18   38    0.983014   1.813400    7.778091  39.982325
  18   39    0.835520   1.843020   12.412300   1.286009
  18   40    0.792605   1.874876   15.561933  12.482194
  18   41    0.624960   1.862306   14.235792  17.804410
  18   42    0.526658   1.823330    6.925300  34.337360
  18   43    0.428138   1.826851    6.522725  36.352121
  18   44    0.342752   1.893796   17.563164   5.662818
  18   45    0.274034   1.852731   35.024498  22.689876
  18   46    0.199870   1.855880   40.945526  27.161332
  18   47    0.028820   1.856743   31.651009  11.251620
  19    0    4.746692   1.914802    1.817296  32.267117
  19    1    4.677826   1.986955   22.012754  20.684747
  19    2    4.576161   1.995116   24.367406  39.504565
  19    3    4.472624   1.901267    7.955039  12.684591
  19    4    4.385179   1.946657   13.222658   7.206767
  19    5    4.279686   1.912669   15.915594  31.521857
  19    6    4.147738   1.974499   28.585908   2.308944
  19    7    4.072470   1.952454   25.725946  14.356986
  19    8    3.926096   1.922521   11.252211  20.752172
  19    9    3.811016   1.950756   29.515984  31.380765
  19   10    3.707774   1.933648   18.900639  39.103113
  19   11    3.652268   1.997569   36.670192  20.015788
  19   12    3.566232   1.968908   31.973547  15.315796
  19   13    3.430325   1.926780   38.323117  18.858715
  19   14    3.300015   1.992163   15.619095  31.131755
  19   15    3.238690   1.960800   13.670655   4.738566
  19   16    3.108932   1.917687    3.586951  19.435206
  19   17    3.036360   1.963978   40.412854  10.211605
  19   18    2.916577   1.973734   20.631098  26.950203
  19   19    2.886178   1.979295   22.932964   9.008684
  19   20    2.745997   1.956835    1.887781   5.987063
  19   21    2.617406   1.964707   34.356523  23.396234
  19   22    2.599786   1.938717   20.860678  28.515635
  19   23    2.484818   1.903012   22.423351  30.107391
  19   24    2.387182   1.940649   22.059413  11.663330
  19   25    2.273877   1.932310   14.144368  40.445065
  19   26    2.178919   1.908397   30.001649  15.806102
  19   27    2.075671   1.932829   10.504238   5.354070
  19   28    1.955653   1.905111   33.203001   4.740932
  19   29    1.826292   1.910340   10.009860  27.704757
  19   30    1.747719   1.989138   19.943119   1.998632
  19   31    1.673181   1.936376   38.673847  31.725871
  19   32    1.542769   1.959112   12.010312  38.176125
  19   33    1.495765   1.941107   14.061146  23.469718
  19   34    1.363535   1.929609    3.291199   1.237675
  19   35    1.269265   1.906031   12.316049  16.387990
  19   36    1.190536   1.947246   21.985866  35.054819
  19   37    1.019105   1.970485   39.625878  32.541929
  19   38    0.923934   1.969315   18.393147   1.025121
  19   39    0.868698   1.948540   13.366726   2.665849
  19   40    0.745110   1.904865   14.624646   3.430112
  19   41    0.635631   1.950961   13.215661  37.248283
  19   42    0.551672   1.961609   18.270211   1.263159
  19   43    0.480398   1.920711    8.802883  25.990415
  19   44    0.399688   1.951108   38.951634   7.578275
  19   45    0.257828   1.919840    8.016393   4.446696
  19   46    0.193858   1.979405   34.865402  31.981207
  19   47    0.064221   1.950641   18.860766   4.347912
  20    0    4.720161   2.090597   35.829394  32.704456
  20    1    4.612943   2.054600   17.810723  18.052241
  20    2    4.516181   2.036796   40.012472  31.778189
  20    3    4.407883   2.008920   28.889228  17.765184
  20    4    4.321887   2.019522    3.439993  10.129325
  20    5    4.217625   2.032314   40.238897  36.614543
  20    6    4.148066   2.084764   14.532321  39.011375
  20    7    4.083605   2.019268   18.744610  21.361944
  20    8    3.940934   2.056787   10.347473  39.987938
  20    9    3.822733   2.045118    8.304221  25.477705
  20   10    3.709601   2.064206   26.863108  37.763072
  20   11    3.609102   2.023070   13.633367   6.501179
  20   12    3.518165   2.045955   22.547143  18.472055
  20   13    3.440405   2.048667   39.029419  23.053992
  20   14    3.326110   2.024460   12.630289  10.616385
  20   15    3.212520   2.037242   30.308696  34.568934
  20   16    3.189512   2.098670   40.907944   6.647162
  20   17    3.040518   2.045530   38.170103  30.742542
  20   18    2.911227   2.040555   36.562858  40.271315
  20   19    2.875929   2.069892    2.527432  17.914759
  20   20    2.750809   2.075268   15.414121   7.875454
  20   21    2.678618   2.030483   29.891636  26.024344
  20   22    2.574323   2.087361   28.162025  32.032433
  20   23    2.406988   2.083236   19.673427  12.484032
  20   24    2.340538   2.023285   12.612467  30.876021
  20   25    2.292468   2.049655   30.315616   8.264738
  20   26    2.183161   2.053873   32.528584  39.199396
  20   27    2.063385   2.018207   22.453702  36.673442
  20   28    1.958845   2.019554    2.671385   5.453495
  20   29    1.879285   2.050467   13.842238  36.754677
  20   30    1.787617   2.005803   27.755227  23.391539
  20   31    1.629663   2.020219   29.573593  40.940856
  20   32    1.516195   2.086603    2.458007   7.926406
  20   33    1.440803   2.024333   11.154791  30.522019
  20   34    1.385349   2.029709   10.290043  11.837796
  20   35    1.221039   2.030539   19.297151  22.700837
  20   36    1.180009   2.079053    1.039643  23.286481
  20   37    1.058260   2.069070   27.812532  29.444083
  20   38    0.985257   2.016839   19.677465  23.663209
  20   39    0.863838   2.032721   39.799050  11.037050
  20   40    0.762665   2.060723   24.015786   1.120173
  20   41    0.634420   2.022961    2.338182  26.192722
  20   42    0.599601   2.069916   24.082904  27.203266
  20   43    0.477130   2.068547   12.214246  15.762823
  20   44    0.369199   2.018139   23.086934  12.323626
  20   45    0.214735   2.047446   32.706311   8.543171
  20   46    0.170629   2.041055   38.007325  40.377325
  20   47    0.055196   2.062938   20.291640   5.361089
  21    0    4.798080   2.181157    7.266489   3.642356
  21    1    4.674766   2.160364   30.138846  21.577911
  21    2    4.512593   2.134013   13.598015  16.152361
  21    3    4.425430   2.122288   10.557996  28.334983
  21    4    4.363416   2.146395    2.141956  17.066894
  21    5    4.235966   2.146734    9.113960  29.316805
  21    6    4.124982   2.128982   16.961796   5.128304
  21    7    4.031281   2.195659   36.898365   2.500333
  21    8    3.981946   2.124190   33.591723  31.115626
  21    9    3.846932   2.198992   32.494587   5.304748
  21   10    3.707863   2.113127   10.886922  17.276208
  21   11    3.664844   2.113313   33.459255  26.751287
  21   12    3.543184   2.154761   22.363648  31.036093
  21   13    3.442245   2.163670   40.682821  11.688098
  21   14    3.385163   2.125068   15.379921  14.860494
  21   15    3.248719   2.142017   29.780814  39.830342
  21   16    3.156064   2.164314    5.921717   4.956006
  21   17    3.065993   2.196443    3.706438  36.311111
  21   18    2.916775   2.146513   27.423632  38.576536
  21   19    2.841736   2.121580   12.064263  20.634019
  21   20    2.740460   2.156755   33.967018  13.015205
  21   21    2.622103   2.152523    5.143802   7.363660
  21   22    2.555328   2.199241   11.362680  38.934823
  21   23    2.418163   2.172077    4.480832  14.585423
  21   24    2.306925   2.161745   14.039279   6.509835
  21   25    2.288574   2.164320   36.793396  15.111464
  21   26    2.178487   2.130648    1.322638  34.922951
  21   27    2.044999   2.186207   34.428452  40.604962
  21   28    1.943022   2.184782   33.605225   4.079977
  21   29    1.807741   2.183366   12.994238  20.240090
  21   30    1.702649   2.196042    7.069141  31.976703
  21   31    1.656974   2.146246   15.642449  23.210443
  21   32    1.599595   2.130018   15.040002   1.971980
  21   33    1.439654   2.188409    3.503414  18.343976
  21   34    1.358885   2.170910   24.713180  21.291459
  21   35    1.203850   2.130043   33.066492  24.277830
  21   36    1.145348   2.191517    9.907911   5.406761
  21   37    1.040707   2.186669   13.837004  40.091720
  21   38    0.986992   2.151342   23.668848  32.505181
  21   39    0.819643   2.195513    3.390049  18.993883
  21   40    0.733086   2.133655    8.948718  18.085299
  21   41    0.604606   2.160187   11.980630  16.598891
  21   42    0.578513   2.125830   31.269766  21.784243
  21   43    0.438370   2.158078   15.158589  30.531949
  21   44    0.395976   2.106361   34.175774  36.862599
  21   45    0.277799   2.134224   30.375878  29.539609
  21   46    0.174588   2.126634    6.450464  27.343333
  21   47    0.055936   2.100517   22.362796   7.982145
  22    0    4.767202   2.265915    9.492203  28.621352
  22    1    4.636467   2.269666   22.088859  35.528144
  22    2    4.599486   2.293925    3.898939  34.430689
  22    3    4.412765   2.279668   15.413034   2.067186
  22    4    4.391346   2.296984   36.231406  36.376562
  22    5    4.287200   2.206394   40.067145   4.301787
  22    6    4.185690   2.210904   20.086666   1.809921
  22    7    4.046784   2.219443    3.405311   3.175109
  22    8    3.970883   2.256626   30.028133  11.642368
  22    9    3.828446   2.209552   38.391328  20.236235
  22   10    3.721382   2.293104    2.582293  31.769660
  22   11    3.641376   2.204603   31.585004  16.240136
  22   12    3.566130   2.285941    5.426369  20.092337
  22   13    3.484860   2.295696    4.427468  26.724752
  22   14    3.326202   2.240076   34.055283  35.692292
  22   15    3.267901   2.214749   27.914588  37.002940
  22   16    3.142020   2.260087   24.630289  37.544453
  22   17    3.001663   2.240742   20.786661  22.952343
  22   18    2.936122   2.282660   32.375743  17.213023
  22   19    2.897410   2.262988    2.651610   4.181548
  22   20    2.730048   2.272363   36.804525   3.302067
  22   21    2.661099   2.296706   25.997992  12.596208
  22   22    2.553310   2.284047   38.216694  25.000526
  22   23    2.431140   2.228712   14.843177  12.084143
  22   24    2.348765   2.273052    4.330009   7.882057
  22   25    2.258129   2.269145   12.801115  13.983700
  22   26    2.191837   2.277836   11.565040  37.190421
  22   27    2.074418   2.298963    9.643193  38.195010
  22   28    1.901162   2.208737    2.421618  22.161437
  22   29    1.847448   2.232297   12.964709  11.239067
  22   30    1.725084   2.251284   28.547467   9.502838
  22   31    1.653579   2.257815   40.358600  10.264872
  22   32    1.542318   2.232794   28.513899  24.973685
  22   33    1.448950   2.283833   27.537069  15.950205
  22   34    1.315715   2.206964   19.977542   9.075304
  22   35    1.250495   2.288248   39.130875   7.436880
  22   36    1.185661   2.282752   27.821102  36.186013
  22   37    1.073734   2.266203   31.435068  18.886685
  22   38    0.984068   2.261013    3.030252   6.042228
  22   39    0.804347   2.275951   30.159030  39.939485
  22   40    0.791205   2.245243   11.477783  12.288860
  22   41    0.607778   2.206516   31.277757  21.300298
  22   42    0.545831   2.261195    7.450229  24.892199
  22   43    0.405224   2.229515    9.370361  21.877468
  22   44    0.354125   2.254229   33.666223  11.528828
  22   45    0.265381   2.251908    5.370837  25.339365
  22   46    0.124855   2.232975   27.699925   7.634383
  22   47    0.079180   2.256464    4.445213   1.652351
  23    0    4.787030   2.393209    4.136910   5.616335
  23    1    4.699482   2.302354    4.748259  33.108076
  23    2    4.521969   2.386794   22.453970  30.805238
  23    3    4.439347   2.359587   39.101982   4.543466
  23    4    4.364279   2.397130    2.528346   5.039222
  23    5    4.230965   2.367872   24.177212  33.902092
  23    6    4.195651   2.344771   32.845978   8.346824
  23    7    4.052713   2.343010   15.548640  11.980907
  23    8    3.971725   2.374672   10.892409  15.013560
  23    9    3.834066   2.302085   22.032731   9.151665
  23   10    3.785422   2.370018   20.874042  22.387933
  23   11    3.647180   2.342471   19.006997  12.041633
  23   12    3.580224   2.396643   30.831540  29.102929
  23   13    3.489987   2.389074   37.948184  34.603534
  23   14    3.383813   2.306776   39.371167  33.959310
  23   15    3.258507   2.319252   38.215976  25.699964
  23   16    3.136275   2.321161    1.653993  37.537388
  23   17    3.095817   2.385494    7.147896   9.272835
  23   18    2.937775   2.364577   34.946899  15.674202
  23   19    2.891750   2.382211   25.820141  23.363721
  23   20    2.738160   2.351345   25.953403  37.263415
  23   21    2.690892   2.344892   40.368143  30.696282
  23   22    2.535380   2.304636   35.306396  38.405487
  23   23    2.446808   2.327380   32.549727  16.227263
  23   24    2.340927   2.346206   19.018918  40.756044
  23   25    2.237682   2.376196   28.272779   6.017871
  23   26    2.108681   2.311667    2.353186  13.990642
  23   27    2.032678   2.309574   39.098424  16.972663
  23   28    1.908590   2.330446   28.482147  10.624466
  23   29    1.869318   2.313306   39.269745  18.438348
  23   30    1.758586   2.359341    2.481869   5.995787
  23   31    1.670044   2.385463   39.605169  14.350284
  23   32    1.506892   2.373868   40.607181  17.042335
  23   33    1.490888   2.397763   29.634695  18.559696
  23   34    1.382609   2.302579   35.467009  30.570059
  23   35    1.256787   2.392567   20.646183  36.169999
  23   36    1.105005   2.336104   19.629922   5.034027
  23   37    1.096576   2.301432   34.848020  20.155904
  23   38    0.961355   2.354879   33.354473  39.421579
  23   39    0.846052   2.353622    9.643521  25.234302
  23   40    0.729518   2.397350   16.552982   8.648114
  23   41    0.639791   2.341164   21.051481  29.901235
  23   42    0.534591   2.333897   30.761453  26.946237
  23   43    0.461453   2.320772   16.596373  22.744564
  23   44    0.389062   2.320830   33.802402  19.049286
  23   45    0.268369   2.362381   25.530736  30.587281
  23   46    0.172785   2.383464   37.991431  13.540572
  23   47    0.049046   2.399038   23.041366   3.711691
  24    0    4.762961   2.417680   22.152427   3.559991
  24    1    4.611964   2.493544   25.129986  27.360033
  24    2    4.524939   2.405262   38.370346  27.129970
  24    3    4.440679   2.413521   22.148124  38.902413
  24    4    4.322235   2.409957   36.324611  22.683017
  24    5    4.283746   2.498452   21.505008  16.508212
  24    6    4.198610   2.458345   21.210186  14.943462
  24    7    4.078310   2.409787    3.856329  27.852483
  24    8    3.926334   2.412481   25.667479   2.136298
  24    9    3.833509   2.478328    2.120807  26.334132
  24   10    3.702954   2.409720   11.806283  27.566333
  24   11    3.623920   2.401893   28.960536  17.478006
  24   12    3.513961   2.479201   26.323007   6.931164
  24   13    3.464287   2.400645    5.900160  29.638323
  24   14    3.360656   2.444190   29.874546  27.301834
  24   15    3.254632   2.407499   26.048996  10.816175
  24   16    3.181336   2.484811   11.286170  34.525303
  24   17    3.099617   2.456647   12.429274  17.349181
  24   18    2.969621   2.466650   37.834886   2.873208
  24   19    2.817624   2.434535   35.202727  20.426641
  24   20    2.716265   2.437289   24.763807  34.081681
  24   21    2.663522   2.474508   23.626837  12.828881
  24   22    2.570267   2.455057   30.347080   2.497312
  24   23    2.494474   2.408849   32.361093  10.984785
  24   24    2.331375   2.442089   37.239050  28.864668
  24   25    2.210355   2.440102   36.782687  16.386813
  24   26    2.149285   2.447265   26.505329  27.361062
  24   27    2.099520   2.457323   38.260134  25.598132
  24   28    1.914870   2.463671    7.647571  28.804619
  24   29    1.816590   2.402311   17.872366  39.531786
  24   30    1.785732   2.469930   16.097756  17.531961
  24   31    1.611868   2.485876   25.849905  40.377157
  24   32    1.592168   2.455087    9.071895  30.262166
  24   33    1.421687   2.464851   34.053802  38.494257
  24   34    1.320309   2.442694    1.337098  12.333968
  24   35    1.215637   2.416839   30.097062  21.791742
  24   36    1.166788   2.451308    4.360031  10.023465
  24   37    1.080125   2.491547   34.252367   6.549817
  24   38    0.903684   2.415841    5.468836  17.219934
  24   39    0.898059   2.475126   34.078955  31.344520
  24   40    0.783827   2.447015   28.074664  30.557645
  24   41    0.661728   2.477024   16.740569  14.675212
  24   42    0.554723   2.424642    9.663017  39.171885
  24   43    0.430054   2.437682   15.275479  32.092368
  24   44    0.334407   2.404540   21.179171  23.567727
  24   45    0.212380   2.459762   12.618615  40.068122
  24   46    0.134487   2.468573   29.596018   2.660375
  24   47    0.028865   2.485631   25.964922  21.547294
  25    0    4.794434   2.562673   14.866699  28.866235
  25    1    4.662243   2.579466    4.102115  32.061966
  25    2    4.516852   2.548630   33.128506  28.194180
  25    3    4.477390   2.523609   31.630071   5.487968
  25    4    4.366046   2.542030    9.938558  35.606776
  25    5    4.243590   2.505712   26.523151  34.966969
  25    6    4.111611   2.520931   10.485829   5.491568
  25    7    4.049791   2.555707    1.280820  17.213147
  25    8    3.965091   2.567687   28.138184  22.902817
  25    9    3.855364   2.589809   32.950985  37.368761
  25   10    3.770929   2.549808   38.347108   3.304405
  25   11    3.668024   2.532498   33.599535  36.768245
  25   12    3.573008   2.554788   21.846918   6.864930
  25   13    3.486559   2.516849   30.338641  27.415733
  25   14    3.384986   2.568601   29.249266  27.926339
  25   15    3.288862   2.508587   32.815418  34.676298
  25   16    3.146464   2.527821   18.547848  31.087734
  25   17    3.085554   2.559875    6.101622  23.626419
  25   18    2.947696   2.581349   27.712250  12.416322
  25   19    2.896053   2.575145   18.214131  14.704576
  25   20    2.753110   2.569272    6.463972   7.617797
  25   21    2.637488   2.563139   14.034993  20.748145
  25   22    2.548342   2.563583    4.491692   8.568707
  25   23    2.447198   2.556878    1.188916  20.198081
  25   24    2.376807   2.518363   37.776923   5.433750
  25   25    2.286802   2.506398   38.475110  40.198203
  25   26    2.119987   2.545426   30.365264   3.661180
  25   27    2.099978   2.587884   13.739480  38.511199
  25   28    1.910699   2.565565   35.832513  33.469855
  25   29    1.817041   2.527197   25.612213   4.618784
  25   30    1.750537   2.585202   40.858974  34.011779
  25   31    1.617320   2.505849    2.324869  28.068743
  25   32    1.531470   2.513601    2.739345  15.214272
  25   33    1.475049   2.503088   40.860156   6.076942
  25   34    1.337292   2.566756   13.319652  37.376236
  25   35    1.226132   2.529041   30.976613  22.587640
  25   36    1.123157   2.500636   13.766736  21.913297
  25   37    1.001635   2.520762    1.189517  27.440820
  25   38    0.940865   2.578694   27.739879  16.216907
  25   39    0.879196   2.505547    7.578360  36.990509
  25   40    0.793889   2.506363   34.948212   1.412801
  25   41    0.605852   2.584010    1.330328  26.463399
  25   42    0.569312   2.558733   12.741606  13.874534
  25   43    0.444841   2.549212   37.218271  29.542395
  25   44    0.303880   2.586675   10.296817   9.668118
  25   45    0.294972   2.537498   22.750696  22.105014
  25   46    0.198347   2.511380   28.124716  15.674086
  25   47    0.024010   2.501735   36.520421  24.741882
  26    0    4.798069   2.607645   35.038489   1.953655
  26    1    4.647283   2.608296   24.317541  32.625890
  26    2    4.508492   2.632133   25.386775  16.995932
  26    3    4.469312   2.685368   12.861450  31.497864
  26    4    4.311750   2.674502    1.269748  10.803447
  26    5    4.289806   2.692112   23.545723   4.979953
  26    6    4.195016   2.696408   37.620227  30.343601
  26    7    4.055682   2.635671   22.378715   1.123203
  26    8    3.992544   2.676312   32.445960  27.713926
  26    9    3.818057   2.636190   27.341793   5.041150
  26   10    3.781545   2.696400   40.193280  13.439371
  26   11    3.627264   2.628791   30.676204  39.676531
  26   12    3.557092   2.692066   33.106409  35.640143
  26   13    3.469940   2.695819    1.148618  28.193551
  26   14    3.343172   2.634075   13.620732  30.378935
  26   15    3.220105   2.642699   30.134450  19.183456
  26   16    3.175818   2.628880   10.242438   9.316697
  26   17    3.040903   2.666414   35.397150  39.816459
  26   18    2.919954   2.603505   30.030987   7.876408
  26   19    2.835291   2.616842   17.730693  22.268397
  26   20    2.754110   2.688010   32.714907  30.434627
  26   21    2.602456   2.618116   38.171556  25.195794
  26   22    2.576633   2.620734   34.635518  18.630911
  26   23    2.412126   2.699681    7.275559  24.728327
  26   24    2.353304   2.679376   25.127216  34.705502
  26   25    2.261159   2.684865   12.993988  38.393002
  26   26    2.139461   2.684395    3.607018  33.845987
  26   27    2.025957   2.698543   19.972480  30.579657
  26   28    1.969807   2.630320    2.560148  37.843973
  26   29    1.870191   2.684899   30.635230   9.602726
  26   30    1.715967   2.675270    9.772487  16.933098
  26   31    1.610264   2.671254    7.206123   4.109508
  26   32    1.565732   2.659273    2.574774  17.500037
  26   33    1.480613   2.674639   13.857471  40.530497
  26   34    1.378544   2.628002   17.527524  40.430462
  26   35    1.277626   2.624007   29.466079  33.462639
  26   36    1.119397   2.610054   20.889675  38.172244
  26   37    1.094430   2.662900   23.995462   7.321702
  26   38    0.967705   2.633158   38.378044  38.168459
  26   39    0.889155   2.604909   25.312044  10.295256
  26   40    0.739052   2.667504   27.138733  16.133128
  26   41    0.656564   2.637389   28.282294  20.573060
  26   42    0.545870   2.652849    8.515699  14.712880
  26   43    0.497031   2.607676   34.286761  40.026980
  26   44    0.358194   2.600141   27.115739  11.398081
  26   45    0.297847   2.680452   16.826065  21.957878
  26   46    0.107543   2.658105   39.833239  24.117253
  26   47    0.059732   2.624906   27.682967   7.222198
  27    0    4.705818   2.700560   27.912062  23.768942
  27    1    4.616136   2.776000   28.143667   6.996322
  27    2    4.526741   2.721220   25.786052  40.015500
  27    3    4.404569   2.715406   31.070591  10.632061
  27    4    4.319987   2.719268   12.353639  39.983541
  27    5    4.257676   2.734589   12.157955  13.501955
  27    6    4.197527   2.721256   33.506164   9.086182
  27    7    4.087146   2.775012   32.490458  32.428386
  27    8    3.948052   2.712659   39.143531   9.002448
  27    9    3.835805   2.788600   29.564549  25.235802
  27   10    3.798518   2.745916    3.574917  29.919569
  27   11    3.672340   2.725362   20.220740  16.160686
  27   12    3.551903   2.750839   35.116293  32.464184
  27   13    3.499116   2.734465   16.474509  30.299175
  27   14    3.387217   2.797994    8.860593   9.318796
  27   15    3.236418   2.760071   24.022423  17.967609
  27   16    3.111601   2.755994   16.010415  27.340131
  27   17    3.036182   2.723902   33.239139   3.796526
  27   18    2.905034   2.739588   13.827228  38.066351
  27   19    2.864910   2.712758    3.770021  25.574014
  27   20    2.795749   2.767013    2.165074   7.820411
  27   21    2.678967   2.731108    6.363179  34.299563
  27   22    2.548849   2.732306    5.720873  18.187141
  27   23    2.495820   2.736397   39.373788   9.604944
  27   24    2.341970   2.751064   25.547455  23.461956
  27   25    2.242010   2.747864   22.412610  23.643892
  27   26    2.139989   2.756641   19.039535   3.739399
  27   27    2.032818   2.708413    5.899698  21.747743
  27   28    1.965842   2.707824   34.516889  40.630053
  27   29    1.809510   2.783500    2.823353  39.589423
  27   30    1.796464   2.718736   24.693071   7.164659
  27   31    1.627996   2.701004    7.793416   4.293566
  27   32    1.591649   2.737077   32.732056  24.264580
  27   33    1.457412   2.771686   38.517092  10.875795
  27   34    1.389329   2.777730   25.259267  33.228081
  27   35    1.208812   2.781137   16.114530  25.589539
  27   36    1.173322   2.765369   38.607506   7.002209
  27   37    1.072610   2.710983   33.230468  24.204079
  27   38    0.939033   2.751906   27.742361  32.580339
  27   39    0.898821   2.729651    2.687286  25.932804
  27   40    0.748909   2.752435   21.725745  22.685813
  27   41    0.606364   2.791131   34.463915  12.675990
  27   42    0.582610   2.786818   15.240255  36.972357
  27   43    0.456819   2.793954   35.074071   8.437720
  27   44    0.346950   2.723090   22.611138  31.292330
  27   45    0.274060   2.781997   40.956366  35.221875
  27   46    0.117568   2.793627    8.926672  28.154117
  27   47    0.033986   2.713729    6.277912  19.407447
  28    0    4.738103   2.895299   32.271878  12.310335
  28    1    4.688402   2.887174    5.592090  36.548717
  28    2    4.503348   2.890827    1.754498  22.488804
  28    3    4.423656   2.884140    3.080217  32.741185
  28    4    4.300392   2.800119   17.916271  13.598564
  28    5    4.288160   2.889142    2.645911  27.139413
  28    6    4.176203   2.807580   35.286576  23.313528
  28    7    4.053319   2.845963    6.920024  22.908299
  28    8    3.941430   2.814223   11.249591  32.756656
  28    9    3.899574   2.837982   18.273049  32.834566
  28   10    3.708351   2.831855   21.060179  23.077887
  28   11    3.643461   2.817102   31.221008   1.020597
  28   12    3.595980   2.850708   25.757746  18.039337
  28   13    3.442528   2.860571   33.149848  13.528051
  28   14    3.317278   2.811576   37.891433   7.291603
  28   15    3.232848   2.804957    9.072484  38.533991
  28   16    3.192203   2.878879   19.384011   5.845329
  28   17    3.068609   2.892220   36.171628  40.507598
  28   18    2.906036   2.841981    6.525932   2.312493
  28   19    2.844878   2.864073   35.170674  33.110816
  28   20    2.754971   2.868738    9.005084  21.812195
  28   21    2.693143   2.857712   18.113915  31.971645
  28   22    2.590395   2.897399   13.041785  19.006024
  28   23    2.444589   2.888550   15.926465  21.174032
  28   24    2.389584   2.880849   13.112702  22.548413
  28   25    2.258337   2.853684    4.163304  36.253712
  28   26    2.143729   2.890640    2.411366  34.307698
  28   27    2.010959   2.853643   31.645935  11.684579
  28   28    1.964273   2.847307   29.107073   5.033889
  28   29    1.839626   2.809315   34.224201  22.285544
  28   30    1.765460   2.868218   13.627995   2.719519
  28   31    1.624074   2.846017    4.689872   5.673118
  28   32    1.584817   2.814502   21.608380  20.720188
  28   33    1.482333   2.827265    9.907685  26.830269
  28   34    1.353956   2.874581   17.803822  19.771796
  28   35    1.241810   2.847117   37.518552  36.057430
  28   36    1.129672   2.843387   28.192595   1.361717
  28   37    1.030759   2.831827   17.108763  38.016835
  28   38    0.939714   2.843588   30.645141   9.481519
  28   39    0.815608   2.859085   34.528019  32.276689
  28   40    0.788936   2.887945   18.957862  33.609116
  28   41    0.686801   2.876238   23.078241   4.706956
  28   42    0.509708   2.800401   20.711402  37.838576
  28   43    0.469969   2.887700   31.584121   4.273905
  28   44    0.325533   2.897571   36.327702   9.396107
  28   45    0.210227   2.886101   16.895483  11.225836
  28   46    0.128745   2.882022   24.864160   4.351051
  28   47    0.045270   2.821782   27.160549  10.357735
  29    0    4.751965   2.914055   31.497273  29.151052
  29    1    4.647687   2.940882   32.248294  26.987907
  29    2    4.538699   2.909660   12.312226  33.680846
  29    3    4.478518   2.973511   38.987126  23.474963
  29    4    4.390989   2.958891   23.928954  24.864459
  29    5    4.252606   2.920423   21.426182  10.548840
  29    6    4.191483   2.971142    8.659240  19.400895
  29    7    4.071639   2.969120   40.114609  20.424853
  29    8    3.963594   2.931589   20.303499  40.043710
  29    9    3.833033   2.968428   39.433253  37.615073
  29   10    3.746604   2.996569    1.359958  21.905205
  29   11    3.671929   2.904420   38.302235  28.546665
  29   12    3.522613   2.964719   19.332994  13.586231
  29   13    3.439581   2.949880    7.126979  12.542109
  29   14    3.339184   2.935412   37.991460  32.502979
  29   15    3.264257   2.904592   12.634278  34.411552
  29   16    3.125349   2.906369   38.841896   4.602377
  29   17    3.080557   2.904332   12.289100  12.852838
  29   18    2.999283   2.968264   18.745568  25.728073
  29   19    2.849645   2.952723   31.271852  29.050109
  29   20    2.713573   2.925738   31.522377   5.219275
  29   21    2.626393   2.922041   37.534903   6.307121
  29   22    2.578396   2.911442   14.548687  31.895033
  29   23    2.459827   2.976515    4.246232  34.246812
  29   24    2.344237   2.962549    5.770241  18.396870
  29   25    2.240480   2.994877   13.967128  10.053895
  29   26    2.113986   2.997646   32.215353  11.932966
  29   27    2.032396   2.907639   15.199913   4.432609
  29   28    1.989280   2.966001   38.007654   7.787430
  29   29    1.848531   2.918982   29.480756  11.397058
  29   30    1.737904   2.940877   38.041715   6.528490
  29   31    1.646149   2.953182   25.981679  28.706892
  29   32    1.597881   2.993955   32.898942  16.669756
  29   33    1.433570   2.951110   10.624925  19.706358
  29   34    1.309552   2.918814   21.245204   1.609019
  29   35    1.291247   2.943631   38.001934  27.520128
  29   36    1.189508   2.968059   17.865701   2.989355
  29   37    1.018651   2.945626    6.928223  29.004559
  29   38    0.929671   2.930862    8.656658   2.197631
  29   39    0.823784   2.946860    4.254523  28.548380
  29   40    0.721139   2.905513    8.307486  27.535810
  29   41    0.674438   2.924093   16.593612  40.762132
  29   42    0.565579   2.915063   32.071120  16.670763
  29   43    0.429386   2.962566   35.911316  36.290962
  29   44    0.347005   2.973179    9.934297   2.288619
  29   45    0.263729   2.954419   22.469232  26.430704
  29   46    0.193752   2.932082   19.663595  23.449992
  29   47    0.095454   2.936605   17.395793  39.922506
  30    0    4.764207   3.034742   14.617150  15.962730
  30    1    4.610055   3.041500   37.201329  39.246537
  30    2    4.540586   3.049468   32.875982   2.159149
  30    3    4.466638   3.059692   33.841884  33.930663
  30    4    4.312590   3.086622   16.162955  23.785039
  30    5    4.252452   3.056330    6.475568  14.835267
  30    6    4.177202   3.084386   40.181461   1.278011
  30    7    4.033181   3.039906   24.844315  16.070698
  30    8    3.972203   3.003336    2.419956  18.533098
  30    9    3.823514   3.055522   29.252971  10.149173
  30   10    3.799163   3.088044   29.132563  24.323826
  30   11    3.676718   3.063454    8.406697  17.168234
  30   12    3.576730   3.038020   10.120003   9.867268
  30   13    3.462845   3.068184    3.906733  40.268205
  30   14    3.396957   3.079985   28.099188   6.591926
  30   15    3.273154   3.083161   28.993637  27.301386
  30   16    3.136239   3.048817   18.863871  28.987595
  30   17    3.053015   3.052122   19.166173   2.596040
  30   18    2.998096   3.065484   19.102804   4.486663
  30   19    2.827222   3.099124   33.593086  12.893547
  30   20    2.737605   3.046816   30.655914  25.646631
  30   21    2.640123   3.046314   18.774057  27.982403
  30   22    2.536711   3.094224   13.153100   9.473933
  30   23    2.488337   3.020983    9.695203  29.248059
  30   24    2.365979   3.086271   11.394268  14.549465
  30   25    2.276093   3.071599   38.763551   8.302908
  30   26    2.181482   3.043473    9.493323   8.686528
  30   27    2.072347   3.026277    9.093962   3.056035
  30   28    1.965652   3.042785   20.722885  38.172215
  30   29    1.894790   3.056552    6.261059  20.027670
  30   30    1.727773   3.033947   10.160555   4.213576
  30   31    1.688802   3.054323   11.417774   9.408574
  30   32    1.533677   3.050161   26.651625   3.030222
  30   33    1.409082   3.090489   18.721182  13.309935
  30   34    1.334830   3.011585   31.267189  33.105309
  30   35    1.248342   3.000078   31.295357  37.844618
  30   36    1.114604   3.091641   31.350668  16.427206
  30   37    1.090959   3.030543   32.500061  26.125980
  30   38    0.963903   3.053419   22.409838  40.124409
  30   39    0.899810   3.097434    3.063107  11.965710
  30   40    0.739700   3.066214   24.525489  20.716621
  30   41    0.671801   3.014796   19.673345  32.997535
  30   42    0.548141   3.080753   15.611938  25.275195
  30   43    0.421708   3.006407   26.920230  37.148887
  30   44    0.328998   3.075712   10.778651  12.106478
  30   45    0.274923   3.058383   22.005045  27.827970
  30   46    0.100140   3.087848   35.206300  18.141886
  30   47    0.067609   3.043658   10.437873  20.888977
  31    0    4.749540   3.103392    7.364669  21.038864
  31    1    4.667491   3.134548   20.973506  30.383503
  31    2    4.537976   3.119322   30.063839   1.067196
  31    3    4.440114   3.120814   29.328511  20.301534
  31    4    4.398182   3.179699   38.744184   1.175429
  31    5    4.293940   3.167593   32.760769  35.950681
  31    6    4.185612   3.154465   19.574757  33.202516
  31    7    4.042985   3.180037   21.381835   1.317670
  31    8    3.952304   3.155936    4.343703  24.020068
  31    9    3.827971   3.189678    7.111553  17.701376
  31   10    3.778509   3.181673   14.788411  37.460922
  31   11    3.636058   3.141290   37.473401  24.102034
  31   12    3.506800   3.131510   25.927164  26.210070
  31   13    3.455271   3.138417   38.968124  21.296553
  31   14    3.380329   3.171199    6.118126   2.404266
  31   15    3.292533   3.100758    3.552270  39.225179
  31   16    3.190694   3.105495   10.985555   6.506972
  31   17    3.074039   3.197239   11.787285   1.260058
  31   18    2.991562   3.179436   39.017195   1.095606
  31   19    2.833266   3.144880   37.513920   9.121579
  31   20    2.731757   3.148177   18.550863  19.518364
  31   21    2.675442   3.105448    1.445749  18.653671
  31   22    2.505960   3.142919    9.032323  38.948207
  31   23    2.487668   3.169428   14.864644  39.364542
  31   24    2.312465   3.113324   23.840574   3.181908
  31   25    2.241105   3.189948   19.640145  29.584686
  31   26    2.145624   3.145268   17.640766  32.602382
  31   27    2.005811   3.118116    7.083711  14.289258
  31   28    1.935678   3.136844    8.139007   7.042811
  31   29    1.869743   3.195582    5.687890  24.077255
  31   30    1.780599   3.165257   20.277402  31.861414
  31   31    1.621370   3.180165   26.589533   1.495254
  31   32    1.593376   3.192568   30.321697  38.356005
  31   33    1.420053   3.116045   25.635209   4.838752
  31   34    1.313858   3.139222   27.958004   6.717807
  31   35    1.239983   3.111283    2.216079  19.759485
  31   36    1.106842   3.100840   26.429108  33.044287
  31   37    1.031960   3.152303    7.578512  25.452408
  31   38    0.987507   3.196013   13.904948  11.501121
  31   39    0.802668   3.167532   39.105801  14.891323
  31   40    0.781617   3.110621   13.695905  28.543660
  31   41    0.663345   3.150502   32.105421  37.527468
  31   42    0.541091   3.147684    6.581612  28.178639
  31   43    0.448881   3.166505   26.925301  18.060688
  31   44    0.395611   3.100824   25.442044  25.567135
  31   45    0.254345   3.196291    6.761660  26.338110
  31   46    0.127848   3.144133   20.541722  40.840118
  31   47    0.078845   3.115292   30.310020  31.130577
  32    0    4.713724   3.271559   33.231929  35.818244
  32    1    4.606353   3.267538    3.450081   4.482391
  32    2    4.569783   3.224893    6.499881  23.397864
  32    3    4.489743   3.269670   25.444166  33.525235
  32    4    4.397329   3.221015    2.707886  22.685499
  32    5    4.237814   3.272364   27.668070   3.092459
  32    6    4.107402   3.226269   12.029551  12.533401
  32    7    4.035395   3.213987   36.682149  35.165220
  32    8    3.951982   3.228661   39.504202  11.949070
  32    9    3.853931   3.224478   38.489578  10.127285
  32   10    3.774989   3.227040   34.294710   7.921964
  32   11    3.634018   3.276174   17.117777  30.000617
  32   12    3.531720   3.290493   31.647983  19.530912
  32   13    3.442390   3.232742    8.198034  15.279167
  32   14    3.307266   3.240913   16.221471  11.766075
  32   15    3.223699   3.217355   27.007450  34.673639
  32   16    3.193303   3.277000    4.853070  13.319603
  32   17    3.082216   3.206932   20.476381  11.025248
  32   18    2.958301   3.288941    7.515872   9.669453
  32   19    2.840158   3.260499   33.953603   6.841880
  32   20    2.768761   3.209583   17.113287  16.101137
  32   21    2.627867   3.206646   16.060504   9.355307
  32   22    2.588537   3.210112    1.934121  24.882503
  32   23    2.466446   3.247567   28.754668   7.693460
  32   24    2.399600   3.276111   29.001239  26.626925
  32   25    2.205670   3.285307    4.762271  23.707073
  32   26    2.150772   3.293294   12.211530  27.950643
  32   27    2.079156   3.239616   40.827773  23.185309
  32   28    1.951041   3.231316   36.078938   5.850253
  32   29    1.834721   3.206220   12.768462  15.640301
  32   30    1.780983   3.238764   34.056385  13.796704
  32   31    1.690781   3.299297    7.110455  28.535856
  32   32    1.599633   3.252748   39.826488  25.362445
  32   33    1.459346   3.232638    4.121829  15.780874
  32   34    1.374829   3.282505   40.615011   8.268674
  32   35    1.262813   3.220217   18.347626  10.503354
  32   36    1.162611   3.247967    3.495090   5.059990
  32   37    1.055243   3.218780   25.290524  38.566170
  32   38    0.905697   3.241483   38.814283  16.184009
  32   39    0.839194   3.292613   36.670039  31.981103
  32   40    0.712353   3.233705   29.290617  37.073864
  32   41    0.646401   3.253763   31.732172  20.322951
  32   42    0.515168   3.263103   28.987817  12.901790
  32   43    0.424742   3.219777   28.370511  33.440817
  32   44    0.394305   3.232670    3.293994  22.992323
  32   45    0.244919   3.235399   25.358806  20.209023
  32   46    0.181730   3.287053   39.192115  11.453955
  32   47    0.008138   3.224709   25.784151  35.755386
