   0    0    4.398353   0.067313    3.032130  35.156477
   0    1    4.277774   0.043671   22.123574  11.432554
   0    2    4.171859   0.000029   24.475414  37.349537
   0    3    4.091650   0.050072   39.781770  19.994661
   0    4    3.948492   0.038424    3.236975  17.711507
   0    5    3.866635   0.059905   34.826279  11.829469
   0    6    3.710685   0.016219   35.723608   2.241710
   0    7    3.646592   0.028899   28.382703  34.751883
   0    8    3.526978   0.078169   18.927126  13.415827
   0    9    3.423022   0.064041   11.606931   1.735099
   0   10    3.329073   0.031957   21.059136  34.584868
   0   11    3.291702   0.084399   15.174760  13.374694
   0   12    3.122157   0.021095   36.450991  38.467349
   0   13    3.086105   0.043313   30.332226  26.763448
   0   14    2.934063   0.096773    3.382244   3.168523
   0   15    2.882972   0.058126   10.970752  40.089611
   0   16    2.737637   0.031920   32.915006  39.980800
   0   17    2.690137   0.079245   36.230290   6.216688
   0   18    2.556373   0.051736   37.475648  14.289830
   0   19    2.438324   0.031617   34.422691   8.698105
   0   20    2.385922   0.051481   39.839377  34.231020
   0   21    2.207147   0.078581   21.606602  30.125446
   0   22    2.133523   0.034571   26.337269  31.311575
   0   23    2.020899   0.090571   31.934248  35.404239
   0   24    1.993722   0.031819    2.519381   3.033461
   0   25    1.851970   0.049326   11.929538   1.496618
   0   26    1.741909   0.056140   35.171673   9.623003
   0   27    1.668860   0.081979   37.145956  30.365460
   0   28    1.537276   0.006112    1.498489  35.293146
   0   29    1.461734   0.098836    7.191805  23.299948
   0   30    1.383723   0.056497   34.446438  19.034717
   0   31    1.271349   0.003660    3.899419  12.497783
   0   32    1.101063   0.064153   12.559556  10.753332
   0   33    1.036926   0.055906   37.453989  19.724627
   0   34    0.909542   0.073722   13.419722  35.638920
   0   35    0.865172   0.090651   36.586781   2.066617
   0   36    0.728254   0.029082   31.640322  12.975132
   0   37    0.606115   0.043828   21.476497  11.237162
   0   38    0.532480   0.083723   15.545268  15.166231
   0   39    0.401852   0.087911   31.791691  15.594490
   0   40    0.306263   0.056071    1.079487  28.579348
   0   41    0.251476   0.056349    7.346117  32.971767
   0   42    0.164736   0.094228   17.161105  29.870339
   0   43    0.009643   0.023779   35.128029  17.616911
   1    0    4.305763   0.198667   23.599593  19.781750
   1    1    4.207194   0.113503   24.003462  15.984514
   1    2    4.182408   0.101158   20.868183  20.971735
   1    3    4.050114   0.123661   27.182624  13.817638
   1    4    3.966519   0.113494   40.432982  27.253076
   1    5    3.817890   0.199255   22.577544  40.902520
   1    6    3.799440   0.140584   25.005205   8.691775
   1    7    3.643920   0.128373   22.468245  40.074580
   1    8    3.598398   0.199021   39.997067  10.334976
   1    9    3.419136   0.107916   36.433719  23.499387
   1   10    3.306540   0.194479   20.625902  11.908330
   1   11    3.215367   0.106616   15.293075  11.947599
   1   12    3.140927   0.189094   33.525162  21.643174
   1   13    3.077219   0.151285   18.841275  21.728171
   1   14    2.905954   0.133460   17.384990  19.464267
   1   15    2.880377   0.176022   36.452956   9.139455
   1   16    2.799737   0.146943    4.059142   3.089079
   1   17    2.600211   0.103465   27.166882   3.743119
   1   18    2.547934   0.104730   29.739084   5.160004
   1   19    2.477462   0.172231   34.652628  19.461142
   1   20    2.353275   0.130356    5.210159  20.351107
   1   21    2.207503   0.185309   32.500187   6.441423
   1   22    2.149773   0.198416    4.868784  28.461410
   1   23    2.016326   0.130445   26.562223  16.832882
   1   24    1.998125   0.123735   36.093678   2.826959
   1   25    1.819870   0.115454    3.617774  24.056245
   1   26    1.753262   0.150511    3.728222  32.954278
   1   27    1.693690   0.168923    9.415266  17.851990
   1   28    1.576312   0.157725    8.845078  26.098106
   1   29    1.407214   0.179884    4.191763  16.332266
   1   30    1.351423   0.165624   36.628283   4.576630
   1   31    1.200959   0.188857   20.054432  11.458911
   1   32    1.102939   0.162130   15.122074  23.937733
   1   33    1.006058   0.196989   12.149284  35.814994
   1   34    0.990388   0.167736    4.759783   1.660109
   1   35    0.823339   0.130100   14.331296  26.232628
   1   36    0.787513   0.122815   28.000197  26.893384
   1   37    0.693935   0.180060   20.089079   3.785103
   1   38    0.527277   0.112169    9.062824  18.811703
   1   39    0.405015   0.147174   10.766351   9.846726
   1   40    0.317340   0.138294   25.667600  34.475574
   1   41    0.282755   0.124191   25.661485  34.369031
   1   42    0.199929   0.116973   17.848603  16.667042
   1   43    0.029989   0.195035   32.375520   5.217356
   2    0    4.346318   0.296712   13.325424  37.983598
   2    1    4.268274   0.269515   10.818042  16.357109
   2    2    4.139359   0.296926   14.579901  19.546540
   2    3    4.043200   0.239039   30.569425  37.874325
   2    4    3.907510   0.218919   29.699980  40.999803
   2    5    3.847765   0.217754   18.836987  12.260449
   2    6    3.730790   0.208362   37.216526  33.045607
   2    7    3.611533   0.228552   25.031661  19.086601
   2    8    3.542857   0.238348   34.573002  14.583562
   2    9    3.493011   0.204018    8.030871   4.137859
   2   10    3.304125   0.238018   10.531934  23.590203
   2   11    3.299320   0.298681   23.482324  19.273450
   2   12    3.118367   0.213383   23.736215  14.196217
   2   13    3.040721   0.250815   11.042555   5.724020
   2   14    2.909705   0.294112    2.807301  11.988969
   2   15    2.807944   0.289550   15.233039  36.232471
   2   16    2.768170   0.292950    7.776465  15.388210
   2   17    2.637480   0.256219   18.635840  10.390191
   2   18    2.510239   0.282850   28.309285  23.013188
   2   19    2.404165   0.297601   22.439746  32.715775
   2   20    2.385773   0.280992   21.097670  35.279688
   2   21    2.251341   0.293159   16.886968  14.468680
   2   22    2.194738   0.278571    6.957722   3.035833
   2   23    2.036764   0.298352    2.959489  27.885560
   2   24    1.955895   0.270576   17.585840  36.865806
   2   25    1.837182   0.221767   16.683260   5.472330
   2   26    1.795325   0.220722   22.589527  27.760945
   2   27    1.616120   0.205081    8.717459  37.180331
   2   28    1.595220   0.243299   39.323403   3.177992
   2   29    1.417907   0.241755    4.435129  14.740282
   2   30    1.362786   0.295882   31.225020  12.074591
   2   31    1.206337   0.252881   13.490540  25.123009
   2   32    1.145451   0.254719   14.759108  18.332414
   2   33    1.018640   0.236759   32.907718  24.041253
   2   34    0.931706   0.288021   20.742960  24.048656
   2   35    0.854511   0.222532   34.013608   5.602191
   2   36    0.737004   0.251504   32.739739   2.496905
   2   37    0.665984   0.287615    1.078428   5.665584
   2   38    0.581061   0.205212   33.370507  35.128721
   2   39    0.456772   0.243668   18.314836  34.157805
   2   40    0.316708   0.290999   28.809900  37.807602
   2   41    0.239482   0.256514    1.926561  25.537310
   2   42    0.171127   0.215989   32.394383  28.537262
   2   43    0.035685   0.241658   25.186256   6.802402
   3    0    4.307881   0.358929   30.186109  32.266532
   3    1    4.237372   0.368984    7.061354  28.877495
   3    2    4.112552   0.353558    4.499469  37.923442
   3    3    4.078641   0.317685   28.695813  29.909348
   3    4    3.946127   0.305924   35.811463  38.651411
   3    5    3.893759   0.345674   27.094634  17.950093
   3    6    3.798465   0.371070   19.141103  18.290733
   3    7    3.661828   0.376456   11.647188  15.699164
   3    8    3.509212   0.348575   17.897123  35.468902
   3    9    3.459295   0.360855   16.664355  21.421571
   3   10    3.305476   0.356138   16.357307  21.233611
   3   11    3.259410   0.341004   21.893617   7.855250
   3   12    3.134401   0.305735   21.356855  26.982568
   3   13    3.032500   0.329639    3.015264  24.865556
   3   14    2.944421   0.337837   24.427213  36.514598
   3   15    2.812511   0.319040   35.411960  31.800264
   3   16    2.791582   0.365749   27.540903   9.346802
   3   17    2.603815   0.350818    7.042948   1.943755
   3   18    2.516717   0.344350   38.781930  32.012873
   3   19    2.407610   0.310290   40.043284  34.164391
   3   20    2.355570   0.305330   18.675408  39.877945
   3   21    2.249500   0.357324   15.707500  35.794383
   3   22    2.107192   0.394496    3.574100  14.075720
   3   23    2.088977   0.369298    3.806193   5.976757
   3   24    1.995918   0.305780    9.413663  16.493869
   3   25    1.887495   0.351228   34.723082  10.159375
   3   26    1.719236   0.331319   27.312399  20.304063
   3   27    1.604732   0.363118    1.689161  34.111234
   3   28    1.577625   0.337259   21.905425  24.353273
   3   29    1.482342   0.325248   20.429597  39.781607
   3   30    1.333140   0.330963   13.967221   6.803320
   3   31    1.261159   0.388373   24.828127  35.517898
   3   32    1.141078   0.306805   30.790541  36.725923
   3   33    1.061284   0.397714   19.752752  19.603388
   3   34    0.943485   0.345014   20.953816   1.930856
   3   35    0.834869   0.337118    5.975581  18.771372
   3   36    0.704594   0.390805   34.523146   7.125108
   3   37    0.678653   0.312947   17.158751   2.297479
   3   38    0.506432   0.359530   25.399112  28.571252
   3   39    0.467432   0.325971    5.167417   7.467321
   3   40    0.307931   0.397634   19.432674  39.733555
   3   41    0.240642   0.384001   37.509855   3.661871
   3   42    0.102784   0.378950   30.098473  26.970668
   3   43    0.042082   0.327952   29.493783   9.998339
   4    0    4.390110   0.431139   32.927940  15.154042
   4    1    4.277595   0.479721   23.727088   5.409590
   4    2    4.197668   0.468098   10.568663  20.161531
   4    3    4.017101   0.471502   10.880184  30.240477
   4    4    3.969923   0.450701   32.250532  18.515972
   4    5    3.825897   0.483075   18.166305  14.884768
   4    6    3.752701   0.410465   14.603238  14.008806
   4    7    3.665505   0.496114   35.785092   3.681669
   4    8    3.572473   0.448554   25.183772   6.969162
   4    9    3.456594   0.472705   26.613900  11.236236
   4   10    3.321501   0.465998   15.736633  13.909104
   4   11    3.245621   0.479045   10.720310  33.523307
   4   12    3.120122   0.490081   29.123498   3.596075
   4   13    3.062840   0.404663   33.808391  17.579883
   4   14    2.934404   0.436573   12.023199  30.173866
   4   15    2.802185   0.472559   37.500337  31.286198
   4   16    2.781186   0.487777   24.916901  34.773770
   4   17    2.693294   0.496267    9.394130  28.681038
   4   18    2.553233   0.472379   31.537417  34.127881
   4   19    2.472555   0.416142   22.126991  36.452180
   4   20    2.344753   0.404594   11.875695  38.016805
   4   21    2.293552   0.439050   33.213395  13.688123
   4   22    2.152003   0.477396   36.001562  36.954387
   4   23    2.047655   0.413166   11.215530  19.672622
   4   24    1.964978   0.407360   40.369837  17.332343
   4   25    1.892755   0.492738   38.843109  23.448816
   4   26    1.754394   0.497185    3.947061  33.318005
   4   27    1.612262   0.486424   39.868534  24.075074
   4   28    1.593210   0.415984   28.408072  13.118725
   4   29    1.447460   0.437222    4.282444   1.939996
   4   30    1.333875   0.497180    4.815785   1.796750
   4   31    1.264238   0.452023    4.903785  29.199306
   4   32    1.191315   0.419146   18.611546  23.638741
   4   33    1.029883   0.484469   28.697542  31.342700
   4   34    0.957317   0.464704    5.407536   4.154381
   4   35    0.887324   0.476057    7.342405  12.094004
   4   36    0.794559   0.452176   21.986727  25.098862
   4   37    0.622642   0.477333   24.129629  30.293350
   4   38    0.527974   0.492883   40.079977  35.484328
   4   39    0.427095   0.403539   18.063495  10.105339
   4   40    0.367395   0.457820    4.903904   7.365678
   4   41    0.257089   0.427212    1.072746  14.842505
   4   42    0.158681   0.429696   26.107250   7.256451
   4   43    0.094704   0.474024   10.531529  39.888707
   5    0    4.370528   0.575611   25.687492  32.350794
   5    1    4.207350   0.567508   16.827364   1.652373
   5    2    4.181124   0.500337   35.603539  15.297886
   5    3    4.097997   0.563391   34.502755  17.174839
   5    4    3.932618   0.530528   17.224407  12.095431
   5    5    3.827186   0.524838   25.536132   2.964350
   5    6    3.772054   0.536102    5.417819  14.739216
   5    7    3.674639   0.516231   34.616841  31.821574
   5    8    3.594967   0.516662    1.996760  33.585986
   5    9    3.491775   0.534965   38.807995  12.867830
   5   10    3.352296   0.568003   36.406054  33.957232
   5   11    3.276835   0.558293   27.780036  22.682513
   5   12    3.172557   0.596585   15.945117  27.331800
   5   13    3.081528   0.555373   15.836947  14.401524
   5   14    2.989410   0.568323    3.487081  29.545517
   5   15    2.832270   0.503444   23.246078  26.823828
   5   16    2.749810   0.562124   27.568569  26.736379
   5   17    2.620052   0.551473   31.921663   7.018563
   5   18    2.509874   0.548289    7.888435  14.344120
   5   19    2.480869   0.594596   39.301108  27.620460
   5   20    2.304399   0.527252   28.667877  35.293327
   5   21    2.253366   0.558366    4.292256  23.946608
   5   22    2.101635   0.545092   12.988369  20.559556
   5   23    2.061999   0.543050   20.458837  36.262960
   5   24    1.927510   0.548785    3.137928   8.638229
   5   25    1.832484   0.545134   24.150418  38.974235
   5   26    1.762900   0.556450   15.160311  30.006394
   5   27    1.601703   0.555715   29.072215  11.206231
   5   28    1.583875   0.595599   10.215760  28.487753
   5   29    1.436457   0.533593   33.829182  32.194842
   5   30    1.328015   0.505905   31.026021  13.501672
   5   31    1.224592   0.564649   15.267864  30.091407
   5   32    1.129963   0.512070   28.590399  35.497194
   5   33    1.048017   0.548492   37.978575  14.239319
   5   34    0.976304   0.547075   32.523675  31.443395
   5   35    0.890001   0.598383   39.109498  18.672133
   5   36    0.783677   0.546436   17.780773  18.067737
   5   37    0.668893   0.501073    7.683388  18.528744
   5   38    0.504710   0.540049   11.197155  37.604369
   5   39    0.427007   0.559474   28.896612  31.276486
   5   40    0.313914   0.539776   23.187927   4.134670
   5   41    0.236940   0.532976    6.419331   1.078346
   5   42    0.120120   0.558140    3.112772  38.172608
   5   43    0.017936   0.597739    9.504668   7.335789
   6    0    4.393356   0.696334    1.227819  12.967812
   6    1    4.282173   0.672427   36.753816  37.383984
   6    2    4.182212   0.608192   35.809683  28.069587
   6    3    4.054957   0.693638   24.673035  18.511575
   6    4    3.932847   0.680865   10.950920  14.015384
   6    5    3.833820   0.679664   36.697620  15.922402
   6    6    3.702691   0.672646    8.690247  16.577562
   6    7    3.669371   0.691235   27.146933  30.951940
   6    8    3.590708   0.613717   28.554894  29.822603
   6    9    3.465507   0.683558   24.613674  37.796497
   6   10    3.381787   0.606565    8.256578  24.307232
   6   11    3.208214   0.645213   20.579636  17.208544
   6   12    3.125366   0.659357   11.196579  10.056224
   6   13    3.040675   0.636379    1.589232  22.056864
   6   14    2.937846   0.647832    9.599532  23.536982
   6   15    2.807775   0.671379   27.101168  22.345505
   6   16    2.734640   0.629033    6.509548  33.666289
   6   17    2.695351   0.638660   30.177670  26.230853
   6   18    2.560903   0.623710    5.546393   3.954950
   6   19    2.488640   0.615127   24.459767  38.771437
   6   20    2.300050   0.643284   34.233478   6.216336
   6   21    2.270375   0.611113   38.416166   1.590401
   6   22    2.196074   0.661972   14.873493  35.835189
   6   23    2.071876   0.677299    6.642341  34.325886
   6   24    1.929519   0.625001   36.361587  29.413314
   6   25    1.880185   0.615553   28.025501  32.689881
   6   26    1.737639   0.639814   30.990030  12.679149
   6   27    1.690956   0.661903   11.880182   8.151405
   6   28    1.566801   0.618730    2.212393  29.868455
   6   29    1.480287   0.651777   15.698249  40.705218
   6   30    1.389674   0.628739   22.499320   5.353750
   6   31    1.249046   0.635145   11.946187  38.882528
   6   32    1.111019   0.656943   24.832029   4.120353
   6   33    1.070511   0.682355    6.381587  20.105532
   6   34    0.924082   0.618621   27.043752   9.757279
   6   35    0.846247   0.610217    6.649828  19.682886
   6   36    0.764668   0.618950   15.133385   6.951497
   6   37    0.646147   0.662285   27.460991   8.188544
   6   38    0.541896   0.629159   29.839671  40.044379
   6   39    0.476422   0.697309   37.436129  24.661719
   6   40    0.303430   0.653189   10.178309  20.029519
   6   41    0.284103   0.675470   22.751057  37.011003
   6   42    0.118704   0.641915    8.308459   9.441356
   6   43    0.068196   0.683285    3.994899  21.201035
   7    0    4.336169   0.758563   22.009128   7.904391
   7    1    4.226164   0.704957   15.199701   7.245384
   7    2    4.190059   0.711138   14.210061  10.683086
   7    3    4.019758   0.730479   17.786458  12.724654
   7    4    3.998472   0.745558   23.435735  38.392834
   7    5    3.896478   0.788912   37.211989  33.494104
   7    6    3.707731   0.736590   14.685196  18.102735
   7    7    3.652057   0.709078   36.390134  26.440411
   7    8    3.598079   0.722823   37.184489  34.381177
   7    9    3.465370   0.739257   17.499845  20.592508
   7   10    3.372662   0.706563   23.612511   3.405579
   7   11    3.280016   0.702518   12.581749  10.586737
   7   12    3.105581   0.779924   24.815189  14.077936
   7   13    3.046605   0.724955   23.363891  40.431876
   7   14    2.925487   0.744294   24.686929  27.158139
   7   15    2.876362   0.750373    2.046367  35.714903
   7   16    2.758721   0.761976    1.812357   6.747334
   7   17    2.690191   0.746858   27.313661   8.833696
   7   18    2.550470   0.715989   37.625435  38.023913
   7   19    2.477689   0.718174    3.632542   4.538139
   7   20    2.323686   0.756854   15.257090  40.955043
   7   21    2.207852   0.756110   16.932444  12.006461
   7   22    2.123728   0.783648    8.906558   1.776931
   7   23    2.057359   0.708618   36.054322   4.878914
   7   24    1.931724   0.740685   30.485727  12.357372
   7   25    1.843262   0.793030   36.893015   2.116232
   7   26    1.711591   0.710899   18.449787  32.124393
   7   27    1.664855   0.753617    4.947258  10.245603
   7   28    1.584464   0.752326   23.141590   8.065168
   7   29    1.474164   0.748435    2.030482  31.502224
   7   30    1.399962   0.755049   23.641186   5.369643
   7   31    1.206188   0.751639    4.184665   2.569796
   7   32    1.196282   0.792536   23.026027  34.613671
   7   33    1.008471   0.774367   10.378519   5.068653
   7   34    0.910538   0.703543   12.111447  30.946721
   7   35    0.814974   0.739802   25.360383   1.635506
   7   36    0.717087   0.768529   26.155036  26.569579
   7   37    0.611472   0.796164   15.075230  20.384117
   7   38    0.534747   0.738049    4.672635  39.857749
   7   39    0.438791   0.715164   19.344302  15.731523
   7   40    0.353882   0.729630   21.427697  22.806568
   7   41    0.276238   0.702832    4.044886  15.019733
   7   42    0.191268   0.734358   39.819871   3.044398
   7   43    0.040413   0.744665   23.816881  18.058157
   8    0    4.384447   0.864732   28.312672   7.480516
   8    1    4.224347   0.817674    6.361794  10.657303
   8    2    4.187979   0.831311    1.204216  21.724689
   8    3    4.088553   0.828183   40.688928  23.419631
   8    4    3.931529   0.857240   11.959023   2.735692
   8    5    3.899034   0.876130   14.202545  13.498739
   8    6    3.744213   0.826959   39.482981  21.726373
   8    7    3.687701   0.804141   37.312876  29.733363
   8    8    3.540868   0.818241   32.137595  10.173147
   8    9    3.487877   0.862773   39.292892  40.508021
   8   10    3.304160   0.885143   29.953745  33.848148
   8   11    3.271683   0.812133   15.391825  38.887397
   8   12    3.181447   0.843556   32.419214   8.112558
   8   13    3.087125   0.884421   12.755502  31.016914
   8   14    2.947293   0.860719   37.378304  12.279948
   8   15    2.860534   0.852014   21.492573  21.477228
   8   16    2.761303   0.865429    5.995957  21.678788
   8   17    2.694783   0.881319    7.264843  13.225709
   8   18    2.576658   0.876612    9.402812  33.113579
   8   19    2.455322   0.803909   23.068914  19.953269
   8   20    2.327269   0.894505    4.551731  12.744397
   8   21    2.294558   0.803343   30.415449  25.130231
   8   22    2.140912   0.810916    9.980369   4.974923
   8   23    2.020495   0.898596   23.901430  34.710215
   8   24    1.992012   0.872845   26.588425  26.759363
   8   25    1.867774   0.803170    8.209806  19.406370
   8   26    1.720940   0.877233   34.202295  33.808980
   8   27    1.678394   0.852711    2.860047  27.649550
   8   28    1.506708   0.883647   31.613873   3.499253
   8   29    1.445378   0.823383   27.572130  31.783379
   8   30    1.386938   0.806464   15.944348  33.848998
   8   31    1.215523   0.808233   29.895584  27.746448
   8   32    1.172733   0.888400   16.597885  28.763115
   8   33    1.087126   0.879454   36.794261  22.437192
   8   34    0.906799   0.863241    9.734133  26.800918
   8   35    0.875185   0.840705    3.166564  13.152325
   8   36    0.760716   0.887155   21.102599  14.052312
   8   37    0.650079   0.865557   12.819946   9.935013
   8   38    0.561674   0.855224   18.245950  21.274424
   8   39    0.486109   0.825633   21.207525  14.364274
   8   40    0.380324   0.822634   17.493393   1.261573
   8   41    0.283504   0.835175   14.273747   7.262420
   8   42    0.199562   0.818438   26.829339  14.491804
   8   43    0.051656   0.877528   14.045086  12.992652
   9    0    4.319124   0.973865   12.636615  19.413496
   9    1    4.262294   0.933435   29.140823  39.464245
   9    2    4.132799   0.986887   16.477560  28.305905
   9    3    4.099230   0.901036   27.168018  20.658063
   9    4    3.943901   0.910057   17.490385  30.467762
   9    5    3.846018   0.983146   16.003852  12.430469
   9    6    3.760281   0.979615   16.642269  21.558419
   9    7    3.664497   0.918612    2.257567  12.548982
   9    8    3.532768   0.900412   30.994701  31.236299
   9    9    3.425710   0.951479   27.743318  12.358388
   9   10    3.370312   0.963441   29.300635  10.809745
   9   11    3.260016   0.964197   28.584280  40.171272
   9   12    3.181454   0.900574   34.667128  28.435665
   9   13    3.095504   0.949245   36.607443  25.422299
   9   14    2.954909   0.974560   25.681142  21.471691
   9   15    2.852907   0.957335    8.977590  17.820851
   9   16    2.702101   0.961437    4.310289  13.907873
   9   17    2.661227   0.939724    9.557983  37.181954
   9   18    2.541444   0.907213   27.054344  21.374250
   9   19    2.451148   0.997207   14.274399   7.310746
   9   20    2.307953   0.930982   35.237429  37.040939
   9   21    2.273056   0.959004   32.798160   1.261033
   9   22    2.122464   0.902636   10.994802  38.797717
   9   23    2.073117   0.941007   10.152919  35.483803
   9   24    1.952285   0.944880    7.422297   1.420370
   9   25    1.844350   0.974773   14.388976  16.826891
   9   26    1.739565   0.996486   34.520465  37.001380
   9   27    1.649997   0.956140   10.258013   9.042277
   9   28    1.564930   0.926546   26.979588  22.742876
   9   29    1.493773   0.935524   23.860145  24.402822
   9   30    1.352170   0.907944   15.515743   7.280044
   9   31    1.285638   0.960677   39.524295  21.225579
   9   32    1.104772   0.942344   10.382208  35.023525
   9   33    1.022805   0.987129   17.721921  19.544086
   9   34    0.997069   0.978706   23.844522  32.579645
   9   35    0.873495   0.991526   21.603230  34.867409
   9   36    0.721553   0.982661   27.821602  22.127616
   9   37    0.615757   0.958721   29.784033  33.908970
   9   38    0.519591   0.995058   23.559369   3.703186
   9   39    0.445251   0.964773   34.300487  16.363543
   9   40    0.395365   0.964540   32.117399  21.658499
   9   41    0.224405   0.944857   35.188021  23.256101
   9   42    0.132250   0.951249   17.613180  40.138261
   9   43    0.000733   0.917651   26.929803   5.081499
  10    0    4.397180   1.076580    9.582623  18.232611
  10    1    4.274336   1.035895   27.059185  11.899298
  10    2    4.131743   1.037344   36.479518  37.537408
  10    3    4.043728   1.046570   23.489591  12.743367
  10    4    3.988771   1.011810   39.250721  13.172963
  10    5    3.805139   1.073561   14.684420  13.151173
  10    6    3.780151   1.059785   22.087890  13.882546
  10    7    3.623308   1.080692    5.568557  17.313017
  10    8    3.555401   1.059229   36.870660   7.652336
  10    9    3.431523   1.033632   22.122178  15.286768
  10   10    3.331194   1.027850   28.480224  16.364745
  10   11    3.255287   1.055479   38.886575   5.918962
  10   12    3.139625   1.049730   10.076331   6.317436
  10   13    3.087499   1.062709   16.150811  12.558454
  10   14    2.957414   1.064206   10.594777   1.010574
  10   15    2.873391   1.075675   17.377056  31.344109
  10   16    2.719561   1.077096   21.136535  38.425252
  10   17    2.690712   1.021030   22.461539  30.793348
  10   18    2.509143   1.022783    2.583740  27.086282
  10   19    2.434785   1.082177    8.717082  16.613659
  10   20    2.350013   1.039787   23.691770   3.522876
  10   21    2.239044   1.008265   19.002300  27.104508
  10   22    2.111098   1.022139   17.070785  38.311069
  10   23    2.079535   1.062256   35.211534  12.212399
  10   24    1.959769   1.074202   29.884092  38.702023
  10   25    1.826604   1.074258    5.378731  33.247134
  10   26    1.777491   1.027556    6.754801  32.910676
  10   27    1.618639   1.067553   13.937479  20.462640
  10   28    1.573471   1.075139   34.286293  34.459516
  10   29    1.441192   1.041666   17.218518   2.151054
  10   30    1.301489   1.040035   39.766072  34.542565
  10   31    1.200217   1.029343   30.055063  31.594048
  10   32    1.101389   1.024143   11.036644  16.194972
  10   33    1.080374   1.092440   24.405390  27.160716
  10   34    0.949894   1.075419   10.181145   6.123932
  10   35    0.878487   1.085486    7.191152   6.036622
  10   36    0.715470   1.071448   30.585452  38.376950
  10   37    0.698252   1.095117   22.088979  13.513960
  10   38    0.568900   1.041836   15.102646  18.593797
  10   39    0.485118   1.058537    8.801981  27.468061
  10   40    0.305022   1.042219   32.459687   8.408800
  10   41    0.270064   1.074864   33.376814  11.590801
  10   42    0.181794   1.048664   19.710277  36.640431
  10   43    0.077584   1.049458   14.421058  21.146785
  11    0    4.380385   1.162795   40.451922  27.225475
  11    1    4.236690   1.153222   32.614695  31.463487
  11    2    4.134441   1.105224    1.689265  13.425359
  11    3    4.014126   1.136399   24.698564   2.061840
  11    4    3.967962   1.127635   16.639847   3.652545
  11    5    3.866217   1.109527    8.161694   8.279078
  11    6    3.719442   1.192408   16.442491  36.335202
  11    7    3.679923   1.192981   39.138522  27.430958
  11    8    3.514950   1.152672   40.642585  29.558675
  11    9    3.444626   1.140932   33.566035  38.005786
  11   10    3.384788   1.115439   34.492575  35.792598
  11   11    3.264089   1.165555   20.439950  38.077998
  11   12    3.197148   1.185780   30.520091  12.832798
  11   13    3.082745   1.123002   26.048104  13.074343
  11   14    2.907905   1.170962   12.480134  19.157450
  11   15    2.862104   1.173869    9.348288  23.221047
  11   16    2.798195   1.170051   31.721855  35.217261
  11   17    2.601566   1.197833    1.196837  37.445636
  11   18    2.590924   1.186688   29.164502   1.749768
  11   19    2.453289   1.124621    3.923313  33.202406
  11   20    2.303591   1.180590   30.491180  32.028162
  11   21    2.233024   1.141636    2.785736  10.635860
  11   22    2.108050   1.116766    7.833124  17.025330
  11   23    2.077928   1.152322   27.129817  14.691719
  11   24    1.927871   1.180533   18.131266  40.794159
  11   25    1.848373   1.188756   16.614768  20.230443
  11   26    1.710878   1.101119   36.525901  37.935432
  11   27    1.613658   1.126956   16.657286  12.893507
  11   28    1.568287   1.166982    2.539373  35.844970
  11   29    1.401235   1.114071   27.284388  32.417988
  11   30    1.372524   1.121911   27.480721  11.501972
  11   31    1.225726   1.192850   20.874834  15.290333
  11   32    1.153355   1.102573   33.415293  15.880846
  11   33    1.047468   1.100715   26.807940  20.075486
  11   34    0.926432   1.115382   27.206438  18.639108
  11   35    0.840725   1.128250   34.827637   1.452872
  11   36    0.729624   1.153370   37.550385  21.554242
  11   37    0.678928   1.145102   33.968697  37.936046
  11   38    0.530705   1.122233   18.589538  21.252757
  11   39    0.468427   1.140019   20.181128  13.448120
  11   40    0.305041   1.178787   30.603439  10.094942
  11   41    0.283264   1.176175   33.327765   4.370403
  11   42    0.163829   1.184767   26.440743  28.649171
  11   43    0.071302   1.132934   23.019189  31.377002
  12    0    4.342255   1.244259    1.769589   4.009902
  12    1    4.216829   1.290857   32.789129  39.313433
  12    2    4.132649   1.223996   27.887816   5.283843
  12    3    4.056358   1.218026   33.402602   8.572617
  12    4    3.970221   1.252332   17.748560  20.889041
  12    5    3.852840   1.232646    8.628070  17.866945
  12    6    3.748451   1.254914   19.020796  11.882005
  12    7    3.638893   1.249417   40.593999  30.990389
  12    8    3.557476   1.212916   22.418471  21.348242
  12    9    3.441876   1.265305   36.889214   9.109994
  12   10    3.302015   1.223136   39.195936   1.961941
  12   11    3.202774   1.204106   27.855571  15.321348
  12   12    3.165436   1.298365   18.621451   2.140807
  12   13    3.096844   1.218609   40.060459  39.647961
  12   14    2.943493   1.271110    4.404573  25.792402
  12   15    2.856854   1.244160   20.725777  10.359820
  12   16    2.775072   1.254120    8.467338  11.468629
  12   17    2.689495   1.208094   27.929032  31.431648
  12   18    2.547977   1.267101   11.113191   3.815336
  12   19    2.462133   1.225761   32.681310  16.156753
  12   20    2.355331   1.260588   38.561671  33.524305
  12   21    2.220633   1.255766    1.525922  13.377650
  12   22    2.122612   1.255157   21.980934   1.565213
  12   23    2.079275   1.244566    2.090564   5.489937
  12   24    1.916656   1.266989   26.564271  19.295473
  12   25    1.801099   1.263718   19.064947  36.321246
  12   26    1.786118   1.209253   14.860799  28.116169
  12   27    1.661092   1.231822   24.364855   2.182375
  12   28    1.567974   1.242856   15.484623  30.662593
  12   29    1.455649   1.217618   12.782696  30.833051
  12   30    1.326569   1.299822    6.490774  30.088247
  12   31    1.289598   1.240707   33.213651  40.800041
  12   32    1.170492   1.217888   32.120330  34.821441
  12   33    1.036839   1.222008   35.585599  17.430698
  12   34    0.918309   1.205864   12.281173   3.243957
  12   35    0.832249   1.287335   14.910048   2.260287
  12   36    0.756680   1.205880   16.044887  16.061559
  12   37    0.611023   1.294377   26.410379   8.716785
  12   38    0.553845   1.230863   13.604405  33.706425
  12   39    0.466974   1.235879    9.472757   9.882147
  12   40    0.357795   1.233409   15.551012   1.931914
  12   41    0.253571   1.269958   33.204134  32.974340
  12   42    0.121578   1.205676   13.993439  10.830371
  12   43    0.000611   1.242281    2.670840  40.409775
  13    0    4.358297   1.318996   16.955801  10.825008
  13    1    4.265422   1.394199    2.430291  38.751056
  13    2    4.135253   1.386636   35.655208   3.757174
  13    3    4.080352   1.395977   22.757452  14.540294
  13    4    3.970527   1.373438   23.673950  18.010703
  13    5    3.898072   1.304871   14.006697   9.963551
  13    6    3.795952   1.382047   37.705205  23.685261
  13    7    3.672805   1.324117    5.838837   1.487271
  13    8    3.597998   1.317017   11.465287   7.150999
  13    9    3.449122   1.330748   10.582083  31.052889
  13   10    3.342526   1.365277   27.529520  23.887085
  13   11    3.260298   1.347707    3.784828  22.111102
  13   12    3.130668   1.334290   36.262874  24.327016
  13   13    3.065478   1.358839   40.057162  11.722626
  13   14    2.921294   1.357673    6.680572  39.503931
  13   15    2.879011   1.304151   38.587101  25.147532
  13   16    2.790543   1.312160   20.987931   1.609438
  13   17    2.666324   1.347090   40.256599  30.790625
  13   18    2.580892   1.389463    2.712777  19.149807
  13   19    2.498560   1.375623   37.071429  21.065575
  13   20    2.320977   1.331933   37.757814   7.203664
  13   21    2.272970   1.384549    4.658121  28.685891
  13   22    2.173118   1.371891    8.364411  30.355664
  13   23    2.017644   1.387742    9.870197   8.086075
  13   24    1.988029   1.311060   31.893320  29.200910
  13   25    1.807695   1.325911   18.084990  28.121669
  13   26    1.715635   1.338751   19.491910  10.885201
  13   27    1.625353   1.367990    8.561416  14.892161
  13   28    1.537231   1.315280   24.131553   9.966526
  13   29    1.498680   1.352419   21.268121  32.476075
  13   30    1.347394   1.340553   13.162871   7.953499
  13   31    1.252758   1.378329    4.880491  34.562854
  13   32    1.124128   1.386847   37.450612  18.196767
  13   33    1.003153   1.336067   13.184070   1.411480
  13   34    0.982636   1.399498   37.313983  17.379739
  13   35    0.814387   1.361478    5.910998  34.261057
  13   36    0.711955   1.359565    4.912336  15.675266
  13   37    0.635844   1.309057   10.075151  33.263929
  13   38    0.544330   1.358487   33.380156  24.705254
  13   39    0.414192   1.365289    9.160704  35.207197
  13   40    0.304804   1.356317    4.929376   5.760473
  13   41    0.264876   1.365461   10.057934  13.733816
  13   42    0.132906   1.382354   23.301090  20.308156
  13   43    0.065630   1.334685   11.429105  27.469764
  14    0    4.359637   1.489799   20.362823  40.635291
  14    1    4.212179   1.447054   22.226375  40.409093
  14    2    4.161146   1.494529   22.311535  10.545804
  14    3    4.050447   1.485618   15.372704  14.103984
  14    4    3.995520   1.412168   27.856663  14.350182
  14    5    3.870556   1.490248   29.155815  22.652231
  14    6    3.761092   1.457338    8.921494  16.956348
  14    7    3.615800   1.400482   27.674307   9.169899
  14    8    3.593418   1.484294   33.815292  18.690965
  14    9    3.424502   1.436105    1.714120  26.382218
  14   10    3.343824   1.429136   13.492614  25.550605
  14   11    3.284298   1.409452   12.722559  24.161080
  14   12    3.154924   1.460326    3.430344   8.902583
  14   13    3.036880   1.430365   15.086194  23.282815
  14   14    2.967979   1.456488   36.817021  18.225523
  14   15    2.826597   1.447194   15.707994   7.375246
  14   16    2.763275   1.408279   39.163098  16.300073
  14   17    2.638580   1.465449    4.918116  33.968334
  14   18    2.547854   1.484580   40.104849  28.330469
  14   19    2.421141   1.499401   39.041835  30.758017
  14   20    2.365020   1.412337   15.088685  34.797987
  14   21    2.233247   1.441393   32.487167  24.638190
  14   22    2.106971   1.494093   17.786703  12.417605
  14   23    2.000666   1.478604   26.003796  28.751066
  14   24    1.965688   1.427582    3.508376  38.389534
  14   25    1.804213   1.447653   17.803976   6.751467
  14   26    1.757950   1.497713   14.537320  20.207590
  14   27    1.660074   1.493722   35.525144   3.675922
  14   28    1.507831   1.482848   40.236177  36.606662
  14   29    1.485721   1.492751   29.553051  39.252755
  14   30    1.364553   1.454501   37.926670  34.801876
  14   31    1.275292   1.402786   22.013258  22.184652
  14   32    1.174788   1.452400   24.965996   4.992363
  14   33    1.035558   1.433706   30.777936   2.880511
  14   34    0.916763   1.485317   28.104745  25.172820
  14   35    0.857711   1.463316    4.123945  17.308705
  14   36    0.738535   1.442157    3.125621  17.616422
  14   37    0.621217   1.482204   29.217247  26.089180
  14   38    0.524746   1.497503   15.926293   2.962888
  14   39    0.443836   1.419770   16.387762  20.637136
  14   40    0.344987   1.461137    5.623769  38.665883
  14   41    0.206676   1.489459   31.197840  12.116347
  14   42    0.112573   1.452028   10.921745   5.624192
  14   43    0.094734   1.492555    7.596588  19.155486
  15    0    4.305093   1.573850   32.896452  40.141466
  15    1    4.201922   1.536719    7.991352   6.726148
  15    2    4.167538   1.531300   10.520576  17.929603
  15    3    4.054903   1.558026   19.856704   1.276547
  15    4    3.935104   1.554329   19.658902   2.691191
  15    5    3.812324   1.583377   13.540378  36.160210
  15    6    3.775962   1.590842   11.933367  13.886699
  15    7    3.695174   1.533934   32.214621   6.594278
  15    8    3.564359   1.587508   26.769323   6.612465
  15    9    3.499952   1.549627    2.460521  14.827351
  15   10    3.351304   1.503045   38.098800  31.085798
  15   11    3.239239   1.509787   22.761918   3.892114
  15   12    3.103958   1.588645   36.610700  30.053867
  15   13    3.043978   1.535631   27.224573  12.263310
  15   14    2.935479   1.526193   39.101849  39.513317
  15   15    2.848433   1.586556   13.125330  31.936919
  15   16    2.744674   1.536498   18.396933   1.447900
  15   17    2.662238   1.504136   23.435075  18.891735
  15   18    2.529209   1.556964   20.469412  16.861716
  15   19    2.414369   1.515196   29.248344   7.589829
  15   20    2.327464   1.540960   19.809528  23.205941
  15   21    2.231088   1.578512    2.091511  40.117701
  15   22    2.182284   1.549616   39.749635  12.367279
  15   23    2.084035   1.548436    2.370543  15.765251
  15   24    1.904947   1.590839   11.371110  13.706652
  15   25    1.815651   1.533151   37.758367  38.284991
  15   26    1.749594   1.510053    2.781173  31.206966
  15   27    1.616968   1.545274    4.110960  25.769245
  15   28    1.587196   1.552514   19.962007  24.609102
  15   29    1.497568   1.578177   11.540336  12.028398
  15   30    1.393777   1.597982    1.058647  21.485605
  15   31    1.249111   1.592648   19.561678  28.548556
  15   32    1.140216   1.515144   17.886137  20.521835
  15   33    1.062361   1.565438   37.770889  32.552301
  15   34    0.990354   1.595357   21.600544  15.844669
  15   35    0.812963   1.533728   32.297948  39.381541
  15   36    0.780449   1.503147    3.892477  38.059162
  15   37    0.683523   1.567716   33.320482  26.366751
  15   38    0.566211   1.524318   30.725801   9.723874
  15   39    0.438626   1.517284    5.211042  20.542236
  15   40    0.383696   1.501649    2.558335  11.315889
  15   41    0.215432   1.508109   18.430636  24.012336
  15   42    0.177284   1.522826    3.145337   8.306867
  15   43    0.035374   1.507580   31.070125  28.468824
  16    0    4.301775   1.665609   38.440698  40.791772
  16    1    4.282212   1.641556   27.980157   4.305059
  16    2    4.106296   1.611197   37.774774   4.182248
  16    3    4.028329   1.619253   16.719377  19.967743
  16    4    3.955313   1.608311   31.401891  12.796914
  16    5    3.824643   1.615433    2.089717  33.632491
  16    6    3.736430   1.607743   31.674599  17.751165
  16    7    3.699884   1.666624   34.816612   1.984687
  16    8    3.546007   1.689950    9.515806   6.369380
  16    9    3.442234   1.661191   34.971084   9.832440
  16   10    3.331775   1.676713   33.524020  22.412752
  16   11    3.260447   1.641901    7.019663  19.473760
  16   12    3.106719   1.651985    5.960942  14.736261
  16   13    3.042556   1.693982   10.927214  10.185388
  16   14    2.930409   1.616743    8.034759  26.558637
  16   15    2.848151   1.661716   32.526759   5.896014
  16   16    2.782772   1.667991   16.306518  38.349448
  16   17    2.684965   1.622231   26.409485  13.051953
  16   18    2.530995   1.623029   32.711041  34.407795
  16   19    2.432109   1.646463    5.877165  10.878637
  16   20    2.312793   1.606686    2.597899  16.527367
  16   21    2.280806   1.694099    7.038298  12.686615
  16   22    2.128718   1.681397   38.362022  17.712972
  16   23    2.068846   1.621884   17.918319   9.566039
  16   24    1.952479   1.627867   20.647588  34.733913
  16   25    1.887217   1.632795   18.493317  36.758965
  16   26    1.731458   1.677509   14.772904  40.369948
  16   27    1.636504   1.657344    3.845730  28.194070
  16   28    1.559626   1.656922   36.938034  14.525846
  16   29    1.406637   1.637696   20.179584  26.113722
  16   30    1.362028   1.629380   12.941006   7.960879
  16   31    1.246432   1.680277   32.221873  10.418651
  16   32    1.133800   1.608655   11.542509  23.199898
  16   33    1.079134   1.653216   20.575761  26.300771
  16   34    0.927358   1.676422    5.283006   4.262969
  16   35    0.806775   1.631222   38.880341  18.930031
  16   36    0.778991   1.656106   33.470302  30.170825
  16   37    0.629659   1.632384    3.170750  30.406467
  16   38    0.510467   1.683219   35.219641  26.753733
  16   39    0.487670   1.648931   19.621501  16.883952
  16   40    0.332628   1.665075   24.842473  27.111679
  16   41    0.207328   1.647087    1.894953  22.717462
  16   42    0.116100   1.641228   17.544093  23.144078
  16   43    0.012649   1.699984   25.605908   3.680953
  17    0    4.379297   1.740054   20.304430  38.887530
  17    1    4.228856   1.721924   34.952391  22.748304
  17    2    4.175874   1.776616   40.980309  20.970479
  17    3    4.075872   1.792371   35.351710   9.625064
  17    4    3.942530   1.752271   38.081571   2.313896
  17    5    3.813241   1.793629   15.959975  19.164046
  17    6    3.793803   1.797438   34.337528  32.277480
  17    7    3.659794   1.737493   27.242324  23.993157
  17    8    3.523027   1.745546    9.084241  19.771130
  17    9    3.469812   1.723012   11.300135  13.129134
  17   10    3.388054   1.738349   27.667233  25.421780
  17   11    3.202871   1.750037   26.450603  21.046181
  17   12    3.126668   1.740669   40.468253  24.706014
  17   13    3.076748   1.711382   22.593092  40.613814
  17   14    2.959795   1.786061    9.828809  26.029147
  17   15    2.841921   1.700175   30.185761  18.513541
  17   16    2.700662   1.783984   20.057235  26.051816
  17   17    2.662181   1.798388    3.195002  13.189297
  17   18    2.595004   1.793753   33.870126  19.135419
  17   19    2.428743   1.757542    5.169306  33.081882
  17   20    2.371222   1.710916   18.033028  28.598040
  17   21    2.274990   1.743241   27.628233  26.842962
  17   22    2.180080   1.717618   31.629335  14.542835
  17   23    2.095612   1.791442    1.246219   7.419504
  17   24    1.951086   1.720109   32.300420  16.341148
  17   25    1.807391   1.716277   22.850017  38.344813
  17   26    1.787133   1.733777    8.964080   7.422948
  17   27    1.619250   1.716751   35.037643  33.267683
  17   28    1.560285   1.778896   33.932424  35.847481
  17   29    1.406445   1.752798   40.265733  18.696461
  17   30    1.359800   1.718740   23.014425  16.197367
  17   31    1.207886   1.799937    7.541323   5.130131
  17   32    1.178480   1.705811   39.102393  26.659637
  17   33    1.086577   1.746157   17.393070  23.193879
  17   34    0.905456   1.701624   32.905706  29.727588
  17   35    0.811023   1.764697    9.586054   9.091848
  17   36    0.722250   1.700820   23.909188  15.777561
  17   37    0.630230   1.782031   28.083316  27.635171
  17   38    0.574674   1.721345    5.297585  25.845151
  17   39    0.426499   1.761611   19.046375   1.298627
  17   40    0.315693   1.719010   28.501668  23.245585
  17   41    0.238753   1.740849   30.206027  30.204615
  17   42    0.183787   1.746961   26.185534  33.253382
  17   43    0.054481   1.791319    3.723776  20.628441
  18    0    4.397674   1.808401    6.908746  35.876682
  18    1    4.270640   1.820309    9.703330   8.564218
  18    2    4.111430   1.844392   20.361025  18.831964
  18    3    4.022976   1.895627   13.800651  30.085992
  18    4    3.984110   1.857617   28.981258  16.145172
  18    5    3.879220   1.854950   29.920095  11.684053
  18    6    3.774900   1.897712    9.936648  32.375594
  18    7    3.684482   1.856031   17.773263  11.451635
  18    8    3.578632   1.824099   10.851905   3.279137
  18    9    3.436921   1.834732   25.116241  35.942604
  18   10    3.367209   1.818210   13.342428  10.797970
  18   11    3.258384   1.864092    5.769951  27.715962
  18   12    3.199990   1.838571   40.319503  13.583795
  18   13    3.008201   1.849573   27.067426  25.028386
  18   14    2.910684   1.899433   16.199583  13.832358
  18   15    2.868706   1.853118   14.160858  17.831269
  18   16    2.769557   1.806456   13.563808  17.027074
  18   17    2.608274   1.811796    3.660358  23.174084
  18   18    2.557966   1.801410   15.477967  33.259997
  18   19    2.401828   1.805616   15.365396  18.311180
  18   20    2.377297   1.851958   29.597152  37.118654
  18   21    2.259718   1.833437   18.388987   1.254459
  18   22    2.146285   1.872257   28.343465   7.697579
  18   23    2.083777   1.875956   26.763723  36.209653
  18   24    1.919554   1.875495   38.859143  31.113706
  18   25    1.834099   1.860384   29.657829   5.279280
  18   26    1.785848   1.840373    7.101571   4.975066
  18   27    1.651697   1.892703    2.618477   8.010638
  18   28    1.577015   1.820203   12.360692  17.572592
  18   29    1.440699   1.890269   18.798665   6.812516
  18   30    1.338223   1.835422   11.643407  24.135086
  18   31    1.269119   1.830073    2.913006   8.959627
  18   32    1.176215   1.868206   27.783592   8.307777
  18   33    1.099470   1.826095   25.706872   4.849055
  18   34    0.915557   1.821313   40.800444  39.085164
  18   35    0.809627   1.862965   23.012358   7.368350
  18   36    0.752942   1.812349   38.941928  31.749184
  18   37    0.610320   1.842540    1.003631  18.680190
  18   38    0.506501   1.849375   14.014148  35.934030
  18   39    0.408540   1.845021   38.053270  28.423864
  18   40    0.310899   1.874112   25.011540  24.759274
  18   41    0.205842   1.866886   33.630264  21.279125
  18   42    0.109698   1.864927    4.726834   6.043266
  18   43    0.057211   1.874168   25.969417   2.033288
  19    0    4.343978   1.963399   25.933814  19.929069
  19    1    4.249585   1.901533    2.780951  32.737751
  19    2    4.130693   1.925458   36.899948  26.825532
  19    3    4.089559   1.935091   23.058162  19.235432
  19    4    3.965516   1.900903   20.400030  25.386390
  19    5    3.816999   1.940053   33.080075   3.285937
  19    6    3.773117   1.913610    6.066049  12.320617
  19    7    3.685440   1.933102   35.995054  11.710566
  19    8    3.562884   1.948755   12.822533   4.147545
  19    9    3.471134   1.953730   21.910446   5.424598
  19   10    3.330023   1.953166   16.320728   5.580589
  19   11    3.290465   1.958843    4.202342  38.919595
  19   12    3.170776   1.920160   25.698967  10.043735
  19   13    3.020230   1.950542   37.798655  24.703780
  19   14    2.956211   1.961261   34.660722  14.895254
  19   15    2.826877   1.948286   16.477732  17.403865
  19   16    2.731540   1.963719   23.775826  27.253403
  19   17    2.619290   1.933539   38.763806   8.677006
  19   18    2.577420   1.994991   14.074465   5.889220
  19   19    2.445102   1.927480   35.789654  16.776874
  19   20    2.385940   1.943147    6.417573  30.471802
  19   21    2.252745   1.910574    9.535874   3.563159
  19   22    2.167234   1.975660    6.791334  31.521778
  19   23    2.040564   1.956495   36.145279  16.939120
  19   24    1.912675   1.958080   34.587572  32.749014
  19   25    1.810339   1.932333   26.549949  18.147115
  19   26    1.797566   1.998833   39.095835  12.020870
  19   27    1.635402   1.912030   25.437548  31.047350
  19   28    1.510043   1.976688    8.847092  18.027678
  19   29    1.443317   1.960617    9.622601  24.450412
  19   30    1.343584   1.963423    9.112979   6.782388
  19   31    1.299669   1.973115   38.177440  28.769449
  19   32    1.188089   1.975779   24.778620  25.411671
  19   33    1.063046   1.993838    9.216632  34.703179
  19   34    0.998923   1.978002   38.971102  30.266056
  19   35    0.861644   1.999378   32.017759  24.356225
  19   36    0.714608   1.909120   22.239747  22.197006
  19   37    0.619169   1.901671    8.200448   4.148583
  19   38    0.532069   1.927541    2.748378  33.919146
  19   39    0.431859   1.916331   31.974668  24.061337
  19   40    0.333357   1.949651   14.853867  12.696173
  19   41    0.269403   1.945828   27.008317  39.211057
  19   42    0.189742   1.908789    1.609266   6.159270
  19   43    0.040446   1.947108   36.253226  17.440623
  20    0    4.347840   2.076323   36.143943  39.887200
  20    1    4.228089   2.088888   11.107751  40.559534
  20    2    4.128165   2.067486    7.537154  32.447511
  20    3    4.062418   2.055139    7.583181   7.062065
  20    4    3.939017   2.001241   28.715589  26.918663
  20    5    3.855610   2.018162   29.680274  40.596960
  20    6    3.728064   2.095618   27.069449   7.483131
  20    7    3.680498   2.087181    3.971268   1.157653
  20    8    3.560308   2.057829   32.895722  15.501907
  20    9    3.425776   2.036519    4.421808  24.907321
  20   10    3.324257   2.071910   26.441344  21.551111
  20   11    3.210090   2.031188   32.776257  23.748393
  20   12    3.128242   2.095709    1.233022   8.221721
  20   13    3.083296   2.097146   37.368950  37.191443
  20   14    2.955702   2.053775   29.544543  13.053780
  20   15    2.886024   2.028445   22.013008   6.773710
  20   16    2.702111   2.053010   15.266469  31.796721
  20   17    2.678433   2.084189   16.657367  17.222809
  20   18    2.516857   2.053907   10.107167   9.257767
  20   19    2.485660   2.004450   32.791781  38.756492
  20   20    2.320998   2.001799   10.968190   8.320694
  20   21    2.240969   2.066220   29.118578  31.354648
  20   22    2.166203   2.059722    9.501101   7.287538
  20   23    2.037980   2.007964    6.799046  14.535034
  20   24    1.941524   2.087342    9.266869  31.516143
  20   25    1.830577   2.074501   38.621360   5.109542
  20   26    1.722814   2.078866    1.583043  37.396770
  20   27    1.643268   2.072715   32.726048  20.593124
  20   28    1.594686   2.006899   18.057986  15.031291
  20   29    1.475705   2.082976   19.064036  37.382803
  20   30    1.356800   2.018973   35.975479  40.548799
  20   31    1.202987   2.041181    5.551382  40.519519
  20   32    1.155135   2.098750   22.107107   9.811795
  20   33    1.088101   2.091966   20.923889  25.790866
  20   34    0.954512   2.034892    1.193863   2.337407
  20   35    0.834465   2.014921    2.583810  15.128076
  20   36    0.791266   2.037169    7.252503  17.578415
  20   37    0.615064   2.042503   20.269960  22.695960
  20   38    0.514347   2.001570   39.026228  35.279185
  20   39    0.419999   2.020908   30.171593  21.769766
  20   40    0.339461   2.054028   15.313327  17.441887
  20   41    0.266555   2.013265    9.145466  31.438290
  20   42    0.104035   2.095814   11.571500  31.508734
  20   43    0.014989   2.008305    4.984572  27.367840
  21    0    4.320869   2.132755   36.109614  12.686257
  21    1    4.229250   2.177062   36.226106   2.306994
  21    2    4.185237   2.195117   32.342738  37.907945
  21    3    4.014702   2.115147    3.775253  39.707390
  21    4    3.994052   2.145338   33.000338  34.751922
  21    5    3.854674   2.118830   36.660493  37.781114
  21    6    3.786341   2.126762    2.841582  35.700606
  21    7    3.654288   2.169385   25.525147  11.510545
  21    8    3.511890   2.128076    8.345798  11.449627
  21    9    3.483498   2.142083   19.998962  26.571844
  21   10    3.379305   2.125403   26.010130  16.543604
  21   11    3.291650   2.113730   39.882610  21.828578
  21   12    3.126076   2.116791   25.300563  16.436667
  21   13    3.043130   2.115769   35.117007  15.997292
  21   14    2.991398   2.182329   17.966510  17.145946
  21   15    2.897773   2.168771   25.798448  29.282139
  21   16    2.757571   2.187191   32.343229  26.986550
  21   17    2.630698   2.138502   21.039606   2.221010
  21   18    2.557716   2.194605    9.430398  24.446868
  21   19    2.454136   2.173798   34.265508  21.680897
  21   20    2.326390   2.171099   26.949252   7.083361
  21   21    2.268528   2.122102   22.572659  27.885553
  21   22    2.195317   2.147310   38.244720  33.384276
  21   23    2.031802   2.169804   39.068542  36.553819
  21   24    1.909057   2.144243   24.813094  22.872094
  21   25    1.894253   2.121413   19.647820   6.672294
  21   26    1.754838   2.187059   24.399803  29.284769
  21   27    1.601798   2.114103   29.450561  17.121347
  21   28    1.567099   2.106313   31.025932  27.496178
  21   29    1.422626   2.162337   29.286951  24.318772
  21   30    1.380466   2.170018   28.966207  36.906490
  21   31    1.201405   2.141023    8.601948  38.240715
  21   32    1.164950   2.198986   19.615186   2.353468
  21   33    1.091175   2.145055   29.092452  35.624797
  21   34    0.984096   2.192619   28.342514  28.166066
  21   35    0.855953   2.108134   11.878577   6.855669
  21   36    0.770593   2.132631   17.852114  31.801942
  21   37    0.676799   2.124368   21.169727   6.978585
  21   38    0.514569   2.138173   25.224289  10.580877
  21   39    0.430738   2.192454   28.655182  31.481822
  21   40    0.307340   2.117381    1.733724  18.346353
  21   41    0.245407   2.194129    5.388023   3.934159
  21   42    0.177815   2.197588    7.700501  28.457901
  21   43    0.062674   2.126084    1.720232  25.258906
  22    0    4.300070   2.219291   39.045247  35.337090
  22    1    4.271730   2.227705   40.885905  13.371265
  22    2    4.138789   2.247384   37.883623  18.860402
  22    3    4.096275   2.285742    8.118560  37.101177
  22    4    3.934319   2.287277    6.409436   4.212493
  22    5    3.841388   2.251436   24.727596  19.769061
  22    6    3.711042   2.293230    1.479679  34.383692
  22    7    3.623596   2.275628   15.347995  15.477201
  22    8    3.521548   2.221539   16.728922  33.315881
  22    9    3.422344   2.253028   26.616465  25.124831
  22   10    3.314793   2.212188   39.704480  34.771227
  22   11    3.202729   2.268093   16.816246  39.350296
  22   12    3.138984   2.279172   23.427893   5.318530
  22   13    3.067846   2.251851   28.571878  32.048959
  22   14    2.959360   2.251863   14.952300  19.402288
  22   15    2.804460   2.291543   40.464298  20.810861
  22   16    2.787356   2.237673   37.899332  10.279864
  22   17    2.687964   2.283075    8.475686  19.567428
  22   18    2.580808   2.269688   11.623251   2.682488
  22   19    2.411716   2.280058   14.462549  13.931853
  22   20    2.384922   2.262042    6.564083  31.376097
  22   21    2.201832   2.272619   36.394589  31.163086
  22   22    2.140678   2.220519    3.515592  24.368368
  22   23    2.071386   2.224150    3.885965  34.378661
  22   24    1.991113   2.246174    3.947972  20.328588
  22   25    1.857713   2.204848   22.584630  24.586937
  22   26    1.766651   2.225756   29.189227  36.857320
  22   27    1.673145   2.287139   22.274475  24.304614
  22   28    1.528179   2.224262    8.183247  29.563150
  22   29    1.482981   2.209983    6.084069  22.970693
  22   30    1.391010   2.282197   26.706657   1.474093
  22   31    1.204884   2.276584   31.984882   7.063400
  22   32    1.144186   2.272901   15.340594  38.131565
  22   33    1.001144   2.223163    2.800882  36.771852
  22   34    0.917756   2.293816    9.157608  15.785133
  22   35    0.809347   2.285224   37.240521   6.269613
  22   36    0.735715   2.249593   18.997954  38.426560
  22   37    0.628011   2.292138    2.001142  36.082544
  22   38    0.524240   2.234682   32.373611  23.972002
  22   39    0.441602   2.240894   23.784922  33.738709
  22   40    0.323642   2.238375   31.452417  40.721484
  22   41    0.234107   2.235510   30.104530  22.833393
  22   42    0.178173   2.276210   16.238772  32.295135
  22   43    0.001937   2.229850   29.045729  20.837591
  23    0    4.350340   2.398251   12.981432  22.565949
  23    1    4.235459   2.378513   10.693224  22.423657
  23    2    4.125864   2.336952   11.002976   1.679168
  23    3    4.093803   2.382972   36.715120  17.777107
  23    4    3.941674   2.335142   25.559577  20.068672
  23    5    3.849848   2.318254   39.640410  24.308878
  23    6    3.782560   2.338137   30.003795  39.451111
  23    7    3.631410   2.339293   39.652982  35.377673
  23    8    3.552140   2.343060   17.437153   8.098779
  23    9    3.430647   2.395386   24.264688  31.077305
  23   10    3.330728   2.373152   20.203325   2.262594
  23   11    3.296579   2.326304   25.019094  33.839307
  23   12    3.186517   2.385203   14.986836  26.436810
  23   13    3.065347   2.374162    5.416586  25.546341
  23   14    2.907158   2.324174   31.946219  32.227447
  23   15    2.819473   2.321492    5.540554  13.047298
  23   16    2.766381   2.310674   28.224655  18.906689
  23   17    2.600884   2.357818   11.403472  35.410252
  23   18    2.534736   2.384157   19.345169  38.305866
  23   19    2.432800   2.384560   30.820722   8.944774
  23   20    2.384848   2.327534   26.411532  22.519893
  23   21    2.232881   2.391250   22.659086   4.970403
  23   22    2.129745   2.367371   32.700066  24.966404
  23   23    2.024110   2.374792    2.595907  10.503408
  23   24    1.967902   2.377883   30.141631  33.663083
  23   25    1.870901   2.327921   36.063945  33.479255
  23   26    1.790557   2.316705   14.357109  20.157052
  23   27    1.685794   2.393000    7.846063  21.823530
  23   28    1.535669   2.385680   16.323789   8.360443
  23   29    1.466836   2.362970   27.822893  29.629389
  23   30    1.348580   2.340928   19.414107   4.616644
  23   31    1.237382   2.312522   13.665741  23.894872
  23   32    1.131993   2.372996   22.462250  23.641969
  23   33    1.068526   2.359457   23.806013   1.718799
  23   34    0.937306   2.340115   12.678218  14.557853
  23   35    0.869768   2.388716   17.801535  40.549214
  23   36    0.765677   2.365421    6.642972  37.048974
  23   37    0.635737   2.319718   16.259179  13.023699
  23   38    0.510333   2.302448    3.282382  39.753008
  23   39    0.435958   2.361400   38.762294   3.136172
  23   40    0.381750   2.332299   29.631745  11.308045
  23   41    0.230584   2.378759   35.790482   1.910102
  23   42    0.114213   2.380578    8.366692  29.054004
  23   43    0.087955   2.389702   19.408332  38.453383
  24    0    4.356113   2.432528   15.490386  21.204704
  24    1    4.269527   2.421669   17.538788  36.215425
  24    2    4.196990   2.480770   27.230964   5.377537
  24    3    4.034389   2.483761    7.925890  14.462332
  24    4    3.981925   2.461597   37.117238   9.688038
  24    5    3.899040   2.451981   30.430672  21.431350
  24    6    3.708277   2.423024   17.364738  22.186924
  24    7    3.668503   2.422745   30.093105  28.321074
  24    8    3.591100   2.420588    3.118240  30.237517
  24    9    3.432068   2.462947    8.431980  12.219221
  24   10    3.321751   2.455376   33.760980  23.501751
  24   11    3.291106   2.473622   36.743735  11.265102
  24   12    3.129251   2.452829   32.414821  22.523291
  24   13    3.057372   2.488680   12.700275   6.789196
  24   14    2.985902   2.430579   22.919717  39.466613
  24   15    2.828093   2.450156   40.334882  34.867607
  24   16    2.777467   2.418909   12.994845  18.391176
  24   17    2.608886   2.437113   23.544408  33.674426
  24   18    2.583912   2.478381   12.947874  39.510172
  24   19    2.417159   2.476568    4.524972  33.210387
  24   20    2.389258   2.405762   11.212889   5.203605
  24   21    2.257178   2.431725   31.097468  30.431502
  24   22    2.158521   2.431584   11.161540  15.125808
  24   23    2.013295   2.445318   20.668242  25.496645
  24   24    1.986050   2.490506    8.046072   3.567787
  24   25    1.860144   2.413994    3.609362  23.798424
  24   26    1.732727   2.489100   10.596932  34.305100
  24   27    1.637691   2.483467   35.131973  13.636934
  24   28    1.529568   2.404766    8.711716   6.482319
  24   29    1.485022   2.483529    2.265274  10.841334
  24   30    1.332201   2.424204   36.836304  19.655382
  24   31    1.269653   2.467065    1.342739  19.339497
  24   32    1.164485   2.470161   22.053057  36.933510
  24   33    1.088855   2.477826    1.436252  30.621274
  24   34    0.990255   2.471188   16.555040  12.232641
  24   35    0.856137   2.448017   20.467894  15.236255
  24   36    0.799682   2.400667   16.099288  30.972656
  24   37    0.619506   2.418616   23.268174   5.912207
  24   38    0.591235   2.448612   19.196192  13.120991
  24   39    0.488513   2.482895    4.638577  34.575678
  24   40    0.371484   2.492565    6.206155  23.305526
  24   41    0.274323   2.476738    5.515344  24.501570
  24   42    0.183196   2.402367   33.178710  24.789979
  24   43    0.071172   2.478120    6.620467  34.013816
  25    0    4.307239   2.547668    2.183381   2.425306
  25    1    4.228586   2.532513   31.524965  19.604578
  25    2    4.165715   2.576746    8.045611   4.260976
  25    3    4.081578   2.591005    9.838534  14.034712
  25    4    3.982586   2.500535   30.815147  12.320245
  25    5    3.820822   2.533553    1.278746  18.923566
  25    6    3.733707   2.546725   23.958342  10.113901
  25    7    3.696382   2.551076   22.662056  31.531467
  25    8    3.540775   2.545369   20.179893   7.787264
  25    9    3.457115   2.576969   32.397878  21.883589
  25   10    3.333094   2.569656   19.943585  35.365517
  25   11    3.233200   2.591154   10.856132  29.079194
  25   12    3.117409   2.583313   22.175692  20.382770
  25   13    3.071511   2.567927   10.017649  14.575544
  25   14    2.959203   2.539591    2.298746  28.250576
  25   15    2.832673   2.502621   12.105951  15.431121
  25   16    2.788952   2.535841   19.657424   2.041922
  25   17    2.654627   2.531506   34.437932   1.938064
  25   18    2.503727   2.552413   24.562398  12.937028
  25   19    2.480407   2.554359   26.520066  21.769089
  25   20    2.338372   2.594938   14.592036   3.397613
  25   21    2.237580   2.579809    5.455806  26.709430
  25   22    2.131143   2.514999   40.455905  32.206578
  25   23    2.043415   2.539778    7.018919  28.239688
  25   24    1.906280   2.505796   23.638103  33.830401
  25   25    1.893343   2.561291   32.286550  34.680751
  25   26    1.740402   2.556610   21.202490   4.131811
  25   27    1.670661   2.541415    3.514874  25.307296
  25   28    1.570910   2.502699   17.555964  40.280654
  25   29    1.492631   2.544233    7.979273  15.781667
  25   30    1.342801   2.525714   18.629996  34.781161
  25   31    1.282319   2.527542    4.790002  24.455256
  25   32    1.175323   2.543827   10.854672  11.854144
  25   33    1.026432   2.511346   17.233418  20.529817
  25   34    0.961850   2.580436   25.463592  18.982954
  25   35    0.847357   2.520241   31.977865   2.766452
  25   36    0.795168   2.515666   38.082007  27.252357
  25   37    0.682296   2.567434   16.522396  21.375332
  25   38    0.536023   2.505852   14.214657  11.179786
  25   39    0.424051   2.599398    7.555565  15.914524
  25   40    0.315383   2.502730    3.163814  32.058751
  25   41    0.236483   2.587078   35.430599  38.471592
  25   42    0.180244   2.516324   26.072125  18.404483
  25   43    0.013050   2.532065   13.752287   4.096986
  26    0    4.359179   2.643303   38.198895  22.912230
  26    1    4.299085   2.654299   38.110043  39.403506
  26    2    4.136961   2.626068   31.202503  37.408895
  26    3    4.047578   2.641657    4.280598  25.441480
  26    4    3.987676   2.616898   18.115733   5.599067
  26    5    3.824230   2.671140   33.762890  12.404563
  26    6    3.722679   2.696186   11.864842   7.976764
  26    7    3.620419   2.656420    3.296755  21.416429
  26    8    3.563537   2.634147    7.597264  24.094540
  26    9    3.472474   2.637139   35.056095  22.593894
  26   10    3.350800   2.691326    9.746895   4.451936
  26   11    3.222248   2.601631   35.496260  28.777336
  26   12    3.146987   2.624802   26.679985   7.585522
  26   13    3.087500   2.626621   33.374439  30.764617
  26   14    2.986638   2.604217    8.928717  37.513147
  26   15    2.840964   2.624985    1.250925   2.579971
  26   16    2.767538   2.644581   11.433611  32.505277
  26   17    2.624220   2.615793    9.818181  24.254690
  26   18    2.565465   2.631244   15.879958   8.226642
  26   19    2.446603   2.669624   40.693683  24.791709
  26   20    2.389815   2.646539   16.127559   6.611717
  26   21    2.240402   2.636562   10.851600  19.431538
  26   22    2.179443   2.607286   27.897091   6.407876
  26   23    2.061444   2.634245   20.657414   3.032263
  26   24    1.966818   2.687674   33.290496  32.140362
  26   25    1.838920   2.659059    7.508660  25.321701
  26   26    1.714314   2.633023   31.386845  35.323551
  26   27    1.689935   2.684765   28.374016  13.975053
  26   28    1.548995   2.666473   18.069203  35.063261
  26   29    1.422746   2.629801   27.062051  27.916749
  26   30    1.391689   2.652896   21.402063  14.765229
  26   31    1.258033   2.606978    5.839980  15.940480
  26   32    1.192470   2.612102   33.293003  17.485116
  26   33    1.099793   2.617455   16.061865  24.686716
  26   34    0.947815   2.666947    3.836262   4.525785
  26   35    0.886566   2.614657   28.754728  25.212338
  26   36    0.784808   2.670938    1.650009  20.207863
  26   37    0.649701   2.643151   23.650149  28.832307
  26   38    0.554662   2.684727   31.683132  40.309928
  26   39    0.498234   2.652575   23.937940  20.608622
  26   40    0.381647   2.661150    1.381438  12.494967
  26   41    0.239707   2.697305   24.057583  12.807121
  26   42    0.164204   2.654470   16.767226  24.110074
  26   43    0.032864   2.658861    9.132153  10.837984
  27    0    4.322581   2.791030   11.900240  16.066664
  27    1    4.251678   2.769895   27.188545  10.641145
  27    2    4.131742   2.725760   28.352091   1.078782
  27    3    4.020505   2.776187   29.096847  29.173076
  27    4    3.969646   2.761785   25.740291  20.357418
  27    5    3.857434   2.746154   16.200795   8.596770
  27    6    3.749134   2.728868   40.032091   4.929034
  27    7    3.637002   2.726204   11.900294  29.972044
  27    8    3.586759   2.700474   13.242410  16.066831
  27    9    3.454463   2.744620   20.986046  23.688571
  27   10    3.393792   2.778975   16.314170  23.893592
  27   11    3.241634   2.786699   19.315411  31.579416
  27   12    3.153483   2.793819   36.383435   4.035258
  27   13    3.049141   2.799513    6.457660  19.598108
  27   14    2.974302   2.738484   40.295811   9.274688
  27   15    2.871441   2.735922   15.225864  20.137631
  27   16    2.781472   2.718568   18.154618   6.475389
  27   17    2.649566   2.714373   24.551723  39.515005
  27   18    2.528530   2.795623   33.845428  18.615298
  27   19    2.441841   2.753531    5.948678  18.840466
  27   20    2.376949   2.789136    3.895587  37.591023
  27   21    2.205114   2.738931    8.847752  25.435534
  27   22    2.105066   2.742540   31.691458  35.523244
  27   23    2.078151   2.792621   16.379595  17.159605
  27   24    1.967585   2.768206   40.990123  40.614313
  27   25    1.804823   2.746149   40.715275   3.449981
  27   26    1.733883   2.761090   20.826392  18.179382
  27   27    1.677618   2.762269   15.867447  24.575604
  27   28    1.587143   2.711010   13.330006   8.292711
  27   29    1.421723   2.711395    5.892548   4.550024
  27   30    1.367041   2.749532    6.631991  18.561120
  27   31    1.276570   2.785075   37.723775   3.344500
  27   32    1.186225   2.738981   16.953175  33.856867
  27   33    1.065215   2.720701   10.403641  20.487385
  27   34    0.945330   2.748321   17.131956  24.412518
  27   35    0.872301   2.719125   26.273952   4.831317
  27   36    0.712506   2.763490   33.262455   9.500744
  27   37    0.678609   2.760056   14.720162  24.214999
  27   38    0.521682   2.748205    6.778273  25.992221
  27   39    0.424292   2.758848   35.356059   3.941710
  27   40    0.378801   2.705361   26.231099  19.405185
  27   41    0.293932   2.762688   35.073856  14.441953
  27   42    0.147228   2.788838   31.177518  19.630472
  27   43    0.034380   2.754219   12.173776  16.183011
  28    0    4.312322   2.880872   40.001402   4.336184
  28    1    4.231117   2.816289   30.826332  13.833445
  28    2    4.100854   2.881098   34.163338  30.126461
  28    3    4.080492   2.812744   10.409509  11.885916
  28    4    3.953502   2.849950    3.282621   4.849119
  28    5    3.803673   2.857140    6.802170  40.387012
  28    6    3.718117   2.811326   38.621379   4.017251
  28    7    3.653538   2.873703    6.504034  32.118066
  28    8    3.547715   2.847246   36.954476  20.130190
  28    9    3.467960   2.803075   29.491657   1.516280
  28   10    3.350379   2.810678   22.472908  35.749540
  28   11    3.222086   2.869087   23.008895  40.820772
  28   12    3.148286   2.841821   31.282450   9.506315
  28   13    3.028169   2.802259   26.029404  30.373477
  28   14    2.960018   2.897803   11.223376  38.785505
  28   15    2.824427   2.810694   32.917792  17.700141
  28   16    2.724123   2.896116   29.151172  13.654734
  28   17    2.684114   2.899713    4.855084  33.941975
  28   18    2.532577   2.828043    8.482164  23.673972
  28   19    2.462625   2.867827    8.883245   6.403834
  28   20    2.340347   2.819931    1.722106  22.543563
  28   21    2.283953   2.848547   26.962563  32.430093
  28   22    2.161710   2.807362   35.859784  35.118177
  28   23    2.048182   2.825052   11.224741   2.514733
  28   24    1.955266   2.840107   12.921807  27.134567
  28   25    1.818947   2.817863   26.643642  39.497424
  28   26    1.737783   2.854208    3.648759  10.071355
  28   27    1.623918   2.834475   18.634647  15.892741
  28   28    1.552070   2.831613   19.167003  21.879376
  28   29    1.472356   2.874258   30.632697   2.844931
  28   30    1.345993   2.817500   23.694454  28.891405
  28   31    1.261664   2.801975   15.488122  11.895984
  28   32    1.198585   2.880746   40.732725  15.040425
  28   33    1.009594   2.838912   14.558429  14.700061
  28   34    0.954854   2.883968   25.862089   1.585901
  28   35    0.810402   2.871868   19.663288   6.012650
  28   36    0.703468   2.876144   11.169777  33.867833
  28   37    0.671743   2.847180    5.609012  11.728130
  28   38    0.550932   2.833016   29.506204   1.178670
  28   39    0.444438   2.899431   24.777899  36.434734
  28   40    0.312177   2.848318   21.177750   1.663500
  28   41    0.209546   2.862673   10.316851  33.901229
  28   42    0.150655   2.822341   31.348808  26.229211
  28   43    0.036232   2.825760   40.748765  29.104915
  29    0    4.361106   2.903397    3.339868  13.763661
  29    1    4.269975   2.922751   36.369234   1.855893
  29    2    4.195093   2.912492    1.172468  24.536195
  29    3    4.053488   2.994407   26.580184  19.767834
  29    4    3.983209   2.921806   34.125893  29.471144
  29    5    3.822494   2.917410    7.351104  22.270801
  29    6    3.708536   2.963582    6.734597  20.056295
  29    7    3.655115   2.974240   39.287623   7.557017
  29    8    3.533508   2.917562   39.569348   6.968582
  29    9    3.487120   2.928493   19.326216  40.795731
  29   10    3.376755   2.962351   19.309180  35.069600
  29   11    3.235667   2.977999   12.862909   4.648694
  29   12    3.177816   2.978904   21.025306  38.243841
  29   13    3.001395   2.981190   38.162914  32.063049
  29   14    2.975787   2.962786    1.262184  29.622857
  29   15    2.842874   2.990980   31.187163  16.513752
  29   16    2.763049   2.935954    7.415000  11.058893
  29   17    2.638381   2.984780   26.510801   6.312956
  29   18    2.557113   2.948497    7.066923  10.281801
  29   19    2.467875   2.949319    8.797752  17.299099
  29   20    2.362486   2.926113   30.363490  14.993411
  29   21    2.262774   2.964564   19.334522   2.163761
  29   22    2.170084   2.950060   39.165605  30.223811
  29   23    2.082750   2.932313   23.415484  34.869656
  29   24    1.964328   2.952895   28.636654  38.594306
  29   25    1.887270   2.911938   36.910937   5.058425
  29   26    1.777459   2.975522   10.083321  12.702156
  29   27    1.674981   2.958240   34.138310  30.042257
  29   28    1.546928   2.958908   38.283745  34.662481
  29   29    1.466264   2.904577   14.195919  20.918613
  29   30    1.394910   2.937277   12.200729  19.913062
  29   31    1.203432   2.998135    9.207784  24.542687
  29   32    1.159034   2.958674   34.891760  40.708038
  29   33    1.039016   2.973661   15.467032  24.537535
  29   34    0.960354   2.983507   26.591678  39.296871
  29   35    0.875471   2.946959   17.254521  22.217114
  29   36    0.798424   2.901995    4.357880  11.605193
  29   37    0.609378   2.920108   13.148335  32.242786
  29   38    0.513973   2.967409   12.332021   9.304528
  29   39    0.419830   2.916636    5.928911  38.029164
  29   40    0.357282   2.963584   28.586222  31.478147
  29   41    0.224199   2.906768   39.723570  38.360469
  29   42    0.144780   2.912386    7.685873  16.660648
  29   43    0.004833   2.940393    1.823340  39.373902
  30    0    4.377667   3.079631   22.515164  21.849167
  30    1    4.287514   3.078530   11.643973   5.011835
  30    2    4.134594   3.056434    4.575560   7.154420
  30    3    4.026575   3.002863   35.592159  14.239940
  30    4    3.935451   3.077043    8.881477  33.080119
  30    5    3.822628   3.087283   14.136970  24.773687
  30    6    3.705276   3.083899    7.741503   1.989586
  30    7    3.666682   3.035409   26.175662  30.750954
  30    8    3.546078   3.066034   27.127535  16.138715
  30    9    3.469200   3.023710    5.821996  25.733810
  30   10    3.350092   3.077830   19.998307  21.724761
  30   11    3.294255   3.041108   28.034318   2.617837
  30   12    3.160492   3.091785   22.857826  21.720709
  30   13    3.077447   3.082839   32.039699  38.472669
  30   14    2.905063   3.051117   24.993275   9.835329
  30   15    2.861606   3.038870   15.299498   5.032753
  30   16    2.794618   3.065867   34.251051  23.759307
  30   17    2.636564   3.015326    5.800765  14.502624
  30   18    2.591148   3.039631    8.873626  17.928169
  30   19    2.418391   3.041121   26.746972  35.536329
  30   20    2.310727   3.023135    1.834013  14.353027
  30   21    2.249480   3.041415    5.260631  35.695915
  30   22    2.133147   3.065548   32.268648   4.640471
  30   23    2.043763   3.004520   25.499394   4.389245
  30   24    1.944072   3.074798   18.023598  27.143276
  30   25    1.841050   3.029521    6.626322   4.232672
  30   26    1.736150   3.004083   13.993045  10.253875
  30   27    1.671139   3.018158   37.364051  28.979471
  30   28    1.543130   3.053360    2.843055  36.172874
  30   29    1.461806   3.066403   21.401662  32.600184
  30   30    1.375415   3.011820   17.877725  39.055201
  30   31    1.255200   3.018689   21.712110  36.796392
  30   32    1.166827   3.070144    2.218846   7.256790
  30   33    1.024358   3.070876   16.877129   3.174700
  30   34    0.930528   3.099855    4.134279  31.475003
  30   35    0.805731   3.046852   18.805624  11.503083
  30   36    0.757096   3.031098   35.264322  28.896333
  30   37    0.684571   3.027999    8.770568  16.916990
  30   38    0.569702   3.059941   16.659399  38.035209
  30   39    0.487910   3.084832    7.478539  26.637979
  30   40    0.380130   3.081585   26.956450  19.768057
  30   41    0.254621   3.045723    4.925054  20.712927
  30   42    0.165073   3.076848   27.685494  37.137093
  30   43    0.063652   3.038916   37.077953  21.477181
  31    0    4.304691   3.175864   12.611870  39.818607
  31    1    4.210033   3.160920    8.970117  32.890344
  31    2    4.194859   3.185141   31.183741   8.720830
  31    3    4.023626   3.156895    7.571885   3.588672
  31    4    3.960830   3.191962   10.568509   1.996793
  31    5    3.827824   3.146774   22.852606  36.443407
  31    6    3.763235   3.153570   26.425829   5.827880
  31    7    3.634546   3.194669    1.729791  12.609658
  31    8    3.597385   3.137640    9.479016  31.654104
  31    9    3.467845   3.198458   37.143431  19.495753
  31   10    3.343789   3.105288   23.110646  16.097452
  31   11    3.201347   3.171503    3.282087  29.778323
  31   12    3.131605   3.118155    6.622267  10.644935
  31   13    3.084447   3.199084    8.026424  12.533657
  31   14    2.927411   3.107091    9.462158  15.228313
  31   15    2.818861   3.178394    4.964927  27.751214
  31   16    2.759273   3.161533    3.639173  13.157776
  31   17    2.630566   3.192850   29.875597  21.940460
  31   18    2.530482   3.185885   34.704725  24.437159
  31   19    2.462595   3.128989   40.356486   5.237529
  31   20    2.368676   3.122031   36.099073  30.308599
  31   21    2.291347   3.117347    2.327009   9.363521
  31   22    2.194217   3.155582    7.322112  33.944838
  31   23    2.043226   3.167525    3.410991  20.981543
  31   24    1.976782   3.107522    3.302926  30.527709
  31   25    1.859411   3.171990   20.751529  36.444938
  31   26    1.781024   3.162640   20.506444  24.521637
  31   27    1.624417   3.173234    9.596759  11.624436
  31   28    1.581001   3.101477   34.729583  12.771298
  31   29    1.438875   3.124508    9.034714  24.447288
  31   30    1.348739   3.183425   26.203345   9.122917
  31   31    1.278566   3.125658   22.544496  27.976758
  31   32    1.194855   3.175273   19.531366  39.588959
  31   33    1.040236   3.182457    3.570078  28.305637
  31   34    0.958593   3.131625    9.159523  26.646319
  31   35    0.830106   3.120352   40.112085  14.232796
  31   36    0.710957   3.111508   15.485216   7.078403
  31   37    0.603226   3.181711   27.371980  14.637066
  31   38    0.547775   3.158903   22.379049  29.841807
  31   39    0.410944   3.149394   23.772143  24.658078
  31   40    0.309624   3.184042   23.805665  38.758639
  31   41    0.259753   3.168876   23.214396  23.238976
  31   42    0.172444   3.156999   15.394572  19.405792
  31   43    0.027672   3.186191    5.228572  22.281276
  32    0    4.306505   3.265457   26.225858  40.392855
  32    1    4.224025   3.279580    4.701820   1.607398
  32    2    4.102058   3.294474   36.759728  26.290586
  32    3    4.015145   3.239006   14.168366  14.121755
  32    4    3.907571   3.257648   30.752911   2.792259
  32    5    3.871985   3.239609   34.178542  12.006587
  32    6    3.720870   3.246319    2.168990  34.260442
  32    7    3.626036   3.262671    1.054929   7.484012
  32    8    3.514836   3.266237    2.503818   9.632129
  32    9    3.447145   3.240815    6.382557  40.621128
  32   10    3.367462   3.299611   29.611210  24.725424
  32   11    3.280990   3.242941   18.869133   1.850262
  32   12    3.101164   3.264527    6.028187  37.311313
  32   13    3.004949   3.268773   26.750350   8.321812
  32   14    2.918158   3.243429   32.963101  15.884356
  32   15    2.878964   3.292939   17.704394  40.902418
  32   16    2.747512   3.217686   15.524034   3.886447
  32   17    2.682759   3.284126   23.278812  32.576529
  32   18    2.595198   3.276235   35.428915  18.208112
  32   19    2.442388   3.226141   16.121992  39.204718
  32   20    2.310989   3.262868   19.352898  14.112117
  32   21    2.257580   3.284581   40.850536  40.037442
  32   22    2.155516   3.288920   34.232553  38.294474
  32   23    2.046733   3.295365   23.172902  28.078240
  32   24    1.967074   3.265986   15.260525  37.618241
  32   25    1.828632   3.299495   36.928737  39.335663
  32   26    1.790986   3.206714   17.968375  33.125838
  32   27    1.659116   3.212202   14.992373  35.198571
  32   28    1.544355   3.200819   22.709356  27.255897
  32   29    1.436884   3.294021    7.528059  13.614716
  32   30    1.345999   3.298176   28.016953   6.760987
  32   31    1.285533   3.286358   39.873514  22.447864
  32   32    1.145154   3.221170    8.729099  14.642865
  32   33    1.008641   3.284758    2.367502   2.334006
  32   34    0.933221   3.284446    5.432002  11.492209
  32   35    0.801342   3.249351   15.726135  36.552536
  32   36    0.720391   3.221779   33.691605   9.940124
  32   37    0.685327   3.293854   38.111735  31.873564
  32   38    0.503408   3.206991   14.704768  25.498988
  32   39    0.414602   3.252012   33.827088  17.037872
  32   40    0.342055   3.208688   13.416310  22.890557
  32   41    0.276531   3.293525    8.607034   4.471313
  32   42    0.100115   3.237017    5.812101   9.029531
  32   43    0.086873   3.250259   32.768366  36.030766
  33    0    4.391625   3.324763   24.012503  12.151109
  33    1    4.248463   3.317942   21.018098  25.024098
  33    2    4.105179   3.334774    5.954463  11.141374
  33    3    4.011096   3.318578   36.509203  34.441852
  33    4    3.957826   3.301074    5.864655  19.949656
  33    5    3.834907   3.344424   36.772000  15.283741
  33    6    3.755825   3.391943    2.390142   9.032328
  33    7    3.621148   3.355680   40.438430   9.058293
  33    8    3.512047   3.329848   13.167057  39.097832
  33    9    3.432787   3.370913   26.215509  34.979360
  33   10    3.389254   3.315318   27.771892  11.992995
  33   11    3.282696   3.371772   39.353333  15.078450
  33   12    3.104815   3.379674    5.414038   9.391059
  33   13    3.019459   3.341669   15.892046  19.397215
  33   14    2.945574   3.334981    9.392276  12.012125
  33   15    2.889952   3.371914   21.261267  38.619705
  33   16    2.701655   3.398695   27.251992  30.427037
  33   17    2.603831   3.398139   17.344518  12.949315
  33   18    2.534938   3.345164   33.743944  13.066053
  33   19    2.467941   3.374898   40.910271   3.730678
  33   20    2.351713   3.376459   33.099471   7.873940
  33   21    2.298424   3.356963   36.350281  28.262051
  33   22    2.149742   3.311027    7.801104  21.123467
  33   23    2.054881   3.332107   16.954942  28.439079
  33   24    1.957492   3.360154   22.941594  40.219567
  33   25    1.874489   3.342055   11.494478  30.316095
  33   26    1.777741   3.399524   28.428435   6.896756
  33   27    1.614307   3.335815   26.663806  14.366471
  33   28    1.589072   3.345917    5.705029  23.032707
  33   29    1.437277   3.322727   20.988015  35.168820
  33   30    1.346953   3.317586   21.323692  23.371198
  33   31    1.201524   3.331368    2.074446  24.441161
  33   32    1.161156   3.390935   36.619780  37.767952
  33   33    1.033582   3.334799   26.636404   2.790491
  33   34    0.908199   3.365803   20.900249  30.143216
  33   35    0.884012   3.372715   21.502638  33.240496
  33   36    0.766319   3.317019   24.974054  22.145221
  33   37    0.678661   3.386653   33.865745  13.545470
  33   38    0.536142   3.340826   32.515839  26.598984
  33   39    0.490392   3.385723   40.311738   4.493800
  33   40    0.332806   3.301375   18.668433  29.135245
  33   41    0.264648   3.377183   36.712083  27.849701
  33   42    0.104689   3.344681   28.453731  25.964599
  33   43    0.037557   3.328745   34.848564  20.277205
  34    0    4.350247   3.475267    1.975615  31.582252
  34    1    4.287552   3.477592    6.680391  18.535697
  34    2    4.167606   3.484201   39.062598  12.259092
  34    3    4.060578   3.464892   23.452051  36.431628
  34    4    3.981645   3.476268   12.911980  39.495114
  34    5    3.804977   3.453992   34.379439  35.456321
  34    6    3.750218   3.468782   30.461331  32.181526
  34    7    3.645003   3.485448   38.440890   8.735142
  34    8    3.554993   3.424819   36.627208  27.038199
  34    9    3.411651   3.432762   22.838782  11.858561
  34   10    3.333040   3.439661   30.215040  23.963412
  34   11    3.236145   3.448901   12.986438  24.360992
  34   12    3.102890   3.420779   21.218225  16.253178
  34   13    3.094875   3.435609   21.414140  12.058592
  34   14    2.983205   3.488922   12.388496  35.217724
  34   15    2.874982   3.425030   36.777114   3.152503
  34   16    2.793499   3.480689   12.373711  34.543047
  34   17    2.607021   3.436294   19.187394  29.949354
  34   18    2.564555   3.451437   23.383270  11.815733
  34   19    2.485262   3.458509    4.380570  23.246137
  34   20    2.371226   3.461437   13.255425  32.949593
  34   21    2.267161   3.415972   26.767466  17.871892
  34   22    2.132240   3.477932   39.964809  29.822927
  34   23    2.011443   3.491466   10.209845  15.573939
  34   24    1.900458   3.441034   26.022594  22.255583
  34   25    1.878953   3.419098    5.398332  35.381724
  34   26    1.792690   3.422403   20.885702  12.525269
  34   27    1.682058   3.409478   13.999787  21.776635
  34   28    1.580743   3.452206   21.405623  13.942893
  34   29    1.426899   3.436856   12.280411  17.441478
  34   30    1.384832   3.402059   23.511390  24.577024
  34   31    1.248129   3.400422   30.699975  20.058614
  34   32    1.176746   3.489505   32.735369   3.037859
  34   33    1.088061   3.470059   21.011574  31.571042
  34   34    0.913391   3.413019   26.854568   5.301434
  34   35    0.821225   3.440662   28.690394  13.516068
  34   36    0.781362   3.435631   20.834228  39.875076
  34   37    0.671370   3.448482    6.054052  23.486488
  34   38    0.540144   3.409947   32.424528  13.175460
  34   39    0.410792   3.448013   10.226111   5.469513
  34   40    0.305335   3.477690    6.175298   7.810905
  34   41    0.271622   3.408564   10.133449  20.759018
  34   42    0.113994   3.482845   24.297691  23.529869
  34   43    0.035344   3.465928   38.017213  16.331962
  35    0    4.361740   3.509064   14.715844  13.917941
  35    1    4.200273   3.556458    3.476157  14.025175
  35    2    4.195704   3.589193   19.815583  11.495890
  35    3    4.057141   3.568385   21.850240  26.543995
  35    4    3.988695   3.537626   33.811346  29.691687
  35    5    3.830145   3.568353   33.791379  25.279575
  35    6    3.708176   3.524645   12.316501  22.229715
  35    7    3.664953   3.599900    9.157378  20.106964
  35    8    3.528660   3.545971   24.616349  28.800680
  35    9    3.466156   3.505046   15.904048   2.781409
  35   10    3.318106   3.540487   17.307122  20.446073
  35   11    3.204525   3.590131   13.439656  33.245604
  35   12    3.157674   3.574396    7.378389  38.911328
  35   13    3.029171   3.542702   39.944863  32.105964
  35   14    2.929901   3.541057    3.480302   1.292139
  35   15    2.831348   3.507538   24.450389   2.731277
  35   16    2.732909   3.522312    6.031228  14.618710
  35   17    2.615096   3.546759    7.003710   2.872416
  35   18    2.547697   3.519325   19.985316  14.593028
  35   19    2.435349   3.541524   14.045137  18.397122
  35   20    2.301870   3.588797    8.493665   8.514566
  35   21    2.266316   3.540933   11.152713  40.679137
  35   22    2.136347   3.513850    1.356790   4.500112
  35   23    2.062112   3.527542    1.604406  34.376339
  35   24    1.991638   3.598001   29.080151   7.423765
  35   25    1.867595   3.548280   16.745155  23.777778
  35   26    1.787242   3.595301   21.508578  16.573432
  35   27    1.630226   3.554591   12.935364  23.594878
  35   28    1.571480   3.580090    9.429483  10.840466
  35   29    1.453537   3.506250   29.896541  34.017364
  35   30    1.369813   3.515754   18.198822  14.329429
  35   31    1.219390   3.519583   16.558800  10.049760
  35   32    1.157207   3.503448   24.357805  18.595236
  35   33    1.089725   3.582717   13.054030   1.589669
  35   34    0.924581   3.578976   19.372461  37.285270
  35   35    0.878862   3.518006   11.287597  23.404305
  35   36    0.700638   3.578830   29.042177   4.784385
  35   37    0.664645   3.544904    1.560497  13.107100
  35   38    0.528618   3.514871   32.787429   2.530991
  35   39    0.480885   3.585362    9.002951  30.431496
  35   40    0.382513   3.581174   33.940969   4.992751
  35   41    0.204502   3.558183   11.119482   2.544357
  35   42    0.139265   3.566331   10.330796  21.860737
  35   43    0.018676   3.528814   26.534599  27.836743
  36    0    4.302238   3.659771    3.857308  13.841187
  36    1    4.298043   3.616689   15.067253  34.575109
  36    2    4.196981   3.621659   28.431092  36.494324
  36    3    4.023603   3.613503   10.551299  10.991287
  36    4    3.932802   3.632503   27.551852  39.890020
  36    5    3.893491   3.632703   40.358267  39.834944
  36    6    3.743175   3.650791   35.973086  21.420387
  36    7    3.651155   3.692987   29.367811  23.107501
  36    8    3.584237   3.684847   34.311124  34.929700
  36    9    3.404701   3.636762    1.170240  31.641830
  36   10    3.383882   3.628506   11.121249  21.392359
  36   11    3.260315   3.698262   35.574639  19.387335
  36   12    3.193971   3.619341   23.877667  24.689920
  36   13    3.038650   3.665447   19.035112   3.705359
  36   14    2.905135   3.652833   18.458152  10.608534
  36   15    2.885942   3.624800   33.396771  10.675158
  36   16    2.737445   3.626239   26.148261  17.998434
  36   17    2.631367   3.638795   28.402133  38.355996
  36   18    2.520913   3.691865   27.844072  18.107456
  36   19    2.478773   3.682079   14.687674   1.146238
  36   20    2.327345   3.671023   17.046463   1.420836
  36   21    2.254410   3.654301   36.539327   4.825607
  36   22    2.109497   3.617164    6.404020  10.909901
  36   23    2.062660   3.695042   37.464794   4.562124
  36   24    1.944803   3.619512   26.975702  16.412543
  36   25    1.829011   3.649451   16.679590  37.110505
  36   26    1.769112   3.606982    5.048478  36.938679
  36   27    1.633643   3.671946   30.892810  33.624168
  36   28    1.520947   3.646242    8.259204   6.014241
  36   29    1.459982   3.609751   23.317664  30.948259
  36   30    1.398716   3.627487   10.934065  19.747524
  36   31    1.200469   3.678052   40.620892   6.956445
  36   32    1.162135   3.696835   37.972976   8.122034
  36   33    1.076504   3.624191    8.564238   9.439536
  36   34    0.984776   3.625197   27.270401   7.090320
  36   35    0.841181   3.679609   38.380210   8.249309
  36   36    0.787248   3.600059    2.578103   2.363545
  36   37    0.641905   3.615111   28.463432  16.846197
  36   38    0.549914   3.688839   11.879408   5.361898
  36   39    0.425358   3.647584   29.747950  22.094859
  36   40    0.320397   3.650276   40.758621   7.611236
  36   41    0.269530   3.694410   18.179907  10.096923
  36   42    0.194267   3.663817   35.913306  21.941678
  36   43    0.026646   3.635597    3.984085   1.045532
