   0    0    4.251801   0.041158   31.215748  29.988569
   0    1    4.115608   0.093211   30.762280  10.959990
   0    2    4.049898   0.090546    9.322556  32.413259
   0    3    3.953973   0.005728   31.939549  35.996045
   0    4    3.842745   0.047520   28.868972   7.296076
   0    5    3.748374   0.006040   38.864117  18.478814
   0    6    3.667616   0.018555   10.974012  16.804861
   0    7    3.567324   0.005989   13.941190  39.447385
   0    8    3.432633   0.081044   14.304597  20.335767
   0    9    3.373827   0.055516   35.475398   5.382337
   0   10    3.211785   0.020353    6.022837  30.474726
   0   11    3.187480   0.051140   12.472921  27.232338
   0   12    3.048231   0.012879   26.998474  23.052134
   0   13    2.998365   0.030808   21.004320  35.851459
   0   14    2.871419   0.033050   29.949845   4.724573
   0   15    2.728091   0.001274   11.592182   3.159944
   0   16    2.662429   0.027549   18.590731   2.337738
   0   17    2.548084   0.029826    7.126765  22.286494
   0   18    2.477572   0.030996   36.524566  35.395014
   0   19    2.376852   0.033415   32.101865  20.145439
   0   20    2.262871   0.093899    6.541513   6.276500
   0   21    2.186459   0.015158    6.502215  32.347465
   0   22    2.061459   0.055902    4.137991  12.423544
   0   23    1.953778   0.030706   21.462769   3.037909
   0   24    1.832268   0.025183   23.492291  10.524206
   0   25    1.794383   0.015102   28.859302  21.201913
   0   26    1.661532   0.018318   19.793999   4.805361
   0   27    1.516024   0.064532   23.278805  10.171069
   0   28    1.458716   0.073994   28.738976  29.857458
   0   29    1.324655   0.046760   32.357234  28.511475
   0   30    1.285393   0.078691   32.165736  32.988278
   0   31    1.108828   0.009063   20.261208  38.168454
   0   32    1.069414   0.032744   38.223114  11.922347
   0   33    0.918036   0.063129   29.129352   9.688488
   0   34    0.807396   0.041195   15.123176  30.732954
   0   35    0.737202   0.052637   14.577999   4.534242
   0   36    0.656111   0.035395   19.447388  20.214068
   0   37    0.542983   0.051153   33.915067  40.953853
   0   38    0.457787   0.018538   13.138130   8.469717
   0   39    0.307986   0.095468   39.494958  32.560981
   0   40    0.235657   0.081143   27.721687  23.318754
   0   41    0.196166   0.032687   34.686421   7.727428
   0   42    0.034255   0.050947   29.972940  40.183210
   1    0    4.266860   0.148104    6.214341  13.085449
   1    1    4.164023   0.125762   30.145997  17.448758
   1    2    4.075877   0.145325   14.175531  15.882180
   1    3    3.941751   0.187548   12.059125  25.856132
   1    4    3.829926   0.170111   19.817609  27.623925
   1    5    3.797129   0.111307   33.736351  19.302649
   1    6    3.615448   0.105045   21.209162  15.393371
   1    7    3.541429   0.163320   27.972204  31.503297
   1    8    3.484485   0.113420    8.218407  27.418087
   1    9    3.366858   0.129881   24.100102  36.281161
   1   10    3.238779   0.177623   20.756675  15.913997
   1   11    3.164568   0.129846   35.408974  18.827283
   1   12    3.008597   0.159801   38.032050  12.922815
   1   13    2.915612   0.142169   31.066756  11.090348
   1   14    2.875087   0.110777   21.597612   3.807758
   1   15    2.722341   0.123057   37.073468  26.526913
   1   16    2.634045   0.166906   21.267757   8.267139
   1   17    2.507755   0.196440    7.680630  27.763202
   1   18    2.444990   0.103984   30.515146  40.170796
   1   19    2.317291   0.176174   36.877866  35.289813
   1   20    2.252316   0.162348    6.749896  15.219575
   1   21    2.111328   0.118726   18.961567  36.130971
   1   22    2.005028   0.117921   31.921678  29.373447
   1   23    1.937360   0.111041   17.864586  38.500308
   1   24    1.838194   0.150256   20.174479  21.189111
   1   25    1.718368   0.169874    6.839973   1.775437
   1   26    1.612740   0.150504    1.822797  17.653270
   1   27    1.588344   0.166077   13.255826  10.693899
   1   28    1.440591   0.119770   26.707161  25.793084
   1   29    1.347214   0.190179    7.672419  38.493404
   1   30    1.249397   0.131449   15.025876  11.290588
   1   31    1.195633   0.144016   32.036787  35.789564
   1   32    1.065213   0.169916   40.028994  20.523207
   1   33    0.945137   0.177299   28.744060  10.304639
   1   34    0.812503   0.112329   34.499550  33.897804
   1   35    0.781087   0.187668   10.478852  27.131155
   1   36    0.648678   0.190332   11.736183  26.040983
   1   37    0.584678   0.168154   40.164121  20.034519
   1   38    0.465181   0.154077   21.790313  32.353736
   1   39    0.395909   0.116889   11.008939   1.369115
   1   40    0.298687   0.162279   25.000100  21.633769
   1   41    0.122032   0.120519   28.560695  11.502639
   1   42    0.004539   0.138874   17.402506  10.914218
   2    0    4.265384   0.284963   19.831310  38.213781
   2    1    4.149872   0.269407    6.393796  11.362731
   2    2    4.060846   0.214998   28.981113   2.348628
   2    3    3.986142   0.258399   10.047924  23.030225
   2    4    3.876333   0.237607   24.708066  28.091525
   2    5    3.759910   0.232717   19.791273   1.433948
   2    6    3.639795   0.223109   21.404129  34.526412
   2    7    3.516681   0.255371   23.671309  20.404764
   2    8    3.413141   0.282797   24.304578  39.734964
   2    9    3.345534   0.209175   16.245755  33.323909
   2   10    3.237286   0.212150   28.270169  19.498200
   2   11    3.101966   0.220350   21.157964   8.819785
   2   12    3.023234   0.204615   30.506119  29.738515
   2   13    2.933031   0.218438    3.753216  27.190647
   2   14    2.861656   0.282581   39.435899  25.159413
   2   15    2.712341   0.270748   33.629755  10.264367
   2   16    2.667837   0.279327   15.111934  26.110526
   2   17    2.572853   0.287136   10.807409  40.101781
   2   18    2.470221   0.258599   40.959355   1.525826
   2   19    2.302638   0.263997   14.235735  20.895412
   2   20    2.288901   0.276891    2.312993   7.853236
   2   21    2.142933   0.225170   27.652655  33.610692
   2   22    2.035536   0.277627   34.121898  32.214169
   2   23    1.998766   0.221833    5.343653   4.362121
   2   24    1.898036   0.256099   38.359703  32.601827
   2   25    1.740338   0.273469   39.140626  15.212098
   2   26    1.652225   0.249411   21.093229   8.747428
   2   27    1.538066   0.267654   18.038581  10.025484
   2   28    1.468329   0.286557   19.825792  14.353796
   2   29    1.335841   0.287676   33.097392  28.208272
   2   30    1.252738   0.280434   23.645716  34.716113
   2   31    1.125518   0.203886   32.834938  35.604036
   2   32    1.084883   0.255704   11.874648   3.319916
   2   33    0.941050   0.247200   38.106966  34.517156
   2   34    0.875404   0.284340   11.324301  36.826724
   2   35    0.742927   0.281335   20.508120  23.777137
   2   36    0.684964   0.244073   17.934347  29.928031
   2   37    0.512674   0.204094   14.617602  24.953617
   2   38    0.403120   0.224087   25.478211  29.868676
   2   39    0.323191   0.237458   11.952031  32.277024
   2   40    0.293587   0.277004   12.187613  25.010928
   2   41    0.193565   0.211214   33.277104  21.515101
   2   42    0.066061   0.256515   35.560738  12.630939
   3    0    4.276753   0.305523   15.968729  27.000876
   3    1    4.135425   0.386002   16.282986  18.209539
   3    2    4.065121   0.394106   24.403380   6.202929
   3    3    3.976747   0.375045   34.103342   1.799621
   3    4    3.832364   0.321587   33.896453  37.674152
   3    5    3.778885   0.337946   11.673415  26.622736
   3    6    3.660672   0.356084   32.496506  20.910487
   3    7    3.540844   0.371204    6.770313  40.867772
   3    8    3.429249   0.381278   29.982285  25.596450
   3    9    3.343212   0.315361    8.988551  15.734946
   3   10    3.264458   0.330938   39.698542  12.909565
   3   11    3.162041   0.360690   23.900252  31.088633
   3   12    3.072791   0.323305    6.405682  23.001132
   3   13    2.974493   0.355942    5.846985   4.652855
   3   14    2.895803   0.322738   32.107351  10.466082
   3   15    2.734382   0.344659   29.940619   1.503603
   3   16    2.640849   0.341665   21.859146  33.559969
   3   17    2.571399   0.384545   14.514664  37.682439
   3   18    2.453099   0.397183   32.850674  23.116468
   3   19    2.390398   0.301966   37.181595   5.076155
   3   20    2.202813   0.353494    2.592267  33.564063
   3   21    2.116542   0.395840   30.815764  34.277585
   3   22    2.067206   0.313943   35.826707  31.135925
   3   23    1.948401   0.333036   40.195517  37.962962
   3   24    1.888501   0.374516    4.825393  23.312273
   3   25    1.744306   0.370832   25.702244  19.391536
   3   26    1.688880   0.314457   24.017431  38.729849
   3   27    1.577304   0.301086   17.388117  28.953479
   3   28    1.419022   0.379051   37.439189   8.238430
   3   29    1.350993   0.335460   10.888344   6.262419
   3   30    1.209839   0.304629   26.280950  15.479632
   3   31    1.172326   0.341395   36.067843  36.109237
   3   32    1.086694   0.346515    3.846311  39.308552
   3   33    0.928168   0.394461   39.956277  13.664113
   3   34    0.892074   0.396882   16.529082  40.574119
   3   35    0.709929   0.334321    7.439484  37.634082
   3   36    0.646147   0.321394   11.951473  12.219344
   3   37    0.575043   0.398720   16.339360  29.653688
   3   38    0.455012   0.301028   29.196445  14.357953
   3   39    0.325370   0.362779    7.928366  34.006639
   3   40    0.253707   0.338615   31.106129  14.929212
   3   41    0.120774   0.329296   29.588834  23.846682
   3   42    0.045149   0.378392   34.907314  31.728070
   4    0    4.231203   0.499869   13.241366  28.406213
   4    1    4.167176   0.491291    4.964047  23.053041
   4    2    4.062513   0.406333   31.330633  40.251463
   4    3    3.987752   0.498657   10.246463   1.909580
   4    4    3.870104   0.497369   21.570989  22.463415
   4    5    3.793109   0.442781   19.144003  32.652001
   4    6    3.600099   0.456061   32.318335  12.693913
   4    7    3.595250   0.463876    5.540278  29.142306
   4    8    3.470381   0.470795   32.348764  14.366732
   4    9    3.343717   0.410018   12.605857   9.949619
   4   10    3.223218   0.494082   11.988563  34.863707
   4   11    3.181911   0.489111   24.554359  38.809202
   4   12    3.047512   0.401718   36.954207  36.356311
   4   13    2.940479   0.470064   11.646257   7.505371
   4   14    2.881918   0.408157   21.925069  27.013411
   4   15    2.709426   0.454141   20.013889  23.537927
   4   16    2.670093   0.403061   27.785593  38.636199
   4   17    2.576592   0.466843   35.420224   6.377039
   4   18    2.446323   0.448679   14.637770  31.341673
   4   19    2.363002   0.465702   38.852995  13.806811
   4   20    2.283533   0.418063    2.098809  36.736285
   4   21    2.125365   0.419999   31.894865  13.803100
   4   22    2.036405   0.460057   19.062962  18.091740
   4   23    1.932580   0.494708    1.099374   7.586458
   4   24    1.859873   0.448621   27.020508  29.355209
   4   25    1.756657   0.462843   13.141460  35.936366
   4   26    1.677687   0.411195   14.190989  14.396557
   4   27    1.548775   0.477910    6.300412  23.548259
   4   28    1.417081   0.433714    2.141838   3.715468
   4   29    1.398482   0.461332    8.872188  35.160162
   4   30    1.213716   0.408278   22.227593  17.901701
   4   31    1.198164   0.498436   31.397070  12.371032
   4   32    1.026176   0.423603    6.098986  35.461984
   4   33    0.955873   0.491043   27.127723  31.518262
   4   34    0.881186   0.498071   32.695212   7.197395
   4   35    0.717520   0.484677   13.951757  10.677069
   4   36    0.699558   0.420525    3.546790  20.135379
   4   37    0.574139   0.474080   21.021964  37.789846
   4   38    0.428554   0.494928   18.880464  11.090855
   4   39    0.341601   0.491969    4.636476  12.128822
   4   40    0.228881   0.481568   18.931659  23.251206
   4   41    0.108595   0.402890   30.450137   7.740732
   4   42    0.034020   0.489713   38.034078   8.750217
   5    0    4.254114   0.556517    2.887454  40.217484
   5    1    4.115847   0.504441   13.470074   6.016386
   5    2    4.037902   0.502913   37.666539  27.082123
   5    3    3.953722   0.523842   16.729513   2.751299
   5    4    3.866447   0.536020   19.632547  37.274720
   5    5    3.714272   0.541842   31.738889  13.714108
   5    6    3.633104   0.511049    5.638146  26.668120
   5    7    3.506012   0.536651   32.786519  17.058444
   5    8    3.423795   0.576458   40.997630  34.238780
   5    9    3.376785   0.515118   34.283715   3.788423
   5   10    3.269490   0.571866   18.080358  27.463266
   5   11    3.172662   0.519280   35.165888  21.970693
   5   12    3.013280   0.569474   16.898249  35.706273
   5   13    2.974513   0.522932    2.651602  20.659812
   5   14    2.843372   0.578529   10.081126  16.811348
   5   15    2.772881   0.533292   33.241651  38.064541
   5   16    2.623672   0.589820    8.422785  24.800819
   5   17    2.533129   0.565630   33.254308  34.302947
   5   18    2.430908   0.510380   28.219698   5.536723
   5   19    2.340971   0.577219   36.856959   1.164531
   5   20    2.281332   0.527323   37.913352  22.389861
   5   21    2.103598   0.531018   26.468366   9.617916
   5   22    2.001061   0.544141    9.086253  25.409414
   5   23    1.913510   0.509241   38.569915  20.372917
   5   24    1.861971   0.552806   35.650722  25.180857
   5   25    1.761002   0.512249   27.378227  23.626155
   5   26    1.669814   0.540674   35.108656  36.505229
   5   27    1.506907   0.559210   19.495588  31.189673
   5   28    1.452848   0.582434    7.049482  17.228130
   5   29    1.399790   0.553522    4.568720  17.522332
   5   30    1.257755   0.534276   36.592604   3.992137
   5   31    1.141188   0.588203   10.150474  15.754073
   5   32    1.015012   0.529934   34.269715  19.381602
   5   33    0.968820   0.544302   23.373075  20.613445
   5   34    0.888118   0.576436   38.881385  13.874180
   5   35    0.740879   0.578825    7.705646  12.239114
   5   36    0.670186   0.561136   16.151419  31.208675
   5   37    0.564545   0.507756   19.982759  13.176373
   5   38    0.437429   0.511022   23.541528  27.224145
   5   39    0.318842   0.564462    1.054850  25.430006
   5   40    0.211927   0.590293   20.377937   9.920516
   5   41    0.175712   0.554112   32.825392   5.265132
   5   42    0.025817   0.582853    2.480579   2.436254
   6    0    4.223920   0.630672    5.103783  40.518013
   6    1    4.115645   0.682639   11.774644  40.833969
   6    2    4.047920   0.694648   37.616959  38.499093
   6    3    3.909151   0.606597   33.903252   5.030128
   6    4    3.808257   0.646941   15.686822  32.140857
   6    5    3.797106   0.652623   10.649131  23.900378
   6    6    3.611414   0.637008   22.494610  27.863406
   6    7    3.510064   0.647961   39.012213  14.537273
   6    8    3.445146   0.611991    6.517440  30.700969
   6    9    3.344029   0.672286   25.079144  10.832545
   6   10    3.290459   0.607549   29.636259  10.552874
   6   11    3.100017   0.694120    8.359743  28.001326
   6   12    3.003271   0.620839   19.578564  37.992812
   6   13    2.920377   0.629230   31.054535  17.361086
   6   14    2.887657   0.671424   19.773259  18.890547
   6   15    2.719473   0.615330   36.756525  29.623329
   6   16    2.658196   0.686834   10.359123  34.170542
   6   17    2.517953   0.698626    4.379453  25.151430
   6   18    2.411575   0.646111   26.002391   4.352261
   6   19    2.398324   0.644704   35.643819   6.083273
   6   20    2.296963   0.676844   39.343041   8.087251
   6   21    2.104927   0.618726   18.241055  17.912715
   6   22    2.091033   0.629068   33.303419   9.728391
   6   23    1.913655   0.628069   21.835255  37.069151
   6   24    1.846661   0.642818   11.156917  33.037035
   6   25    1.795871   0.684318   30.350956  26.229824
   6   26    1.694410   0.685251   30.168460  36.454057
   6   27    1.596973   0.620885   11.534514  20.544795
   6   28    1.432819   0.657923   12.782649  19.931153
   6   29    1.342951   0.697593   33.565692   5.649824
   6   30    1.247347   0.665168    8.749427  24.139039
   6   31    1.177993   0.634166   38.535131   2.287722
   6   32    1.048492   0.690451   32.241252  29.939512
   6   33    0.922846   0.640861   13.892435  22.554035
   6   34    0.817174   0.649189   19.929775   9.328651
   6   35    0.727109   0.656363   25.508683   9.228252
   6   36    0.689887   0.673700    9.154109  38.628740
   6   37    0.569037   0.660584    9.786210  32.347012
   6   38    0.407455   0.638807   39.726832  20.526819
   6   39    0.333645   0.603153    7.287602  16.121149
   6   40    0.289399   0.655048   18.587925  13.628080
   6   41    0.174053   0.677161   16.644870  24.493656
   6   42    0.080979   0.640563   13.430927  36.512616
   7    0    4.231997   0.772094   15.048869   5.081030
   7    1    4.151914   0.732398   39.589611  17.854382
   7    2    4.061290   0.759944   10.408067  38.935727
   7    3    3.904585   0.713324   13.887600  24.981505
   7    4    3.862788   0.704100   20.304832   7.512787
   7    5    3.775229   0.711218    9.817366  20.327410
   7    6    3.601019   0.731911   14.166486   8.419000
   7    7    3.584152   0.774628   20.329120   8.542539
   7    8    3.431127   0.778688   27.607412  27.968290
   7    9    3.310468   0.740368   37.674201  26.606746
   7   10    3.220180   0.793465   21.687581  31.262317
   7   11    3.133142   0.786798   34.161571  35.102772
   7   12    3.099094   0.794938   14.871928  39.460600
   7   13    2.993329   0.709925   13.350152  30.881515
   7   14    2.830588   0.779812    1.764055   9.099780
   7   15    2.793030   0.768523   18.113754  19.670115
   7   16    2.624558   0.715150   30.226809   9.766957
   7   17    2.552045   0.719196   30.179432  21.744196
   7   18    2.475136   0.791363   17.291360  34.127343
   7   19    2.398998   0.702613   35.154159  34.605915
   7   20    2.233436   0.773107    4.295431   8.251786
   7   21    2.172897   0.748139   37.718780   3.679772
   7   22    2.066634   0.761619   22.980439  40.385043
   7   23    1.959245   0.735629   13.582249  35.358478
   7   24    1.887498   0.773943    6.816330  12.740970
   7   25    1.779159   0.790384   37.953249   6.301445
   7   26    1.668867   0.751991   35.611975   3.606132
   7   27    1.591267   0.790095   14.700313  18.708808
   7   28    1.484837   0.737534    6.508051   5.978645
   7   29    1.354313   0.731055   26.035681  23.364202
   7   30    1.244498   0.788009   20.738395  24.164349
   7   31    1.133487   0.734992    9.472132  20.559796
   7   32    1.005108   0.762382    3.084872   1.197768
   7   33    0.915416   0.777611    6.966135  33.587451
   7   34    0.869419   0.776371    9.739879  37.650585
   7   35    0.725562   0.785233   20.574717  10.300121
   7   36    0.686644   0.711943   10.329654   6.335696
   7   37    0.517457   0.776891   29.617489  25.317992
   7   38    0.488161   0.767285   11.140620  27.610202
   7   39    0.325760   0.725835   16.249360  28.774106
   7   40    0.297557   0.750349   19.130077  26.426042
   7   41    0.144576   0.776577   29.513504  37.064573
   7   42    0.059969   0.751563   10.091588  24.972233
   8    0    4.208741   0.881474   32.358249   6.888779
   8    1    4.137945   0.879483   39.384497  13.698049
   8    2    4.019009   0.814273    1.765559  35.935273
   8    3    3.920157   0.806905   39.926052  28.701737
   8    4    3.862113   0.877142    9.052906  31.889398
   8    5    3.785296   0.854348    9.683690   4.914727
   8    6    3.633595   0.842413   35.574343  26.008970
   8    7    3.556349   0.832854   39.694099  32.206544
   8    8    3.475129   0.860598   38.460684  38.334675
   8    9    3.370214   0.878698   13.674716  15.481021
   8   10    3.288739   0.822185   31.702731  28.672142
   8   11    3.174213   0.838838   21.582416  30.029645
   8   12    3.087861   0.882321    9.795586  30.802961
   8   13    2.944572   0.807876   12.013172  29.853241
   8   14    2.889654   0.844685   14.326103  26.952247
   8   15    2.702307   0.874784    2.125566   9.358479
   8   16    2.644238   0.853671    8.299649  35.360637
   8   17    2.579194   0.810811   28.810062  37.781010
   8   18    2.434773   0.862506   38.666354  15.878939
   8   19    2.360629   0.818747    1.115027  20.882358
   8   20    2.267288   0.828948   34.421141  26.823963
   8   21    2.103183   0.868132   21.479559  35.912988
   8   22    2.001169   0.839959   25.815845  30.904361
   8   23    1.992504   0.860992   22.112225  33.529299
   8   24    1.849955   0.882075   19.635830   8.845635
   8   25    1.772010   0.808348   32.893885   4.297608
   8   26    1.607850   0.855127   26.157548  36.413774
   8   27    1.534390   0.849009   18.471834   7.613482
   8   28    1.429838   0.873583    5.317564  33.857294
   8   29    1.326454   0.809048   34.751575  37.310093
   8   30    1.212792   0.811963   22.787628   6.357768
   8   31    1.173240   0.882892   18.781566  30.924622
   8   32    1.091228   0.828619    1.064424  39.899249
   8   33    0.979524   0.815081    1.065373  18.536976
   8   34    0.874562   0.845635   36.346723  19.037301
   8   35    0.716009   0.875549   35.624724  12.290473
   8   36    0.612785   0.871673    8.886684  31.368652
   8   37    0.543459   0.850650   40.675996  39.149404
   8   38    0.484392   0.829308   22.666156  38.072825
   8   39    0.370921   0.817183   31.571757  37.143730
   8   40    0.254228   0.888724   29.662848  20.717381
   8   41    0.183918   0.827304   27.698039   9.296457
   8   42    0.049574   0.815587   24.635348  21.588742
   9    0    4.215114   0.908513   26.307066  19.624577
   9    1    4.150390   0.912523   38.269993  38.130881
   9    2    4.063473   0.974746   18.804253   2.049732
   9    3    3.984016   0.970802    9.696667  11.644441
   9    4    3.898256   0.952177   38.797319  15.750125
   9    5    3.755999   0.951690    3.794689   6.219213
   9    6    3.611511   0.946440   36.254453  39.430452
   9    7    3.536837   0.985357   34.373969  25.943166
   9    8    3.406760   0.916768    8.407513  12.182003
   9    9    3.359545   0.909356    1.230726   6.751558
   9   10    3.232655   0.976946    5.575304  40.050344
   9   11    3.164845   0.968334   27.241079  23.849973
   9   12    3.088189   0.912968    8.871049  15.123335
   9   13    2.959593   0.962036   31.069914  36.465428
   9   14    2.840816   0.992964    6.797235  17.897534
   9   15    2.729774   0.959559   11.736472  28.750010
   9   16    2.610477   0.946222   39.020050  33.876363
   9   17    2.571898   0.994440   13.192194  38.981834
   9   18    2.480975   0.905005    8.154736  31.798711
   9   19    2.376123   0.917338   40.230381  18.778384
   9   20    2.205564   0.935414    4.182194   3.591971
   9   21    2.110687   0.910927   31.461323   9.857664
   9   22    2.075825   0.931673   21.156283  35.088818
   9   23    1.920463   0.965053   40.750608   7.952858
   9   24    1.822057   0.911984   32.150292  21.742346
   9   25    1.762461   0.969303   35.432363  21.806517
   9   26    1.609361   0.933496   25.930134  25.019500
   9   27    1.558080   0.904838   27.773272  29.740634
   9   28    1.486530   0.938960   37.630874   2.848036
   9   29    1.345684   0.907669   15.577253  27.119236
   9   30    1.234536   0.958263   25.752267  21.437582
   9   31    1.167794   0.931524   18.484752  25.090464
   9   32    1.048071   0.914340   19.078032  25.990654
   9   33    0.924708   0.960019   38.434681  24.315414
   9   34    0.867096   0.924815   39.662685  14.264816
   9   35    0.770834   0.905066    5.921062   6.961340
   9   36    0.655677   0.948283   21.818759  19.642477
   9   37    0.521303   0.981289   18.090535  26.057092
   9   38    0.402701   0.997253   12.076361  29.310136
   9   39    0.374615   0.964646   30.390929   3.379028
   9   40    0.293123   0.928569   31.376046  38.344184
   9   41    0.142150   0.927574   30.395162  35.355919
   9   42    0.069436   0.926507   28.295047  31.945700
  10    0    4.207279   1.092663   40.588805  11.051670
  10    1    4.170901   1.013766   30.895987  35.761995
  10    2    4.015647   1.062190   26.323698   7.105027
  10    3    3.902828   1.061223   34.826230  38.177938
  10    4    3.823863   1.061814    5.804074   1.575725
  10    5    3.749836   1.018577   26.585131   8.655455
  10    6    3.606402   1.083315   10.885713  21.966848
  10    7    3.505475   1.054925   33.415453  12.644874
  10    8    3.439953   1.023455   30.632699  32.263494
  10    9    3.346011   1.080800   15.064343  36.287103
  10   10    3.250760   1.093885    3.990424  29.648150
  10   11    3.128398   1.021390    7.698269  23.070967
  10   12    3.023676   1.020467   33.597557   3.623473
  10   13    2.941574   1.024368   36.545415  29.805298
  10   14    2.831729   1.059469   29.673719   8.593526
  10   15    2.786229   1.015217   11.378078  10.710728
  10   16    2.651901   1.032808    1.083724  15.524787
  10   17    2.501071   1.057916   27.736683  16.131428
  10   18    2.486667   1.024810   30.093255  39.128591
  10   19    2.393329   1.039506   16.836085  26.312341
  10   20    2.211495   1.088975   37.994943   4.076964
  10   21    2.167896   1.073332   38.383898  30.882777
  10   22    2.016080   1.084747   10.697866  37.084132
  10   23    1.982971   1.007639   13.079646  31.132571
  10   24    1.801511   1.001560    6.537538  31.256279
  10   25    1.790468   1.033740   25.352602  24.862271
  10   26    1.636899   1.030214   12.977544  24.932470
  10   27    1.546669   1.011085   11.935235  12.534183
  10   28    1.467144   1.010118   34.538017   9.309940
  10   29    1.302751   1.065373    8.158255  38.646381
  10   30    1.298599   1.015021    1.200227  27.467278
  10   31    1.105788   1.070199   31.392296  13.697125
  10   32    1.071339   1.039537   24.700617  11.969351
  10   33    0.958722   1.092785   19.850365  29.802413
  10   34    0.855500   1.014125   39.541664   9.058104
  10   35    0.702524   1.069962   15.004215   6.974745
  10   36    0.684895   1.007130   26.211044  14.503712
  10   37    0.595398   1.081858   17.156881  27.266448
  10   38    0.463634   1.069082   26.014589  39.510854
  10   39    0.372377   1.007623   16.252687  30.426263
  10   40    0.250923   1.036636   20.092647  34.645193
  10   41    0.174028   1.080061    3.795077  17.413171
  10   42    0.045521   1.041400   19.603462   5.565475
  11    0    4.235222   1.104177   26.781693  17.056774
  11    1    4.154528   1.162335   39.721293  16.416945
  11    2    4.024067   1.168398   30.855196  16.348851
  11    3    3.941216   1.119479    7.011034  35.062109
  11    4    3.817078   1.156659   37.407368  36.296011
  11    5    3.703570   1.131497   37.905171   8.895196
  11    6    3.689532   1.164522   28.163105  32.958706
  11    7    3.538996   1.149850    5.422964  10.806939
  11    8    3.489710   1.133184   10.809995  37.247134
  11    9    3.301357   1.138345    1.935802   1.936673
  11   10    3.252354   1.141450   30.528188  37.239926
  11   11    3.154031   1.188426    7.696768   1.168998
  11   12    3.090136   1.137699   14.814379  33.236786
  11   13    2.967140   1.147749   28.016476  30.902610
  11   14    2.882340   1.151335   12.782758  18.451578
  11   15    2.798408   1.192438    6.381327   4.439190
  11   16    2.657186   1.196396   15.164845  37.197670
  11   17    2.535258   1.191852   36.474394  12.410583
  11   18    2.438344   1.168757   37.519213  27.612660
  11   19    2.360872   1.198800   22.973205  13.982761
  11   20    2.297198   1.142738   36.701122  27.414894
  11   21    2.138806   1.147830   19.162740  23.145438
  11   22    2.020266   1.192977   29.431204  28.879553
  11   23    1.989628   1.159564   38.816050  21.216476
  11   24    1.865965   1.103053   11.841349  33.167334
  11   25    1.758669   1.129987   40.458949  23.760536
  11   26    1.646480   1.173609   20.165046  34.334113
  11   27    1.546581   1.130208   14.049292  23.441764
  11   28    1.429051   1.109651    5.278466  39.795271
  11   29    1.393801   1.154393   23.265421  39.900592
  11   30    1.206310   1.149168   37.587648   6.713661
  11   31    1.176354   1.131423   31.012425  33.565056
  11   32    1.037578   1.193415   33.796229  22.725546
  11   33    0.983582   1.159263    1.418916  22.377342
  11   34    0.812153   1.112937   23.377179  24.614110
  11   35    0.708468   1.130136    8.511091  18.736590
  11   36    0.631589   1.132812   30.111109  29.985480
  11   37    0.588149   1.189285    9.914902  18.529290
  11   38    0.450869   1.145621   12.842755  14.697501
  11   39    0.386019   1.110443    3.351242  24.938918
  11   40    0.258110   1.161293   29.646315   2.736821
  11   41    0.107515   1.177093   34.353085  16.796788
  11   42    0.009037   1.179228   20.879369   5.435165
  12    0    4.289223   1.230175    5.547610  34.556373
  12    1    4.166009   1.260024   29.144195  33.360955
  12    2    4.095383   1.280102   11.010385  36.543705
  12    3    3.921691   1.281630    7.964325  26.917798
  12    4    3.897194   1.283796   23.612747  33.956740
  12    5    3.714765   1.287898   16.023275  10.626635
  12    6    3.698471   1.255887   38.947602   5.156913
  12    7    3.569153   1.276276   30.101435  31.263666
  12    8    3.406300   1.217324   26.332883  18.116388
  12    9    3.309255   1.225794   37.386166  11.471491
  12   10    3.227242   1.284331   15.556027  14.454870
  12   11    3.121553   1.236479    6.619211  18.156211
  12   12    3.098469   1.265997   37.436845  29.320103
  12   13    2.947674   1.237022   27.584607   8.928542
  12   14    2.838877   1.269728   36.950238  38.436529
  12   15    2.705668   1.218759   29.729313  40.042305
  12   16    2.627799   1.210374    9.564298  16.966886
  12   17    2.544686   1.270923    3.247882  35.728994
  12   18    2.488358   1.281060   34.613342   4.401825
  12   19    2.343676   1.224680   29.751502  11.522389
  12   20    2.268826   1.271575   33.939552  35.512952
  12   21    2.166930   1.261552    4.680871  33.112546
  12   22    2.078517   1.213628    9.700907  39.475003
  12   23    1.988432   1.205638   19.911348  17.463764
  12   24    1.844824   1.291369   12.157180  27.583186
  12   25    1.792978   1.298432   12.537976  24.376471
  12   26    1.614922   1.280272   36.409836   4.562018
  12   27    1.554885   1.250048   34.616940  24.368275
  12   28    1.429484   1.267816    6.485708   9.282312
  12   29    1.384861   1.271301   38.679178  22.694718
  12   30    1.246437   1.265354   15.818431  37.773278
  12   31    1.122241   1.217394    5.120848  29.525638
  12   32    1.090330   1.242144   15.095619   4.737011
  12   33    0.933268   1.215816   40.114470  12.738277
  12   34    0.847341   1.299718   11.603901  39.342957
  12   35    0.756483   1.208589   26.473595  12.483665
  12   36    0.617243   1.257600    8.617925   6.900251
  12   37    0.513537   1.212178   34.942924  35.628069
  12   38    0.471843   1.239843    9.043559  40.076150
  12   39    0.377847   1.287088   39.674877  23.366627
  12   40    0.254446   1.235941   34.439551  11.649074
  12   41    0.164527   1.213615    9.192633  16.751606
  12   42    0.086871   1.259362   28.705962   5.355106
  13    0    4.272882   1.390230    2.928790  32.573018
  13    1    4.129301   1.342299    5.141793  22.207089
  13    2    4.077511   1.306682   13.467781  25.974664
  13    3    3.963980   1.386187   16.238238  36.735793
  13    4    3.825687   1.395243   35.909310  16.383960
  13    5    3.746296   1.334104   37.488087  10.922920
  13    6    3.657165   1.330334   18.309095  29.779237
  13    7    3.586245   1.343409   19.655864  23.166043
  13    8    3.417948   1.329368   30.942277   3.013506
  13    9    3.389561   1.314768   18.367341  35.435865
  13   10    3.291795   1.305722   27.173926   4.858995
  13   11    3.100998   1.377201   15.541124   3.856534
  13   12    3.022363   1.338568   35.010130  13.632080
  13   13    2.952290   1.337853    4.099094  36.260010
  13   14    2.844879   1.353668   35.942206  12.703528
  13   15    2.724271   1.379912   35.556518  34.835851
  13   16    2.689097   1.354254   36.485655   2.894323
  13   17    2.586418   1.332400   29.506733  12.818048
  13   18    2.455068   1.301767   37.854534   4.702598
  13   19    2.377797   1.341565   14.679355   1.220879
  13   20    2.299841   1.322501   40.500974  33.502573
  13   21    2.140912   1.345137   33.165027   4.956060
  13   22    2.006724   1.308074    2.788648  17.301662
  13   23    1.914432   1.387954   32.563792  27.233777
  13   24    1.839113   1.385196    6.858050   9.337245
  13   25    1.732040   1.320271   15.228231  36.970499
  13   26    1.608123   1.353326    9.780511  26.739922
  13   27    1.562863   1.388548   29.436565  25.996788
  13   28    1.407394   1.327576   34.386935  21.685355
  13   29    1.363980   1.362559   34.245004  31.178631
  13   30    1.289430   1.378656    1.696296  22.902136
  13   31    1.197453   1.342409    7.932655  21.136127
  13   32    1.075710   1.331602   25.658033  13.098434
  13   33    0.993118   1.354359   19.366394  28.063686
  13   34    0.807544   1.370751   40.961481  31.815452
  13   35    0.714084   1.375310   22.277154   2.226201
  13   36    0.656278   1.399633   35.954608  33.411096
  13   37    0.504404   1.322386   24.353141  20.025963
  13   38    0.419944   1.321394   35.253333  26.322511
  13   39    0.367865   1.306282   26.219567   6.105417
  13   40    0.238819   1.337841   40.411800  12.451492
  13   41    0.143118   1.374837   39.788539  35.771146
  13   42    0.064618   1.313375   32.063022  34.462072
  14    0    4.203553   1.466774   21.126805   6.094813
  14    1    4.117141   1.413837   23.228393  23.974910
  14    2    4.020415   1.454634    9.903129   2.367069
  14    3    3.958212   1.409685   31.033605   5.088402
  14    4    3.884550   1.480627   35.641125   1.150777
  14    5    3.705618   1.427937   22.857590  25.351773
  14    6    3.686000   1.479449   30.417442   2.000198
  14    7    3.599484   1.447974   32.980152  40.260689
  14    8    3.401350   1.438090   38.309252  26.983098
  14    9    3.320161   1.462544   17.083039  27.541279
  14   10    3.236290   1.464234   33.809067  30.463064
  14   11    3.140193   1.467221   14.498238  13.933724
  14   12    3.015264   1.422042   14.588953  21.169597
  14   13    2.973291   1.499089   21.886364  19.881936
  14   14    2.801436   1.446963   38.410291  14.403904
  14   15    2.760514   1.418556    7.067069   6.481101
  14   16    2.668318   1.469667    9.639295   4.298588
  14   17    2.507933   1.416981   28.012448  24.230240
  14   18    2.429549   1.463270    7.742540  14.369761
  14   19    2.361107   1.437199   29.553494  34.582187
  14   20    2.265154   1.477743   28.300846   9.170429
  14   21    2.169525   1.414024    9.138724  22.978752
  14   22    2.061502   1.440704   16.493899  30.674286
  14   23    1.958929   1.477478   33.023131   6.004113
  14   24    1.807814   1.484784   13.672070  40.089394
  14   25    1.791072   1.412759    5.554717  35.484813
  14   26    1.664653   1.408300   29.545947  39.121506
  14   27    1.548920   1.437847   26.764888  38.810036
  14   28    1.439253   1.488214   15.688161  34.277138
  14   29    1.340734   1.442169   17.258090  27.441162
  14   30    1.268863   1.442160   10.456151  13.616786
  14   31    1.168651   1.427898    4.435098  14.524912
  14   32    1.026449   1.479785   31.108567   7.438985
  14   33    0.956567   1.409218   10.373445  27.719687
  14   34    0.823166   1.492757    5.802086  22.696264
  14   35    0.778062   1.454288   19.227546   4.790051
  14   36    0.688962   1.407444    6.319461  15.514304
  14   37    0.568030   1.499661   30.800125  37.219584
  14   38    0.466434   1.464668   21.793713  17.005978
  14   39    0.341385   1.427548    6.975614  21.037680
  14   40    0.253810   1.496845   24.357397  14.642212
  14   41    0.178857   1.472594   28.995274   4.251147
  14   42    0.080422   1.444421   39.559981  14.761960
  15    0    4.273375   1.516730    6.092816  26.716786
  15    1    4.192515   1.590725   27.560408  31.373866
  15    2    4.060916   1.538179    9.798402  30.986466
  15    3    3.968530   1.597184    5.515987   2.222532
  15    4    3.886940   1.503834   33.257948   1.601469
  15    5    3.771173   1.589318   37.252806  25.162581
  15    6    3.683648   1.533016   11.203695  25.508257
  15    7    3.578658   1.577977    3.216962  36.204064
  15    8    3.454303   1.514981    3.751131  17.713068
  15    9    3.319430   1.500046    1.869904  35.163031
  15   10    3.278720   1.532603   25.986338  23.988097
  15   11    3.163500   1.528124   23.105314   5.671430
  15   12    3.068783   1.530272   15.346974  16.387313
  15   13    2.999189   1.529662   14.928950  13.370784
  15   14    2.814465   1.565335   30.089090  17.525294
  15   15    2.746647   1.552644   36.556996  39.434432
  15   16    2.669315   1.599297    4.671119  26.017736
  15   17    2.528944   1.577057   14.252485  36.133418
  15   18    2.429762   1.517510   11.675360   8.177661
  15   19    2.337848   1.599283   10.633433  36.981423
  15   20    2.264825   1.514243   34.926414  10.006607
  15   21    2.194565   1.509945    3.850405  36.064468
  15   22    2.051929   1.543775   24.755037  28.715427
  15   23    1.915802   1.584888   29.945268   9.481392
  15   24    1.870552   1.517552    3.894966  24.454639
  15   25    1.752429   1.533608    9.866960   6.391460
  15   26    1.698256   1.522486   21.289330  30.629546
  15   27    1.571829   1.539838   22.034180   7.985749
  15   28    1.443446   1.546085   11.122320  15.120714
  15   29    1.305722   1.584924   31.998941  39.769266
  15   30    1.235786   1.520415   25.680853  34.925650
  15   31    1.182777   1.566212   32.679009  25.861080
  15   32    1.078727   1.538743   33.190025  33.182877
  15   33    0.909798   1.509870   21.791312  13.590056
  15   34    0.848945   1.556275   25.555222  30.234897
  15   35    0.756542   1.530425    7.532451  32.484093
  15   36    0.604749   1.559505    5.982813  19.331846
  15   37    0.537442   1.507706    9.216533  23.821069
  15   38    0.439649   1.577501    2.740399  32.772963
  15   39    0.368540   1.536017    6.494576  25.230033
  15   40    0.288240   1.512819   22.856679  35.728299
  15   41    0.109893   1.550039   28.943829  39.401471
  15   42    0.059469   1.589754   18.350044  12.678426
  16    0    4.282499   1.647295   27.229399  36.785800
  16    1    4.137055   1.653324    7.614066  35.355175
  16    2    4.074499   1.607984   27.704636  19.229551
  16    3    3.948493   1.603585   35.877122   1.261802
  16    4    3.823939   1.659554   24.230784   4.819022
  16    5    3.762541   1.616834   31.192452  28.296245
  16    6    3.684852   1.645606   24.160506  23.771485
  16    7    3.530472   1.687733   16.204011  23.696467
  16    8    3.449679   1.636547   39.843896  21.034340
  16    9    3.338622   1.624550   10.972544  34.472205
  16   10    3.214270   1.662858    2.679694  23.322947
  16   11    3.188873   1.643487   28.435361  31.682727
  16   12    3.031751   1.660942   13.648485   6.648143
  16   13    2.969721   1.637442   21.612370  22.365538
  16   14    2.808473   1.696217   32.428685  34.954792
  16   15    2.723441   1.639586   10.459969  20.616283
  16   16    2.649069   1.668440    6.610231  31.313018
  16   17    2.554613   1.662776   16.313487   3.265392
  16   18    2.458336   1.610222   33.184917  30.174076
  16   19    2.361882   1.672095   23.147891   5.792344
  16   20    2.255212   1.661273   26.406399  22.523152
  16   21    2.108341   1.639704    7.425573  20.563733
  16   22    2.048548   1.638105   19.276944  25.331656
  16   23    1.976277   1.638713   12.089071  22.176624
  16   24    1.865689   1.621784   10.332072  22.531940
  16   25    1.779282   1.655910    5.295649  23.634011
  16   26    1.613064   1.654742   23.058291  16.807620
  16   27    1.528837   1.641983   20.779721   2.274495
  16   28    1.483034   1.671787   12.193192  39.813056
  16   29    1.373489   1.672232   24.268175  25.823606
  16   30    1.203191   1.690101   29.321245  33.005806
  16   31    1.146603   1.660822    9.162699  36.629529
  16   32    1.053101   1.648410    9.592669  32.096224
  16   33    0.973409   1.657231   34.742283  36.091277
  16   34    0.849175   1.616406   22.056848  25.188644
  16   35    0.799709   1.654865    1.428148  11.482685
  16   36    0.620907   1.692133   38.015808   8.008950
  16   37    0.513083   1.658660   30.192378  23.820902
  16   38    0.471148   1.667222   14.967322   9.183589
  16   39    0.332808   1.691045   16.980636  28.123389
  16   40    0.229399   1.667713    8.121304   4.355461
  16   41    0.146959   1.663772   28.058378  26.342714
  16   42    0.070294   1.671648   27.137187  39.992375
  17    0    4.274279   1.706874    8.479051  18.463765
  17    1    4.179483   1.763704   12.644049  26.064102
  17    2    4.024394   1.725441   33.411829  38.693328
  17    3    3.906089   1.711842   15.269326  11.334368
  17    4    3.822820   1.749884   40.855496  21.367251
  17    5    3.744691   1.741280   19.316005   5.834434
  17    6    3.656983   1.756032    4.304145  15.145772
  17    7    3.540486   1.737060   23.892235   2.155228
  17    8    3.486033   1.757666   35.219443  34.262866
  17    9    3.308844   1.728050   16.211402  10.515296
  17   10    3.240812   1.715978   27.703236   2.040796
  17   11    3.104888   1.792434   24.944718  22.132175
  17   12    3.020620   1.767979   11.553389   4.576371
  17   13    2.970057   1.777589    5.922492  11.245073
  17   14    2.870745   1.749021    4.924753  31.450698
  17   15    2.720781   1.745673    8.144271  18.207076
  17   16    2.698788   1.773359   14.106266  15.509574
  17   17    2.529461   1.740368   14.972125  24.385416
  17   18    2.458850   1.741072   35.464225  15.206919
  17   19    2.379883   1.719899   13.545410  14.178613
  17   20    2.200484   1.759708   33.390853  10.699026
  17   21    2.157996   1.716795   14.869390  40.279674
  17   22    2.044092   1.704625   18.136315   8.822657
  17   23    1.964671   1.765823    7.694188  25.384785
  17   24    1.806055   1.793292    8.691444  12.285369
  17   25    1.709627   1.788076   21.214572   6.867283
  17   26    1.655372   1.715709   38.427457  24.841754
  17   27    1.565128   1.731460   34.785157  40.506999
  17   28    1.438963   1.745615    4.988023  36.924570
  17   29    1.324358   1.745585    7.259678  25.185360
  17   30    1.265053   1.755302   40.968125  25.145096
  17   31    1.122605   1.712588    4.227016  12.526980
  17   32    1.083137   1.770621   28.203181   4.272304
  17   33    0.939384   1.764459   38.330774   3.788750
  17   34    0.845060   1.732173   16.030981  11.745794
  17   35    0.706617   1.792151    6.023204  10.867773
  17   36    0.674599   1.773666   32.678056  22.472735
  17   37    0.501759   1.792115    3.518397  29.119792
  17   38    0.412674   1.789110   18.961146  25.604369
  17   39    0.305462   1.701813   15.373685  16.750074
  17   40    0.241957   1.736735    4.783507   5.182935
  17   41    0.150926   1.747393   11.042272  38.859029
  17   42    0.028123   1.719478   31.444855  32.995218
  18    0    4.286507   1.863868   17.904173  13.795143
  18    1    4.145372   1.889331   16.572806  24.664197
  18    2    4.014477   1.851027    3.696606  35.288134
  18    3    3.981087   1.846059    3.522742   8.955600
  18    4    3.857007   1.896701   36.929046  35.905546
  18    5    3.738625   1.839507   33.382079  15.471502
  18    6    3.635494   1.833153   40.782193   5.696289
  18    7    3.578223   1.839142   25.253999  17.348380
  18    8    3.431313   1.892011   34.154207   4.454987
  18    9    3.353878   1.804495   29.284747  13.272372
  18   10    3.224840   1.888544   22.931584   6.861268
  18   11    3.118813   1.875793   26.937669  17.069808
  18   12    3.085332   1.896994   25.226134  36.818462
  18   13    2.983740   1.805366   14.306230   3.326367
  18   14    2.806750   1.875294    6.233582  40.636487
  18   15    2.720656   1.867280   16.797312  13.933554
  18   16    2.654093   1.859693    1.533367  38.274004
  18   17    2.510255   1.815201   27.305146  23.156482
  18   18    2.401090   1.877637   22.063289  37.675250
  18   19    2.333302   1.806596   35.035308  27.762272
  18   20    2.203286   1.820720   19.666693  39.307253
  18   21    2.105419   1.875203   38.427268  13.943687
  18   22    2.060637   1.878611    9.023983  36.323460
  18   23    1.950750   1.813028   13.163030  34.217930
  18   24    1.880622   1.859538   29.944268  30.350113
  18   25    1.702827   1.818216   35.038487   5.175857
  18   26    1.656739   1.813277   33.407057  13.712030
  18   27    1.510704   1.875735   17.513153  10.902154
  18   28    1.427886   1.828532   25.407936  15.984740
  18   29    1.315070   1.864103   15.043023  27.082352
  18   30    1.281725   1.898179   24.576268  36.080261
  18   31    1.142509   1.823290    5.840338  27.257856
  18   32    1.009537   1.833048   22.696977  20.644106
  18   33    0.946490   1.876428   21.493146  35.385491
  18   34    0.811404   1.857765   21.682564   5.361412
  18   35    0.700874   1.871121   35.916547   7.803364
  18   36    0.688709   1.840614   36.205566  27.840408
  18   37    0.525891   1.894907    2.396647  22.900164
  18   38    0.446039   1.893467   18.115717   9.061747
  18   39    0.397483   1.823827   35.027234   8.230334
  18   40    0.256481   1.827552   16.930151   4.952544
  18   41    0.158835   1.883070    9.628315  22.512851
  18   42    0.023128   1.866135   20.099028  10.464266
  19    0    4.217617   1.934305    9.274669  13.896679
  19    1    4.195274   1.996168   17.413044  15.603934
  19    2    4.074111   1.955596   20.851665  36.071269
  19    3    3.970373   1.987538   25.833348  26.188417
  19    4    3.883880   1.946655   21.594636  40.245764
  19    5    3.732224   1.920737   14.188434  31.661912
  19    6    3.614003   1.974769   38.357174  13.715932
  19    7    3.542186   1.941636    1.596663  28.136993
  19    8    3.404160   1.974800   37.392767   4.683119
  19    9    3.313407   1.905481   29.137107  26.889959
  19   10    3.292959   1.930510    8.723269  18.184839
  19   11    3.158088   1.981315   21.205498  16.861501
  19   12    3.015906   1.993789   26.706746   9.441935
  19   13    2.904764   1.962746    1.156097  24.284015
  19   14    2.824269   1.943433   37.206316  38.622566
  19   15    2.736374   1.971300   25.244386   3.377234
  19   16    2.613863   1.945729    1.800649   4.968558
  19   17    2.500586   1.944571   29.549533  19.124118
  19   18    2.489370   1.955393   20.765870   8.425002
  19   19    2.391390   1.972940   26.469652   6.459296
  19   20    2.223343   1.987300   39.097661  13.359273
  19   21    2.195425   1.985869   20.546929  29.772634
  19   22    2.099370   1.996956   33.631421  31.650975
  19   23    1.937786   1.991578   37.793769  22.450839
  19   24    1.856164   1.930806   24.357418  21.379596
  19   25    1.750279   1.942407   18.355160  18.250311
  19   26    1.673426   1.946266    9.316899  32.532026
  19   27    1.520105   1.932198    9.256524  14.614756
  19   28    1.461360   1.955714   30.004234  22.597336
  19   29    1.358928   1.931799   32.150385  32.621420
  19   30    1.233559   1.918752   32.989180  12.611580
  19   31    1.161070   1.934060   30.389250  19.060076
  19   32    1.057758   1.992640    3.512454  18.160680
  19   33    0.995258   1.910709   20.416155  13.219229
  19   34    0.890532   1.952125    8.096849  30.044751
  19   35    0.796921   1.980025   24.378385  34.274326
  19   36    0.610560   1.906727   15.755186  35.752551
  19   37    0.597452   1.946472   24.033972  34.743050
  19   38    0.470399   1.976126   31.165466  25.590057
  19   39    0.343171   1.901270   10.434582  11.293092
  19   40    0.289006   1.932372    8.222658  36.252472
  19   41    0.119899   1.966330    9.532528   6.258132
  19   42    0.006323   1.981473   18.665582  29.824267
  20    0    4.209128   2.023096   20.773648  31.538037
  20    1    4.117259   2.036256   28.016465  27.637216
  20    2    4.058676   2.092490   33.901896  21.129623
  20    3    3.995288   2.027462   19.859764  16.111646
  20    4    3.854559   2.022541    8.615541   9.354631
  20    5    3.705589   2.010633   29.525932  35.651466
  20    6    3.631473   2.096209   32.378904  38.921873
  20    7    3.594306   2.052675   19.534871  33.858849
  20    8    3.456837   2.093487   13.607690  26.280835
  20    9    3.324000   2.023816   11.692863  30.779742
  20   10    3.267809   2.029107   20.609955  31.294313
  20   11    3.105722   2.078246    4.525837  26.586702
  20   12    3.031944   2.039972   21.078879  14.077992
  20   13    2.955382   2.079839   29.770917   1.050860
  20   14    2.840411   2.014907   32.597538  13.925172
  20   15    2.776243   2.018144   37.937203  29.350137
  20   16    2.627683   2.043416    1.529943  33.555176
  20   17    2.540305   2.064222   30.485868  10.206145
  20   18    2.443601   2.009812    5.836678  36.494269
  20   19    2.309285   2.035916   14.968657  10.037508
  20   20    2.282465   2.074450   26.767534   6.218246
  20   21    2.100577   2.077809   29.502982  10.762675
  20   22    2.099563   2.064720   35.047582  12.756144
  20   23    1.965258   2.012356   24.250827  29.080569
  20   24    1.818015   2.045065    9.087211   5.774861
  20   25    1.703654   2.085625   40.107785  31.502790
  20   26    1.648341   2.047476   25.910720   2.734766
  20   27    1.599385   2.013539    8.597574   2.106328
  20   28    1.409379   2.021769   19.912080  26.526697
  20   29    1.305029   2.032709   12.006455   8.921121
  20   30    1.252435   2.008371   30.210603   9.071073
  20   31    1.161686   2.073688   29.081049  40.062061
  20   32    1.050567   2.045477   34.293263  35.680125
  20   33    0.980704   2.003871    9.152092  22.160389
  20   34    0.821840   2.097085   33.794503  39.554601
  20   35    0.758712   2.032313    6.335742  31.344713
  20   36    0.609217   2.028810   37.678432   6.606593
  20   37    0.536844   2.029332   25.503116  20.967221
  20   38    0.440413   2.064278   18.752354  37.870436
  20   39    0.351655   2.090089   22.997789  20.465941
  20   40    0.238615   2.026532    1.354654  40.083971
  20   41    0.158743   2.063193    7.620051  26.199241
  20   42    0.049393   2.006043   11.224112  14.592751
  21    0    4.240439   2.172908    1.185791  27.784060
  21    1    4.190443   2.199808    2.971806  10.550092
  21    2    4.036194   2.186696   23.006928  32.414675
  21    3    3.918970   2.134401   36.240786  40.456180
  21    4    3.858399   2.118580   18.929372   4.834126
  21    5    3.746619   2.120001   18.552807  24.399763
  21    6    3.677376   2.113221    3.103573  12.075729
  21    7    3.513731   2.182067   31.005433  13.936266
  21    8    3.477155   2.125619   19.451755  29.787418
  21    9    3.363578   2.182699    2.396918  27.356474
  21   10    3.298376   2.196978   19.835024  30.896984
  21   11    3.132862   2.174669   18.020320   5.170249
  21   12    3.096306   2.128575   37.212580  17.571561
  21   13    2.997352   2.127681    1.282349  27.950064
  21   14    2.850443   2.172338   24.624325  13.870063
  21   15    2.780956   2.128641    9.466549  28.249426
  21   16    2.667529   2.189363   34.617240  29.182545
  21   17    2.552826   2.185535   19.374444  14.131602
  21   18    2.422094   2.175773   28.774947  31.495815
  21   19    2.300297   2.157980    4.242360  23.914355
  21   20    2.277710   2.119041   13.298952  34.719893
  21   21    2.175505   2.196602   40.245680  10.056717
  21   22    2.028176   2.127343   34.129095  25.755273
  21   23    1.970460   2.198070    9.066381   4.684134
  21   24    1.890714   2.169494   33.879852  34.676213
  21   25    1.779172   2.172989   22.413724  10.068639
  21   26    1.672988   2.173683   32.908133  25.350623
  21   27    1.556105   2.179789   25.052067   4.451009
  21   28    1.422398   2.159474   28.117329  14.012407
  21   29    1.377784   2.199317   14.803815  16.912192
  21   30    1.249590   2.119460    5.641400  29.747454
  21   31    1.158824   2.112089   31.159582   4.571574
  21   32    1.098481   2.124448   17.341870  13.549765
  21   33    0.964969   2.192932   28.541713  21.210005
  21   34    0.812384   2.199229   16.089647  31.549518
  21   35    0.703878   2.156260    5.931371  18.485791
  21   36    0.619874   2.104713    1.092658  13.210207
  21   37    0.559489   2.169271   31.483456   9.232167
  21   38    0.435104   2.166664   32.069352  16.737263
  21   39    0.367713   2.100072   38.917677   6.895105
  21   40    0.235091   2.111221   29.857170  11.635923
  21   41    0.110012   2.183086    1.888192  15.990597
  21   42    0.041291   2.103098   31.084171  32.301387
  22    0    4.227098   2.265012   33.198242  25.530878
  22    1    4.194339   2.233578   25.821036  16.719648
  22    2    4.027577   2.241241   27.640323  10.689369
  22    3    3.969401   2.272340   39.669762  20.802659
  22    4    3.885742   2.204803   30.406458  17.544416
  22    5    3.734898   2.279665    5.534396  31.576844
  22    6    3.689089   2.207761    7.427218  11.562245
  22    7    3.509621   2.273714    5.358240  11.389260
  22    8    3.409259   2.278427   39.662204  32.549821
  22    9    3.322412   2.261334    8.401013  10.491016
  22   10    3.230212   2.246865   40.278739  37.128661
  22   11    3.124522   2.270270   10.168510  26.802897
  22   12    3.074335   2.205832   21.819625  24.350925
  22   13    2.947685   2.265627    4.896388   9.363427
  22   14    2.821025   2.274664   39.874835  30.899429
  22   15    2.740654   2.294136   24.528730  35.904930
  22   16    2.612956   2.239551   10.436106  29.383565
  22   17    2.553593   2.275989   28.421136   5.198459
  22   18    2.492792   2.215239   40.027454  26.563382
  22   19    2.373189   2.255944   10.537150  11.253775
  22   20    2.207563   2.210411   40.868680  17.904427
  22   21    2.141742   2.232901   24.695854  29.155867
  22   22    2.059206   2.281795   27.743021  30.686242
  22   23    1.920728   2.210292   33.467588   1.264824
  22   24    1.867976   2.230561    8.904138  39.957732
  22   25    1.783447   2.248413    2.603754  27.701174
  22   26    1.650472   2.228599   30.271729  29.952931
  22   27    1.542371   2.254205   10.425773  16.484130
  22   28    1.495974   2.262001   30.329070  18.150998
  22   29    1.334673   2.214015   40.387293  36.385467
  22   30    1.253584   2.244407   32.549901  19.984600
  22   31    1.104170   2.260527   15.062827  19.507120
  22   32    1.018360   2.283821    2.846101  29.271139
  22   33    0.929529   2.266294   31.105060  20.785833
  22   34    0.827158   2.283075   31.441665   2.761607
  22   35    0.757074   2.273218   27.252120  38.073574
  22   36    0.644396   2.216365    1.742575   6.772143
  22   37    0.501933   2.299850   21.255169  29.137690
  22   38    0.434175   2.252061   23.186197  29.683708
  22   39    0.383460   2.216494   26.635756  30.870117
  22   40    0.278455   2.285503   30.717919   6.165580
  22   41    0.160047   2.241909    6.471397  31.190265
  22   42    0.010999   2.204530   10.456782  17.298699
  23    0    4.224380   2.394771   18.946940  25.571496
  23    1    4.193739   2.335234   19.275957  25.345197
  23    2    4.013109   2.328081   18.198337  27.816465
  23    3    3.966031   2.305745    5.437936  32.730771
  23    4    3.874623   2.385364   34.014470  18.651855
  23    5    3.747953   2.321803    8.088412  21.876844
  23    6    3.625251   2.343740   25.251799  25.908391
  23    7    3.576350   2.369472   15.326851  35.839819
  23    8    3.407701   2.350896   24.355607  16.497303
  23    9    3.396763   2.347555   33.735849  19.284977
  23   10    3.245929   2.320447   24.170714   3.089749
  23   11    3.125707   2.385079    6.665402  35.142957
  23   12    3.067868   2.323365    3.263582   7.350982
  23   13    2.935911   2.317716   34.232311   4.366999
  23   14    2.841564   2.301902   22.266796  36.776404
  23   15    2.702231   2.381047   14.908973  24.529494
  23   16    2.641286   2.336829   11.295973  23.621916
  23   17    2.577850   2.328309   26.739898   7.566679
  23   18    2.428008   2.318849   27.278205  22.116329
  23   19    2.349204   2.395594   15.638345  37.800612
  23   20    2.293448   2.310656   30.070215  24.088875
  23   21    2.143752   2.318407   18.879528   8.437908
  23   22    2.078444   2.337411    7.533462  13.340199
  23   23    1.937264   2.350107   23.820908  28.065004
  23   24    1.834952   2.310293   12.272487  15.530510
  23   25    1.726746   2.344922    5.044156  38.230031
  23   26    1.656325   2.370284   36.531874  33.053880
  23   27    1.501401   2.346094   17.527432   9.021719
  23   28    1.452764   2.337517    6.786234   3.313008
  23   29    1.357257   2.363147    9.120669  21.626014
  23   30    1.297976   2.365272    5.846710   4.004058
  23   31    1.161095   2.331359   12.510658  25.161465
  23   32    1.019049   2.327103    7.846554  10.466512
  23   33    0.976292   2.321236   25.026729  29.664694
  23   34    0.844440   2.310591   20.257374  27.848271
  23   35    0.716969   2.306092   24.051955   7.917615
  23   36    0.664700   2.351880    7.126733  14.781571
  23   37    0.597540   2.301835   36.468806  25.878358
  23   38    0.497210   2.321403   39.016845   5.460578
  23   39    0.392301   2.364594   22.482293  24.798174
  23   40    0.279665   2.363113   17.663143  23.456845
  23   41    0.114143   2.369072   27.327659  37.676909
  23   42    0.047437   2.397043   17.160611   3.304124
  24    0    4.262770   2.493323   38.783784  38.529951
  24    1    4.177188   2.418179    8.524775  34.829342
  24    2    4.081002   2.404094   24.077493  15.009857
  24    3    3.903222   2.463377   10.763361  20.401855
  24    4    3.892782   2.470985   26.678036  23.246190
  24    5    3.734062   2.472476   19.133653   6.718419
  24    6    3.678465   2.437368   21.645077   8.337400
  24    7    3.514614   2.439754   40.049678  20.436618
  24    8    3.471743   2.441341   17.607576  14.748906
  24    9    3.394017   2.437531   12.142373  40.914802
  24   10    3.238276   2.410946   14.115034  27.941830
  24   11    3.170913   2.495002   34.264989  23.511915
  24   12    3.018637   2.454475   35.016590   1.877177
  24   13    2.996345   2.432246   33.775021   3.345879
  24   14    2.887621   2.428889    1.687588  36.610526
  24   15    2.719892   2.481920   32.213021  22.104545
  24   16    2.698268   2.497187    4.337225  16.012650
  24   17    2.566868   2.479248   20.537728   9.448507
  24   18    2.442153   2.479066   15.294997  17.721774
  24   19    2.333546   2.464722   22.365999  15.740395
  24   20    2.267524   2.458237   25.087716  25.753491
  24   21    2.183370   2.423294    1.205087  14.280596
  24   22    2.053838   2.434521   10.282920  30.764676
  24   23    1.919974   2.478886   16.453868  28.924621
  24   24    1.845023   2.499141   21.488570  13.788057
  24   25    1.702587   2.473672   12.988718  36.902705
  24   26    1.694493   2.467615   10.562989  16.324386
  24   27    1.556013   2.487854   40.438745  26.857477
  24   28    1.472504   2.426210   38.003069  22.999513
  24   29    1.310880   2.497568   20.794199  38.560913
  24   30    1.230864   2.435145   14.642810   2.563926
  24   31    1.190222   2.426047   16.780900  13.467039
  24   32    1.011317   2.484550   16.208348   8.832666
  24   33    0.935690   2.416341   18.472631   4.202208
  24   34    0.822120   2.417648   24.939666  15.233842
  24   35    0.740836   2.442642    1.902466   6.290067
  24   36    0.692372   2.419717   19.403273  24.954246
  24   37    0.529884   2.481665   20.973082  26.853641
  24   38    0.445601   2.421082   11.784152   3.240933
  24   39    0.388286   2.485564   12.755176  32.732275
  24   40    0.212913   2.477732    1.359402  39.237899
  24   41    0.116108   2.433484   26.302155   4.396508
  24   42    0.031702   2.474102   33.520006  21.807320
  25    0    4.236909   2.590148    6.398334  22.239227
  25    1    4.148468   2.539160   25.621252   7.105142
  25    2    4.053258   2.566744   36.196944   8.266796
  25    3    3.963731   2.579120   24.106385   5.251091
  25    4    3.895450   2.561923   26.493307  38.909147
  25    5    3.723335   2.507960   11.762136  39.253516
  25    6    3.662160   2.558843   34.417609  33.613148
  25    7    3.573616   2.500363    9.628824  31.419779
  25    8    3.400963   2.567971   20.620754  29.078858
  25    9    3.357974   2.500796   15.001813  30.803201
  25   10    3.222595   2.534761   31.565839  10.443602
  25   11    3.139317   2.597123    5.125141  29.807927
  25   12    3.085727   2.576314    2.326878  28.414122
  25   13    2.986653   2.507528   15.592215   8.893336
  25   14    2.828760   2.571820   15.335435   5.292342
  25   15    2.764795   2.535411   13.132538  15.389978
  25   16    2.661778   2.507787    1.804912  23.035629
  25   17    2.513702   2.518581    4.377473  25.759299
  25   18    2.465277   2.571029   15.101279  32.937729
  25   19    2.398402   2.536210   35.362132  20.199754
  25   20    2.272679   2.589838   19.118125  29.211871
  25   21    2.151762   2.539886   40.934527  34.322193
  25   22    2.040868   2.546960   19.752930  27.702842
  25   23    1.920561   2.543539   18.907191  24.687758
  25   24    1.837120   2.526725    3.870572   6.150164
  25   25    1.760353   2.541108   10.700539  33.321784
  25   26    1.691790   2.513117   17.679094  13.869791
  25   27    1.506575   2.520518   28.391297  40.887570
  25   28    1.483976   2.525545   15.231855  26.417073
  25   29    1.378141   2.507861   17.493383  19.024154
  25   30    1.242162   2.564752   37.809234   4.739056
  25   31    1.145445   2.506656   25.462715  29.422563
  25   32    1.053417   2.542566    6.222129  18.519468
  25   33    0.917271   2.593608   37.831441  10.535307
  25   34    0.883266   2.586066   40.618544   9.865086
  25   35    0.770537   2.594541    7.041191  22.384211
  25   36    0.613688   2.539298    6.163623   6.177480
  25   37    0.563092   2.591955   33.458975  25.751980
  25   38    0.408956   2.533769   38.002567  19.999423
  25   39    0.332983   2.509165   23.723450  34.113219
  25   40    0.218166   2.562772    5.204905  18.820609
  25   41    0.197679   2.575039    8.483308  14.980915
  25   42    0.019266   2.573937   30.927680   9.272595
  26    0    4.223642   2.698050    9.753630  31.914746
  26    1    4.102306   2.689466   14.824156  17.838214
  26    2    4.040470   2.668715   27.530079   9.257837
  26    3    3.979343   2.674125    3.763716   4.146026
  26    4    3.824510   2.665420    5.964911   8.738954
  26    5    3.795079   2.697345   28.217697  33.115655
  26    6    3.674400   2.660246   21.322803  30.397387
  26    7    3.595795   2.677690   24.204957  38.665220
  26    8    3.445425   2.608585    7.098583   9.858135
  26    9    3.394513   2.655449   14.480022  34.387330
  26   10    3.200894   2.659191   16.093011  39.805264
  26   11    3.147581   2.612270   27.685767  25.545463
  26   12    3.076922   2.639761   34.906807  15.571680
  26   13    2.931960   2.645510   10.481579  31.937850
  26   14    2.842056   2.657209   33.227197  13.083822
  26   15    2.783546   2.609386   35.197091  22.621287
  26   16    2.665115   2.601530    8.445315  31.970121
  26   17    2.524670   2.655020   24.350561  31.182620
  26   18    2.483444   2.657464   35.556834  37.462378
  26   19    2.373704   2.637105    3.410096  24.190968
  26   20    2.289437   2.609125   32.962305  31.789513
  26   21    2.191315   2.606229   34.464948  35.659049
  26   22    2.025760   2.669356   26.697705  19.083474
  26   23    1.976390   2.672725   36.013177  16.787280
  26   24    1.899133   2.677768   18.789777  37.387388
  26   25    1.780047   2.610508   17.861053  22.959670
  26   26    1.688841   2.689255   19.844808  37.176346
  26   27    1.558379   2.667434   15.168605   8.905778
  26   28    1.439330   2.618240   31.643554   7.871552
  26   29    1.333704   2.662542   31.964823  28.138395
  26   30    1.286289   2.612967    2.429064  32.148848
  26   31    1.180090   2.679900    1.995044  34.221844
  26   32    1.072573   2.608907   25.738253   2.412956
  26   33    0.991791   2.613802   23.552144  39.121168
  26   34    0.864113   2.650614   33.042102   4.629090
  26   35    0.732984   2.680733    4.982205  17.827754
  26   36    0.676660   2.677390   21.123444  21.773902
  26   37    0.503816   2.689740    8.844396  18.652259
  26   38    0.471740   2.639646   17.035359  32.488027
  26   39    0.391253   2.654790    5.243870   5.021021
  26   40    0.274666   2.650090   36.647249  20.082833
  26   41    0.103619   2.640184   38.645521  17.307459
  26   42    0.008743   2.676682   37.199742  22.874256
  27    0    4.214932   2.753257   17.515554  22.175247
  27    1    4.127976   2.752768   19.953632  28.886950
  27    2    4.069285   2.737356   12.426830  32.105412
  27    3    3.965669   2.713877    5.932111   6.292270
  27    4    3.816517   2.772478   15.803041   9.224753
  27    5    3.798231   2.770382   25.919636  25.513918
  27    6    3.668255   2.760991   15.265833  35.248351
  27    7    3.552301   2.790537   15.294822  29.755422
  27    8    3.478222   2.761471    2.588046  33.294221
  27    9    3.359007   2.799395   24.938804  27.773893
  27   10    3.262246   2.734996   21.545305   7.523465
  27   11    3.181724   2.795657   11.374599  36.044842
  27   12    3.081970   2.785095   30.497265   3.004617
  27   13    2.913112   2.750734   12.457045  27.033146
  27   14    2.821593   2.705106   19.318868  20.896175
  27   15    2.753565   2.782116   29.346956   6.105564
  27   16    2.689230   2.794809   35.341043  32.986619
  27   17    2.546345   2.786630   21.167194  21.690507
  27   18    2.473611   2.771992   19.249321  24.826544
  27   19    2.354747   2.778205   35.652447  11.611107
  27   20    2.282811   2.783992   29.427931  18.132827
  27   21    2.123592   2.799523    7.268507  23.087895
  27   22    2.084600   2.719273   22.025976  40.840088
  27   23    1.971125   2.767213   33.690981  34.727768
  27   24    1.857727   2.729759   14.061364  27.119984
  27   25    1.708099   2.766246   32.197353  35.886181
  27   26    1.650091   2.700883   28.167245  39.884226
  27   27    1.578373   2.730753   19.440448  22.109864
  27   28    1.423231   2.748244   20.124723  14.732474
  27   29    1.359800   2.735679   11.235346  24.937631
  27   30    1.242952   2.777248   24.114739  27.001631
  27   31    1.155464   2.776555   23.405918  10.157192
  27   32    1.053140   2.715284   15.661021   2.518329
  27   33    0.943545   2.733094   30.401165  10.686184
  27   34    0.843951   2.714727    8.525108  27.851719
  27   35    0.739110   2.796409    5.305649   8.565935
  27   36    0.696545   2.729479   29.353476   7.309019
  27   37    0.553097   2.789376    3.032323   5.126809
  27   38    0.454403   2.787768   12.665900   1.611537
  27   39    0.312533   2.724964   17.900172  19.204281
  27   40    0.236038   2.719560    8.813204   7.134251
  27   41    0.131753   2.728337    7.463116  30.355196
  27   42    0.065492   2.748235   38.821658  34.787294
  28    0    4.296899   2.895106   26.370679  17.344001
  28    1    4.155542   2.823035   22.580295   4.063041
  28    2    4.045448   2.870316   17.205026  31.739028
  28    3    3.933891   2.851356   10.616535  20.467785
  28    4    3.888807   2.810585   19.652990  12.279228
  28    5    3.754865   2.888053   24.744519  13.502307
  28    6    3.639204   2.835272   25.035808  27.742083
  28    7    3.588278   2.852744   39.159654  37.550965
  28    8    3.462163   2.881624   20.133328  34.363696
  28    9    3.323087   2.875448   11.091909  19.484229
  28   10    3.282780   2.853579   12.403517   8.432425
  28   11    3.166373   2.815952   38.919477  14.474909
  28   12    3.027823   2.894199    8.112164  25.497688
  28   13    2.957892   2.862915    5.683474  25.473630
  28   14    2.886386   2.817715   25.551732  24.705918
  28   15    2.757087   2.895006   17.233420  31.984424
  28   16    2.619341   2.808690   27.442378  20.095937
  28   17    2.592941   2.878263    6.772288  20.226626
  28   18    2.442319   2.833059   29.772219  40.256330
  28   19    2.397405   2.881371   11.358987  29.464553
  28   20    2.248206   2.808617   28.747987  13.567738
  28   21    2.170416   2.813713   30.965213   8.231796
  28   22    2.023377   2.850984   23.191282   8.323262
  28   23    1.948606   2.829813   16.972639   9.372221
  28   24    1.846902   2.845157   16.629686   5.340516
  28   25    1.770824   2.898179    4.535499  24.265123
  28   26    1.643919   2.892474   21.496063   5.249165
  28   27    1.551440   2.802589   22.022683   4.297279
  28   28    1.493175   2.848144   37.263459  33.458097
  28   29    1.387186   2.829490   20.792507  21.589948
  28   30    1.264415   2.895440   15.007024  22.876686
  28   31    1.134852   2.896448   29.842404   1.184193
  28   32    1.083846   2.899263   32.798507  27.784940
  28   33    0.905712   2.893517   12.414823  13.333204
  28   34    0.895369   2.843958    9.502878  31.817595
  28   35    0.727880   2.841859    5.429709  27.245623
  28   36    0.601541   2.888129   38.960739  38.847578
  28   37    0.530069   2.822140   17.652986  16.569160
  28   38    0.431446   2.862623   32.204211  17.624546
  28   39    0.399332   2.888962    8.799518  12.099150
  28   40    0.292692   2.896967   12.268082   9.344513
  28   41    0.161366   2.867021   29.308112  38.641941
  28   42    0.021689   2.884225   34.322036  21.896924
  29    0    4.224844   2.919653   29.315163  10.658399
  29    1    4.150177   2.984587   23.263855  25.355813
  29    2    4.020945   2.991130   25.392628  35.258061
  29    3    3.956662   2.923952   31.577554  30.352012
  29    4    3.855938   2.950286    4.905041  21.309804
  29    5    3.768944   2.965360    2.174463  34.283680
  29    6    3.678100   2.904983   30.379402  19.880234
  29    7    3.528404   2.918316   34.099341  39.892753
  29    8    3.440683   2.914433   40.070767   3.906263
  29    9    3.317989   2.903902   33.397655  26.555207
  29   10    3.219838   2.999535   25.945492  33.953698
  29   11    3.194022   2.912015    7.104239   6.703338
  29   12    3.020572   2.940158    6.593089  32.108951
  29   13    2.947047   2.971160    5.227596   8.118610
  29   14    2.874773   2.952697   20.116775  17.496311
  29   15    2.748813   2.900925   33.768176  27.403876
  29   16    2.603224   2.961252   40.841794   4.608511
  29   17    2.521352   2.932611   31.223013  20.764153
  29   18    2.478284   2.911410   33.719709  29.583663
  29   19    2.389755   2.964431   21.693191  35.295394
  29   20    2.285513   2.926895   21.595883  29.756904
  29   21    2.152825   2.964279   29.624647  37.301038
  29   22    2.041029   2.976245   13.046468  38.260467
  29   23    1.925230   2.945298   24.376890  23.726428
  29   24    1.876750   2.999180    2.280239   8.141142
  29   25    1.771051   2.917260   17.228284   8.621498
  29   26    1.657932   2.940482    7.639714  29.409455
  29   27    1.561849   2.960287   19.090598  18.612434
  29   28    1.446507   2.952977   21.525050  27.630173
  29   29    1.352405   2.976474    4.119588  29.683349
  29   30    1.269759   2.960604    2.103238  34.109061
  29   31    1.174218   2.949714   32.572448  32.139291
  29   32    1.096712   2.917559    5.954244  35.426159
  29   33    0.900686   2.984339   25.677012   1.442252
  29   34    0.864376   2.960181   40.844737   4.011105
  29   35    0.738528   2.999162   35.941671  39.682129
  29   36    0.632604   2.924473    9.109167  21.651396
  29   37    0.547619   2.925070   18.249020  15.764921
  29   38    0.479810   2.994086   14.656969  34.269761
  29   39    0.385805   2.991545   40.240316  31.970741
  29   40    0.282179   2.951088   40.413774  39.002132
  29   41    0.116579   2.990304   14.911880  20.354553
  29   42    0.046226   2.924991    8.043535   3.553038
  30    0    4.205704   3.072724   34.008668   4.532834
  30    1    4.188718   3.074284   28.087566  33.000524
  30    2    4.067904   3.071767   27.714261  10.719705
  30    3    3.978914   3.089109   36.195537  30.668034
  30    4    3.806683   3.038889   14.300608  36.446349
  30    5    3.776018   3.073733   29.912538  27.376000
  30    6    3.619154   3.051665   32.814918   6.217880
  30    7    3.509413   3.053128   10.525378  37.331201
  30    8    3.413427   3.078900   12.545159  20.432122
  30    9    3.360931   3.049221   15.760376  19.107250
  30   10    3.208670   3.086522    4.919670  37.205071
  30   11    3.116864   3.089287   21.663919  36.614894
  30   12    3.057392   3.029789   26.660479  16.318129
  30   13    2.962815   3.041469   35.786162  27.656129
  30   14    2.845804   3.005158   37.423960  20.322514
  30   15    2.796723   3.020554   38.827290  16.601425
  30   16    2.691303   3.028637   20.826542   9.906554
  30   17    2.534525   3.070907   38.194828  32.924689
  30   18    2.466164   3.066508   34.667228   8.951893
  30   19    2.378916   3.012857   14.459556  18.775895
  30   20    2.233491   3.069021    4.322764  29.274945
  30   21    2.114523   3.033847   10.486618  26.466619
  30   22    2.085248   3.047996   32.705345  35.870254
  30   23    1.982573   3.016313   33.057531  20.689046
  30   24    1.822912   3.095229   10.836813  20.542705
  30   25    1.774751   3.020513    8.087801  10.484315
  30   26    1.618815   3.060154   15.007370  15.135883
  30   27    1.569430   3.082429   33.083961   2.421376
  30   28    1.440711   3.092466    9.650873  15.134155
  30   29    1.313847   3.044389    4.272891  29.142861
  30   30    1.213363   3.008198   19.482873  20.236377
  30   31    1.133018   3.009196   40.875336  26.379778
  30   32    1.029199   3.056227   30.111584  10.569440
  30   33    0.920332   3.097314   25.284619   6.732137
  30   34    0.805061   3.046262   23.246066  25.530185
  30   35    0.735745   3.091066   25.450586   9.957951
  30   36    0.614088   3.049063   30.789936  36.814512
  30   37    0.505367   3.069813    4.557908  17.208341
  30   38    0.400508   3.094992   21.523013   8.012851
  30   39    0.380987   3.075734   13.126901  40.591825
  30   40    0.210856   3.077930   14.737348  10.221442
  30   41    0.179698   3.001079   39.954105  19.646135
  30   42    0.047663   3.018201    7.108147  36.439210
  31    0    4.282284   3.154694   30.848930  12.741259
  31    1    4.171092   3.150329   22.244189  27.090319
  31    2    4.024390   3.148089   27.911711  24.132702
  31    3    3.940326   3.179298    6.776356  24.832801
  31    4    3.866765   3.139522   17.137615  16.329258
  31    5    3.799687   3.192445    2.506996  38.883981
  31    6    3.679962   3.188288   18.419873  22.634937
  31    7    3.574504   3.123180   21.056888  37.413724
  31    8    3.424900   3.100833    9.564897  36.169956
  31    9    3.348727   3.137470   15.610624  21.126824
  31   10    3.253540   3.195311    4.720876  29.371043
  31   11    3.150041   3.154298    3.775319   1.976217
  31   12    3.093699   3.171867    7.660553  11.916627
  31   13    2.968952   3.117338   26.231592  38.018947
  31   14    2.818622   3.152175   31.647884  25.217757
  31   15    2.785868   3.106602   27.769838  18.747184
  31   16    2.635452   3.143665   40.157414  38.060956
  31   17    2.574627   3.116059   40.468874  14.796874
  31   18    2.457080   3.191414   36.504195  10.684484
  31   19    2.392224   3.126065   33.188101  21.756923
  31   20    2.249141   3.103770   15.481208  13.514835
  31   21    2.152706   3.167854   27.208379  39.872118
  31   22    2.068001   3.176602    6.390240  21.985569
  31   23    1.918212   3.111488    4.770899  39.753329
  31   24    1.826614   3.195428   24.391288  20.305929
  31   25    1.722126   3.108305   35.427365  28.778814
  31   26    1.642971   3.164708    5.884593  14.741966
  31   27    1.568058   3.184290   34.528890  33.690785
  31   28    1.440633   3.199226   13.678480  40.918256
  31   29    1.324111   3.111715    8.845056  31.961694
  31   30    1.282426   3.113759   38.985233   9.843547
  31   31    1.154411   3.182990   16.218656  17.825019
  31   32    1.026924   3.164129   39.826319  33.809044
  31   33    0.999322   3.172883    9.325697  38.435637
  31   34    0.802663   3.125239   39.217306  26.003311
  31   35    0.732076   3.103075    8.024315  21.445174
  31   36    0.697312   3.139863    1.541909  36.633102
  31   37    0.582741   3.116499   10.440293  17.348062
  31   38    0.458133   3.135695   11.813647  13.534737
  31   39    0.330497   3.127973   29.850959  18.274318
  31   40    0.296065   3.187601   40.062660  16.705963
  31   41    0.122118   3.142359   32.593298  29.475385
  31   42    0.078620   3.196990    1.874301  13.883528
  32    0    4.278393   3.221809   31.636153  40.569682
  32    1    4.186561   3.270904    6.145163  38.237045
  32    2    4.000867   3.239602    1.120494  10.684830
  32    3    3.995912   3.209671   12.411302  19.444999
  32    4    3.888875   3.279679   19.085752  24.953835
  32    5    3.730373   3.253873    2.642430   5.864085
  32    6    3.621251   3.228182   38.764308  39.392800
  32    7    3.509583   3.298893    6.184954  18.198369
  32    8    3.448415   3.256117   13.240284  27.008082
  32    9    3.395893   3.258457   21.575777  14.020085
  32   10    3.278726   3.210764   33.932823  30.051099
  32   11    3.116484   3.247350   15.237860  37.689181
  32   12    3.028032   3.217472   10.278151  11.659311
  32   13    2.908595   3.257880   24.607574  21.664040
  32   14    2.833304   3.243259   16.148728   4.692222
  32   15    2.703563   3.224685   32.032970  12.891136
  32   16    2.610037   3.288898   37.961894  36.391545
  32   17    2.530063   3.208133   25.821134  21.906669
  32   18    2.458779   3.257190   40.094463  24.564988
  32   19    2.378614   3.277806    6.101866  32.478553
  32   20    2.298721   3.291654   15.133777  14.313458
  32   21    2.127866   3.244490   25.713974   6.062434
  32   22    2.025704   3.292108    9.659806  33.891744
  32   23    1.988573   3.271583   40.109561   8.040739
  32   24    1.858320   3.291427   10.666934  14.113095
  32   25    1.773420   3.294994   15.310707  31.659060
  32   26    1.648946   3.221237    3.398141  37.778410
  32   27    1.549959   3.294368    9.242051  20.769490
  32   28    1.496636   3.203365   28.278336  23.931047
  32   29    1.379926   3.287872   39.301813  33.935842
  32   30    1.205703   3.278585   32.797685   6.308606
  32   31    1.191087   3.267790   37.822866  10.151000
  32   32    1.087660   3.224545   13.609821  36.183332
  32   33    0.967494   3.254828   37.114539  30.361957
  32   34    0.804833   3.220683   14.773889  26.853099
  32   35    0.780644   3.225289   37.064881  39.193402
  32   36    0.601568   3.289557   29.983445  40.365243
  32   37    0.517577   3.257177   30.822181  17.706054
  32   38    0.463345   3.281196   29.789293  36.625851
  32   39    0.392245   3.248827   37.863626  20.721212
  32   40    0.285436   3.269925   39.237395  40.867387
  32   41    0.153810   3.286752   38.797987  31.188361
  32   42    0.020937   3.201576   27.007066  37.517881
  33    0    4.229584   3.378243   22.538354  39.267916
  33    1    4.113048   3.363054   14.048719  26.835197
  33    2    4.061367   3.318564   24.019944   5.246565
  33    3    3.998411   3.345981   27.884488  25.240223
  33    4    3.811779   3.332695    9.427108  13.097945
  33    5    3.797143   3.341416   38.149126  31.103138
  33    6    3.631949   3.317143   35.932699   5.446701
  33    7    3.580843   3.333657    9.612626  34.807205
  33    8    3.493528   3.308651   34.242050  10.889307
  33    9    3.332470   3.357677   20.840095  25.234880
  33   10    3.296509   3.323537   34.772848  11.070325
  33   11    3.181361   3.346978   19.808447  34.391317
  33   12    3.069682   3.343870    2.091281  27.608100
  33   13    2.913009   3.326460   22.213564   7.700672
  33   14    2.882827   3.374896   17.263862  37.909195
  33   15    2.716394   3.398366    3.865630   9.580912
  33   16    2.688845   3.361838   34.073431  34.106181
  33   17    2.541705   3.328459   35.484415  12.223174
  33   18    2.410038   3.333624   32.586885  40.798728
  33   19    2.398245   3.364269   36.370311  30.071982
  33   20    2.275612   3.336112   22.351236   4.973221
  33   21    2.126100   3.307597    2.841048  13.323000
  33   22    2.007227   3.328016    7.533675   5.421474
  33   23    1.925856   3.319424   17.988022  20.825269
  33   24    1.836046   3.339009   37.610386  39.174408
  33   25    1.728193   3.356935   11.220254  36.095209
  33   26    1.618202   3.331377   29.747902   8.911860
  33   27    1.529614   3.329596   29.228076   9.719966
  33   28    1.496022   3.364118    2.809862  18.005046
  33   29    1.311907   3.314040   24.412663  27.248016
  33   30    1.229548   3.331529   27.961097  38.793452
  33   31    1.101066   3.385991   22.491638  33.735235
  33   32    1.097029   3.337064   17.130035  14.893298
  33   33    0.906520   3.311505   37.905004  14.434949
  33   34    0.834081   3.367701   38.129463   9.779991
  33   35    0.713401   3.389563   23.809738  15.690822
  33   36    0.649038   3.353995    4.024769   1.582319
  33   37    0.579412   3.353332   32.865438  10.911716
  33   38    0.416799   3.336726   14.377827  27.971441
  33   39    0.313554   3.318402   25.677480  13.577993
  33   40    0.215073   3.312235    7.283773   5.223039
  33   41    0.186489   3.312880   35.678199  12.549033
  33   42    0.025450   3.395513   33.656961   1.976317
  34    0    4.241796   3.436413    2.390684  14.512057
  34    1    4.177055   3.422561   29.011463  40.908841
  34    2    4.043651   3.473077   39.433808   4.232654
  34    3    3.962825   3.411739   33.020541  30.491523
  34    4    3.809665   3.426489    9.291230  15.337722
  34    5    3.707558   3.417552   33.428572  34.183375
  34    6    3.637658   3.454606   33.781100  22.681860
  34    7    3.512872   3.439726   28.427977   5.870961
  34    8    3.442103   3.456381   17.327333  21.918530
  34    9    3.347080   3.495474   30.402768  38.052781
  34   10    3.269749   3.402757   39.547316  12.717657
  34   11    3.187766   3.423438   13.979380   3.214168
  34   12    3.064653   3.410468   24.335019   9.141624
  34   13    2.961420   3.464137    2.614528  19.033540
  34   14    2.800380   3.428666   14.532520  24.011929
  34   15    2.758019   3.453568   30.488896  34.506209
  34   16    2.691579   3.445629   34.447033  13.669104
  34   17    2.528805   3.474195   10.264504  16.767232
  34   18    2.438443   3.425620   26.884568  25.348793
  34   19    2.302752   3.430658   22.302685  37.340104
  34   20    2.245765   3.454420   27.035445  21.467200
  34   21    2.181340   3.456328   17.228661  11.733435
  34   22    2.093314   3.406158   22.460909  23.429425
  34   23    1.992241   3.411215   31.267763  17.753011
  34   24    1.816258   3.443759    6.594198   2.144546
  34   25    1.700415   3.401772   32.567404   5.592015
  34   26    1.683098   3.430647    2.583439  23.251577
  34   27    1.589832   3.438759    6.757984  36.707438
  34   28    1.434308   3.462330   34.967840  12.130772
  34   29    1.340671   3.450631   11.294964  28.686066
  34   30    1.267430   3.423052   38.592681  17.095060
  34   31    1.135356   3.486773   40.663397  19.748720
  34   32    1.023766   3.434896   37.332706  18.726681
  34   33    0.932128   3.477454    8.315293  39.236739
  34   34    0.848190   3.494598   39.607527  39.144436
  34   35    0.747133   3.465506    6.249229  19.370019
  34   36    0.656704   3.486728   23.336786  27.057263
  34   37    0.585097   3.488495    9.430701   8.761221
  34   38    0.456490   3.421026   39.896796  12.780158
  34   39    0.354684   3.469566   29.790753   9.616089
  34   40    0.220108   3.466364   14.804536  21.958785
  34   41    0.197472   3.470137   33.329510  18.245105
  34   42    0.019293   3.444143   22.268860   7.569425
  35    0    4.249262   3.568284   33.890280  22.457063
  35    1    4.174518   3.599885   21.412884   6.831218
  35    2    4.039025   3.552922   28.458955  39.600404
  35    3    3.974023   3.593381   23.885586  12.987992
  35    4    3.814308   3.565770    1.382531   5.463513
  35    5    3.760450   3.534925   15.744668  31.487242
  35    6    3.662296   3.580633   18.689585   6.940464
  35    7    3.574533   3.548055   40.906847  25.904185
  35    8    3.472938   3.582641   18.734643  30.314022
  35    9    3.383487   3.557605   29.125775  31.029084
  35   10    3.264713   3.598901    1.677429  32.203016
  35   11    3.106774   3.586030   18.371842  18.856376
  35   12    3.064578   3.536363    7.847041  11.666528
  35   13    2.983880   3.590608   19.652217  27.784441
  35   14    2.801516   3.502768   33.830156  29.652624
  35   15    2.707540   3.589500   21.723490   6.155161
  35   16    2.637853   3.522152   25.161456  25.924697
  35   17    2.571521   3.505585   13.813400  18.332730
  35   18    2.424133   3.507673   25.783494  23.793784
  35   19    2.354644   3.503573   16.382138  34.841499
  35   20    2.221837   3.521409   16.982309   9.430549
  35   21    2.182157   3.508106   33.117832  37.652927
  35   22    2.093590   3.533312   22.294150  25.225906
  35   23    1.971875   3.568389   11.774833  17.532059
  35   24    1.812777   3.589617    9.917728  25.614616
  35   25    1.785691   3.578354    7.127524  22.424228
  35   26    1.693569   3.514820   30.455487   8.971449
  35   27    1.567114   3.570438   16.226413  14.183016
  35   28    1.488396   3.500672    5.346444  20.634866
  35   29    1.352440   3.575761    4.307335  25.510803
  35   30    1.242738   3.580733   30.142202  19.808449
  35   31    1.196946   3.583820   19.118667  19.803565
  35   32    1.036892   3.549590   16.816818  37.035645
  35   33    0.958204   3.540797    2.095501  23.661874
  35   34    0.880944   3.562186   10.590260  39.138690
  35   35    0.726151   3.597114   26.723802   5.150383
  35   36    0.662731   3.540552   19.284244  24.957891
  35   37    0.584006   3.552117   27.601616  10.458379
  35   38    0.478887   3.522784    7.018330  17.922770
  35   39    0.325408   3.546591   28.118489   7.434304
  35   40    0.206359   3.512228   29.093180  40.431864
  35   41    0.141362   3.522250   30.338292  36.537465
  35   42    0.095888   3.523625    1.196979  10.213312
  36    0    4.225599   3.601450   17.584716  38.070447
  36    1    4.189923   3.677351   23.610063  30.283650
  36    2    4.028946   3.640062   18.392774  29.126070
  36    3    3.985351   3.662907   39.871862  31.817568
  36    4    3.822046   3.671793    9.903707  24.503053
  36    5    3.776127   3.678472   19.413344  13.186680
  36    6    3.601501   3.693173   39.444733  32.914826
  36    7    3.522537   3.654576   14.947175  38.620673
  36    8    3.497057   3.635040   34.949169  13.136282
  36    9    3.302325   3.686871   37.946916  36.389525
  36   10    3.206857   3.628539   38.036510   4.303553
  36   11    3.104253   3.635481   39.335605  29.100783
  36   12    3.004141   3.601483   27.986091  30.402207
  36   13    2.926962   3.696560   17.543154  17.651202
  36   14    2.821922   3.634407   30.502050  21.049581
  36   15    2.745068   3.615467    2.381039   5.567370
  36   16    2.632235   3.664685   22.081365   8.997278
  36   17    2.500469   3.690339   20.721847  31.915254
  36   18    2.493500   3.651837    8.960771  19.350159
  36   19    2.369671   3.609886   18.760273  18.653900
  36   20    2.243326   3.607433   19.032479  36.318486
  36   21    2.147728   3.679862   15.671254  12.253854
  36   22    2.064796   3.649004   35.782632  20.390185
  36   23    1.975967   3.618948   14.769974   9.596166
  36   24    1.851804   3.658930    5.220519  32.130482
  36   25    1.724208   3.646654   40.817535   4.613168
  36   26    1.643465   3.616468   39.930639  18.386531
  36   27    1.518530   3.643398   25.905155  14.827507
  36   28    1.488923   3.623956   28.793738  12.494906
  36   29    1.382890   3.636045   11.388823   5.891249
  36   30    1.242068   3.666638   36.587042  32.160192
  36   31    1.137029   3.650948   29.635391  27.422175
  36   32    1.070721   3.629677   24.587944  26.993178
  36   33    0.964085   3.680968   36.880158  24.879691
  36   34    0.896799   3.645609   21.469476  32.267519
  36   35    0.729214   3.632919   27.285048  19.918101
  36   36    0.662760   3.660816    3.189959  26.273985
  36   37    0.595254   3.657569    8.325565  15.600307
  36   38    0.445327   3.690591    1.243290  25.721786
  36   39    0.343100   3.615568   18.923761   3.050294
  36   40    0.210043   3.678889   30.550380   6.956734
  36   41    0.162945   3.699597   24.283503  22.568080
  36   42    0.019633   3.691131   31.436319  30.336334
  37    0    4.237928   3.715522    5.173421   4.926146
  37    1    4.175478   3.746209   34.551922  30.922208
  37    2    4.093946   3.723508   34.441942   7.511623
  37    3    3.984678   3.737322   23.262348  40.720554
  37    4    3.838546   3.753796   39.837910  25.173879
  37    5    3.705228   3.700355    4.939569   6.021682
  37    6    3.657777   3.741254    9.749328  37.082422
  37    7    3.528788   3.763209   10.759517  17.959946
  37    8    3.482782   3.767836    7.261846  28.595379
  37    9    3.314326   3.749824    3.018794   5.235741
  37   10    3.277618   3.762699   37.977662   1.084087
  37   11    3.186586   3.718606   19.649917  25.011512
  37   12    3.036458   3.786047    8.324573  12.854685
  37   13    2.960910   3.786544    7.528094  31.314061
  37   14    2.811789   3.714615   33.623974  40.752878
  37   15    2.750363   3.727498    9.326628  39.845735
  37   16    2.625615   3.754253    8.975668  34.733366
  37   17    2.552427   3.735985   33.092089  23.927394
  37   18    2.442893   3.728220    1.056413  36.620752
  37   19    2.300711   3.716262    9.374447  28.366380
  37   20    2.210594   3.728543   15.218187   9.484043
  37   21    2.102175   3.790535    7.661449  36.363005
  37   22    2.086723   3.772206   39.811225  35.492174
  37   23    1.962313   3.719897   22.030560  29.139392
  37   24    1.801554   3.773966    8.445930  27.813308
  37   25    1.729542   3.796873   25.345869  38.794831
  37   26    1.608048   3.733201   10.946853  26.065954
  37   27    1.565723   3.799452   31.991402  11.962108
  37   28    1.490054   3.733509    5.040946  25.025289
  37   29    1.372302   3.793024    1.046377  15.159577
  37   30    1.205395   3.770633   33.361420   2.733349
  37   31    1.171008   3.728891   34.971963   2.304068
  37   32    1.046304   3.756833   14.137549   6.857101
  37   33    0.954314   3.715814    3.293201  30.670036
  37   34    0.801919   3.797949   28.979843  27.083684
  37   35    0.784107   3.734556    6.423780  13.650649
  37   36    0.606687   3.703202   37.459092   6.537452
  37   37    0.527007   3.724409   31.695448  36.996858
  37   38    0.454483   3.767122   25.716816   6.648747
  37   39    0.371774   3.795465   21.817873  19.780778
  37   40    0.251175   3.758070   25.133734  37.599638
  37   41    0.177991   3.710662   15.408862  32.150026
  37   42    0.068057   3.758422   17.121935  40.417200
  38    0    4.255947   3.837632   29.898877   9.009989
  38    1    4.145236   3.827771   31.395472  36.980182
  38    2    4.075157   3.891954   19.027886   2.091290
  38    3    3.977536   3.802397   27.613194  30.650261
  38    4    3.843425   3.880604   30.316604  12.430047
  38    5    3.795845   3.801772   24.076666   2.934370
  38    6    3.689640   3.807246   12.308296   1.108811
  38    7    3.534102   3.886009    2.205109  30.529903
  38    8    3.421695   3.819450   17.041310   8.176418
  38    9    3.346215   3.896938   11.798331  22.299930
  38   10    3.215975   3.862031   10.126652  17.985257
  38   11    3.108222   3.819888   29.637727   7.170829
  38   12    3.026775   3.850361   18.968890  13.754811
  38   13    2.908849   3.823263    2.764420  11.640108
  38   14    2.882844   3.892903   39.082814   4.990609
  38   15    2.796404   3.868656   17.812757  29.527455
  38   16    2.663930   3.873106   19.122279   8.458058
  38   17    2.511523   3.835517   39.066366   6.797384
  38   18    2.422730   3.847439   37.151774  16.730926
  38   19    2.393816   3.871264   30.443087  20.727176
  38   20    2.237130   3.828514   23.855278  17.904571
  38   21    2.105815   3.860272   40.404135   5.389086
  38   22    2.043882   3.800091    2.791055  15.884309
  38   23    1.969873   3.803311   23.821922  24.361143
  38   24    1.818091   3.854211    3.465087  22.729637
  38   25    1.762787   3.812749    1.130018  16.776147
  38   26    1.622909   3.849806   39.909926  32.855335
  38   27    1.558915   3.858287   12.617808  24.263810
  38   28    1.460777   3.866794   35.619770   3.460789
  38   29    1.355424   3.842941   14.521443  24.036261
  38   30    1.211394   3.870066   35.106686  16.379183
  38   31    1.153063   3.849696   23.601781   7.312504
  38   32    1.042208   3.803661   33.006911   3.608515
  38   33    0.902448   3.875476    8.189027  12.472671
  38   34    0.824871   3.807057   33.580259   2.106731
  38   35    0.759389   3.861010    6.212896   8.778263
  38   36    0.685445   3.882693    6.609717  23.003543
  38   37    0.523109   3.832656    4.526142  29.189872
  38   38    0.457528   3.846660   30.122362  36.201849
  38   39    0.358488   3.895415   38.868385   9.759193
  38   40    0.295603   3.862985   26.016811   3.411960
  38   41    0.127570   3.855138   10.106228   8.267437
  38   42    0.040995   3.895979   21.596481  20.982157
  39    0    4.276569   3.902290   19.924694   6.227591
  39    1    4.114754   3.914850    8.171961  18.459420
  39    2    4.042486   3.959708    7.934116  26.063251
  39    3    3.940578   3.950112   17.309925  19.634485
  39    4    3.858181   3.982382    2.195645  19.222099
  39    5    3.776585   3.932269   35.970008  29.895672
  39    6    3.646395   3.998596   16.457600  21.177387
  39    7    3.557300   3.939844   33.685185   7.036291
  39    8    3.401669   3.998631   19.933986  25.716112
  39    9    3.316654   3.946019   38.105227  22.230677
  39   10    3.264525   3.909787   29.245514  23.607872
  39   11    3.179099   3.980999   29.636866  23.714289
  39   12    3.094482   3.944582   27.182562  39.693717
  39   13    2.969128   3.920661   31.578392  17.773559
  39   14    2.847626   3.972790   19.238565  27.629605
  39   15    2.799558   3.971125   29.060433  19.971532
  39   16    2.660437   3.947363   16.401367  22.964401
  39   17    2.555840   3.943607   18.268765   4.105632
  39   18    2.434446   3.909298    1.479169  12.927663
  39   19    2.397509   3.904232    6.839025   7.214198
  39   20    2.206052   3.907157   36.276725  35.247769
  39   21    2.148532   3.939452   36.977296  16.018763
  39   22    2.072443   3.993218   38.226538  28.516253
  39   23    1.945887   3.999282    4.774582  23.509340
  39   24    1.828049   3.900139   37.618849   3.059540
  39   25    1.760155   3.967796    2.347245  23.950317
  39   26    1.646359   3.959504   40.363276  23.974561
  39   27    1.593179   3.963132   33.849546  30.404842
  39   28    1.419142   3.996821    6.254034  16.930065
  39   29    1.396064   3.987736   12.068512  10.945934
  39   30    1.239257   3.926249   28.999723   2.530745
  39   31    1.135834   3.933632    9.225368  28.042824
  39   32    1.084229   3.972766   11.817722  36.486605
  39   33    0.970983   3.997245   13.771896  30.181383
  39   34    0.825631   3.969505   11.182312  40.525319
  39   35    0.774999   3.973590   14.384088   5.597765
  39   36    0.654073   3.913610   11.354698  12.930634
  39   37    0.572593   3.980646   13.019557   5.074757
  39   38    0.471200   3.915258   33.612166   7.785186
  39   39    0.325931   3.911291   40.819232  34.070577
  39   40    0.258611   3.941365   16.632669   8.441413
  39   41    0.127612   3.922363   13.797904   4.020243
  39   42    0.088993   3.938037   28.280214  33.439562
  40    0    4.223441   4.048295   39.682271  18.469884
  40    1    4.196970   4.013943    4.075465  22.037082
  40    2    4.001203   4.070175   12.919192  11.774726
  40    3    3.976341   4.080593   33.925049  11.709048
  40    4    3.841749   4.080196   11.790902  36.411766
  40    5    3.716330   4.074854   36.222124   1.424518
  40    6    3.635599   4.056164   19.738047  29.528478
  40    7    3.532375   4.034105   27.219799  12.199094
  40    8    3.422090   4.001054   32.405390  40.169201
  40    9    3.386715   4.055034   33.618107  10.369219
  40   10    3.208787   4.008563    2.589189  25.691172
  40   11    3.130648   4.043373    7.594244  29.229106
  40   12    3.076430   4.087210   37.179227  29.202471
  40   13    2.933847   4.053763    6.044885  11.116452
  40   14    2.869106   4.012705   33.352594  29.424485
  40   15    2.796484   4.026441   29.598441  34.728454
  40   16    2.610675   4.081175    5.690363  10.201770
  40   17    2.567147   4.050610    1.994163  11.394924
  40   18    2.476637   4.004278   31.552350  28.952533
  40   19    2.313673   4.023108    6.714105  29.230617
  40   20    2.285699   4.021301   28.959248  31.673271
  40   21    2.115014   4.025377    5.292975  15.534220
  40   22    2.057225   4.003092   39.395447  26.681379
  40   23    1.960107   4.011787   40.519991  35.496726
  40   24    1.809576   4.087941   37.359941  30.099904
  40   25    1.754485   4.087975   17.785918  29.227265
  40   26    1.650006   4.020557    9.156771  13.158886
  40   27    1.546981   4.059148   39.117525  29.299753
  40   28    1.429367   4.061796   15.330537  34.708082
  40   29    1.397369   4.045206   16.980753  17.469046
  40   30    1.204290   4.099072   14.316529  31.906141
  40   31    1.111156   4.092017   38.722954  11.900590
  40   32    1.065816   4.015152   19.289159   7.871644
  40   33    0.969996   4.056387    7.563644   5.202868
  40   34    0.856662   4.066541    5.856366  37.151718
  40   35    0.785305   4.005967   12.332230  38.747280
  40   36    0.609320   4.081718    5.161771   8.184247
  40   37    0.598661   4.054782   35.690274  40.205365
  40   38    0.494167   4.014201    5.120430  16.500020
  40   39    0.345441   4.050073   39.364914  28.928633
  40   40    0.270539   4.075752    1.928047  13.231468
  40   41    0.187890   4.036779    4.959086  27.741539
  40   42    0.084423   4.030981   34.647626  20.564952
