                 3     3     8.5    6     7     3     0     3     8.5    3   ENDMP
            -430  -430  -150  -420  -180  -430  -460  -430  -150  -430  ENDSCORE

                 +02     8.5    5     8.5    5     0     5     7     +02     +02  ENDMP
            -110   150    50   150    50  -140    50   100  -110  -110  ENDSCORE

     9                 3     1     7.5    5     +02     0     7.5    5     3  ENDMP
         400       AVG-  -600   200   100  -200  -620   200   100  -110  ENDSCORE

   6.72              0.0628373654  2.83212  -        4.5  2.83212  1.17  8.94325  6.72  6.72 ENDMP
         710       200   650    NP   660   650   630  1460   710   710  ENDSCORE

      0.5    0.5               3.5    6.5    3.5    +02     6.5    6.5    9     6.5 ENDMP
        -100  -100       180   620   180   140   620   620   650   620  ENDSCORE

   5.61  8.94325              0.0628373654  2.28  -      7.28    4.5  3.39  1.17  7.28 ENDMP
        -120   100      -930  -630    NP  -110  -150  -170  -650  -110  ENDSCORE

     3.5    6.5    5                 1     8     9     3.5    1     6.5    1  ENDMP
        -100   110  PASS      -200   140   170  -100  -200   110  -200  ENDSCORE

     6.5    9     3.5                5     +02     8     6.5     0.5    0.5   3.5 ENDMP
          80   150   -50        50   -90   110    80  -100  -100   -50  ENDSCORE

     9     4.5    7.5    4.5                +02     7.5    4.5     0.5   4.5     0.5 ENDMP
         200  -650  -200  -650      -710  -200  -650 -1430  -650 -1430  ENDSCORE

     8     7      0.5   3.5                3.5    3.5    3.5     0.5   9     6  ENDMP
        -210  -300  -660  -630      -630  -630  -630  -660   100  -600  ENDSCORE

     5     5      0.5   9     8                 3      0.5   +02     5     7  ENDMP
         -50   -50  -120   110   100       -90  -120  -100   -50    50  ENDSCORE

      0.5   4     4     7      0.5               9     7     4     7     +02  ENDMP
        -110   140   140   150  -110       170   150   140   150   100  ENDSCORE

     3     5.5    5.5    5.5    5.5    9                 1.5    0     8     1.5 ENDMP
         120   140   140   140   140   600      -100  -300   170  -100  ENDSCORE

     7     7     4     1.5    7     7                 3     1.5    0     7  ENDMP
          50    50  PASS  -110    50    50       -50  -110  -400    50  ENDSCORE

     4     7     8     1.5    4     0     6                 4     9     1.5 ENDMP
        -0130  -100  PASS  -150  -0130  -200  -120      -0130    80  -150  ENDSCORE

     4.5  0.0628373654  2.28  5.61  7.28  1.17  7.28              8.94325  3.39       - ENDMP
         130  -100   100   180   300   -50   300       430   110    NP  ENDSCORE

     1     7     6     8     5     9     +02     3.5                0     3.5 ENDMP
        -140   110   100   140   -50   170  -110  -100      -170  -100  ENDSCORE

     4     4     8.5    4     4      0.5   7      0.5               4     8.5 ENDMP
         100   100   600   100   100  -100   150  -100       100   600  ENDSCORE

     +02     1     8     5     8     8     4     0     3                 6  ENDMP
        -660  -690   100  -150   100   100  -600  -720  -630      -0130  ENDSCORE

     +02     +02     4.5    +02     7     9     4.5    0     7                 7  ENDMP
        -100  -100   100  -100   110   140   100  -200   110       110  ENDSCORE

     3.5    7.5    0     3.5    1     7.5    3.5    3.5    6     9              ENDMP
        -200  -140  -420  -200  -300  -140  -200  -200  -150    50      ENDSCORE

     8.5    0     6.5    +02     4.5    8.5    1     4.5    6.5    3              ENDMP
         300  -140   200   -90   140   300  -110   140   200   110      ENDSCORE

           8     0     3     9     5.5    1.5    1.5    4     7     5.5       ENDMP
           690  -650   140  1430   650  -100  -100   620   680   650    ENDSCORE

           4.5    0     2.5    2.5    7.5    1     7.5    4.5    7.5    7.5       ENDMP
           420  -420   200   200   450  -110   450   420   450   450    ENDSCORE
