01100100011100101010110111001001000111110101
01010110110000110111101100101101100110001111
10100011111010011011010100010110010011000111
11011001111101000101101010000011001011101011
00101111111001100101110011010001100101001010
00111000000101011111001010111001110101100111
10011100100010100111000101010100011000111011
01001110110011011011100010100010001110010101
10101001110001010110111001110100111100010010
01111101001011110101000111000110100010010011
10110110000101111010100011100011110001001001
01010011100010111101110011111001111000100100
