00001101101 1
10000000100 1
11101100110 0
11001001100 0
01011101111 0
00001001001 0
10111101010 1
00010101100 1
10011110011 0
10100011011 1
10110001111 0

01101101000 1
010011 011000
011010 110100
001101 010010
100110 100001
101101 011111
111011 111000

111101 111100
011110 111110
001000 110111
001110 101100
100111 011110
010001 101111

100010 100100
010001 110110
001010 110011
000101 011001
000101 110011
100111 001010

010011 101101
001011 110110
110011 110101
001010 001111
000111 000111
100011 101011

110101 001010
101101 100111
010100 111011
101010 010101
011100 010010
110010 010011

111001 001001
111100 100100
No matrix with key Estate
110101011100
101100111010
110101000000
000110100000
110010010000
010010101111
000001111011
110101010110
101010110111
101011110001
001011001011
110000011111
Jovial                          12 X  12
Waite                            7 X  18
Masterful                        2 X   1
Sprague                         20 X  28
Inboard                          1 X  15
Fogy                            12 X  12
Punic                           16 X  44
Irreclaimable                   12 X  36
Tiffany                         32 X  12
Thistle                          7 X  18
Emperor                         36 X  12
Reich                            2 X  20
Quid                             2 X   1
Hose                            12 X  44
Decoy                            2 X  20
Jablonsky                       36 X  16
Belittle                         2 X  20
Gerundive                       12 X  16
Eerie                           10 X   9
Wattle                           9 X  12
Tippy                           10 X   9
Visceral                        12 X   9
Main                             1 X  15
110101011100
101100111010
110101000000
000110100000
110010010000
010010101111
000001111011
110101010110
101010110111
101011110001
001011001011
110000011111
101 111 010
101 000 010
001 100 010

001 100 100
011 011 010
101 011 111

010 110 100
011 100 111
111 001 111

010 010 001
0111
0101001 0110001 111000
0111100 1011000 011111
0
0
1
Nineteenth                       1 X   4
Jovial                          12 X  12
Waite                            7 X  18
Teddy                           13 X   1
Masterful                        2 X   1
Sprague                         20 X  28
Inboard                          1 X  15
Auckland                        12 X  22
Fogy                            12 X  12
Punic                           16 X  44
Below                           14 X  18
Irreclaimable                   12 X  36
Tiffany                         32 X  12
Thistle                          7 X  18
Emperor                         36 X  12
Compression                     13 X   1
Reich                            2 X  20
Quid                             2 X   1
Jetliner                         2 X  20
Suspension                       1 X   4
Hose                            12 X  44
Decoy                            2 X  20
Jablonsky                       36 X  16
Belittle                         2 X  20
Kirkland                        12 X  22
Gerundive                       12 X  16
Molal                           14 X  18
Eerie                           10 X   9
Wattle                           9 X  12
Alison                           1 X   4
Tippy                           10 X   9
Visceral                        12 X   9
Main                             1 X  15
1
1
100011111100 00111001
111111111011 11010110
0110011 1011001 1000011 00
1101000 0000111 1110001 00
1111101 0011100 1000001 00
0110110 0000101 1110100 01
1001011 1001110 0011001 10
1010101 0100101 1011111 00
0
Nineteenth                       1 X   4
Jovial                          12 X  12
Sin                             10 X   5
Waite                            7 X  18
Spencerian                      16 X  24
Teddy                           13 X   1
Masterful                        2 X   1
Buckshot                        11 X  23
Sprague                         20 X  28
Oratorio                        13 X   1
Inboard                          1 X  15
Auckland                        12 X  22
Fogy                            12 X  12
Punic                           16 X  44
Below                           14 X  18
Irreclaimable                   12 X  36
Tiffany                         32 X  12
Swathe                          24 X  32
Thistle                          7 X  18
Emperor                         36 X  12
Mow                             11 X  23
Compression                     13 X   1
Reich                            2 X  20
Quid                             2 X   1
Jetliner                         2 X  20
Suspension                       1 X   4
Hose                            12 X  44
Decoy                            2 X  20
Jablonsky                       36 X  16
Papillary                       16 X  11
Belittle                         2 X  20
Wingman                         12 X  28
Kirkland                        12 X  22
Gerundive                       12 X  16
Jacobite                        10 X   5
Molal                           14 X  18
Eerie                           10 X   9
Wattle                           9 X  12
Alison                           1 X   4
Tippy                           10 X   9
Visceral                        12 X   9
Manual                          24 X  24
Richard                         44 X  12
Main                             1 X  15
010011100110
011000010101
001110001010
100111001101
010011000111
011000101100
001100011110
100110001111
011001011111
010111111000
101001111100
110110111110
No matrix with key Adelia
00101011101001100 111
01010010110001111 000
11 01 01 01 11 00
10 11 00 11 10 10

11 01 01 00 00 00
00 01 10 10 00 00

11 00 10 01 00 00
01 00 10 10 11 11

00 00 01 11 10 11
11 01 01 01 01 10

10 10 10 11 01 11
10 10 11 11 00 01

00 10 11 00 10 11
11 00 00 01 11 11
0
11 11 01 11 10 11 00 11 10 01 01 01 10 10
10 00 11 00 11 10 10 10 11 01 11 11 01 11

11 00 11 10 11 11 11 01 01 10 01 11 10 11
11 10 11 11 01 11 01 10 00 11 10 11 01 01

11 01 10 01 10 10 01 10 01 11 10 00 10 11
10 11 11 01 01 11 01 01 11 00 01 00 11 10

01 01 01 10 10 11 10 10 11 10 00 10 11 11
10 10 00 11 01 01 11 01 11 11 00 01 01 11

10 00 01 10 01 00 10 01 00 11 11 01 11 00
01 00 01 01 01 10 11 01 10 10 10 11 00 10

00 10 10 10 00 11 01 10 11 01 01 01 00 01
00 01 11 01 10 01 00 11 01 10 10 10 10 00

01 01 00 11 11 00 01 11 01 10 11 11 01 00
11 11 10 10 00 10 11 00 01 01 10 00 01 10

01 11 11 01 00 01 11 10 10 10 11 00 00 11
10 11 01 10 10 00 11 11 11 01 11 10 10 01

11 00 00 01 01 01 00 10 11 10 10 11 10 00
00 10 10 01 11 11 00 11 00 01 11 10 01 00

00 01 01 00 01 11 10 01 10 00 11 11 00 10
10 00 00 10 10 11 01 00 11 00 01 11 00 01

00 11 01 01 00 01 11 11 10 00 01 11 11 10
10 10 11 11 10 01 10 00 01 00 11 00 00 01

11 01 01 11 01 00 11 00 00 10 11 10 10 00
01 10 10 11 00 10 11 10 00 01 11 11 11 00

00 01 11 00 00 11 10 11 01 00 00 10 01 10
10 01 00 10 10 10 11 10 01 10 00 11 01 01

01 00 00 01 11 01 11 11 00 11 10 01 10 10
00 10 10 00 01 10 01 11 10 01 01 00 11 01

00 10 10 11 01 11 11 00 10 10 00 01 10 01
00 11 11 10 11 00 00 10 01 11 10 01 11 01

10 01 11 11 11 10 00 01 10 11 01 00 01 10
01 00 01 11 11 11 10 00 01 01 00 10 00 11

01 10 10 00 11 10 11 01 01 01 10 01 00 01
01 01 01 00 00 01 10 11 11 11 11 01 10 01

10 10 00 10 10 00 01 01 01 11 01 10 01 00
11 01 00 01 11 00 10 10 10 11 00 11 00 10
11011001001 0
10111101001 1
01010110100 1
10100011010 0
01111111101 0
11001000011 1
11101100101 1
11111110010 1
10110010100 1
11100011110 1
11111001011 0

01110100001 1
11000001011 0
00101001010 1
00010100101 0
10000010110 1
01101000110 0
01010100001 0
10100010000 1
11010001100 0
00011100100 0
10010010010 0

01000001001 0
00101000000 1
00110101010 0
10101111011 0
11010111001 1
01101011100 1
10000110000 1
01000101100 1
00101010010 0
00011101001 0
10011101101 1

11011011111 0
01100101111 1
00111010011 1
01001110001 1
01100001101 0
00111000110 1
10011100011 0
00101011110 1
00111110101 1
10011111010 1
01000111101 0
0001111001110 0011010110011 011010
1001000111001 0010111001010 110111
0100100011100 1001011000101 011011
0010110011110 0100101100010 100101
0000010011101 1100010011011 111101
0000011000010 0010011010110 001011
0000001110001 0001001101011 000101
0000100111001 1000100110111 101010
1011100001000 1010001000011 000001
1110010001101 1111001000000 101001
1111001000110 1110100000000 010100
0111000110011 0110010000010 000010
Triatomic                       12 X  12
Deceitful                        2 X  22
Hamilton                        16 X  32
Nineteenth                       1 X   4
Jovial                          12 X  12
Sin                             10 X   5
Waite                            7 X  18
Spencerian                      16 X  24
Apart                            6 X  12
Teddy                           13 X   1
Besetting                       36 X  28
Royce                           20 X  44
Relieve                         12 X   9
Masterful                        2 X   1
Buckshot                        11 X  23
Buttonhole                       1 X  21
Sprague                         20 X  28
Radiotelegraph                  16 X  32
Banjo                           48 X  16
Trepidation                     12 X   9
Oratorio                        13 X   1
Trillionth                       3 X   8
Inboard                          1 X  15
Auckland                        12 X  22
Selenium                         9 X  15
Ejector                          6 X  21
Fogy                            12 X  12
Punic                           16 X  44
Rainstorm                        2 X  20
Cup                             12 X  16
Acquaint                        12 X  28
Campfire                        36 X  28
Below                           14 X  18
Irreclaimable                   12 X  36
Carpet                          24 X  20
Aorta                           24 X  32
Tiffany                         32 X  12
Swathe                          24 X  32
Automata                        32 X  28
Sloven                          12 X  40
Thistle                          7 X  18
Emperor                         36 X  12
Mow                             11 X  23
Somal                            8 X  44
Compression                     13 X   1
Reich                            2 X  20
Amphetamine                      8 X  12
Quid                             2 X   1
Jetliner                         2 X  20
Suspension                       1 X   4
Hose                            12 X  44
Corps                           36 X  20
Wisecrack                       10 X  12
Dutchman                        20 X  40
Decoy                            2 X  20
Eve                              1 X  21
Sophoclean                      28 X  36
Jablonsky                       36 X  16
Papillary                       16 X  11
Goose                           36 X  16
Belittle                         2 X  20
Wingman                         12 X  28
Domicile                        20 X  36
Kirkland                        12 X  22
Gerundive                       12 X  16
Hilton                          10 X  12
Prismatic                        6 X  21
Compatible                       9 X   9
Jacobite                        10 X   5
Querulous                       15 X   9
Fright                          20 X  28
Molal                           14 X  18
Eerie                           10 X   9
Wile                            12 X  32
Wattle                           9 X  12
Alison                           1 X   4
Tippy                           10 X   9
Hymen                           12 X  32
Excellent                        2 X  22
Laudanum                        36 X  28
Visceral                        12 X   9
Manual                          24 X  24
Richard                         44 X  12
Nucleoli                        20 X  20
Main                             1 X  15
