697266720 315895810 891192541 880722710 945516859 935194608 495036291 754585681 782935102 835134294 229848132 343246540 966010882 117483094 800806863 24583284 926926812 813374871 279028182 61582505 556671247 720531045 495641989 263721005 12880081 104.9784938 52.0308122 94.43748929 1.638169627 146.4388906 1.758897822 524.63591 2513.492747 0.6228705353 0.5332685098 72.01476892 377.126796 18.8916629 300.8290466 5.113717426 213.698846 2723.495396 46.75222126 758.3840294 11.27016537 582.3082213 22.93375701 20.5917818 884.8859066 4.283359771 185.3896551 38.15159611 1.045012318 4.096132489 20.40859737 12068928 152189074 202697041 201.7691535 50541209 298223658 117970443 60114855 381788963 560193929 397548137 638508378 129808176 433022068 42491417 167418832 81897745 117232126 171733395 269042367 331.9057282 439.2441177 0.962119428 0.9901780871 15.45652094 214.2465802 1.610222493 56.6859725 275.1771527 2384.458582 235.9185917 6.053283015 1.134199244 0.973506185 0.364172258 286.8970304 884.0555889 0.0635078157 573.1308265 9.530549718 678.8165496
8.064374378 792.0111462 217.0233943
499923365 489676713 829709006 859210250 406893858 153115539 343832900 827060462 969490406 385441612 417440309 258099014 92048190 2.834438123 11.7340069 12.17725153 0.518932218 2.721026034 177.4721673 206.8683382 778353658 439637093 605037548 17506744 615237240 428889701 121650859 108596227 113271700 3354768 106269592 905787422 608857138 159181874 10686836 780032002 630713743 617426762 151314128 55982893 600168374 913862931 169862345 367367993 8912139 845100846 579392877 325123918 927730676 605683192 854064190 667677564 915740311 457915407 302541234 455349229 682738840 597457754 228341033 32193617 889162765 587644156 577136540 459222545 26771684 49681285 541197959
320317297 942689253 689561394 691353185 493579801 46284492 28350896 526594945 596477759 385192088 1615284 248942502 283653132 643131998 935381652 449246364 909621790 178302107 259312569 833773857 771928628 79788949 503664222 196093212 661356403 252900832 59.05597803 91.61400802 1.067496006 13.72701261 0.2152564765 1.989252997 140.6339845 9.408662244 16.63918588 27.57422057 4.237455018 126.3266505 5.472677251 447.1439563 87.81998114 39.37115355 2.361562128 6.405309546 170.2295811 45.59385448 48.11774461 49.03668435 177.501897 50.11225811 424.054988 685.1037055 0.1896789364 36.11905204 73.70990587
962601803 731679992 513217142 516734069 705534323 358772078 768119433 713839477 831225369 834956427 61881048 705043436 624543461 510105433 426462595 473894568 430222250 289778698 83347755 554214313 132897290 595580428 392989416 684005674 150665738 374921325 116017533 486509055 623844377 959589335 163142849 372641812 1.515180101 691.6117444 44.8751194 499.4731283 94.81538254 35.21596249 21.08798645 7.223443452 1592.113339 3.394104298 2.586807143 2280.420651 8.846234727 423.4266714 1267.221447 51950649 726573651 833318 562074956 389441259 847451658 709818248 203067382 7932425 392912387 243473977 591257861 629393012 992759656 463460428 4704812
635983511 59091772 17364301 997383409 81510893 134321739 238755165 750935310 735925452 985276863 878294777 199357047 875624562 389848342 123869937 907406097 557857269 312424477 613073125 584782242 639169097 252880984 575210706 927961396 109000311 465612984 459411153
182.6024132 8.343460391 193.5326276 0.2527109934 1430.24274 417594005 913986965 144590598 209530385 35995788 41399638 603342661 89926550
149654293 224268046 105957752 920014058 280989630 323688515 98053377 287906597 135454885 106523037 995020539 519647768 918926398 1.537509007 1364.509027 1292.484183 3.654057726 4.720530748 21.91097252 22.82180672 13.94403997 1737.500724 994.5572348 24.02129464 1.403319946 893.9331535 3.610567659 179.9473594 1.507898716 2.537054235 149.3904679 2629.960301 784.322158 8.331467246 1.582196894 4.589781036 2.898141452 13.99817489 170.7097563 1.205396437 582.5277987 4.884861511 241.5920571 76.20315727 6.781077842 126.8969607 1.180235214 1.107613665 576.8575585 1.938056261 64.17216198 122.6096118 81.14958276 68.47344181 27.44532928 0.4833918084 349.0975932 0.2361214404 0.2443754059 41.48721232 2.137377505 375.4138764
2.293777966 405.803183 0.4683404961 41.55440993 532.5229282 320.6846363 1594.989553 376.402198 13.46891008 708.1291582 289.9557761 7.523156595 1.921613796 1361.226996 0.5275206193 2023.984219 13.05949425 130.9908128 3.424787404 0.1154255047 4.892804851 88.14245362 8.36269152 4.166640867 0.2994807872
721.4186348 21.33123583 11.52446488 63.36434509 219.7049742 495.3423989 201.4633787 138.065954 263368573 427328708 291716469 102549445 596221127 267782435 952853114
