5.388734327 584.9149792 1.846655015 124.7990398 4.648109846 0.286231628 102.560897 3.955841807 12.03275125 4.906334385 1.168043602 1.027241802
704.2462283 36.02838529 0.1889063742 0.3905089978 0.7254581011 0.4879956754 117.2327459
886.0223086 6.8655094 108.4318044 143.4000445 13.84577465 14.76131449 23.05094551 3.702723239 0.4939289856 6.468176065 24.19840414 198.0753967 1.081935019 315.2260847 401.9620396 48.79037959 479.2363447 354.7353219 1.16621306 73.26636739 50.12868208 27.10319837 6.221336304 5.343405177 9.136855705 75.70569294 1.165371479 2.117603527 9.215275384
127481322 468700108 12278474 882167956 423078188 773254122 364334450 112241559 272401969 893962201 435352287 245426586 167394993
712747897 501620058 979671545 857439492 184321382 236514182 90740646 734407372 80176783 114029583 141331675 64900048 28113795 547750810 322004305 963294417 589759655 890618225 188575352 200171594 875529666 831097811 773011913 546661721 140147604 516118517 108.3133067 24.17198908 887.8129492 20.13700491 1.173753312 175.9681319 15.03446735 120.0162515 15.46006548 1116.640297 366.172732 510.4771328 4.182146042 378.0887263 5.476536635 1.552544055 3.814768552 21.53549689 18.13898507 2.868491612 5.686194212 14.88990198 1499.602073 7.202195118 829.9383807 52.40903844 0.9602457411
491.9956133 0.5175893833 159.4635159 33.6394952 16.73122219 179.4727775 37.67508171 0.3722887088 37.08066787 533.0813363 0.1047936922 2.279555944 337.4756067 13.3064997 1.944570945 4.711266408 2120.725463 281.9224037 119.5260206 4.014162202 222.4534964 2615.80746 5.861170842 425.5680786 227.3937002 89.99681165 29.48634022 5.575040968 1.546054397 1757.656913 1.792257366 319.7632574 110.9377272 0.6958344115 2205.146677 1866.004451 1518.961989 3.218081151 0.7857874392 1.347926108 63.45382638 3.614854345 9.979010368 368332694 17775839 656859663 935740104 375481718
182.2866904 19.60865186 1173.80761 2.379940427
15.71354531 249.8773659 160.3010125 0.5531596025 0.589799157 11.70958662 1464.706471 152.7638911 326.169843 0.07452092066 30.77798198 1897.852001 358.3631948 1.741022556 155.0013345 3.218396539 0.5429205534 19.39965541 22.28439052 6.681299968 244.6204415 13.21289138 3211.508938 546.2800056 0.7959740993 2.685670842 1.154478914 15.29937147 0.2541413021 32.10294904 511.8957723 2.345055352 58.66128711 209.1506302 0.5556320819 3.113673889 29.00928064 58.84542933 1978.567311 2364.055224 8.510998441 335.2484475 465.8773129 237.8532728 1657.600686 829.40307 839.037014 209.3314577 14.50410929 2.107534723 98.30411527 1.846518498 33.98061196 107.8094001 488843918 748973156 898598579 409838744 856760709 845192204 35117493 973527981
4.176525647 539.8617756 14.35386172 1156.033765 11.57966023 0.7405706323 1.51752287 2.07136588 0.7986881256 146.1740819 1.040133948 11.27165223 5.904331822 911.2348074 362.1150111 0.7915439035 21.92148903 13.36255784 1.345603986 71.4676836 940.1224119 558.1734077 2131.147495 0.9232165961 2.231500605 3.336779629 4.558786493 28.66466667 12.72729425 32.61163472
25.42156832 25.15971175 2581.623526 832748495 154840815 602340124 55569658 814486751 23705871 109933954 350850969 110269082 639053258 252796695 895582905 223576302 609411296 617993511 397430359 931823915 40519573 700755838 320416080 79254533 324089745 945660730 141201612 659665848 638430039
