004	0.36241586 0.13760201 0.78359047 C 0.30038123 
005	0.01840994 0.79086716 0.26791483 Z 0.44955298 
006	0.29511111 0.86443774 0.17220993 - 0.21842768 
007	0.71761928 0.92449446 0.59689045 B 0.73480724 
008	0.02264624 0.09353086 0.15260138 e 0.19985779 
009	0.16229278 0.86648685 0.78664859 l 0.92277797 
010	0.02277891 0.05040673 0.57342991 8 0.59184845 
011	0.37242740 0.64242054 0.53408149 Q 0.04741025 
012	0.56195913 0.30240080 0.91943551 e 0.41306329 
013	0.58794305 0.86087181 0.75497911 R 0.27026495 
014	0.47996052 0.04898139 0.52316545 t 0.90251269 
015	0.56694454 0.24924313 0.15115863 Y 0.27269102 
016	0.66965469 0.26944710 0.26927411 6 0.66913572 
017	0.94270109 0.11903424 0.09931187 s 0.88353397 
018	0.10141454 0.76205479 0.97925499 D 0.75301516 
019	0.98199501 0.72137408 0.83752332 f 0.33044270 
020	0.75156136 0.31387599 0.61580485 + 0.65734793 
021	0.28320212 0.43840260 0.23440300 , 0.67120333 
