                           7.38  0.06  1.75  3.44  1.75  7.38  5.13  5.13 ENDMP
                  50  -460  -430  -420  -430    50  -100  -100  ENDSCORE

                          +7.94  4.56  6.25  2.88  0.63  0.63  2.88  6.25 ENDMP
                 630   150   600  -100  -200  -200  -100   600  ENDSCORE

                           5.69  1.19  3.44  6.81  3.44  3.44  7.94  0.06 ENDMP
                -100  -130  -110   -90  -110  -110   100  -750  ENDSCORE

   2.88  7.94       --             4.56  6.25        2.88  0.06  6.25  1.19 ENDMP
        -170   200  DNP      -140   100    -170  -620   100  -600  ENDSCORE

   0.63  4.56                    7.94  0.63        2.31  5.69  6.81  3.44 ENDMP
        -100   140        +730  -100      50   150   200   110  ENDSCORE

   4.56  2.88                    5.69  0.06        2.88  7.94  6.81  1.19 ENDMP
         200   -50         300  -180     -50   500   400  -100  ENDSCORE

   6.81        7.94                    0.63  0.63  5.69  3.44  3.44  3.44 ENDMP
        -140    -120        -680  -680  -600  -650  -650  -650  ENDSCORE

   7.94        0.06                      4   6.81  1.19    4   2.31  5.69 ENDMP
         120    -150          90   110   -90    90    80   100  ENDSCORE

   4.56        4.56                    0.06  4.56  4.56  4.56  4.56  4.56 ENDMP
         450     450        +170   450   450   450   450   450  ENDSCORE

   2.88  2.88  1.19  6.81                    6.81        4.56  0.06  6.81 ENDMP
        -120  -120  -150   140         140     100  -600   140  ENDSCORE

   6.81  2.88  0.06  2.88                    6.81        2.88  2.88  6.81 ENDMP
        -420  -440  -920  -440        -420    -440  -440  -420  ENDSCORE

   7.94  4.56  1.19  0.06                    4.56        4.56  4.56  4.56 ENDMP
         710   680   650  -100         680     680   680   680  ENDSCORE

   2.31  6.25        3.44  0.63                    6.25  6.25  6.25  0.63 ENDMP
         100   130     120  -100         130   130   130  -100  ENDSCORE

   2.31  0.06        1.19  5.13                    7.94  5.13  5.13  5.13 ENDMP
        -420  -460    -430  -400          50  -400  -400  -400  ENDSCORE

   5.13  6.81        7.94 +1.75                    1.75  5.13  1.75  1.75 ENDMP
        -100   AVGPL   150  -140        -140  -100  -140  -140  ENDSCORE

   6.25  2.31  2.31  4.56  0.06  2.31                          6.25  7.94 ENDMP
        -650  -680  -680  -660  -720  -680          -650  -600  ENDSCORE

     4     4     4   7.94  6.81    4                           1.19  0.06 ENDMP
        -450  -450  -450  -200  -420  -450          -480  -690  ENDSCORE

   2.31  6.25  3.33  6.25  4.56  7.94                          0.63  3.44 ENDMP
        -130   Avg-  -400   150    80   200          -400    50  ENDSCORE

   5.13  2.31  1.19        3.44  0.06  7.94                    5.13  6.81 ENDMP
         100  -110  -120     -90  -500   300         100   140  ENDSCORE

   5.69  3.44  6.03        2.31  5.69  0.63                    0.63  7.94 ENDMP
        -110  -130  AVG+    -140  -110  -600        -600  1400  ENDSCORE

   5.13  5.13  5.13       +0.06  7.94  2.31                    1.19  5.13 ENDMP
          50    50    50    -180   100  -110        -140    50  ENDSCORE

     8     1     2.5    5.5    5.5    2.5    5.5    0                       5.5 ENDMP
         460   130   400   430   430   400   430   PASS         430  ENDSCORE

     5.5    7     8     2     5.5    2     2     2                       2  ENDMP
        -140  -120   100  -170  -140  -170  -170  -170        -170  ENDSCORE

     5.5    8     7     3     1.5    0     5.5    4                       1.5 ENDMP
          50   200    90  -110  -130  -150    50  -100        -130  ENDSCORE

   6.81  0.06  4.56  5.69        7.94  1.75  1.75  3.44                   ENDMP
         110  -140   -50   100     150  -110  -110  -100        ENDSCORE

   6.25  0.63  4.56  2.31        7.94  6.25  0.63  3.44                   ENDMP
         600  -100   200   130     630   600  -100   150        ENDSCORE

   7.94  5.13  6.81  0.06        2.31  2.31  5.13  2.31                   ENDMP
         420   -50   100  -150    -100  -100   -50  -100        ENDSCORE

           1     0     6    +2.5    8     2.5    4.5    4.5    7              ENDMP
          -200  -300   100  -100   150  -100    50    50   110      ENDSCORE

           1     5.5    3     5.5    3     0     7.5    7.5    3              ENDMP
          -200    80  -100    80  -100  -300   620   620  -100      ENDSCORE

           8     2     5.5    0     5.5    5.5    5.5    2     2              ENDMP
          PASS  -100   -50  -150   -50   -50   -50  -100  -100      ENDSCORE

                 4     4    +4         0.06    4     4   7.94    4        ENDMP
            -100  -100  -100    -200  -100  -100   600  -100    ENDSCORE

                 4   7.94  1.19          4   0.06    4   6.81    4        ENDMP
            -200   -50  -650    -200  -800  -200  -100  -200    ENDSCORE

               0.06  3.44  3.44        3.44  3.44  7.38  3.44  7.38       ENDMP
             -50   460   460     460   460   490   460   490    ENDSCORE

                       3.5   +3.5    3.5     0.5   6     8     3.5     0.5   7  ENDMP
               170   170   170   140   620  1100   170   140   800  ENDSCORE

                       7     4     4     4     4     4     8      0.5    0.5 ENDMP
               420   400   400   400   400   400   920   170   170  ENDSCORE

                       7.5   +5.5    3     7.5    5.5    0     1.5    4     1.5 ENDMP
               200   100  -200   200   100  -650  -620  -170  -620  ENDSCORE
