0.05260610
0.84379341
0.11548594
0.62286308
0.22633703
0.00859132
0.11114926
0.02415167
0.82530680
0.62502292
0.96799063
0.78374249
0.50279626
0.84645102
0.12926680
0.13229791
0.31231510
0.04795698
0.50345133
0.22578050
0.60899281
0.22242669
0.38797822
0.84536565
0.09015066
0.98790675
0.27902912
0.72619838
0.86056149
0.80838859
0.94316817
0.76561432
0.54055262
0.83065847
0.63479605
0.64034921
0.70087356
0.01890743
0.61016780
0.04796404
0.85889134
0.66803033
0.54866862
0.74837994
0.03607676
0.55318254
0.28286295
0.32583605
0.41491047
0.85005878
0.45134497
0.51916887
0.98040310
0.97598754
0.61656895
0.61910316
0.55164506
0.86039741
0.78069552
0.73590505
0.24456315
0.07423662
0.53625050
0.27056741
0.92886964
0.21686328
0.70837659
0.13959009
0.49867817
0.97675054
0.88811026
0.80992133
0.94418783
0.11566714
0.78100729
0.98990690
0.04608426
0.05702840
0.56526515
0.52793812
0.59788268
0.83571527
0.18406995
0.21731409
0.05547571
0.45230753
0.60717469
0.45867513
0.40690526
0.49847268
0.95876478
0.14588870
0.41623727
0.62692064
0.09768093
0.41376426
0.61888618
0.63922861
0.78036999
0.60335404
