   0    0    3.081203   0.105401   28.628021  57.411305
   0    1    2.966571   0.094824   10.398146  37.859341
   0    2    2.937911   0.073148   44.318068  10.259477
   0    3    2.809035   0.078948   57.085435  30.853394
   0    4    2.686210   0.099881    8.439778  22.887226
   0    5    2.601489   0.087067   37.622983  12.921580
   0    6    2.513859   0.071089   59.640972  21.117420
   0    7    2.418241   0.069540   17.456063  48.628209
   0    8    2.324712   0.075411    4.268285  13.187658
   0    9    2.165158   0.074250   26.787286  39.928340
   0   10    2.081448   0.081241   44.350586  11.504978
   0   11    2.008728   0.126079   29.342293  27.520181
   0   12    1.861691   0.096529   26.980148  35.540374
   0   13    1.763701   0.077274   13.476497  36.813563
   0   14    1.703051   0.109434   33.086588  21.013890
   0   15    1.563003   0.111792    9.819055  22.483591
   0   16    1.529609   0.095194    7.719643   1.751500
   0   17    1.401856   0.118172   34.708832  51.496572
   0   18    1.311783   0.109830   34.952982  56.200485
   0   19    1.218714   0.064481   20.610705  24.788269
   0   20    1.113496   0.094035   58.392320  40.570455
   0   21    1.008834   0.135360   23.509158  32.442497
   0   22    0.865006   0.080828   43.017209  44.922663
   0   23    0.782025   0.085182   12.959712  26.261063
   0   24    0.726705   0.118280    5.706964  27.260698
   0   25    0.574284   0.102811   13.037318  57.033998
   0   26    0.538667   0.103880   10.297296  23.781134
   0   27    0.403765   0.072459   51.854461  21.612022
   0   28    0.282655   0.079809    8.385278  20.923172
   0   29    0.224709   0.131580   33.630269  57.051129
   0   30    0.077769   0.078647   49.346419   6.711776
   1    0    3.118674   0.170777   50.475575  45.642168
   1    1    3.007860   0.236772    2.148661  15.119295
   1    2    2.870614   0.172131    1.117418  15.556242
   1    3    2.818288   0.187931   47.544245  17.775989
   1    4    2.668042   0.161388   40.720105  57.129743
   1    5    2.581566   0.192206   52.091468   2.340399
   1    6    2.534725   0.215894   29.768523   4.480786
   1    7    2.375861   0.165836    5.204448   6.195923
   1    8    2.266075   0.184170   40.662991  36.191788
   1    9    2.207314   0.235083   47.050118  47.870464
   1   10    2.111571   0.214497   58.233544  47.210895
   1   11    1.996546   0.162569   18.607750  36.681455
   1   12    1.890284   0.218859   34.815135  16.917948
   1   13    1.761724   0.187239    5.577418  23.589059
   1   14    1.668758   0.215101   31.833801  45.468621
   1   15    1.604965   0.239350   45.069884  23.095793
   1   16    1.476213   0.194101   58.037499  32.073360
   1   17    1.365833   0.239610   58.131503  47.261319
   1   18    1.320235   0.210286   39.563835  24.785699
   1   19    1.225155   0.206837   22.153836  28.506567
   1   20    1.116825   0.232773   28.970570  21.667514
   1   21    0.964279   0.221219   25.088731  47.861882
   1   22    0.901873   0.200915   59.163333   7.866724
   1   23    0.769426   0.200531   28.135758   9.669306
   1   24    0.686849   0.182011   13.838589  12.185954
   1   25    0.577664   0.184349   25.189948  12.479614
   1   26    0.479664   0.210427   58.618500  40.138594
   1   27    0.390549   0.186580    5.833909  58.990152
   1   28    0.312412   0.176365   56.487906  48.281698
   1   29    0.173391   0.189338   24.029457  25.350037
   1   30    0.080854   0.188977   17.452245   6.783119
   2    0    3.132574   0.331426   26.910014  52.014707
   2    1    3.026252   0.302544   45.518841  33.723241
   2    2    2.900300   0.292442   27.196107   4.562309
   2    3    2.798325   0.305883   46.162559  35.549651
   2    4    2.735606   0.328734   48.752408  23.489868
   2    5    2.628844   0.314168   44.370433  13.396039
   2    6    2.472408   0.300188   57.675837  16.987640
   2    7    2.378537   0.288800   17.168472  14.644624
   2    8    2.329842   0.337039   51.050343  30.045544
   2    9    2.175736   0.264976   25.217433   3.154320
   2   10    2.127065   0.293669   32.125088  26.976019
   2   11    2.003339   0.308066   55.622940   9.994872
   2   12    1.914178   0.261544   14.168831  12.543116
   2   13    1.791417   0.288918    2.538938  49.320126
   2   14    1.702851   0.286215   25.624423  49.368132
   2   15    1.615967   0.304659   13.452055  21.181598
   2   16    1.514712   0.313520   56.433400   6.137520
   2   17    1.430021   0.275586   17.218026  14.626434
   2   18    1.262503   0.297870   49.521762  12.369329
   2   19    1.181537   0.300194   24.979958  50.341875
   2   20    1.118440   0.300725   42.434136  41.099831
   2   21    0.963187   0.309391   37.031774  42.401251
   2   22    0.926213   0.330119   41.974576  30.832539
   2   23    0.832354   0.267412   57.498802  33.334552
   2   24    0.677467   0.262299   29.458389  52.447216
   2   25    0.575390   0.300964   34.391029  25.789551
   2   26    0.460585   0.324308    5.800444   5.496989
   2   27    0.408332   0.339582   45.143176  37.467440
   2   28    0.319047   0.301559   54.161516  11.427140
   2   29    0.167039   0.319179   37.189312  23.809924
   2   30    0.128576   0.307179    3.245330  58.729605
   3    0    3.082858   0.437264   49.428334   5.082646
   3    1    2.976754   0.430145   56.585033  26.902691
   3    2    2.865677   0.412261   23.620229  41.042825
   3    3    2.785730   0.366972   32.278953  32.315986
   3    4    2.724398   0.390872   24.811628  17.296944
   3    5    2.618107   0.436932   33.631556  59.685905
   3    6    2.465576   0.386407   26.822760   2.747278
   3    7    2.408026   0.423526    4.026644   7.847796
   3    8    2.324168   0.437463   42.636501  27.194048
   3    9    2.203960   0.435175   49.105906  47.865963
   3   10    2.136053   0.410363   50.213807  52.202934
   3   11    1.996631   0.395812   55.947041  45.253485
   3   12    1.860167   0.370203   41.818428   6.765661
   3   13    1.834961   0.421301   42.431751  56.179134
   3   14    1.738813   0.434382    9.367367  52.074336
   3   15    1.564898   0.410348   10.365018  50.019181
   3   16    1.527909   0.378938   49.632174  26.898182
   3   17    1.420407   0.418794   53.153153  17.467351
   3   18    1.294632   0.372020   51.299721   6.594285
   3   19    1.192899   0.413916   42.969204  34.646652
   3   20    1.108136   0.420312   30.959745  44.701942
   3   21    0.964786   0.420610   53.330414  29.272269
   3   22    0.899693   0.393186   57.019991  16.363162
   3   23    0.814821   0.434036   20.883489  34.895194
   3   24    0.681854   0.435871   39.358411  27.479841
   3   25    0.567350   0.423568   34.939573  23.611710
   3   26    0.471888   0.396902   28.205466  12.561103
   3   27    0.364523   0.370621   24.921864  36.354343
   3   28    0.262984   0.416581   38.308163  37.632269
   3   29    0.189996   0.408132   54.384949  42.985348
   3   30    0.107402   0.412199   13.861049  12.369881
   4    0    3.124582   0.502261   25.636002  41.894260
   4    1    3.038950   0.512212   35.998001  37.795178
   4    2    2.928794   0.517049   11.234088  30.656524
   4    3    2.787882   0.475591   47.822213  32.401389
   4    4    2.724131   0.530564   57.764924   5.540681
   4    5    2.589509   0.504012   52.010405  30.508183
   4    6    2.484467   0.486257   33.284505  38.257047
   4    7    2.378512   0.533564   42.960841  11.929578
   4    8    2.310800   0.505999   32.696153  33.321305
   4    9    2.214153   0.519121   49.263379  21.709572
   4   10    2.087122   0.501519   15.071580  28.761885
   4   11    2.017304   0.518518   22.953317  52.722754
   4   12    1.862078   0.498672   23.547704   6.630491
   4   13    1.778368   0.465149   39.569441  32.355089
   4   14    1.730572   0.534210   51.926999  27.880587
   4   15    1.595921   0.506594    7.470249  37.273070
   4   16    1.481410   0.477482   12.480311  18.659137
   4   17    1.369086   0.503363   46.170921  37.457372
   4   18    1.331532   0.529690   46.697103  11.912344
   4   19    1.232331   0.505833   21.647202  42.220131
   4   20    1.124331   0.461084   24.849246  29.436627
   4   21    1.009635   0.518929   41.610966  26.842931
   4   22    0.909024   0.501717   21.230521  15.111530
   4   23    0.795622   0.503102   55.695806  38.765552
   4   24    0.679965   0.484098   29.805114  40.031705
   4   25    0.604494   0.506624   54.299605  36.923510
   4   26    0.519291   0.506324   39.744474  54.610635
   4   27    0.383286   0.478212   55.514624  26.875362
   4   28    0.293183   0.522015   21.953000   1.459165
   4   29    0.164174   0.470479   52.134256  17.778751
   4   30    0.081537   0.508598   46.179107  25.947432
   5    0    3.071269   0.633688   40.159150  25.067124
   5    1    2.972750   0.598216   53.679336   8.839226
   5    2    2.920528   0.595776    6.534059  14.846994
   5    3    2.829803   0.635805   52.649237  37.243276
   5    4    2.697124   0.568603   37.030308  12.578650
   5    5    2.570765   0.576559    2.755876  26.356467
   5    6    2.502816   0.611842   15.247396  19.521116
   5    7    2.366297   0.630299   51.102892  45.079393
   5    8    2.316562   0.604944   20.640843  55.715181
   5    9    2.218701   0.582960   14.830134  23.565196
   5   10    2.064825   0.624075   17.291978  57.946272
   5   11    2.011482   0.595640   55.296001  10.118047
   5   12    1.933720   0.634909   55.818954  25.171904
   5   13    1.825377   0.599420   55.411683  38.588132
   5   14    1.733359   0.573645   28.386884  22.316417
   5   15    1.626244   0.569373   35.192636   5.515458
   5   16    1.505452   0.617614   21.208570   6.128693
   5   17    1.362146   0.613913   20.963669  58.755271
   5   18    1.268417   0.563298   40.235909  23.966477
   5   19    1.201443   0.575899   60.900153  26.173335
   5   20    1.099973   0.573609   43.925626  57.913940
   5   21    1.020637   0.589596   13.708933  44.229812
   5   22    0.865370   0.567708    2.021612  22.557056
   5   23    0.790169   0.612879   28.248628  41.875915
   5   24    0.690143   0.605677   31.229716  35.034349
   5   25    0.568351   0.596763   39.760100  15.168022
   5   26    0.509440   0.566815   17.469428  20.648540
   5   27    0.398007   0.624596   33.123950  12.359367
   5   28    0.261724   0.634316   60.070513  16.367574
   5   29    0.187427   0.610985   25.183023  17.959907
   5   30    0.092809   0.580580    5.841222  27.961491
   6    0    3.066625   0.735737   16.663957  17.360452
   6    1    2.996918   0.736378   40.368308  44.314578
   6    2    2.921885   0.680880   39.602952  41.097570
   6    3    2.824658   0.723601   10.217672  34.620183
   6    4    2.706011   0.739003   18.426979   9.691302
   6    5    2.613485   0.735273   22.888063  50.708576
   6    6    2.538669   0.728937   31.962795  26.218134
   6    7    2.384457   0.678024   11.428831   7.676174
   6    8    2.310644   0.710010   49.642169  34.387197
   6    9    2.179777   0.731191   17.566342  21.277450
   6   10    2.127793   0.688843   18.042865  14.868090
   6   11    2.028808   0.703187   40.992265  60.208783
   6   12    1.874941   0.702903   53.650998  31.974215
   6   13    1.805978   0.739783    3.150496  45.456506
   6   14    1.726904   0.722745   54.351467   6.535971
   6   15    1.622165   0.700433   21.418137  57.299344
   6   16    1.523274   0.720126   15.649288  38.903633
   6   17    1.371879   0.687720   44.009482  33.348444
   6   18    1.295582   0.661889    7.995714  18.500195
   6   19    1.161743   0.691541   37.240603  38.176116
   6   20    1.089870   0.669783   58.839151  53.199943
   6   21    0.971491   0.693587   24.975687  36.627426
   6   22    0.924681   0.734066   47.141942  13.038979
   6   23    0.766908   0.669186   15.134903  28.826717
   6   24    0.703923   0.704036   19.100222  48.369381
   6   25    0.594809   0.722540   30.077131  25.184102
   6   26    0.526022   0.721311   31.675100  32.549188
   6   27    0.423400   0.697898   26.479524  54.374972
   6   28    0.335208   0.691961   45.289553  33.615811
   6   29    0.207046   0.663163    6.019429  26.308486
   6   30    0.087767   0.731286   18.666488  58.120991
   7    0    3.112656   0.763936   40.722805  35.519030
   7    1    2.975521   0.780316    7.279537  13.410870
   7    2    2.905643   0.834971    6.276880  48.207545
   7    3    2.780757   0.765789   32.259223  22.115203
   7    4    2.716578   0.832516   12.913353  48.327645
   7    5    2.611268   0.835651    8.843258  14.465232
   7    6    2.475373   0.774978   46.652066   4.654379
   7    7    2.401162   0.829820   22.580799  60.290188
   7    8    2.328053   0.770845    3.753665   1.691476
   7    9    2.222487   0.801197   57.496609   3.147869
   7   10    2.101842   0.791796   58.163331  52.565872
   7   11    1.994727   0.764656   53.292128  24.025202
   7   12    1.877520   0.835378   45.536310  21.726301
   7   13    1.763648   0.801970   18.406595  11.400185
   7   14    1.723709   0.775669   18.119510  29.305679
   7   15    1.627935   0.828349   52.382425  48.187038
   7   16    1.465919   0.821753   22.322056  27.425004
   7   17    1.401516   0.831538   34.475150  24.191902
   7   18    1.303940   0.792910   55.241297  51.509436
   7   19    1.231410   0.807110   35.819323  25.186864
   7   20    1.074319   0.815828   27.719314  56.855219
   7   21    1.005413   0.773873   49.707885  36.565564
   7   22    0.860394   0.833162   39.688617  32.229053
   7   23    0.800858   0.760997   48.663581  50.774117
   7   24    0.720548   0.764274   58.624279  38.199501
   7   25    0.605171   0.833738   27.977110  43.316539
   7   26    0.536064   0.797913   43.853373  28.192987
   7   27    0.360866   0.787355   43.257775  22.114337
   7   28    0.293129   0.763140   18.281139  54.934906
   7   29    0.172103   0.809039   14.288526  39.355403
   7   30    0.109292   0.818734   14.776956  43.979342
   8    0    3.076870   0.925442   49.098330   3.697805
   8    1    3.012836   0.922848   57.021721   9.448843
   8    2    2.918298   0.878583   40.660951   3.799556
   8    3    2.784250   0.873632   14.051884  34.898697
   8    4    2.660603   0.885680   44.000281  51.625874
   8    5    2.632192   0.868038   34.043963   4.388089
   8    6    2.469550   0.898680   13.728459  35.840977
   8    7    2.422021   0.910005   56.066942  25.383522
   8    8    2.294340   0.886967   31.164137   1.821853
   8    9    2.163206   0.930717   18.588578  16.037825
   8   10    2.107242   0.882025   36.174303  45.436971
   8   11    2.012581   0.922588   30.455212  34.681058
   8   12    1.899248   0.885485    1.754211  42.713336
   8   13    1.763675   0.935136   43.873283  29.027582
   8   14    1.714496   0.932297    9.106007  36.870781
   8   15    1.587992   0.914872   29.604347  56.646543
   8   16    1.493151   0.878449   17.597807  27.932829
   8   17    1.372357   0.912841   42.143970  16.660964
   8   18    1.301883   0.867912   17.480987  58.228962
   8   19    1.177133   0.872398   37.088489  55.433651
   8   20    1.063036   0.926229    3.614629  59.583576
   8   21    1.003324   0.926330    4.202205   6.166026
   8   22    0.908043   0.928373   15.692089  44.842372
   8   23    0.762263   0.916383   47.881182  13.879031
   8   24    0.697590   0.936281   54.585790  27.617435
   8   25    0.609820   0.899757    1.768409   3.163179
   8   26    0.470482   0.916644   45.422416  39.737655
   8   27    0.437739   0.886114   26.208674  26.377799
   8   28    0.285108   0.932330   35.871791   5.871695
   8   29    0.187923   0.915120   26.040114  44.647505
   8   30    0.101900   0.930999   12.878808  29.146106
   9    0    3.111206   0.978538   21.902966  23.046882
   9    1    2.962056   1.012239   32.688862  60.311704
   9    2    2.870329   0.992367   30.804662   4.782343
   9    3    2.807336   0.999769   47.513372  26.116781
   9    4    2.727556   0.993499    1.114001  46.973082
   9    5    2.577625   0.997997   37.553011  20.026176
   9    6    2.480573   0.971869   43.465716  52.801038
   9    7    2.397451   1.012439   19.342414  30.280728
   9    8    2.275987   1.013042   42.240353  41.342716
   9    9    2.239576   0.981278   40.501186  16.522069
   9   10    2.137998   1.037672   42.342975  37.313712
   9   11    1.993258   0.980520   46.972160  46.813220
   9   12    1.920457   0.983243    2.937799  38.249741
   9   13    1.806690   1.007993   21.698907  31.865888
   9   14    1.703779   1.020005   33.604450  46.315945
   9   15    1.637627   1.021638    3.440645   2.640855
   9   16    1.473858   1.026983   59.065147  35.979211
   9   17    1.433137   0.985275   21.043742  11.218306
   9   18    1.338324   0.975437   56.190683  27.196230
   9   19    1.168851   0.980285    1.985130  12.940413
   9   20    1.076221   0.996115   51.426694   6.562950
   9   21    1.030083   0.974349   54.374022  10.308968
   9   22    0.880353   1.023157   38.090288  26.039089
   9   23    0.791605   0.998656   18.844440  25.976323
   9   24    0.697257   1.011456   31.170690  10.404320
   9   25    0.589829   1.032700   20.892136  43.398354
   9   26    0.477985   1.015795   42.326183  40.520708
   9   27    0.380610   1.031020    5.205583  49.323647
   9   28    0.323552   1.019049   29.703182  49.768958
   9   29    0.197817   1.009002    1.411820  32.273580
   9   30    0.102123   0.983226   16.011894  55.693991
  10    0    3.132301   1.115054   55.404030  15.523414
  10    1    3.010729   1.071118   33.976617  27.938348
  10    2    2.877800   1.094227   42.038782  31.825008
  10    3    2.772468   1.127794   30.837295   6.959876
  10    4    2.699828   1.093591   33.487041  40.217222
  10    5    2.580893   1.080174   23.012573  15.823117
  10    6    2.535493   1.132380   32.894056  22.750544
  10    7    2.406464   1.109398   38.343173  29.521821
  10    8    2.306689   1.120202   55.249394  40.807954
  10    9    2.225654   1.114686   56.517996  22.832917
  10   10    2.066023   1.094293    6.489458  16.934492
  10   11    2.001495   1.078872   38.343984  48.620310
  10   12    1.934319   1.082065   57.850906  38.693488
  10   13    1.795069   1.064778    1.454320  43.799778
  10   14    1.730478   1.117921   55.364516  36.047848
  10   15    1.620633   1.078094   13.858181  59.844266
  10   16    1.478932   1.113542    4.125110  23.120293
  10   17    1.432786   1.106370   57.418838  28.751799
  10   18    1.306881   1.078576   43.594244  18.916900
  10   19    1.212270   1.065276   20.905474   3.816242
  10   20    1.092952   1.093926    3.688481   9.703756
  10   21    1.017728   1.072211   16.697713  37.334062
  10   22    0.920891   1.132527   21.777146  28.207021
  10   23    0.773921   1.063853   56.530424  14.548269
  10   24    0.686316   1.062768    7.959559  41.662151
  10   25    0.592609   1.118242    9.849982  14.673627
  10   26    0.461553   1.117425   50.112822   1.968515
  10   27    0.410536   1.133421    3.411719  35.765231
  10   28    0.282994   1.086239   11.197372  16.811089
  10   29    0.199608   1.073719   42.681954  20.485507
  10   30    0.087400   1.132961    9.178540  50.591400
  11    0    3.097615   1.161160   24.416521  34.492647
  11    1    3.008005   1.187963   24.668516  18.365349
  11    2    2.903505   1.223544   25.471354  18.216477
  11    3    2.808227   1.225224   53.014166  34.716006
  11    4    2.719446   1.192176   55.459261  16.205725
  11    5    2.560272   1.237747    6.052268  42.594961
  11    6    2.462603   1.191228   30.300605  26.023596
  11    7    2.367840   1.218176   34.124813  54.646254
  11    8    2.272778   1.177202   60.024245  20.836581
  11    9    2.226606   1.171662    1.193119  11.382403
  11   10    2.067730   1.190937   47.358609   6.384333
  11   11    1.973112   1.175690   25.010594  16.812497
  11   12    1.926242   1.176097   23.711459  53.936480
  11   13    1.772143   1.196901   50.310087  12.727802
  11   14    1.689654   1.197053   26.070413  26.135148
  11   15    1.574630   1.217587   55.832845  57.830795
  11   16    1.465831   1.175572    2.164942  42.289983
  11   17    1.382547   1.194853   25.772200   7.249005
  11   18    1.295207   1.219681   41.914133  33.735419
  11   19    1.204272   1.213110   22.826203  21.705507
  11   20    1.136752   1.239596   10.743097  38.277874
  11   21    0.993278   1.215837    3.549507  53.723402
  11   22    0.912442   1.194553   24.784504  55.553590
  11   23    0.795013   1.235273   17.065903  40.722058
  11   24    0.691961   1.230901   39.290325  12.285738
  11   25    0.581265   1.238923   45.449007  21.718370
  11   26    0.485128   1.195755   59.762437   7.972406
  11   27    0.388269   1.219519   18.199678  25.576776
  11   28    0.337697   1.222043   10.369356  27.455076
  11   29    0.234258   1.210287   24.244864  54.357209
  11   30    0.096902   1.199719    6.149960  17.110113
  12    0    3.134108   1.290127   12.753634  25.290658
  12    1    3.026328   1.314435   54.313637  46.073816
  12    2    2.893211   1.333532   18.812285  59.267464
  12    3    2.825377   1.308918   15.629911  52.954505
  12    4    2.689617   1.337811   51.621472  12.453954
  12    5    2.586810   1.263811   49.459175  11.903108
  12    6    2.502980   1.305419   21.374431  60.758483
  12    7    2.406543   1.263700    5.409765  39.706685
  12    8    2.300766   1.311933   16.346437   4.348424
  12    9    2.183094   1.270543   30.915193  27.737270
  12   10    2.066663   1.270431   53.971746  21.275104
  12   11    1.969749   1.270702   57.208964  59.131418
  12   12    1.893051   1.290789   18.805364   5.494173
  12   13    1.830767   1.293255   26.232978  42.493769
  12   14    1.698885   1.267628    6.263068  35.174340
  12   15    1.623587   1.296270    7.949130  38.710952
  12   16    1.536251   1.313385   33.904205  52.167903
  12   17    1.422262   1.324170   51.332301  37.130097
  12   18    1.293353   1.263213   21.767904  12.871933
  12   19    1.193001   1.293346   53.006534  11.399179
  12   20    1.128606   1.316154   19.894394  54.439490
  12   21    1.030935   1.264629   55.044779  33.684438
  12   22    0.939984   1.262256   54.659247  28.405663
  12   23    0.767912   1.270227   57.886192   8.773014
  12   24    0.665720   1.318047   55.919449  46.273742
  12   25    0.624326   1.319218   35.633552  46.736979
  12   26    0.506911   1.273010   54.216292  58.462271
  12   27    0.403698   1.269668   29.176972  44.377862
  12   28    0.299514   1.317432   41.401167  29.244209
  12   29    0.236924   1.306941   27.648660  51.588757
  12   30    0.082709   1.337254   29.046457  15.914890
  13    0    3.133814   1.386735   10.647082  59.064064
  13    1    2.992529   1.404245   16.874792  50.405947
  13    2    2.932733   1.367874   32.477484  58.454904
  13    3    2.814112   1.360112   38.186048  35.917840
  13    4    2.734887   1.393871   25.339306  15.111166
  13    5    2.572905   1.390831   20.882539  29.874071
  13    6    2.487964   1.423746   40.949628  36.969180
  13    7    2.394571   1.432772   51.188977  27.605677
  13    8    2.324583   1.381597   39.525380  40.936921
  13    9    2.235338   1.424898   32.534837   8.655014
  13   10    2.124162   1.390870   11.355628  50.296652
  13   11    2.018943   1.421544   54.312880  39.443364
  13   12    1.872570   1.383290   59.378871   3.187874
  13   13    1.813328   1.368047   24.348673   2.277327
  13   14    1.662079   1.423877   41.238843  13.151407
  13   15    1.619630   1.396704   14.912029   1.274438
  13   16    1.464882   1.432475    6.225934  58.008418
  13   17    1.388040   1.403287   44.972413  40.768934
  13   18    1.306608   1.428680   26.319925   3.016165
  13   19    1.199483   1.394558   51.146405   1.114049
  13   20    1.121998   1.381073   51.233328  28.285189
  13   21    0.999080   1.414999   26.406470  30.527680
  13   22    0.873087   1.363110   34.913223  28.860680
  13   23    0.836779   1.366152   29.116305  49.733754
  13   24    0.730951   1.367036    5.393060  28.663681
  13   25    0.582499   1.364763   45.329197  48.632078
  13   26    0.505288   1.403659    1.194514  36.655785
  13   27    0.377589   1.406084   44.531865  41.084927
  13   28    0.331777   1.379806   35.663041  35.133946
  13   29    0.221351   1.406505   43.137381  15.139106
  13   30    0.095405   1.416771   55.679421  45.979972
  14    0    3.130841   1.534840   21.026866  31.607667
  14    1    2.998615   1.492046   13.123115  10.982272
  14    2    2.874095   1.524389    4.310709  43.915951
  14    3    2.776350   1.493114    6.271903  27.015374
  14    4    2.681400   1.508101   32.226209  16.472086
  14    5    2.635779   1.526066   34.005846  55.905692
  14    6    2.466176   1.516895   47.709586  27.552548
  14    7    2.416670   1.463277   38.242185  42.230030
  14    8    2.336475   1.526457   29.676420  15.798837
  14    9    2.209102   1.483393   49.461442  60.086216
  14   10    2.070086   1.510525   20.415678  26.901824
  14   11    2.008401   1.473318   36.493510  52.043300
  14   12    1.920655   1.518957   13.748567  38.905770
  14   13    1.772876   1.505919   34.916178  40.021651
  14   14    1.699209   1.506562   58.724552  50.794485
  14   15    1.598169   1.538618   48.477083  58.771311
  14   16    1.474903   1.513947   19.622973  49.627584
  14   17    1.372688   1.537056   44.883701   7.909893
  14   18    1.280787   1.464342   55.899792  46.475245
  14   19    1.171846   1.474457   41.114579  18.149308
  14   20    1.134813   1.490621   25.465080  10.755352
  14   21    0.984481   1.531354   54.088591  41.383555
  14   22    0.893295   1.464448   11.297967  36.307374
  14   23    0.823086   1.521772   60.087606  42.727784
  14   24    0.663437   1.464729   24.901857  40.642798
  14   25    0.570136   1.501000   40.761558  35.391815
  14   26    0.473552   1.535284   10.473816  51.292415
  14   27    0.416037   1.466515   54.853472  56.439261
  14   28    0.314002   1.481875   40.908118  10.026189
  14   29    0.169899   1.527651    2.965635  13.026357
  14   30    0.118872   1.486468   40.875045   6.951975
  15    0    3.132557   1.631062   27.746654  54.632607
  15    1    3.017829   1.591853   53.212127  22.104733
  15    2    2.911960   1.628024   33.812764  27.088273
  15    3    2.829577   1.572458   42.736086  42.118447
  15    4    2.734237   1.596102   40.525337  38.871751
  15    5    2.612764   1.637441    6.329868  53.928344
  15    6    2.539496   1.601694   56.430125  19.192814
  15    7    2.417172   1.609879    9.780214  56.181540
  15    8    2.289543   1.631448   46.722386  30.795682
  15    9    2.187430   1.571104   20.337344  52.139662
  15   10    2.095497   1.629531   34.535605  18.208855
  15   11    2.023508   1.611966   29.339383  15.337500
  15   12    1.876398   1.574210   13.160150  44.336597
  15   13    1.816625   1.573046   41.490298  51.117187
  15   14    1.685677   1.591210   49.481769  54.829948
  15   15    1.576237   1.563573   46.501167  33.387885
  15   16    1.530508   1.612756   28.988448  30.593084
  15   17    1.403159   1.604031   44.800718  16.566421
  15   18    1.279794   1.590243    9.627717  24.073849
  15   19    1.185869   1.600177   51.892172  27.634784
  15   20    1.109746   1.634916   55.605130   4.655207
  15   21    1.021468   1.586430   55.679498  32.605873
  15   22    0.871680   1.574956   32.898185  42.507380
  15   23    0.809755   1.574321   27.707299  25.419335
  15   24    0.704914   1.598846    5.818580  38.678366
  15   25    0.638288   1.606922   52.754644  25.394820
  15   26    0.518303   1.583858   38.389292   1.993513
  15   27    0.388296   1.592930   21.594229  51.850441
  15   28    0.307182   1.585015   15.611535  60.502819
  15   29    0.165728   1.574282    8.974388  31.349689
  15   30    0.098174   1.623841   37.880282  36.757542
  16    0    3.078699   1.728942   13.002513  44.270538
  16    1    2.962532   1.707719    6.865599  12.115731
  16    2    2.882037   1.685711   43.104594  52.995932
  16    3    2.789394   1.709635   53.110650  35.569223
  16    4    2.691588   1.670680   31.606631  14.005303
  16    5    2.603501   1.664596   54.405825  37.252622
  16    6    2.535389   1.695121    8.729814  60.502282
  16    7    2.427682   1.712979   39.682025   5.837759
  16    8    2.275784   1.712421   42.412404  30.944168
  16    9    2.228559   1.702554   25.724744  22.435097
  16   10    2.125986   1.696831   22.867399  51.944253
  16   11    2.024673   1.709919   33.444183  51.416495
  16   12    1.916568   1.689579   27.156128  41.498525
  16   13    1.779410   1.738553   36.745205  50.741739
  16   14    1.721804   1.698109   31.304007  40.343761
  16   15    1.606808   1.674690   30.224566  60.914211
  16   16    1.532735   1.701957   46.605813  25.484488
  16   17    1.426549   1.733695   41.981415  42.609015
  16   18    1.263291   1.693990    2.763902  30.531747
  16   19    1.175125   1.728611   24.760682  58.309880
  16   20    1.137758   1.708495   23.373888  52.477089
  16   21    0.973372   1.739033   12.457543  52.959102
  16   22    0.912319   1.677810   19.018422   3.880669
  16   23    0.786275   1.712431   49.694760  22.667767
  16   24    0.670367   1.676952   19.850765  53.182793
  16   25    0.609160   1.671564    9.743272   8.951479
  16   26    0.500723   1.700902   23.045976   3.953749
  16   27    0.435054   1.690567   10.490036  38.749744
  16   28    0.339865   1.691969   60.868618  36.377188
  16   29    0.201253   1.718821   19.465663  27.655186
  16   30    0.073715   1.734876   22.351956  11.117834
  17    0    3.078785   1.775666   27.128046  35.321697
  17    1    2.991480   1.824935    5.704771  56.954738
  17    2    2.876710   1.790517   22.656718   7.938602
  17    3    2.803510   1.809939   59.557936  29.166763
  17    4    2.703849   1.821935   28.446301   2.950906
  17    5    2.637081   1.809109   49.034056  35.637481
  17    6    2.483790   1.795667   18.296008  25.873632
  17    7    2.428457   1.782676   57.369533  42.002099
  17    8    2.294681   1.775673   59.975712  38.091254
  17    9    2.176560   1.763424   45.439517  25.889522
  17   10    2.123546   1.803636   25.407748  17.951172
  17   11    2.012999   1.766735   20.032307  53.418119
  17   12    1.925551   1.791436   21.137153  55.253167
  17   13    1.815194   1.768420    7.090847  38.584227
  17   14    1.661862   1.787544   48.071686  11.404730
  17   15    1.623765   1.779864    8.385069  18.037917
  17   16    1.475427   1.822292   22.656527  44.055134
  17   17    1.402303   1.817730   59.199916  49.970965
  17   18    1.292228   1.808461    1.707186  15.939077
  17   19    1.197124   1.760715   40.619979  26.447513
  17   20    1.066245   1.792577   50.057708  22.953705
  17   21    0.996514   1.788576   12.862781  53.488292
  17   22    0.899582   1.778848   33.989884  26.160794
  17   23    0.833485   1.788881   25.858809  42.574829
  17   24    0.684900   1.821610   34.092752  56.448816
  17   25    0.562943   1.834690   49.897540  30.970447
  17   26    0.535521   1.823655    8.760283  59.007613
  17   27    0.393692   1.821572   32.654734   6.360419
  17   28    0.329253   1.766800    3.968722  57.561349
  17   29    0.227608   1.805123    9.287417  33.794028
  17   30    0.075196   1.817536   56.283664  45.473397
  18    0    3.092784   1.920396    9.529046  49.766816
  18    1    2.978494   1.914574   14.230531  12.379766
  18    2    2.914392   1.892347   59.838436  39.511732
  18    3    2.766205   1.876609   28.220700  10.925660
  18    4    2.666479   1.861670    9.652145  49.173381
  18    5    2.608145   1.927576   31.159161  18.472723
  18    6    2.469850   1.913126   38.661081  44.520031
  18    7    2.419796   1.903196   30.668126  33.312488
  18    8    2.325649   1.903686    6.778204  32.203522
  18    9    2.190037   1.876559   39.544643  23.964522
  18   10    2.061200   1.905558   30.085298  28.307658
  18   11    1.994692   1.881987   23.628862  23.555737
  18   12    1.874137   1.924400   24.542855  32.031169
  18   13    1.817563   1.905428   45.693156   9.070274
  18   14    1.712782   1.925750   34.618228  39.831775
  18   15    1.563848   1.906062   30.270950  47.427387
  18   16    1.485202   1.862949   56.233305  37.213357
  18   17    1.376519   1.917853   27.527647  46.887661
  18   18    1.326322   1.927549   12.554032  11.568710
  18   19    1.214460   1.911205   54.334686   3.205928
  18   20    1.071918   1.878458   47.140225  40.095825
  18   21    1.021855   1.913899   17.641319  55.242164
  18   22    0.930291   1.928777   41.845196   1.786117
  18   23    0.791529   1.936960   19.047317   4.409647
  18   24    0.706832   1.879559   46.600809  21.838470
  18   25    0.600634   1.885102   40.163386  26.382626
  18   26    0.503696   1.907399   44.844685  20.583461
  18   27    0.435298   1.932847   55.904688  11.903692
  18   28    0.306205   1.878068   51.842365  27.107569
  18   29    0.161525   1.896449   57.296446  36.324044
  18   30    0.079592   1.871065   53.528320  50.247677
  19    0    3.082877   2.028196   46.679197  34.677797
  19    1    3.034129   1.980257   40.735823  16.481602
  19    2    2.891134   2.023669   36.384874  10.634439
  19    3    2.833641   1.983468   17.806754  45.470895
  19    4    2.664360   2.024020   37.013459  13.591532
  19    5    2.561859   2.029146   45.568529  39.617593
  19    6    2.537490   1.974299   23.373585  18.462704
  19    7    2.423030   1.990941   36.536429  13.977099
  19    8    2.283756   1.985377   34.959018  17.383958
  19    9    2.237640   2.031280   14.945697  27.224809
  19   10    2.100994   1.980950    3.516560  21.604287
  19   11    2.001057   1.992757   45.838870  53.104598
  19   12    1.875039   1.972648    2.819523  15.244560
  19   13    1.822378   2.021392    5.929900  14.892719
  19   14    1.693154   1.995207    5.194494  60.401594
  19   15    1.612693   2.038532   54.337717  52.891180
  19   16    1.503632   2.030177   25.657707   5.242335
  19   17    1.406433   1.978425    3.527979   6.820066
  19   18    1.263395   2.010616   17.700960  13.275982
  19   19    1.196446   1.996211   49.922850  51.208829
  19   20    1.083644   1.990703   54.825566  32.909915
  19   21    0.962870   1.966326   59.634732  22.491943
  19   22    0.894294   1.983179   28.856451   1.688220
  19   23    0.777830   1.974035   37.650988  21.494877
  19   24    0.681159   1.974031   19.877107   9.279582
  19   25    0.592473   1.993056   18.542764  44.351740
  19   26    0.525511   2.017799   23.309671   7.324292
  19   27    0.439744   2.019956   23.392138  48.626464
  19   28    0.333900   2.018369   37.223037  32.668075
  19   29    0.235831   2.001262   31.127883  19.514841
  19   30    0.126760   2.009124   37.385465  43.303417
  20    0    3.075097   2.121923   12.831273   3.485190
  20    1    3.037582   2.082775   38.886770  13.507043
  20    2    2.907815   2.084039   14.819399  23.570940
  20    3    2.780116   2.085208   21.338753  16.205157
  20    4    2.686961   2.092475   50.434605   1.758817
  20    5    2.629253   2.139149   19.721132  56.516031
  20    6    2.469750   2.139218   11.464715  49.521862
  20    7    2.411978   2.082443   54.873840  50.712498
  20    8    2.281598   2.121090   37.989831   7.526919
  20    9    2.217951   2.072215   16.445124   9.514870
  20   10    2.074605   2.095628   50.197577  39.901746
  20   11    1.994997   2.120191   36.788492  23.667769
  20   12    1.879638   2.137716   47.329737  17.177330
  20   13    1.772986   2.065909   26.860145  23.172343
  20   14    1.660509   2.084759   57.419366  15.126490
  20   15    1.560281   2.103555   24.602128   9.338277
  20   16    1.530752   2.090930   56.848514  54.200292
  20   17    1.360145   2.114643   32.605014  20.988012
  20   18    1.307894   2.131273   11.002798  46.119306
  20   19    1.160190   2.102730   15.027536  52.688535
  20   20    1.137114   2.084151   36.420188  60.407148
  20   21    1.036158   2.137853    3.809200  13.804066
  20   22    0.915608   2.095786   10.827410  14.259282
  20   23    0.762039   2.077363   11.145452  42.455961
  20   24    0.690966   2.073360   60.328513  24.120479
  20   25    0.611711   2.136285   19.003617  28.144083
  20   26    0.531267   2.083380   12.756212  16.699813
  20   27    0.373012   2.094372   37.141406  50.826910
  20   28    0.331609   2.069755   22.817718  40.882556
  20   29    0.213343   2.108448   48.648356  52.675559
  20   30    0.111201   2.131257    8.162874  10.103781
  21    0    3.076608   2.167652   16.464200  21.509930
  21    1    2.987120   2.190773   45.873481  17.228966
  21    2    2.894515   2.165683   45.636741   2.093102
  21    3    2.765279   2.228998    6.118827  60.842357
  21    4    2.700924   2.208104   44.265380  43.003107
  21    5    2.606115   2.222937   43.843496   3.074308
  21    6    2.466189   2.164271   41.135081  12.719155
  21    7    2.421937   2.204844   30.349646   4.704304
  21    8    2.319093   2.172434   39.979104  58.852379
  21    9    2.184868   2.199934   44.507024  53.256819
  21   10    2.117206   2.173025   19.117483  19.119112
  21   11    1.968715   2.211449   58.070103  34.162648
  21   12    1.862191   2.179155   60.901755  41.697686
  21   13    1.795102   2.219400    1.202785  33.788813
  21   14    1.714790   2.214808   17.955114  36.027725
  21   15    1.603625   2.224535   22.807248  26.245604
  21   16    1.484915   2.160220   52.630687  52.903844
  21   17    1.417752   2.161811    5.624576  43.359808
  21   18    1.315490   2.160401   22.419278   4.883664
  21   19    1.172649   2.207894   18.320912  59.058618
  21   20    1.124363   2.176746   47.221482  44.573007
  21   21    1.028037   2.174944   25.893996  35.639207
  21   22    0.936863   2.213179    4.457689  59.269099
  21   23    0.788697   2.238165   15.730989  20.004411
  21   24    0.732203   2.167237   34.923081  55.735596
  21   25    0.577122   2.187342   49.519637   2.925422
  21   26    0.520220   2.223005    6.103312  38.551193
  21   27    0.387321   2.162835   40.960882   3.747896
  21   28    0.260570   2.176773   10.350177  29.516570
  21   29    0.235713   2.194201   25.852128  56.688301
  21   30    0.134747   2.187809   52.875143  34.022373
  22    0    3.134501   2.264889   34.606490  32.972842
  22    1    2.961986   2.275579   48.952232  53.073916
  22    2    2.864873   2.339147   37.644403  55.551746
  22    3    2.793299   2.301268    1.030316  46.836253
  22    4    2.721830   2.327557   11.340104  49.977160
  22    5    2.603620   2.335425   44.638508  37.106225
  22    6    2.519392   2.295311    6.326569   6.263392
  22    7    2.410209   2.265032   37.026893  32.036087
  22    8    2.264389   2.332592   10.958587   2.153691
  22    9    2.236205   2.312295   14.418470  26.726243
  22   10    2.069000   2.329165   50.604750  18.198218
  22   11    1.991388   2.303936   42.556732  57.972632
  22   12    1.876638   2.265508    8.185226  39.403361
  22   13    1.837919   2.323746   30.916953  10.497254
  22   14    1.662763   2.270536   52.993280  46.942968
  22   15    1.627062   2.322633   13.507792  25.408280
  22   16    1.481632   2.301236   23.334607  16.527591
  22   17    1.393540   2.329419   58.623457  29.429192
  22   18    1.321953   2.332243    3.889615  37.508262
  22   19    1.177435   2.322079   16.215256  25.604350
  22   20    1.128878   2.283611   30.949915  28.646823
  22   21    0.969201   2.303124   44.734941  22.731333
  22   22    0.906709   2.322807    7.801354  12.715267
  22   23    0.821600   2.274326   39.360856  31.688414
  22   24    0.736136   2.332146   58.522016   2.692052
  22   25    0.583039   2.304933   30.451511   2.118458
  22   26    0.501814   2.315647   51.334730  27.303796
  22   27    0.360015   2.334038   54.879754  32.598517
  22   28    0.330489   2.289521   42.399697  43.016223
  22   29    0.232067   2.301733    3.584354  21.467365
  22   30    0.066884   2.278218    7.553949  43.308729
  23    0    3.060841   2.405178   16.234374  53.901185
  23    1    2.983980   2.363229   43.000452   4.172378
  23    2    2.915568   2.384667    8.335305  23.620584
  23    3    2.796287   2.404526    6.320754  37.251610
  23    4    2.720477   2.401313   17.414553   4.780082
  23    5    2.639150   2.434813   56.431170  18.905434
  23    6    2.535338   2.431897   23.107422  21.134195
  23    7    2.394112   2.374446   55.223593   4.694311
  23    8    2.288581   2.377955   11.023380  25.492197
  23    9    2.219760   2.390137   54.628120   4.404447
  23   10    2.073073   2.425140   32.205939   2.766609
  23   11    1.989491   2.403300   30.705758  22.701628
  23   12    1.927910   2.435388   58.808111  44.588442
  23   13    1.822038   2.384115    1.125591  24.862258
  23   14    1.685228   2.388399   12.288978  52.505188
  23   15    1.617588   2.385114   34.001870   5.759685
  23   16    1.539272   2.410421    2.995515  30.195516
  23   17    1.381747   2.393361   24.562572  43.389382
  23   18    1.275652   2.397337   49.427388  42.927591
  23   19    1.231576   2.432998   41.492099   5.697033
  23   20    1.061920   2.375491   41.791056  34.655938
  23   21    0.972388   2.370168   47.036844  11.329022
  23   22    0.866314   2.427729   37.633095  19.694695
  23   23    0.810900   2.400094   14.083473   1.155301
  23   24    0.699694   2.363568   47.401251  46.823098
  23   25    0.569859   2.431271   39.415857  58.020084
  23   26    0.526436   2.411424   44.715326   8.972004
  23   27    0.371149   2.404519   25.227668  57.156283
  23   28    0.303215   2.417291   39.938606  41.308220
  23   29    0.198872   2.394833   50.713775  19.055057
  23   30    0.060335   2.428265   46.324098  34.576383
  24    0    3.100853   2.521743   42.184643  10.312339
  24    1    2.978459   2.460778   45.568496  28.976097
  24    2    2.896447   2.539081   13.644049  16.079649
  24    3    2.814296   2.482397   24.040326   6.645014
  24    4    2.690504   2.527845   30.141506  10.226983
  24    5    2.632008   2.532537   42.257358  47.986489
  24    6    2.527792   2.496033    3.456909  36.181044
  24    7    2.362791   2.511397   58.371949  58.623448
  24    8    2.319122   2.497078   43.795971  22.632524
  24    9    2.203309   2.477934   51.481578  49.678040
  24   10    2.089887   2.473763   22.171144  13.911653
  24   11    2.034343   2.476675    2.515428   4.369620
  24   12    1.883679   2.497184   46.013800  14.811650
  24   13    1.814229   2.519631   29.256455   8.591610
  24   14    1.738078   2.520626   15.309537  13.995243
  24   15    1.637362   2.463578   17.742006  22.170701
  24   16    1.536697   2.465892   48.169583  38.849820
  24   17    1.386244   2.484459    4.844595  60.929879
  24   18    1.330993   2.464894    3.247343   7.762315
  24   19    1.226258   2.519625   26.268093   7.469681
  24   20    1.077313   2.512048   41.780253  43.265340
  24   21    1.035554   2.465137   30.503133  10.750107
  24   22    0.889104   2.483229   44.283179  11.361595
  24   23    0.828138   2.479328   52.469162  31.098525
  24   24    0.701158   2.484799   46.040696  38.564002
  24   25    0.596450   2.535297   60.629146  18.186924
  24   26    0.482233   2.531441    1.541697  48.794538
  24   27    0.370423   2.464025   18.296524  34.814812
  24   28    0.334322   2.494277   10.870833  57.265156
  24   29    0.223239   2.536234   13.662631  39.002027
  24   30    0.061319   2.510964   60.817425  17.819692
  25    0    3.109658   2.565161   33.756355  30.938709
  25    1    3.016755   2.627225   50.083555  23.946097
  25    2    2.901041   2.633832   45.106433  39.757647
  25    3    2.789768   2.564481   21.469138  31.773820
  25    4    2.661871   2.619468   18.310362  47.887159
  25    5    2.600386   2.580991   54.282885  25.851630
  25    6    2.495774   2.624098   55.022487  27.910683
  25    7    2.389682   2.574152   17.474149  25.356634
  25    8    2.294763   2.584459   24.057449  38.402165
  25    9    2.187297   2.579335   28.101735  49.615706
  25   10    2.093624   2.605739   48.363748  31.124355
  25   11    1.978294   2.575862   60.751878   7.426041
  25   12    1.862048   2.582701    6.555764  42.270041
  25   13    1.813246   2.613487   51.388636   4.641981
  25   14    1.700345   2.598227   41.501204  55.094267
  25   15    1.629916   2.602943   13.866095  18.850750
  25   16    1.480268   2.603279   24.144503  10.328503
  25   17    1.361862   2.611891   38.952827  28.690198
  25   18    1.290660   2.563781   23.305317   4.185748
  25   19    1.218706   2.592801   54.215186   8.467130
  25   20    1.088379   2.608903    1.624846  31.558478
  25   21    0.974820   2.582070   28.477057   6.215245
  25   22    0.918112   2.571706   14.141294  44.179346
  25   23    0.817577   2.629879   26.819843  35.187200
  25   24    0.670435   2.637097    9.159399  40.057501
  25   25    0.623312   2.608056    1.207495   5.005778
  25   26    0.515652   2.563535   41.137539  41.421350
  25   27    0.408561   2.638415   57.817538  19.304599
  25   28    0.281662   2.603895   42.249511  13.691585
  25   29    0.226123   2.626820   55.030111  51.669282
  25   30    0.137294   2.577398   43.086690  27.676223
  26    0    3.079925   2.698400   15.773150  21.045451
  26    1    3.018268   2.718494   43.649858  11.222430
  26    2    2.899626   2.707132   24.542908  21.510433
  26    3    2.831137   2.690063   33.338584  54.977807
  26    4    2.685370   2.678201   42.915146  59.410958
  26    5    2.631259   2.697296   23.079644   9.706846
  26    6    2.485008   2.714302   57.733376  13.349659
  26    7    2.414072   2.735088   24.044546  39.776183
  26    8    2.300616   2.677280   13.406659  59.358628
  26    9    2.204616   2.685774   25.589823  58.965273
  26   10    2.098041   2.724232   13.870548  34.828749
  26   11    2.018492   2.735515   10.112375  30.677068
  26   12    1.892689   2.732436   50.760859  50.369001
  26   13    1.838109   2.716611   14.445686  24.916261
  26   14    1.726711   2.670209    2.221034  58.750407
  26   15    1.601302   2.669551   26.231393  29.070605
  26   16    1.497210   2.681014   51.509989  34.444739
  26   17    1.395090   2.692526   49.384220   8.573803
  26   18    1.262010   2.705896   16.198393  25.998608
  26   19    1.205559   2.707671    5.326942   6.946441
  26   20    1.119029   2.714530   17.237435  36.588975
  26   21    0.975551   2.682259   16.105584  22.504370
  26   22    0.907217   2.687939   52.555246  45.586650
  26   23    0.805041   2.699569   21.803693   1.191956
  26   24    0.691477   2.716126   12.082205  25.809775
  26   25    0.614790   2.718115   37.858097  41.540550
  26   26    0.470966   2.661640   20.227474  37.379756
  26   27    0.402070   2.689423   17.937154  58.670520
  26   28    0.269580   2.675311   17.825200   9.697609
  26   29    0.187959   2.683535   14.976110  59.548147
  26   30    0.129429   2.673122   18.439898  58.039117
  27    0    3.108886   2.777874   46.772746   1.376656
  27    1    3.032531   2.793425   33.666647  20.622685
  27    2    2.900849   2.799116   53.230128  39.043627
  27    3    2.762907   2.791443   18.682808  45.734247
  27    4    2.662898   2.809191   39.891820  15.964986
  27    5    2.630739   2.773244    2.804067  26.599036
  27    6    2.467188   2.815514   16.848565  15.458774
  27    7    2.372162   2.784071   40.168715  14.170518
  27    8    2.266121   2.762036   43.403990  26.949821
  27    9    2.172766   2.826197    2.920153  54.862229
  27   10    2.072787   2.821687   57.070506  32.849447
  27   11    2.039787   2.809176    3.378705   1.478762
  27   12    1.879108   2.802278   20.525168  27.872291
  27   13    1.827462   2.770593   12.689941  51.207575
  27   14    1.706837   2.816889   22.088847  22.845292
  27   15    1.621936   2.808175   21.307763  54.513804
  27   16    1.539689   2.796289   14.100659  19.731875
  27   17    1.416612   2.834333   21.416640  33.135704
  27   18    1.280674   2.794876   49.243198  53.637308
  27   19    1.235721   2.801958   43.018452   4.108807
  27   20    1.116834   2.803162   37.432704  20.979208
  27   21    0.973417   2.775517    3.905496  29.852397
  27   22    0.914320   2.808749   35.321904  10.800119
  27   23    0.807591   2.814237   59.112313   1.832301
  27   24    0.709956   2.824289   36.771836  28.367047
  27   25    0.602098   2.774395   17.685074  37.169538
  27   26    0.531115   2.764867   15.832586   6.745847
  27   27    0.388005   2.785463   53.728368  43.794777
  27   28    0.263953   2.768729   43.831438   2.956261
  27   29    0.213962   2.790105   34.685324  50.354061
  27   30    0.060752   2.774291   19.100552  10.606446
  28    0    3.077710   2.900736   42.678092  22.051711
  28    1    2.970311   2.872817   51.684860  30.573732
  28    2    2.915227   2.915618   34.481807  12.971775
  28    3    2.831034   2.890160   16.054473  25.341380
  28    4    2.730943   2.915155   12.326241  59.149903
  28    5    2.624585   2.892436    2.404488  41.019028
  28    6    2.461922   2.864348    1.215463  14.772931
  28    7    2.408647   2.899476    1.558678  53.867517
  28    8    2.280857   2.900039    8.826899  56.363998
  28    9    2.230559   2.866409   49.802124  45.316736
  28   10    2.077172   2.881851   21.297289   6.666419
  28   11    2.029286   2.917697   18.151471  11.008113
  28   12    1.892495   2.873462   42.324131  41.170071
  28   13    1.781401   2.889420   15.630063   5.311321
  28   14    1.686190   2.936051   34.007299  55.829459
  28   15    1.597427   2.894614    8.048810  53.057769
  28   16    1.468624   2.898539   25.726601  34.503145
  28   17    1.428136   2.892936   32.602239  24.901390
  28   18    1.304273   2.919440    2.097157  18.999663
  28   19    1.196067   2.939915   54.272762  11.760221
  28   20    1.113729   2.872892   42.665554  33.345519
  28   21    1.005736   2.912537    2.594813   7.210237
  28   22    0.913133   2.876676   24.505839  46.996351
  28   23    0.806744   2.896895   26.764068  54.495857
  28   24    0.721497   2.872744   54.245505  59.192784
  28   25    0.607140   2.920111   13.385578  36.989541
  28   26    0.480854   2.871035   48.297705  48.517986
  28   27    0.380146   2.912744    4.338233  27.475815
  28   28    0.291090   2.875079   29.197042  57.944400
  28   29    0.215530   2.939344   32.291562   2.553090
  28   30    0.060813   2.863130   51.932367  36.262605
  29    0    3.137621   2.973848   38.344483  53.739554
  29    1    2.977526   3.001291   57.041099  51.765704
  29    2    2.885161   2.962941   30.064192  46.537419
  29    3    2.784850   2.975354   26.975712  53.418132
  29    4    2.663907   2.974541   58.886987  52.752770
  29    5    2.561481   3.025776   18.874074  58.468233
  29    6    2.521066   2.990018   23.401411  29.786214
  29    7    2.366024   2.995484   60.361466  13.569425
  29    8    2.271391   2.967749   19.467701   3.402519
  29    9    2.223815   3.012902   25.383178  28.955232
  29   10    2.107939   3.022109   19.436103  47.655381
  29   11    2.006249   3.012865   54.312666  42.068960
  29   12    1.916201   3.005960   30.910229  27.186442
  29   13    1.830154   3.025777   26.701381   8.279219
  29   14    1.678528   3.016207   40.560218  33.035640
  29   15    1.604135   3.000636   16.032424   1.918005
  29   16    1.506464   2.980957   10.424052  43.392948
  29   17    1.370817   3.010281   13.711333  20.858490
  29   18    1.271822   2.993302    2.943967  35.389522
  29   19    1.238340   3.037419    4.273347  22.205168
  29   20    1.083014   2.990757    6.668525  23.069247
  29   21    0.961420   3.037777   25.407632  35.399434
  29   22    0.891374   2.980826   17.109452  20.099650
  29   23    0.781749   3.021909   34.895005  22.149196
  29   24    0.712897   2.962188   36.675998  23.574094
  29   25    0.569453   3.009945   31.926825  20.071528
  29   26    0.474047   2.987470   13.918123  27.425168
  29   27    0.421783   3.013815   22.518794  18.792894
  29   28    0.335946   3.017541   25.493442  40.512125
  29   29    0.192162   2.969181   17.854493  53.481902
  29   30    0.119515   3.008784   14.331423  45.363207
  30    0    3.122174   3.074579   30.389604  21.395044
  30    1    3.004780   3.113737   34.401960  28.846666
  30    2    2.891029   3.077992    5.418830  51.996330
  30    3    2.830823   3.062024   36.304004  45.712245
  30    4    2.701484   3.081305   35.553640  10.567195
  30    5    2.638502   3.122452   18.573553  39.987873
  30    6    2.528170   3.130832   12.180054   8.953538
  30    7    2.416312   3.088655   27.168885  47.634259
  30    8    2.323711   3.067355   51.461775  35.202202
  30    9    2.210434   3.079623   50.024512  16.653101
  30   10    2.129976   3.061807   12.825057  36.319695
  30   11    2.003237   3.122975   44.873930  28.012518
  30   12    1.876282   3.123029   25.107830  55.241391
  30   13    1.810194   3.092786   36.724827   2.296354
  30   14    1.683280   3.111694   49.676642  54.329964
  30   15    1.573380   3.085280   26.429018  52.901916
  30   16    1.470742   3.129783   20.811126  13.327217
  30   17    1.420420   3.074681   23.722959  36.903711
  30   18    1.329400   3.077708   51.526745   9.663994
  30   19    1.210965   3.118007   56.923279  59.368705
  30   20    1.061458   3.121403   17.752708  33.388297
  30   21    0.968463   3.071550   17.145388  45.951586
  30   22    0.921333   3.069459   15.403001  17.702210
  30   23    0.793210   3.103310   27.471781  52.016505
  30   24    0.697647   3.105598   43.374602  59.203694
  30   25    0.573362   3.074588   26.930279  44.324708
  30   26    0.469444   3.114526   20.878033  19.409804
  30   27    0.413797   3.080483   45.451025  53.495472
  30   28    0.284045   3.139426   59.751482  60.993319
  30   29    0.188402   3.082959   19.154653  31.990697
  30   30    0.120940   3.077101   41.530848  58.395276
