   0    0    1.571132   1.094918    1.806981  11.470232
   0    1    0.526038   0.076634   10.418409  14.120908
   0    2    0.369087   0.108622    3.701819   7.778039
   0    3    0.272139   0.089676    6.578204   1.705127
   0    4    0.189264   0.091651   14.729711  12.825979
   0    5    0.117795   0.089639    2.924971   5.970431
   1    0    1.505625   1.181585   15.345497   7.242933
   1    1    0.509796   0.192263   12.258053   5.359114
   1    2    0.393752   0.175894   14.385020   7.785148
   1    3    0.285455   0.210364   10.510710   7.501246
   1    4    0.215459   0.219161   14.850040   5.470222
   1    5    0.133548   0.233931    3.355602   5.373081
   2    0    1.436779   1.293518   11.292597  10.246052
   2    1    0.473826   0.301121   14.645536  10.859496
   2    2    0.384885   0.309918    3.297549   8.482413
   2    3    0.278807   0.263225    7.738523   4.212708
   2    4    0.166447   0.305629    5.592334  14.880498
   2    5    0.069770   0.318167    9.520830  14.379077
   3    0    1.389374   1.408569    5.561984   1.797067
   3    1    0.509564   0.386076    2.425123   5.238972
   3    2    0.431861   0.371814    3.415219  11.475022
   3    3    0.288059   0.386955    1.942920   6.471742
   3    4    0.177087   0.431878    8.933950  10.261044
   3    5    0.111764   0.414463   11.051520  10.018508
   4    0    0.638892   2.522069    1.643832  13.573579
   4    1    0.527342   2.501305    3 100
   4    2    0.413202   2.537474    100 3
   4    3    0.309453   2.480705    3 100 
   4    4    0.201909   2.460859    100 3
   4    5    0.066558   2.464934    3 100 
   5    0    0.610393   2.599006    2.626164   7.620543
   5    1    0.484026   2.565834    4.153559   2.841919
   5    2    0.376815   2.566730     3 100
   5    3    0.272087   2.613779    100 3
   5    4    0.190746   2.571080   3 100
   5    5    0.096867   2.610482    100 3
