   0    0    1.099112   0.132377   48.869220   9.808362
   0    1    1.037631   0.105723    6.711468  33.858190
   0    2    0.909932   0.113780   39.931790  55.208390
   0    3    0.827848   0.076407   26.388627  54.689398
   0    4    0.723007   0.114768   31.048160  57.115781
   0    5    0.567381   0.122798   39.139120   4.974182
   0    6    0.511942   0.138734   52.468172  35.384012
   0    7    0.368503   0.061624   48.775375  32.211270
   0    8    0.282079   0.097121   12.037944  33.174846
   0    9    0.176002   0.095478   18.374000  27.730567
   0   10    0.108859   0.067905   26.152035  18.556789
   1    0    1.081870   0.204163   49.510212   5.389311
   1    1    1.009557   0.237270    7.103372   2.243360
   1    2    0.918567   0.186941   38.833339  39.884288
   1    3    0.763958   0.182137    4.825935  16.621929
   1    4    0.714562   0.218748   56.179539  18.649239
   1    5    0.596461   0.238907   25.146286  22.454354
   1    6    0.484078   0.214941    3.476515   7.224539
   1    7    0.391570   0.179043   27.656131  15.236101
   1    8    0.273647   0.198119   55.628565  48.279194
   1    9    0.196693   0.234832   44.189182  53.181023
   1   10    0.081317   0.227048   13.378932   9.133198
   2    0    1.070587   0.268913   33.631698   3.154421
   2    1    0.980019   0.261686   53.829981  21.671210
   2    2    0.882792   0.298882   40.417163  39.607485
   2    3    0.814826   0.299828   46.860345   1.956548
   2    4    0.698796   0.313527   32.551667  54.671694
   2    5    0.624552   0.289825   15.111773  14.647395
   2    6    0.477673   0.329982   20.387624   5.052209
   2    7    0.401305   0.320365   51.526997  39.485142
   2    8    0.303352   0.321308   19.609595  33.214761
   2    9    0.187341   0.292248   31.603538   3.667709
   2   10    0.107659   0.271766   21.017034  56.591019
   3    0    1.076772   0.428592   27.586959   4.838704
   3    1    0.962699   0.412263   25.684906  59.132866
   3    2    0.860347   0.438895    8.760678   4.716202
   3    3    0.782120   0.391192   56.954191  44.526524
   3    4    0.664779   0.398845   55.798026  23.052932
   3    5    0.575251   0.406133   50.450403  19.732875
   3    6    0.533756   0.381769   27.825854   5.662603
   3    7    0.425031   0.419590    9.949331  11.250861
   3    8    0.335991   0.439093   58.407568  38.665083
   3    9    0.190156   0.427205   60.405315  14.606258
   3   10    0.106373   0.436165   41.087072  13.896115
   4    0    1.063759   0.519593    9.828456  60.048626
   4    1    0.989467   0.526279   56.443694  57.595206
   4    2    0.895441   0.479210    8.943255  44.294688
   4    3    0.780348   0.469729   30.791766  16.028312
   4    4    0.680399   0.481368   11.682268  29.386862
   4    5    0.625916   0.476199   21.717107  47.619910
   4    6    0.538858   0.503762   30.564466  25.341139
   4    7    0.420565   0.467776   37.576274  21.461995
   4    8    0.270962   0.471611   48.879070  33.238981
   4    9    0.163286   0.506373   56.893031   6.735538
   4   10    0.136746   0.495749   16.341731  29.773354
   5    0    1.138983   0.583314   19.270061  16.622893
   5    1    0.977736   0.578712   16.511024   2.989507
   5    2    0.904956   0.610332   31.992582   3.707611
   5    3    0.786216   0.569147   12.749313   2.066569
   5    4    0.664272   0.560206   55.934075  31.651084
   5    5    0.600119   0.597557   14.883129  41.466491
   5    6    0.510872   0.621761   40.682957  10.103436
   5    7    0.415971   0.586663   20.964320  21.632352
   5    8    0.337028   0.617910   51.992614  56.349000
   5    9    0.189262   0.577383   17.654300  54.648494
   5   10    0.101930   0.586946   54.715810  18.104739
   6    0    1.071083   0.726664    8.749842  33.880442
   6    1    0.970895   0.686231   21.318064  37.182905
   6    2    0.871803   0.736139   44.239922  21.593006
   6    3    0.807913   0.663947   49.873206  53.397203
   6    4    0.707027   0.680824    2.029261  27.900465
   6    5    0.579903   0.678533   16.127901  22.134715
   6    6    0.528027   0.664777   51.085252  58.133170
   6    7    0.429309   0.686945   31.780514   7.433783
   6    8    0.308289   0.735924   18.261096  33.810393
   6    9    0.172332   0.691828   35.553322  55.201032
   6   10    0.129761   0.684922   31.419048  44.889701
   7    0    1.123304   0.814198    4.945615   8.368681
   7    1    0.986872   0.793249   38.723755  47.818629
   7    2    0.931424   0.822206   24.738880  37.336267
   7    3    0.823303   0.783352   48.096796  45.144855
   7    4    0.704277   0.838040    3.383809  24.958844
   7    5    0.635985   0.779009   51.819581   8.046590
   7    6    0.463239   0.804016   30.332501  25.636739
   7    7    0.402716   0.826722   59.142912  53.125339
   7    8    0.269108   0.815366   16.187789  52.729868
   7    9    0.234265   0.819234   34.507555  19.158660
   7   10    0.131981   0.781261   53.225256  17.562608
   8    0    1.098787   0.879987   10.601295  28.241034
   8    1    1.017598   0.877038   16.402053  26.703187
   8    2    0.935803   0.912569   53.974038  18.846397
   8    3    0.783103   0.919628   54.400267  21.994524
   8    4    0.688972   0.931935   26.303599  45.826396
   8    5    0.618335   0.914647   16.561145  59.981406
   8    6    0.481329   0.914417   26.650928  14.213853
   8    7    0.434506   0.887590   44.750114  33.921877
   8    8    0.333624   0.891289   59.164613  49.931427
   8    9    0.230298   0.883073   29.251078   2.488672
   8   10    0.125827   0.905857    6.690596  51.110908
   9    0    1.116129   1.035032   24.722127  24.559502
   9    1    1.023844   0.996809    3.614112  28.709072
   9    2    0.890527   1.017281    6.053332  29.162948
   9    3    0.797929   0.980783   31.006996  54.461458
   9    4    0.678273   1.017823   34.650931  13.689735
   9    5    0.566233   0.984826   23.774552   7.945935
   9    6    0.498160   0.981777   23.230793  21.897059
   9    7    0.366376   0.964698    2.992300  52.633367
   9    8    0.308935   1.016778   51.637625   6.026681
   9    9    0.189893   1.037651   26.994000  53.283173
   9   10    0.085160   1.031189   37.515015  24.525403
  10    0    1.088864   1.138600   52.018451  53.897031
  10    1    0.980497   1.099451   23.834963   8.399575
  10    2    0.900954   1.136301   47.343653   6.674457
  10    3    0.784033   1.060379   50.354166  45.153183
  10    4    0.718600   1.121401   20.833008  58.019449
  10    5    0.566062   1.113189   47.997917  59.552109
  10    6    0.469975   1.080966   18.689345  17.627864
  10    7    0.382860   1.062546   33.981052  15.125048
  10    8    0.303864   1.064306   47.958640  41.040658
  10    9    0.205753   1.137886   51.159001  39.354605
  10   10    0.117501   1.102669   11.946385   4.778584
