   0    0    3.006029   0.086853  100.000000 100.000000
   0    1    2.996227   0.059787    1.749802 100.000000
   0    2    2.893440   0.083161    4.597287   5.019726
   0    3    2.729467   0.008115    4.751726 100.000000
   0    4    2.620284   0.011202    4.480618 100.000000
   0    5    2.526268   0.010012    2.478006 100.000000
   0    6    2.498442   0.000710    5.514768   3.472450
   0    7    2.352800   0.085934  100.000000 100.000000
   0    8    2.226077   0.069992    2.424146 100.000000
   0    9    2.115307   0.062989  100.000000   4.249000
   0   10    2.037425   0.059383  100.000000   5.869075
   0   11    1.992610   0.001508    5.835268 100.000000
   0   12    1.868893   0.043038  100.000000   5.905610
   0   13    1.700147   0.014629    5.685178 100.000000
   0   14    1.690896   0.051502    5.547778 100.000000
   0   15    1.514466   0.032583    3.998882 100.000000
   0   16    1.442050   0.007844  100.000000 100.000000
   0   17    1.360329   0.082894    3.844645   2.741199
   0   18    1.226297   0.048817  100.000000   2.125346
   0   19    1.116032   0.026533    5.873728 100.000000
   0   20    1.019674   0.014050    4.501165   1.570646
   0   21    0.959362   0.039992    4.836454 100.000000
   0   22    0.843299   0.044853  100.000000   2.561445
   0   23    0.708970   0.052010    3.314941 100.000000
   0   24    0.693356   0.074991    5.911987   2.275015
   0   25    0.506525   0.022570    1.724751 100.000000
   0   26    0.429418   0.056674  100.000000 100.000000
   0   27    0.362696   0.098566    2.544870   4.664512
   0   28    0.210166   0.057850  100.000000 100.000000
   0   29    0.133032   0.031984  100.000000   5.677652
   0   30    0.091875   0.000626    2.524701   1.571294
   1    0    3.061967   0.153227  100.000000   3.666458
   1    1    2.945818   0.161420  100.000000   3.628783
   1    2    2.859937   0.199861  100.000000   4.979362
   1    3    2.754312   0.119752  100.000000   1.022425
   1    4    2.601312   0.112171  100.000000   1.828985
   1    5    2.507897   0.185808    2.655777   2.758937
   1    6    2.400901   0.160109  100.000000 100.000000
   1    7    2.328586   0.131025  100.000000   5.890036
   1    8    2.269468   0.145079  100.000000   1.103328
   1    9    2.103750   0.105545  100.000000 100.000000
   1   10    2.041744   0.183201    2.897030 100.000000
   1   11    1.936308   0.118568    4.657135   1.378177
   1   12    1.838078   0.180558  100.000000 100.000000
   1   13    1.780715   0.118994  100.000000 100.000000
   1   14    1.642066   0.106176    3.334003 100.000000
   1   15    1.534867   0.182044    4.253616   4.689525
   1   16    1.412617   0.193241  100.000000   4.095062
   1   17    1.373952   0.156437  100.000000   5.750722
   1   18    1.212612   0.134531    3.015312   5.055271
   1   19    1.199808   0.190593  100.000000 100.000000
   1   20    1.040219   0.147512    1.135344   1.263139
   1   21    0.993996   0.145444  100.000000   1.716820
   1   22    0.837388   0.143670    4.636483   1.719621
   1   23    0.713603   0.190033    1.065896 100.000000
   1   24    0.642884   0.160851  100.000000   2.827208
   1   25    0.568894   0.180199  100.000000   4.518567
   1   26    0.463465   0.103308  100.000000   5.807066
   1   27    0.344094   0.113707    3.614604 100.000000
   1   28    0.225991   0.112310    2.239111 100.000000
   1   29    0.100318   0.142257    4.473719   1.312161
   1   30    0.049682   0.142815    1.824602   3.745437
   2    0    3.051851   0.206950  100.000000   1.971692
   2    1    2.967832   0.292098    5.898140   2.513948
   2    2    2.851217   0.263936  100.000000 100.000000
   2    3    2.715039   0.221997  100.000000 100.000000
   2    4    2.686947   0.260607    3.330627   1.489635
   2    5    2.598878   0.284955  100.000000 100.000000
   2    6    2.433628   0.288405  100.000000   5.253261
   2    7    2.384846   0.233447  100.000000 100.000000
   2    8    2.245138   0.220985  100.000000   5.734635
   2    9    2.101168   0.216423  100.000000   3.494333
   2   10    2.068554   0.224192  100.000000   4.556047
   2   11    1.968971   0.295182    3.473848   4.777950
   2   12    1.840517   0.229079  100.000000 100.000000
   2   13    1.731410   0.234004    5.863864 100.000000
   2   14    1.663690   0.258796    1.412963   2.480368
   2   15    1.536466   0.227514    1.627211 100.000000
   2   16    1.427001   0.221724  100.000000   4.816044
   2   17    1.341436   0.222625  100.000000   4.033532
   2   18    1.255003   0.221280  100.000000 100.000000
   2   19    1.191479   0.257121    3.365903 100.000000
   2   20    1.096498   0.236534  100.000000   1.461662
   2   21    0.995134   0.234121  100.000000 100.000000
   2   22    0.848624   0.229922    1.067112 100.000000
   2   23    0.741452   0.263374  100.000000 100.000000
   2   24    0.693593   0.206725  100.000000   2.525748
   2   25    0.535054   0.227512  100.000000 100.000000
   2   26    0.446430   0.287638    1.105095 100.000000
   2   27    0.341256   0.281072  100.000000 100.000000
   2   28    0.221797   0.264243  100.000000 100.000000
   2   29    0.186393   0.230307  100.000000   4.557970
   2   30    0.058862   0.274611  100.000000   5.741759
   3    0    3.040536   0.313895  100.000000   4.278418
   3    1    2.916586   0.309654  100.000000   1.331416
   3    2    2.899164   0.385507    2.097397 100.000000
   3    3    2.763171   0.304289  100.000000   3.074770
   3    4    2.654448   0.339816  100.000000 100.000000
   3    5    2.574739   0.320640    3.217187 100.000000
   3    6    2.457889   0.363193  100.000000 100.000000
   3    7    2.334193   0.373929    2.469707   3.484551
   3    8    2.226838   0.395127  100.000000   5.337867
   3    9    2.134500   0.344827    2.834043   3.262830
   3   10    2.093252   0.365274  100.000000   5.176406
   3   11    1.914629   0.357523  100.000000   3.208751
   3   12    1.809397   0.307434    2.551691 100.000000
   3   13    1.744774   0.371393    3.171550 100.000000
   3   14    1.637098   0.337659  100.000000 100.000000
   3   15    1.548814   0.345507  100.000000   4.256668
   3   16    1.420040   0.316774  100.000000 100.000000
   3   17    1.342431   0.330992    2.699479   3.324597
   3   18    1.236721   0.343380  100.000000 100.000000
   3   19    1.119800   0.328873  100.000000 100.000000
   3   20    1.039582   0.386055  100.000000   1.954343
   3   21    0.956423   0.379141    4.417003 100.000000
   3   22    0.819946   0.397647  100.000000   1.085332
   3   23    0.707874   0.337228  100.000000   2.346596
   3   24    0.628372   0.377164    2.955674 100.000000
   3   25    0.579165   0.384200  100.000000 100.000000
   3   26    0.493247   0.352036  100.000000 100.000000
   3   27    0.354369   0.399010    4.737298 100.000000
   3   28    0.265165   0.358116    4.662935 100.000000
   3   29    0.195058   0.389550  100.000000   3.528874
   3   30    0.035711   0.375026    4.982982   5.524705
   4    0    3.066098   0.460221    5.654272   1.868382
   4    1    2.992629   0.430398    4.778458   3.477461
   4    2    2.880902   0.466925    1.373115   5.924687
   4    3    2.765213   0.485256    2.330960 100.000000
   4    4    2.685048   0.446073  100.000000   4.270211
   4    5    2.501199   0.497399    5.034826   4.402820
   4    6    2.444524   0.406706  100.000000 100.000000
   4    7    2.325229   0.401570  100.000000   5.974775
   4    8    2.290550   0.481629    1.483044   5.463577
   4    9    2.143948   0.487725    3.586248   5.328879
   4   10    2.095553   0.402668    3.086266 100.000000
   4   11    1.982629   0.425245  100.000000 100.000000
   4   12    1.849482   0.487224    2.544656 100.000000
   4   13    1.789468   0.497067  100.000000 100.000000
   4   14    1.628473   0.447007  100.000000   4.536959
   4   15    1.541188   0.414599    1.521566 100.000000
   4   16    1.405604   0.443122  100.000000 100.000000
   4   17    1.360867   0.440666  100.000000 100.000000
   4   18    1.251029   0.447043    2.976712 100.000000
   4   19    1.185675   0.464270    3.531062 100.000000
   4   20    1.042559   0.469360    1.778554   1.943447
   4   21    0.971959   0.422874    2.020182 100.000000
   4   22    0.851155   0.415817    2.090624 100.000000
   4   23    0.725472   0.425817  100.000000 100.000000
   4   24    0.611089   0.467017  100.000000 100.000000
   4   25    0.597482   0.421774  100.000000 100.000000
   4   26    0.435490   0.492222    1.965300 100.000000
   4   27    0.382175   0.457795  100.000000   4.635138
   4   28    0.233912   0.427534    3.295358 100.000000
   4   29    0.187356   0.464741    4.330127   4.818202
   4   30    0.052290   0.469648    4.270866 100.000000
   5    0    3.075207   0.566789    1.642642 100.000000
   5    1    2.984970   0.538125    3.012297   2.485972
   5    2    2.883861   0.528814  100.000000   3.570316
   5    3    2.797184   0.506526  100.000000   2.636583
   5    4    2.627480   0.553858  100.000000 100.000000
   5    5    2.516637   0.525411    1.364512 100.000000
   5    6    2.497447   0.503423    5.655501 100.000000
   5    7    2.347066   0.569437  100.000000 100.000000
   5    8    2.267731   0.528435  100.000000   3.667904
   5    9    2.192469   0.587375  100.000000   4.440103
   5   10    2.070705   0.513056    4.478316 100.000000
   5   11    1.910331   0.551665  100.000000   2.676051
   5   12    1.824006   0.587074    2.423351 100.000000
   5   13    1.723045   0.548987    4.158761 100.000000
   5   14    1.622870   0.551075    3.795951 100.000000
   5   15    1.571335   0.585751    5.725887   5.770342
   5   16    1.400559   0.557118  100.000000 100.000000
   5   17    1.352370   0.571027  100.000000 100.000000
   5   18    1.207718   0.594651    4.347960 100.000000
   5   19    1.177704   0.585407    3.997355 100.000000
   5   20    1.008717   0.511025    1.685065   2.336335
   5   21    0.949750   0.511156    3.102236   4.440600
   5   22    0.882841   0.528436  100.000000 100.000000
   5   23    0.731774   0.570740    1.645887 100.000000
   5   24    0.690223   0.509896    5.594597 100.000000
   5   25    0.541610   0.532323    3.648863   3.656036
   5   26    0.492918   0.554850  100.000000   4.534370
   5   27    0.366521   0.592897    1.024690 100.000000
   5   28    0.236825   0.523441    5.135250   4.146094
   5   29    0.138746   0.581917  100.000000   4.758083
   5   30    0.026038   0.575290  100.000000 100.000000
   6    0    3.089515   0.631737  100.000000   5.784117
   6    1    2.968759   0.615493  100.000000   2.015333
   6    2    2.836377   0.625742  100.000000 100.000000
   6    3    2.798637   0.667429  100.000000 100.000000
   6    4    2.658660   0.650959    1.848000   5.920840
   6    5    2.565379   0.699847    2.959112   1.374769
   6    6    2.436920   0.655436    5.387204   3.761244
   6    7    2.378334   0.601573  100.000000 100.000000
   6    8    2.207313   0.664111    5.762816 100.000000
   6    9    2.177296   0.619612  100.000000 100.000000
   6   10    2.035438   0.634658    5.714140   5.141345
   6   11    1.976619   0.618562  100.000000 100.000000
   6   12    1.861577   0.694079  100.000000 100.000000
   6   13    1.763060   0.607583  100.000000   1.457839
   6   14    1.649216   0.647524  100.000000 100.000000
   6   15    1.593333   0.664482    3.043503 100.000000
   6   16    1.480022   0.624575  100.000000   2.765251
   6   17    1.389888   0.636679    3.503851   4.470370
   6   18    1.278201   0.641880    5.634496   1.422342
   6   19    1.101645   0.616283    3.454142   5.255200
   6   20    1.041303   0.684762    2.261765 100.000000
   6   21    0.963271   0.615863    5.245197   4.902831
   6   22    0.848778   0.658230    5.265879   5.042587
   6   23    0.799592   0.623267  100.000000 100.000000
   6   24    0.679134   0.611944    1.726941   1.388297
   6   25    0.582835   0.620857    4.634485   1.310302
   6   26    0.457513   0.671181  100.000000   2.177241
   6   27    0.305431   0.672495    3.977171 100.000000
   6   28    0.231327   0.602815  100.000000 100.000000
   6   29    0.192138   0.673906  100.000000 100.000000
   6   30    0.032769   0.660646  100.000000 100.000000
   7    0    3.086062   0.792879    2.059353   4.135174
   7    1    2.907627   0.744384  100.000000   5.013508
   7    2    2.838024   0.717343    4.478415 100.000000
   7    3    2.753915   0.739818    1.065787 100.000000
   7    4    2.667823   0.778229  100.000000 100.000000
   7    5    2.505461   0.761075  100.000000   5.415859
   7    6    2.402289   0.742949  100.000000 100.000000
   7    7    2.386290   0.721855  100.000000   4.775146
   7    8    2.243263   0.754115    1.856474 100.000000
   7    9    2.173452   0.755836    3.390122 100.000000
   7   10    2.070480   0.774608  100.000000   3.808771
   7   11    1.971968   0.782903    1.353625 100.000000
   7   12    1.829174   0.730561    5.083165 100.000000
   7   13    1.712863   0.771851  100.000000   5.033209
   7   14    1.630409   0.779329    2.480036   4.746838
   7   15    1.515130   0.700393  100.000000   1.748089
   7   16    1.445755   0.771810    2.371292   5.544008
   7   17    1.379890   0.772255    3.360144   3.566182
   7   18    1.239594   0.716456    2.394532   4.161380
   7   19    1.181205   0.778613    1.792269   5.183562
   7   20    1.052530   0.788473  100.000000   5.013210
   7   21    0.966019   0.745710  100.000000 100.000000
   7   22    0.834941   0.733245  100.000000 100.000000
   7   23    0.780886   0.730090  100.000000 100.000000
   7   24    0.680366   0.724090    4.129409   5.740808
   7   25    0.598244   0.759021    2.297870 100.000000
   7   26    0.492818   0.725017    5.166869   1.214525
   7   27    0.302274   0.784940    1.298555 100.000000
   7   28    0.220204   0.794855  100.000000   1.733736
   7   29    0.197101   0.706465    3.218809 100.000000
   7   30    0.014846   0.773685  100.000000   3.103702
   8    0    3.077324   0.823398  100.000000   3.105131
   8    1    2.944002   0.828487    5.037392 100.000000
   8    2    2.824300   0.862371  100.000000   3.242585
   8    3    2.712220   0.859516  100.000000   5.829151
   8    4    2.659083   0.883157    4.293100 100.000000
   8    5    2.526281   0.855995  100.000000 100.000000
   8    6    2.421934   0.802660    1.805128 100.000000
   8    7    2.310603   0.808769    2.069038   5.360463
   8    8    2.229431   0.812084    4.557617 100.000000
   8    9    2.143034   0.886401    3.718787 100.000000
   8   10    2.018226   0.806479  100.000000   1.415319
   8   11    1.964451   0.801534  100.000000   2.446289
   8   12    1.818665   0.856534  100.000000 100.000000
   8   13    1.775104   0.823973    2.803029   2.139051
   8   14    1.624984   0.848073  100.000000   4.567630
   8   15    1.534325   0.879412    1.926641 100.000000
   8   16    1.423638   0.834177  100.000000 100.000000
   8   17    1.311292   0.879756    5.038234 100.000000
   8   18    1.219387   0.825682  100.000000 100.000000
   8   19    1.104963   0.891163    4.455504 100.000000
   8   20    1.088332   0.825567  100.000000   5.152939
   8   21    0.961572   0.851437  100.000000   5.953617
   8   22    0.862541   0.831912    5.334853 100.000000
   8   23    0.706301   0.874497    5.730715 100.000000
   8   24    0.658460   0.860309    5.345327   3.945985
   8   25    0.505059   0.888367    3.694511   5.342670
   8   26    0.440934   0.813651    5.770613   1.522188
   8   27    0.387219   0.803274    1.566319   4.235945
   8   28    0.299527   0.860180  100.000000 100.000000
   8   29    0.137282   0.852657    1.398650 100.000000
   8   30    0.037011   0.898189  100.000000   1.972679
   9    0    3.012029   0.921781    3.094391   1.107565
   9    1    2.901204   0.989799    5.231580   3.936994
   9    2    2.800755   0.953061    2.101028 100.000000
   9    3    2.792258   0.910552  100.000000   1.740233
   9    4    2.623287   0.946084  100.000000 100.000000
   9    5    2.501972   0.905729  100.000000 100.000000
   9    6    2.495694   0.967749  100.000000 100.000000
   9    7    2.318537   0.975350  100.000000   3.490835
   9    8    2.215728   0.911305    4.206641   2.526414
   9    9    2.139101   0.912828    5.685590 100.000000
   9   10    2.091378   0.927160  100.000000 100.000000
   9   11    1.902051   0.963976    1.047076   3.579968
   9   12    1.822998   0.962143  100.000000 100.000000
   9   13    1.730363   0.966846  100.000000   3.938670
   9   14    1.639522   0.976491    1.383173 100.000000
   9   15    1.505317   0.938425    4.926827 100.000000
   9   16    1.481652   0.962641  100.000000 100.000000
   9   17    1.388513   0.912833    2.574387 100.000000
   9   18    1.266295   0.999136  100.000000   2.858746
   9   19    1.133531   0.918746    2.576009   5.813664
   9   20    1.014535   0.992821    3.166561 100.000000
   9   21    0.977802   0.995890  100.000000   4.564264
   9   22    0.892133   0.992637  100.000000   5.705688
   9   23    0.765288   0.974700  100.000000 100.000000
   9   24    0.688811   0.941695  100.000000   2.170732
   9   25    0.540199   0.908905    3.406960   3.872551
   9   26    0.452910   0.986726  100.000000   1.235035
   9   27    0.352289   0.925546  100.000000 100.000000
   9   28    0.255253   0.951802    3.311257 100.000000
   9   29    0.152716   0.973943    3.762367   1.248931
   9   30    0.010056   0.908689  100.000000 100.000000
  10    0    3.022602   1.031427    1.259447 100.000000
  10    1    2.967974   1.091122    2.112016 100.000000
  10    2    2.819662   1.099809  100.000000   3.702639
  10    3    2.777473   1.010441    5.942943 100.000000
  10    4    2.677898   1.053291  100.000000   3.589785
  10    5    2.532543   1.060503    2.234385   4.019275
  10    6    2.426649   1.030104    1.275403 100.000000
  10    7    2.358288   1.037939  100.000000 100.000000
  10    8    2.231174   1.065288  100.000000   2.028409
  10    9    2.160247   1.021963  100.000000 100.000000
  10   10    2.061620   1.043985    3.041852   1.679430
  10   11    1.925057   1.035945  100.000000   2.534648
  10   12    1.891767   1.083320  100.000000   5.442280
  10   13    1.756174   1.092708  100.000000 100.000000
  10   14    1.639931   1.071442    4.239026   2.982588
  10   15    1.541700   1.068567  100.000000   4.593420
  10   16    1.461944   1.024265    2.838732 100.000000
  10   17    1.342786   1.011824    1.734775   3.421903
  10   18    1.268922   1.050790    5.579114 100.000000
  10   19    1.190872   1.065388    2.750481   3.383755
  10   20    1.013850   1.098175  100.000000 100.000000
  10   21    0.988468   1.019235  100.000000 100.000000
  10   22    0.856857   1.019952  100.000000 100.000000
  10   23    0.798965   1.018531    1.022006 100.000000
  10   24    0.650358   1.082984  100.000000 100.000000
  10   25    0.523968   1.008728    5.291253 100.000000
  10   26    0.471028   1.032703    4.605314 100.000000
  10   27    0.351125   1.091482    2.422640   5.884474
  10   28    0.274979   1.061828    3.997008 100.000000
  10   29    0.199922   1.078603  100.000000   3.791040
  10   30    0.087741   1.064868    5.182658   5.697978
  11    0    3.013158   1.107866    4.233809 100.000000
  11    1    2.933357   1.112717  100.000000   5.406310
  11    2    2.832061   1.144483  100.000000   1.270020
  11    3    2.729619   1.198788    2.932081   2.614852
  11    4    2.668209   1.153515    4.177996   3.979726
  11    5    2.529590   1.130610    1.763040   5.989773
  11    6    2.464376   1.184305  100.000000 100.000000
  11    7    2.382154   1.110654  100.000000   5.225883
  11    8    2.268329   1.104242    1.318778 100.000000
  11    9    2.136032   1.103027  100.000000   1.184906
  11   10    2.008945   1.177919    4.718918   3.321138
  11   11    1.916870   1.128195  100.000000 100.000000
  11   12    1.850616   1.114238  100.000000   3.394172
  11   13    1.701018   1.102087  100.000000   5.354555
  11   14    1.603788   1.124756  100.000000 100.000000
  11   15    1.573130   1.123067  100.000000   1.266922
  11   16    1.441681   1.149533    5.107752   2.515495
  11   17    1.305835   1.192352  100.000000   2.879298
  11   18    1.279965   1.113887    3.212691   3.741835
  11   19    1.175245   1.188082  100.000000 100.000000
  11   20    1.035911   1.134293    1.207002   1.837677
  11   21    0.993260   1.122123  100.000000   4.030658
  11   22    0.893314   1.120195    5.004383 100.000000
  11   23    0.778998   1.166057  100.000000   1.489868
  11   24    0.633240   1.117673  100.000000 100.000000
  11   25    0.564991   1.157814  100.000000   3.030233
  11   26    0.418076   1.124102    5.483489 100.000000
  11   27    0.371181   1.122923    4.791855 100.000000
  11   28    0.270725   1.121347    5.799325   4.760759
  11   29    0.105773   1.156241    2.726654 100.000000
  11   30    0.062076   1.149567    5.920950 100.000000
  12    0    3.093845   1.233407    5.596469   1.666579
  12    1    2.929592   1.249392    1.525322   2.535605
  12    2    2.891361   1.213745    3.519007   4.113649
  12    3    2.749377   1.252530  100.000000 100.000000
  12    4    2.647660   1.235955    5.454180   3.575599
  12    5    2.539828   1.236186    4.072661   4.539531
  12    6    2.426074   1.218115  100.000000 100.000000
  12    7    2.395757   1.247784  100.000000   1.189983
  12    8    2.217724   1.238223    3.035740   5.619635
  12    9    2.164508   1.203646    2.897215 100.000000
  12   10    2.080219   1.278663  100.000000   2.955530
  12   11    1.909779   1.249035  100.000000 100.000000
  12   12    1.865344   1.250470  100.000000 100.000000
  12   13    1.786644   1.244893  100.000000   3.604970
  12   14    1.604590   1.293238  100.000000   1.292658
  12   15    1.585009   1.273695  100.000000 100.000000
  12   16    1.468569   1.280491  100.000000 100.000000
  12   17    1.394062   1.278648    5.275759 100.000000
  12   18    1.289596   1.285565  100.000000   2.788682
  12   19    1.160301   1.290518    2.323480 100.000000
  12   20    1.010801   1.286178    5.463229   4.997436
  12   21    0.942447   1.272531    2.793344   2.801881
  12   22    0.863547   1.280969    1.596154   2.954249
  12   23    0.709875   1.203057  100.000000   5.286664
  12   24    0.680835   1.248359  100.000000   5.377695
  12   25    0.574834   1.212231  100.000000   1.784221
  12   26    0.455957   1.293486  100.000000   3.332447
  12   27    0.315821   1.286952    2.342930 100.000000
  12   28    0.244043   1.275343    3.409368   1.577715
  12   29    0.110376   1.273570  100.000000   4.879308
  12   30    0.006109   1.282041    2.122117 100.000000
  13    0    3.076776   1.315313    4.382645 100.000000
  13    1    2.929355   1.354572    5.298049 100.000000
  13    2    2.838605   1.316296  100.000000   1.776211
  13    3    2.782465   1.320249    3.626399 100.000000
  13    4    2.635392   1.361437    2.930083   3.436716
  13    5    2.539208   1.381981    1.184095   1.610636
  13    6    2.418354   1.399838    1.302589   4.344543
  13    7    2.300287   1.354463    5.401583 100.000000
  13    8    2.263318   1.339816    5.144002 100.000000
  13    9    2.156288   1.316219    1.542643 100.000000
  13   10    2.065642   1.319509    3.262675   2.941297
  13   11    1.961625   1.375106    1.696264   2.208338
  13   12    1.823346   1.375383    1.797090 100.000000
  13   13    1.743983   1.355014    3.579276 100.000000
  13   14    1.647100   1.334386  100.000000 100.000000
  13   15    1.546804   1.381896    1.167394 100.000000
  13   16    1.469761   1.310524    3.719114 100.000000
  13   17    1.353350   1.314628    2.214123   2.765105
  13   18    1.215496   1.399937    2.373759   4.969366
  13   19    1.188306   1.386260  100.000000   1.553454
  13   20    1.058810   1.386218  100.000000 100.000000
  13   21    0.985322   1.308149    3.470781   2.423097
  13   22    0.878199   1.369153  100.000000   5.549673
  13   23    0.784575   1.321748    3.002106 100.000000
  13   24    0.687710   1.336311  100.000000   1.308883
  13   25    0.544163   1.351784  100.000000   4.484146
  13   26    0.439260   1.330186    4.091494   3.014958
  13   27    0.349791   1.316219    4.049886 100.000000
  13   28    0.239363   1.331315    3.461631 100.000000
  13   29    0.150962   1.318859  100.000000   4.256254
  13   30    0.001292   1.309977    5.873140   2.088626
  14    0    3.019145   1.473490  100.000000 100.000000
  14    1    2.932669   1.492850    2.055384 100.000000
  14    2    2.810365   1.484745  100.000000   3.964061
  14    3    2.748641   1.487977  100.000000   2.506337
  14    4    2.658699   1.459989    2.942286   1.988810
  14    5    2.537045   1.481403    2.725568 100.000000
  14    6    2.478537   1.495720    2.991663 100.000000
  14    7    2.322010   1.485994  100.000000 100.000000
  14    8    2.219140   1.474663  100.000000 100.000000
  14    9    2.189134   1.490236    3.392388   1.499320
  14   10    2.086511   1.469750  100.000000   5.956708
  14   11    1.998025   1.404691    4.972006   5.985149
  14   12    1.862630   1.441391  100.000000 100.000000
  14   13    1.723524   1.481119    4.126423 100.000000
  14   14    1.678919   1.481598    4.991695 100.000000
  14   15    1.501033   1.496631  100.000000 100.000000
  14   16    1.433370   1.406566  100.000000   5.259188
  14   17    1.360244   1.468650    4.646711   5.303195
  14   18    1.206435   1.442978    1.265790   4.562592
  14   19    1.184379   1.448032    1.561857 100.000000
  14   20    1.048584   1.437747  100.000000   5.725416
  14   21    0.945760   1.410291  100.000000   1.157023
  14   22    0.857639   1.408383    5.313686   3.858310
  14   23    0.753270   1.482913  100.000000 100.000000
  14   24    0.661481   1.449635    1.011859   1.850685
  14   25    0.510600   1.471447    2.404690 100.000000
  14   26    0.492728   1.451954  100.000000 100.000000
  14   27    0.372181   1.463616  100.000000   5.028388
  14   28    0.255633   1.423693  100.000000 100.000000
  14   29    0.170389   1.442737    2.543532   3.533037
  14   30    0.000647   1.428645  100.000000 100.000000
  15    0    3.016955   1.586533    4.352257   3.047509
  15    1    2.978305   1.596095    4.422930   1.958624
  15    2    2.864472   1.582895    3.353217 100.000000
  15    3    2.745547   1.572596    2.940792   4.343210
  15    4    2.690234   1.589344    2.334122   1.122155
  15    5    2.514897   1.503160    3.776913 100.000000
  15    6    2.489910   1.573517    2.324717 100.000000
  15    7    2.322167   1.591197  100.000000   1.997635
  15    8    2.258834   1.508966  100.000000   1.297545
  15    9    2.186559   1.530506  100.000000 100.000000
  15   10    2.020300   1.576288  100.000000   2.275105
  15   11    1.992573   1.571981  100.000000   3.905866
  15   12    1.841072   1.551912  100.000000   2.355213
  15   13    1.719770   1.569710    5.298136 100.000000
  15   14    1.656419   1.529531  100.000000   1.557105
  15   15    1.564013   1.587179  100.000000 100.000000
  15   16    1.412014   1.525800  100.000000   1.557850
  15   17    1.343085   1.527367  100.000000 100.000000
  15   18    1.254183   1.521519  100.000000 100.000000
  15   19    1.159035   1.543367    3.144251 100.000000
  15   20    1.054500   1.596580  100.000000   2.277869
  15   21    0.930169   1.510073    5.037537 100.000000
  15   22    0.805669   1.563197    2.300429   2.689281
  15   23    0.764518   1.551026    5.828038   2.507685
  15   24    0.614205   1.502802    1.379230 100.000000
  15   25    0.558520   1.510174    5.871952   2.593807
  15   26    0.403608   1.544638    5.812426   4.538547
  15   27    0.309060   1.563036    5.765245 100.000000
  15   28    0.200000   1.578479    4.499726   2.756315
  15   29    0.113551   1.590857    1.820056   5.584056
  15   30    0.082576   1.540379  100.000000   4.892567
  16    0    3.022288   1.644175    2.818515   4.564368
  16    1    2.993378   1.626132    1.071560   5.693037
  16    2    2.822812   1.665078  100.000000 100.000000
  16    3    2.713981   1.668494    5.566800 100.000000
  16    4    2.633483   1.650942  100.000000 100.000000
  16    5    2.507909   1.601748  100.000000 100.000000
  16    6    2.419339   1.695412  100.000000 100.000000
  16    7    2.332261   1.687167  100.000000 100.000000
  16    8    2.265990   1.657417    4.138544   2.143236
  16    9    2.162311   1.675928    3.991306   1.287057
  16   10    2.005853   1.669324    2.181644   4.358431
  16   11    1.940461   1.661764    4.488078 100.000000
  16   12    1.804420   1.659534    3.944996   1.678429
  16   13    1.731200   1.629273  100.000000 100.000000
  16   14    1.694024   1.656650  100.000000   4.269431
  16   15    1.530708   1.612950    1.222857   4.969344
  16   16    1.495816   1.607069    5.450229 100.000000
  16   17    1.399633   1.614985  100.000000   4.982523
  16   18    1.283697   1.660358  100.000000   1.595727
  16   19    1.137959   1.650724  100.000000   3.836174
  16   20    1.001030   1.641754  100.000000 100.000000
  16   21    0.970521   1.609974  100.000000   3.178936
  16   22    0.880664   1.641992  100.000000 100.000000
  16   23    0.725734   1.646625  100.000000 100.000000
  16   24    0.676138   1.664296    3.823167 100.000000
  16   25    0.510265   1.669964    4.172357   4.644992
  16   26    0.421663   1.638847  100.000000 100.000000
  16   27    0.313780   1.690318    4.257759   2.469583
  16   28    0.245494   1.659350  100.000000 100.000000
  16   29    0.140863   1.627625    2.331449   4.410713
  16   30    0.099138   1.662808  100.000000   5.791148
  17    0    3.047142   1.788843  100.000000 100.000000
  17    1    2.982467   1.718941  100.000000 100.000000
  17    2    2.864394   1.770027    4.582994   1.342383
  17    3    2.721262   1.711659  100.000000 100.000000
  17    4    2.689323   1.704975  100.000000   5.062954
  17    5    2.558345   1.708357  100.000000 100.000000
  17    6    2.448018   1.717974    4.979869 100.000000
  17    7    2.377686   1.717092    3.333269   1.200066
  17    8    2.281042   1.722859    5.321122 100.000000
  17    9    2.115800   1.736714    2.663284 100.000000
  17   10    2.076046   1.725654  100.000000   4.620359
  17   11    1.921682   1.702014    4.715068   2.853286
  17   12    1.872822   1.737612  100.000000 100.000000
  17   13    1.728782   1.783348  100.000000   5.312376
  17   14    1.612079   1.789065    1.647336   1.706866
  17   15    1.521090   1.765744  100.000000   3.222222
  17   16    1.434783   1.701494    4.914566 100.000000
  17   17    1.301132   1.743958  100.000000   5.947349
  17   18    1.207374   1.778222  100.000000   2.521497
  17   19    1.191547   1.726678  100.000000 100.000000
  17   20    1.048519   1.761531  100.000000 100.000000
  17   21    0.953278   1.766351    3.370579   1.476325
  17   22    0.859488   1.783874  100.000000   4.366457
  17   23    0.713179   1.757849    3.077692 100.000000
  17   24    0.640255   1.714157  100.000000   2.153891
  17   25    0.536885   1.708191  100.000000   4.941018
  17   26    0.418795   1.794199  100.000000 100.000000
  17   27    0.320225   1.734790  100.000000 100.000000
  17   28    0.202287   1.755235    4.378057 100.000000
  17   29    0.156084   1.754260  100.000000 100.000000
  17   30    0.064450   1.799809    3.426231 100.000000
  18    0    3.065050   1.858294  100.000000   3.748941
  18    1    2.972722   1.890814    1.820960   5.524414
  18    2    2.893762   1.857319  100.000000 100.000000
  18    3    2.778944   1.813445  100.000000   1.969863
  18    4    2.652941   1.814087  100.000000 100.000000
  18    5    2.546107   1.892387  100.000000 100.000000
  18    6    2.421475   1.835610    5.504383   2.110444
  18    7    2.380304   1.871012    2.689587   1.804062
  18    8    2.262027   1.887852    1.880178   3.485557
  18    9    2.171835   1.802665  100.000000   2.667811
  18   10    2.099035   1.864015  100.000000 100.000000
  18   11    1.911215   1.807984  100.000000 100.000000
  18   12    1.855552   1.878910    2.049824   1.993198
  18   13    1.760571   1.853780  100.000000   4.927446
  18   14    1.658348   1.878249  100.000000   5.737147
  18   15    1.525982   1.844351    4.161015 100.000000
  18   16    1.499448   1.824339    5.363069 100.000000
  18   17    1.383631   1.851026  100.000000 100.000000
  18   18    1.288559   1.858849    4.321219 100.000000
  18   19    1.101650   1.855773  100.000000 100.000000
  18   20    1.062321   1.892657  100.000000 100.000000
  18   21    0.903066   1.878097  100.000000   3.679676
  18   22    0.856243   1.843387    2.746600 100.000000
  18   23    0.718574   1.891136  100.000000 100.000000
  18   24    0.626860   1.882272  100.000000   3.001766
  18   25    0.528328   1.844181  100.000000 100.000000
  18   26    0.432882   1.807647  100.000000 100.000000
  18   27    0.336681   1.820241  100.000000 100.000000
  18   28    0.244239   1.862209  100.000000 100.000000
  18   29    0.176237   1.857317  100.000000   5.274959
  18   30    0.098870   1.823363  100.000000   3.690624
  19    0    3.028452   1.978139  100.000000   2.179283
  19    1    2.920512   1.977497    1.108778   1.656599
  19    2    2.883037   1.984518    2.408508   1.631694
  19    3    2.783523   1.994179  100.000000   5.377802
  19    4    2.692248   1.979213    5.004024 100.000000
  19    5    2.555770   1.927772  100.000000   3.156293
  19    6    2.487672   1.980447    2.162526   4.348653
  19    7    2.371798   1.982456  100.000000 100.000000
  19    8    2.234218   1.941532  100.000000 100.000000
  19    9    2.155931   1.984297  100.000000 100.000000
  19   10    2.011633   1.910507  100.000000   2.479016
  19   11    1.975910   1.960183    5.628164   3.333959
  19   12    1.816188   1.997845  100.000000 100.000000
  19   13    1.774271   1.938320  100.000000 100.000000
  19   14    1.621958   1.978355    4.503612 100.000000
  19   15    1.528728   1.902683    1.468646 100.000000
  19   16    1.497091   1.976080  100.000000   1.585689
  19   17    1.390438   1.963597    5.398212 100.000000
  19   18    1.273955   1.921647    3.528688   4.168499
  19   19    1.129594   1.984897    2.031905 100.000000
  19   20    1.014603   1.938909  100.000000 100.000000
  19   21    0.906849   1.917495    1.234017 100.000000
  19   22    0.868093   1.910685    4.772607 100.000000
  19   23    0.795616   1.933719  100.000000   4.966876
  19   24    0.641795   1.982804    1.918909   5.259274
  19   25    0.516284   1.968571    2.066058   1.283194
  19   26    0.493696   1.976338    4.630648 100.000000
  19   27    0.323013   1.965371  100.000000   1.849359
  19   28    0.202396   1.994280    2.394093 100.000000
  19   29    0.187969   1.955956  100.000000 100.000000
  19   30    0.066009   1.934880    5.879696 100.000000
  20    0    3.066376   2.053077  100.000000 100.000000
  20    1    2.958039   2.027727  100.000000   4.379522
  20    2    2.855807   2.054003  100.000000 100.000000
  20    3    2.726748   2.021847  100.000000 100.000000
  20    4    2.639728   2.081308    3.354411 100.000000
  20    5    2.596790   2.046703    2.627353   2.497905
  20    6    2.484195   2.061484    1.580569   4.511180
  20    7    2.369481   2.095051  100.000000   5.905608
  20    8    2.234255   2.036516    4.798704   5.701579
  20    9    2.131169   2.068104  100.000000   4.884110
  20   10    2.072237   2.060916  100.000000 100.000000
  20   11    1.994086   2.082983  100.000000 100.000000
  20   12    1.883828   2.083716  100.000000   1.469470
  20   13    1.754681   2.092384  100.000000   4.146824
  20   14    1.627054   2.015014    2.251499   3.004912
  20   15    1.594268   2.028312    4.734262 100.000000
  20   16    1.436593   2.040832  100.000000   1.505244
  20   17    1.351461   2.003848  100.000000   4.866094
  20   18    1.250250   2.048718  100.000000   3.582769
  20   19    1.199258   2.066544  100.000000 100.000000
  20   20    1.059142   2.037609    5.479632 100.000000
  20   21    0.911639   2.038571    4.236958 100.000000
  20   22    0.847622   2.043385    1.923271 100.000000
  20   23    0.755357   2.048411    4.819042 100.000000
  20   24    0.686999   2.079664  100.000000   4.913930
  20   25    0.503407   2.050888  100.000000 100.000000
  20   26    0.412831   2.073275  100.000000   5.130331
  20   27    0.384430   2.099318    4.289926 100.000000
  20   28    0.223422   2.071733    5.669615   2.042588
  20   29    0.174815   2.020527    3.866972 100.000000
  20   30    0.031566   2.003949  100.000000 100.000000
  21    0    3.019879   2.159109    3.662311 100.000000
  21    1    2.956013   2.170518  100.000000   2.070935
  21    2    2.841164   2.186496    5.271765   2.678437
  21    3    2.772319   2.100842  100.000000   1.324146
  21    4    2.669207   2.109493    3.007003   3.290483
  21    5    2.545101   2.187509  100.000000 100.000000
  21    6    2.488311   2.166942  100.000000   5.031303
  21    7    2.348179   2.171035  100.000000   3.216672
  21    8    2.276344   2.184516  100.000000 100.000000
  21    9    2.129409   2.100140  100.000000 100.000000
  21   10    2.047065   2.134923    1.497863   4.020202
  21   11    1.985447   2.170130  100.000000 100.000000
  21   12    1.819219   2.102178  100.000000 100.000000
  21   13    1.729396   2.105202    2.033303 100.000000
  21   14    1.677917   2.121126  100.000000   2.951241
  21   15    1.582015   2.100524  100.000000 100.000000
  21   16    1.485055   2.175384    4.557599   5.232240
  21   17    1.311320   2.112467    5.005671 100.000000
  21   18    1.225225   2.123011    4.851490   4.917938
  21   19    1.127192   2.168559  100.000000 100.000000
  21   20    1.080767   2.111003    1.769508   4.789608
  21   21    0.944937   2.129049  100.000000 100.000000
  21   22    0.888048   2.185050    4.060747   3.820664
  21   23    0.725941   2.144592    1.600666 100.000000
  21   24    0.677929   2.186311    1.694604 100.000000
  21   25    0.546715   2.179093  100.000000   5.724662
  21   26    0.479352   2.118660    5.569196   5.094317
  21   27    0.330843   2.137309  100.000000 100.000000
  21   28    0.209668   2.143630  100.000000 100.000000
  21   29    0.112380   2.177456    2.568465   5.787196
  21   30    0.000199   2.164871    3.929599   3.030544
  22    0    3.016895   2.210693    4.913454   4.070956
  22    1    2.905021   2.294947  100.000000 100.000000
  22    2    2.845127   2.212803    3.470344   2.729593
  22    3    2.735863   2.267614  100.000000 100.000000
  22    4    2.657218   2.268366  100.000000   3.198683
  22    5    2.550189   2.295582  100.000000   4.988770
  22    6    2.495264   2.287304    2.815924 100.000000
  22    7    2.325116   2.282214  100.000000   5.019127
  22    8    2.202122   2.273825    4.512559 100.000000
  22    9    2.106481   2.221451  100.000000   5.054564
  22   10    2.057008   2.286859    3.436052   2.446359
  22   11    1.971697   2.269985  100.000000   1.783724
  22   12    1.842132   2.291468    1.526887 100.000000
  22   13    1.740058   2.203109  100.000000 100.000000
  22   14    1.620090   2.299288  100.000000 100.000000
  22   15    1.512401   2.285476  100.000000   4.514989
  22   16    1.435449   2.215065    4.016828 100.000000
  22   17    1.317509   2.258109  100.000000 100.000000
  22   18    1.263357   2.257638    2.096974 100.000000
  22   19    1.196789   2.227935  100.000000   4.304261
  22   20    1.093094   2.235488    5.228088 100.000000
  22   21    0.971185   2.220378  100.000000 100.000000
  22   22    0.888590   2.243616  100.000000 100.000000
  22   23    0.765164   2.253655    2.135576   2.535389
  22   24    0.609737   2.229794  100.000000 100.000000
  22   25    0.524763   2.288297  100.000000   2.918069
  22   26    0.495296   2.292146    4.965159 100.000000
  22   27    0.384288   2.273281    4.146218 100.000000
  22   28    0.290083   2.219212  100.000000   3.619387
  22   29    0.141950   2.222829  100.000000   5.476913
  22   30    0.077067   2.205362  100.000000 100.000000
  23    0    3.069928   2.359432  100.000000   2.350000
  23    1    2.950088   2.398140    3.809151 100.000000
  23    2    2.832536   2.373340    3.253229 100.000000
  23    3    2.799006   2.304391  100.000000   5.979186
  23    4    2.668471   2.313463    5.125074   2.386930
  23    5    2.549450   2.328121    3.029937 100.000000
  23    6    2.438702   2.365897  100.000000   5.753957
  23    7    2.350006   2.321670    5.617636   3.155112
  23    8    2.220112   2.327021    1.873189   1.203517
  23    9    2.147162   2.371900    1.121034   3.393136
  23   10    2.032148   2.317005    3.396518 100.000000
  23   11    1.972503   2.358350  100.000000 100.000000
  23   12    1.859216   2.309791    3.240709   2.033237
  23   13    1.727800   2.336735  100.000000   5.876974
  23   14    1.670685   2.305732  100.000000 100.000000
  23   15    1.576245   2.354115  100.000000   4.373907
  23   16    1.477977   2.391860    3.359503   2.027391
  23   17    1.357195   2.333825    3.164501   3.573052
  23   18    1.247078   2.384502  100.000000 100.000000
  23   19    1.183265   2.315736    2.873491 100.000000
  23   20    1.068517   2.373416  100.000000 100.000000
  23   21    0.989252   2.320254    3.172400   5.516693
  23   22    0.832494   2.334365  100.000000 100.000000
  23   23    0.732603   2.318807    3.124520 100.000000
  23   24    0.609496   2.322866  100.000000 100.000000
  23   25    0.526135   2.358128    1.857189 100.000000
  23   26    0.436101   2.393153  100.000000   4.612337
  23   27    0.396990   2.350943    2.346807   5.843522
  23   28    0.268587   2.302108    1.051487   5.885773
  23   29    0.173827   2.379350    2.482436 100.000000
  23   30    0.039308   2.384109    1.134343   5.591416
  24    0    3.094393   2.417118    3.396765   5.075228
  24    1    2.972823   2.429502  100.000000   3.967045
  24    2    2.847462   2.476801    2.899944   2.417209
  24    3    2.736242   2.416308  100.000000   1.329873
  24    4    2.690981   2.447754    4.353137   1.331597
  24    5    2.567291   2.494101  100.000000   5.456140
  24    6    2.415205   2.492257    5.004111   2.924812
  24    7    2.345764   2.459118    4.127779 100.000000
  24    8    2.234966   2.447582  100.000000   1.849597
  24    9    2.107661   2.481989  100.000000 100.000000
  24   10    2.015416   2.418100    3.372361 100.000000
  24   11    1.925439   2.496637  100.000000 100.000000
  24   12    1.807457   2.457896  100.000000 100.000000
  24   13    1.727736   2.495640  100.000000 100.000000
  24   14    1.622828   2.458301    2.763864   3.512935
  24   15    1.525127   2.495002    4.226300   3.929160
  24   16    1.420422   2.450744    2.979585 100.000000
  24   17    1.395375   2.479040  100.000000   3.923380
  24   18    1.297423   2.473563    3.355700   2.203763
  24   19    1.174763   2.458308  100.000000   4.299463
  24   20    1.066798   2.462426  100.000000 100.000000
  24   21    0.973052   2.426836  100.000000 100.000000
  24   22    0.835100   2.475448    4.126396 100.000000
  24   23    0.735620   2.480944  100.000000 100.000000
  24   24    0.647429   2.485821  100.000000   4.371564
  24   25    0.512226   2.408723    4.326926   4.646333
  24   26    0.442859   2.493887    4.382334   4.876076
  24   27    0.343571   2.453131  100.000000 100.000000
  24   28    0.234740   2.415196  100.000000   1.993362
  24   29    0.144550   2.475616    5.148685 100.000000
  24   30    0.004293   2.408270    4.413534   3.501901
  25    0    3.033747   2.504342    1.185237 100.000000
  25    1    2.984274   2.530669    4.193216 100.000000
  25    2    2.895503   2.530958    5.342001 100.000000
  25    3    2.786556   2.539831    3.612389 100.000000
  25    4    2.699682   2.550637    2.651915 100.000000
  25    5    2.517530   2.538861    5.746949 100.000000
  25    6    2.406624   2.546567  100.000000 100.000000
  25    7    2.392309   2.556178    5.996674   2.512611
  25    8    2.205793   2.558223  100.000000   2.830668
  25    9    2.123133   2.591185  100.000000 100.000000
  25   10    2.092158   2.547856  100.000000 100.000000
  25   11    1.985324   2.536241    4.896153   2.229206
  25   12    1.819137   2.533503    5.001322   1.895922
  25   13    1.721745   2.520646    5.657478 100.000000
  25   14    1.627827   2.582636  100.000000 100.000000
  25   15    1.532310   2.538645    4.880253   3.316490
  25   16    1.428244   2.574585  100.000000   1.767228
  25   17    1.386019   2.516620    2.523408 100.000000
  25   18    1.244564   2.573758  100.000000 100.000000
  25   19    1.118086   2.573003    2.688358 100.000000
  25   20    1.068889   2.550423  100.000000   1.118570
  25   21    0.913336   2.533304    2.723662 100.000000
  25   22    0.893146   2.558977  100.000000 100.000000
  25   23    0.745867   2.537199  100.000000 100.000000
  25   24    0.673515   2.578331    4.450267   4.393652
  25   25    0.590540   2.566502  100.000000 100.000000
  25   26    0.412587   2.575795    3.422099   5.232077
  25   27    0.340782   2.511175    4.218045 100.000000
  25   28    0.299961   2.545943    4.053307   4.375882
  25   29    0.142755   2.552182  100.000000   1.081626
  25   30    0.055570   2.597655  100.000000   4.496586
  26    0    3.050735   2.657888  100.000000   3.365212
  26    1    2.923453   2.638790    1.250375 100.000000
  26    2    2.819654   2.655379  100.000000   4.174362
  26    3    2.785975   2.690327    5.607075   3.917772
  26    4    2.695800   2.663923    5.641110 100.000000
  26    5    2.504502   2.613526  100.000000 100.000000
  26    6    2.403911   2.677981    2.576411 100.000000
  26    7    2.342160   2.663207    2.802053   5.243290
  26    8    2.291040   2.652128  100.000000   4.644282
  26    9    2.163017   2.685136  100.000000   2.274483
  26   10    2.091470   2.684013    5.039075 100.000000
  26   11    1.907434   2.608264  100.000000   1.056784
  26   12    1.899398   2.609935    1.925653 100.000000
  26   13    1.772939   2.654016    4.026600 100.000000
  26   14    1.669735   2.681693    2.267737 100.000000
  26   15    1.525849   2.681826  100.000000   2.915897
  26   16    1.490530   2.669017    4.536237   3.510724
  26   17    1.381390   2.638882  100.000000 100.000000
  26   18    1.226818   2.679401  100.000000 100.000000
  26   19    1.148698   2.678002  100.000000 100.000000
  26   20    1.004622   2.695166    5.536248 100.000000
  26   21    0.957951   2.633403    1.420198 100.000000
  26   22    0.848066   2.663851  100.000000 100.000000
  26   23    0.708163   2.607318    4.726266 100.000000
  26   24    0.659473   2.625912  100.000000   1.442978
  26   25    0.522502   2.686396  100.000000   1.770675
  26   26    0.408464   2.611594    2.813154   2.127781
  26   27    0.335470   2.658760    5.822474 100.000000
  26   28    0.278740   2.604132  100.000000   2.029421
  26   29    0.117000   2.684651  100.000000   5.817777
  26   30    0.082400   2.694994    2.371137 100.000000
  27    0    3.067534   2.715272    3.240429 100.000000
  27    1    2.911806   2.722366    4.287933 100.000000
  27    2    2.820936   2.750811  100.000000 100.000000
  27    3    2.705998   2.715648  100.000000 100.000000
  27    4    2.632599   2.796660  100.000000   1.873105
  27    5    2.562958   2.750084    2.566108   2.874007
  27    6    2.402582   2.775359    1.516192 100.000000
  27    7    2.320133   2.770114  100.000000 100.000000
  27    8    2.202064   2.705099  100.000000 100.000000
  27    9    2.188566   2.715384    4.022440   5.097353
  27   10    2.039827   2.763240  100.000000   3.971026
  27   11    1.993138   2.790793  100.000000 100.000000
  27   12    1.844928   2.751567  100.000000 100.000000
  27   13    1.723287   2.791774  100.000000   1.288183
  27   14    1.667164   2.706693  100.000000 100.000000
  27   15    1.589912   2.704800    4.247338   3.153889
  27   16    1.451490   2.741618  100.000000 100.000000
  27   17    1.345003   2.764166  100.000000   1.268998
  27   18    1.222229   2.750787  100.000000   4.588752
  27   19    1.127679   2.793436    1.669478   2.778889
  27   20    1.005858   2.785764  100.000000 100.000000
  27   21    0.926228   2.703673  100.000000 100.000000
  27   22    0.884886   2.711255  100.000000   3.336276
  27   23    0.781603   2.733944  100.000000   3.932688
  27   24    0.659179   2.722379  100.000000   1.519888
  27   25    0.554800   2.720362  100.000000 100.000000
  27   26    0.408437   2.722924    1.168779   4.327364
  27   27    0.367923   2.770439  100.000000 100.000000
  27   28    0.255038   2.749415    4.880779   4.493392
  27   29    0.149275   2.754552    4.241638   3.269414
  27   30    0.034810   2.769039    3.226121   2.533998
  28    0    3.086899   2.844782    2.984097   2.307112
  28    1    2.917888   2.875028  100.000000   5.575522
  28    2    2.841234   2.888002  100.000000 100.000000
  28    3    2.793704   2.888561  100.000000 100.000000
  28    4    2.626286   2.864263  100.000000 100.000000
  28    5    2.540925   2.802318  100.000000 100.000000
  28    6    2.410403   2.848337    5.004082 100.000000
  28    7    2.393241   2.875837    3.550649 100.000000
  28    8    2.251365   2.839463    2.794039 100.000000
  28    9    2.168786   2.817994    1.345751 100.000000
  28   10    2.073153   2.894174  100.000000   5.583443
  28   11    1.940974   2.809522    1.393850 100.000000
  28   12    1.822942   2.888278  100.000000 100.000000
  28   13    1.746421   2.862957  100.000000 100.000000
  28   14    1.631217   2.805138  100.000000 100.000000
  28   15    1.546632   2.875247    5.276445 100.000000
  28   16    1.488145   2.804518  100.000000   1.321295
  28   17    1.310619   2.852739    2.882449   1.643729
  28   18    1.231926   2.805311  100.000000   5.032058
  28   19    1.134580   2.860294  100.000000 100.000000
  28   20    1.075173   2.881654    4.446478 100.000000
  28   21    0.904280   2.843897  100.000000   5.713612
  28   22    0.857587   2.803392  100.000000   4.204779
  28   23    0.729222   2.816274  100.000000 100.000000
  28   24    0.660370   2.818412    5.256516 100.000000
  28   25    0.584025   2.830649  100.000000 100.000000
  28   26    0.411009   2.848516  100.000000 100.000000
  28   27    0.350980   2.835055  100.000000 100.000000
  28   28    0.202643   2.896518  100.000000 100.000000
  28   29    0.191091   2.884724    4.310650   5.974507
  28   30    0.075945   2.813809  100.000000   5.454699
  29    0    3.061897   2.997427    1.016324 100.000000
  29    1    2.944429   2.981968    5.102670 100.000000
  29    2    2.890711   2.914953    2.913539   3.985939
  29    3    2.776621   2.976395    4.648095   2.644460
  29    4    2.663747   2.914336    2.916180   1.762075
  29    5    2.529056   2.955901  100.000000 100.000000
  29    6    2.422056   2.937882  100.000000 100.000000
  29    7    2.368846   2.992191    5.706213   3.729110
  29    8    2.283591   2.974188  100.000000 100.000000
  29    9    2.157005   2.946247    3.744263   1.431126
  29   10    2.000064   2.917801    5.617916 100.000000
  29   11    1.954586   2.916684  100.000000 100.000000
  29   12    1.870865   2.954777    3.516942   4.824262
  29   13    1.720566   2.938680    5.881896 100.000000
  29   14    1.697567   2.937209    2.754412 100.000000
  29   15    1.593346   2.907548    3.757806   5.354643
  29   16    1.411085   2.994655  100.000000 100.000000
  29   17    1.352651   2.936976    1.049082   3.359526
  29   18    1.208263   2.969263  100.000000   2.640192
  29   19    1.146326   2.972836    2.654293   1.641408
  29   20    1.094780   2.964406  100.000000   4.116458
  29   21    0.941419   2.950143  100.000000   2.717355
  29   22    0.808636   2.960009  100.000000   1.125846
  29   23    0.765512   2.976077    2.552548 100.000000
  29   24    0.671124   2.959614    4.520364 100.000000
  29   25    0.503211   2.992342    2.123723 100.000000
  29   26    0.449030   2.950944  100.000000   3.278660
  29   27    0.339987   2.969826    4.616351 100.000000
  29   28    0.270090   2.905913  100.000000 100.000000
  29   29    0.133140   2.930711    4.315446 100.000000
  29   30    0.063431   2.961122  100.000000   5.843717
  30    0    3.043504   3.089270    1.754203 100.000000
  30    1    2.949400   3.041576    2.831842   4.753652
  30    2    2.870361   3.001217  100.000000   5.397852
  30    3    2.752135   3.051519    1.797328 100.000000
  30    4    2.649694   3.092800  100.000000 100.000000
  30    5    2.559993   3.078521  100.000000 100.000000
  30    6    2.484598   3.095051  100.000000   5.099488
  30    7    2.363177   3.094488  100.000000 100.000000
  30    8    2.284709   3.041950  100.000000 100.000000
  30    9    2.156391   3.042691    2.886777 100.000000
  30   10    2.044552   3.038285    3.624646   2.478370
  30   11    1.925657   3.075712    1.701424 100.000000
  30   12    1.841512   3.087410  100.000000   1.198208
  30   13    1.761301   3.010029  100.000000   5.169214
  30   14    1.646748   3.048481  100.000000 100.000000
  30   15    1.544644   3.018390  100.000000   5.584989
  30   16    1.437853   3.011687    5.629571   4.603557
  30   17    1.364029   3.028711  100.000000 100.000000
  30   18    1.294951   3.065306  100.000000 100.000000
  30   19    1.170468   3.064266    1.697843 100.000000
  30   20    1.011194   3.009478    4.550299   4.447081
  30   21    0.903862   3.068654  100.000000 100.000000
  30   22    0.874547   3.097037  100.000000 100.000000
  30   23    0.743850   3.004500  100.000000 100.000000
  30   24    0.659373   3.001825    5.833467 100.000000
  30   25    0.509884   3.012316    1.174671   1.926217
  30   26    0.477587   3.098259  100.000000   1.252854
  30   27    0.311211   3.051261  100.000000 100.000000
  30   28    0.261962   3.050946  100.000000 100.000000
  30   29    0.173317   3.029078    2.193805   1.743076
  30   30    0.020340   3.039721    4.303380 100.000000
