P2
#.
123 145
255
108 
101  92  99 108 108 121 177 241 247 249 251 251 253 250 247 253 252 
251 252 253 254 254 252 254 254 253 253 253 254 255 254 253 253 253 253 
254 253 253 252 253 253 254 254 254 254 253 253 253 253 254 254 255 
255 254 254 253 254 255 253 255 255 255 254 254 252 254 255 254 252 254 
254 254 254 254 254 254 254 253 254 255 255 255 255 255 255 255 255 
255 255 255 255 255 255 255 255 255 255 255 255 255 255 255 255 255 255 
255 255 255 255 255 255 255 255 255 255 255 255 255 255 255 255 255
111 
 97 118  96 139 199 238 245 247 251 252 251 251 252 250 247 253 252 
251 252 253 253 253 252 254 254 254 253 253 252 252 251 251 251 251 253 
254 253 253 253 253 254 254 255 254 254 253 253 254 254 253 253 254 
255 254 254 254 254 255 253 254 252 254 254 251 254 255 253 252 255 254 
251 253 255 254 255 254 254 253 254 255 255 255 255 255 255 255 255 
255 255 255 255 255 255 255 255 255 255 255 255 255 255 255 255 255 255 
255 255 255 255 255 255 255 255 255 255 255 255 255 255 255 255 255
103 
107 152 226 239 245 247 249 252 254 254 252 252 253 252 250 253 252 
252 252 254 254 253 252 254 254 254 254 254 252 251 250 251 252 252 252 
254 254 253 254 254 254 254 254 253 253 253 253 253 253 253 254 254 
254 254 253 253 253 253 253 254 253 254 254 254 251 252 254 254 254 255 
254 255 255 255 254 255 255 255 255 254 254 254 255 255 255 254 254 
254 254 255 255 255 255 255 255 255 255 255 255 255 255 255 255 255 255 
255 255 255 255 255 255 255 255 255 255 255 255 255 255 255 255 255
180 
238 242 244 246 248 251 254 253 253 253 252 252 254 254 255 254 253 
253 253 254 254 254 254 254 254 255 255 255 254 253 253 253 253 253 253 
254 254 254 253 255 254 253 252 251 251 252 252 251 252 253 254 254 
253 252 252 252 251 252 253 253 253 251 245 247 253 253 250 251 253 253 
250 252 254 253 252 254 255 254 254 254 254 254 255 255 255 254 254 
254 254 255 255 255 255 255 255 255 255 255 255 255 255 255 255 255 255 
255 255 255 255 255 255 255 255 255 255 255 255 255 255 255 255 255
248 
245 249 249 252 251 254 254 253 253 253 253 253 255 254 253 255 254 
254 254 254 254 254 254 255 255 255 255 255 255 255 255 254 254 254 254 
254 254 253 254 254 253 252 250 250 250 251 251 250 251 253 253 253 
252 252 252 252 251 250 251 247 247 251 253 253 251 248 250 252 251 249 
252 253 253 254 253 255 254 252 252 253 254 254 255 254 254 254 254 
254 254 254 254 255 255 255 255 255 255 255 255 255 255 255 255 255 255 
255 255 255 255 255 255 255 255 255 255 255 255 255 255 255 255 255
250 
253 249 253 252 254 249 253 253 253 254 254 255 254 254 254 255 254 
254 254 254 254 254 254 255 255 255 255 254 255 255 255 254 254 254 254 
254 254 254 254 254 254 253 251 250 251 252 252 246 247 249 251 252 
251 249 248 234 223 217 204 170 136 122 118 158 202 233 235 237 246 251 
251 247 249 247 247 251 254 253 253 253 253 254 255 254 254 254 254 
254 254 254 254 255 255 255 255 255 255 255 255 255 255 255 255 255 255 
255 255 255 255 255 255 255 255 255 255 255 255 255 255 255 255 255
251 
254 247 254 254 252 254 252 252 252 254 255 254 254 254 254 254 254 
254 254 254 254 255 255 255 255 255 255 255 255 255 255 254 255 254 254 
254 254 254 254 254 254 254 253 251 251 251 251 248 250 251 249 235 
209 179 159 144 137 139 140 130 128 139 145 146 148 141 138 152 172 193 
213 242 249 252 252 255 254 251 250 252 253 254 255 254 254 254 254 
254 254 254 254 254 254 255 255 255 255 255 255 255 255 255 255 255 255 
255 255 255 255 255 255 255 255 255 255 255 255 255 255 255 255 255
254 
251 254 250 253 252 252 254 254 253 253 254 254 253 254 254 254 254 
254 254 254 254 255 255 254 255 255 255 255 255 255 255 255 255 255 254 
254 254 254 254 254 254 254 253 251 250 250 251 252 232 199 170 152 
142 135 131 127 125 128 127 123 130 134 125 128 137 142 147 151 145 142 
151 165 187 213 234 250 255 253 252 252 253 254 255 254 254 254 254 
254 254 254 254 254 254 255 255 255 255 255 255 255 255 255 255 255 255 
255 255 255 255 255 255 255 255 255 255 255 255 255 255 255 255 255
254 
254 254 254 254 253 253 253 252 253 253 253 254 254 254 254 255 255 
255 255 255 255 255 255 253 255 255 255 255 254 255 255 254 254 251 254 
255 251 254 254 254 254 254 249 252 252 251 218 159 138 137 118 116 
116 115 108  91  72  69  77  75  70  70  70  81 107 120 120 133 147 153 
154 158 161 169 175 209 249 254 252 251 255 255 253 255 255 251 254 
253 254 254 253 252 254 255 255 255 255 255 255 255 255 255 255 255 255 
255 255 255 255 255 255 255 255 255 255 255 255 255 255 255 255 255
250 
251 251 252 252 253 253 253 253 253 253 254 254 254 254 254 255 255 
255 255 255 255 255 255 254 255 255 255 255 255 255 254 253 253 254 254 
253 254 254 251 254 252 247 253 251 236 188 131  94  73  77  62  53 
 41  38  38  37  34  37  37  31  32  34  28  29  36  42  53  76  98 123 
148 151 153 150 180 191 192 206 246 255 254 248 255 251 255 254 252 
254 254 254 254 254 254 255 254 255 255 255 255 255 255 255 255 255 255 
255 255 255 255 255 255 255 255 255 255 255 255 255 255 255 255 255
251 
252 252 253 253 254 254 254 254 254 255 255 255 255 255 255 255 255 
255 255 255 255 255 255 255 255 255 255 255 255 254 254 254 248 254 254 
252 254 254 254 254 254 254 250 183 115  86  66  45  37  47  38  36 
 34  35  34  30  33  36  32  26  32  36  31  29  30  29  30  32  35  57 
 87 126 158 162 198 187 168 157 160 198 241 253 255 255 255 252 255 
253 253 253 254 255 255 254 254 255 255 255 255 255 255 255 255 255 255 
255 255 255 255 255 255 255 255 255 255 255 255 255 255 255 255 255
253 
253 254 254 254 254 254 255 254 254 253 254 254 254 254 254 255 255 
255 255 255 255 255 255 255 255 255 255 255 255 254 253 249 252 254 254 
252 252 249 254 252 251 233 127  93  58  52  51  41  35  39  31  33 
 35  34  28  32  29  29  29  28  32  35  32  32  31  29  30  33  31  31 
 36  46  78 107 172 181 174 151 112 114 148 241 247 255 253 250 255 
252 250 250 254 255 255 254 255 255 255 255 255 255 255 255 255 255 255 
255 255 255 255 255 255 255 255 255 255 255 255 255 255 255 255 255
254 
254 254 254 254 254 254 254 253 254 253 253 253 253 253 253 254 255 
255 255 255 255 255 255 255 255 255 255 254 254 252 251 253 254 251 246 
254 246 254 248 249 198  85  73  54  53  50  60  44  33  33  33  36 
 33  32  33  30  27  28  32  34  33  32  29  32  34  32  30  33  34  29 
 23  36  33  40  82 110 135 147 135 123  94 126 229 252 237 255 247 
253 251 251 254 255 255 255 255 255 255 255 255 255 255 255 255 255 255 
255 255 255 255 255 255 255 255 255 255 255 255 255 255 255 255 255
254 
254 254 254 254 254 254 253 252 253 254 254 253 253 253 254 255 255 
255 255 255 255 255 255 255 255 255 255 254 253 252 251 254 254 251 254 
252 254 253 251 160  53  64  48  46  42  51  43  42  39  37  35  34 
 30  29  31  31  33  33  31  32  32  32  32  28  32  35  33  31  32  36 
 39  28  29  25  27  51  69  92 110 119  88  79 125 172 253 255 255 
253 253 253 254 255 255 255 255 255 255 255 255 255 255 255 255 255 255 
255 255 255 255 255 255 255 255 255 255 255 255 255 255 255 255 255
254 
254 253 254 255 255 255 254 253 253 253 253 254 254 254 254 255 255 
255 255 255 255 255 255 255 255 254 253 253 253 253 253 253 250 254 250 
254 252 253 117  55  88  59  56  59  46  32  32  32  37  35  32  31 
 33  35  35  33  37  34  29  29  32  33  34  35  31  30  33  34  33  33 
 32  34  35  30  29  36  26  41  69 104  88 103 125 114 149 253 238 
252 254 255 255 255 255 255 255 255 255 255 255 255 255 255 255 255 255 
255 255 255 255 255 255 255 255 255 255 255 255 255 255 255 255 255
254 
253 253 254 254 254 253 253 253 253 253 254 254 254 254 254 255 255 
255 255 255 255 255 255 255 255 254 253 252 252 254 254 248 250 253 254 
254 226  79  65  61  52  58  40  41  41  32  32  37  34  28  31  32 
 29  29  34  34  34  31  32  35  33  30  31  32  31  33  35  33  31  31 
 30  30  31  30  35  35  26  36  43  64  65 106 132 127  88 110 230 
249 253 255 254 255 255 255 254 255 255 255 255 255 255 255 255 255 255 
255 255 255 255 255 255 255 255 255 255 255 255 255 255 255 255 255
255 
254 255 254 254 254 254 254 254 254 254 254 254 254 254 254 255 255 
255 255 255 255 255 255 255 255 254 249 254 249 254 254 254 249 254 254 
188  77  65  48  51  43  45  41  40  35  33  31  35  34  31  31  32 
 32  32  33  33  33  33  32  31  31  31  32  32  32  31  31  31  32  32 
 31  26  30  33  34  33  32  33  34  44  63 127 146 103  98  96  82 
205 247 255 253 255 252 254 254 255 255 253 254 255 254 255 255 254 254 
255 255 255 255 255 255 255 255 255 255 255 255 255 255 255 255 255
254 
254 254 254 254 254 254 254 254 254 254 254 254 254 254 254 255 255 
255 255 255 255 255 255 254 255 254 254 254 253 244 254 254 254 238 179 
 74  66  48  46  55  43  45  43  41  33  33  34  31  32  34  34  34 
 33  33  33  32  32  32  32  32  31  31  32  31  32  32  32  32  33  32 
 32  35  35  35  34  32  29  28  27  35  62 131 143 119  92  89  60 
 43 181 252 255 255 252 254 253 252 255 254 255 255 254 255 255 254 254 
255 255 255 255 255 255 255 255 255 255 255 255 255 255 255 255 255
254 
254 254 254 254 254 254 254 254 254 254 254 254 254 254 254 255 255 
255 255 255 255 255 255 252 255 250 246 254 254 254 251 254 240 192  59 
 66  51  43  52  49  39  43  40  39  35  35  37  29  31  34  35  35 
 34  33  33  32  32  32  31  32  32  32  32  32  32  32  33  33  34  33 
 33  31  31  31  30  33  33  33  32  33  29  69 134 134  95  72  66 
 49  69 170 255 247 255 254 254 255 255 253 253 255 255 255 255 254 254 
255 255 255 255 255 255 255 255 255 255 255 255 255 255 255 255 255
254 
254 254 254 254 254 254 254 254 254 254 254 254 254 254 254 255 255 
255 255 255 255 255 255 255 250 254 254 245 250 254 250 254 186  56  60 
 61  50  46  40  42  41  45  36  35  37  38  34  31  32  32  33  33 
 33  33  33  32  32  32  32  32  32  32  32  32  32  32  33  34  34  33 
 33  33  32  31  31  33  33  33  32  30  32  36  82 101 110  76  56 
 68  63  59 167 255 252 250 252 253 255 254 254 255 254 255 255 254 254 
255 255 255 255 255 255 255 255 255 255 255 255 255 255 255 255 255
255 
255 255 255 255 255 255 255 255 255 255 255 255 255 255 255 254 254 
255 255 255 255 255 255 254 254 254 243 253 250 254 254 193  68  69  57 
 50  56  49  49  43  42  46  36  36  38  39  33  35  34  33  33  34 
 34  34  34  33  33  33  32  31  31  31  31  32  32  32  33  34  34  33 
 33  34  34  33  32  31  30  32  32  38  32  34  35  64  75  64  58 
 64  76  56  56 203 251 254 247 241 252 255 255 255 252 254 255 254 254 
255 255 255 255 255 255 255 255 255 255 255 255 255 255 255 255 255
255 
255 255 255 255 255 255 255 255 255 255 255 255 255 255 255 254 254 
255 255 255 255 255 255 254 254 253 254 247 252 253 220  67  57  68  55 
 40  41  55  55  43  37  41  37  38  36  36  36  35  34  33  34  35 
 35  33  32  33  33  32  32  32  31  30  30  32  32  32  33  33  33  33 
 32  31  31  32  32  30  31  33  35  31  29  36  17  37  45  52  66 
 84  76  53  28  71 226 249 254 248 254 252 253 255 255 255 254 254 254 
255 255 255 255 255 255 255 255 255 255 255 255 255 255 255 255 255
255 
255 255 255 255 255 255 255 255 255 255 255 255 255 255 255 254 254 
255 255 255 255 254 254 254 254 253 253 254 248 250  78  57  61  57  53 
 49  51  49  57  44  36  39  38  39  36  36  37  34  34  34  34  35 
 34  33  32  33  33  33  32  32  32  32  32  33  32  32  32  33  33  33 
 32  34  34  34  32  31  30  30  31  34  33  33  33  32  30  37  66 
 89  81  47  44  34 110 240 255 253 255 251 251 255 255 255 253 254 254 
255 255 255 255 255 255 255 255 255 255 255 255 255 255 255 255 255
255 
255 255 255 255 255 255 255 255 255 255 255 255 255 255 255 254 254 
255 255 255 255 254 254 254 248 254 254 236 254 116  65  57  51  56  50 
 60  56  50  43  49  43  46  39  40  39  38  35  35  36  35  35  34 
 34  34  35  33  33  33  33  32  33  33  33  33  33  32  32  33  33  33 
 33  33  33  33  32  32  32  32  32  30  33  32  39  28  18  27  54 
 76  70  47  37  43  36 133 252 240 252 255 255 255 253 255 255 254 254 
255 255 255 255 255 255 255 255 255 255 255 255 255 255 255 255 255
255 
255 255 255 255 255 255 255 255 255 255 255 255 255 255 255 254 254 
254 254 254 253 254 254 254 255 252 252 252 155  46  70  63  48  52  46 
 59  60  44  41  48  47  44  42  40  39  38  36  35  36  36  34  34 
 35  36  35  34  33  33  33  33  33  32  32  33  34  34  34  34  33  33 
 33  33  33  33  33  32  31  31  31  34  32  30  31  33  34  34  34 
 45  50  46  30  31  47  33 185 253 255 252 255 253 255 255 251 254 253 
254 255 255 255 254 254 255 255 255 255 255 255 255 255 255 255 255
255 
255 255 255 255 255 255 255 255 255 255 255 255 255 255 255 254 254 
254 255 254 254 254 254 255 254 254 250 213  60  68  51  62  60  53  51 
 54  58  53  51  55  50  44  41  40  40  38  37  37  38  38  36  35 
 35  34  32  34  34  33  32  32  32  32  31  33  33  33  33  33  33  33 
 33  33  33  33  32  32  30  32  33  34  34  34  35  36  35  33  31 
 33  35  36  48  22  36  47  60 254 247 255 254 255 255 253 255 254 254 
255 255 255 255 255 255 255 255 255 255 255 255 255 255 255 255 255
255 
255 255 255 255 255 255 255 255 255 255 255 255 255 255 255 253 254 
255 255 254 254 253 253 255 251 254 253 102  79  58  66  51  62  53  62 
 64  66  70  66  54  47  42  41  41  39  37  37  36  37  37  37  36 
 36  34  33  35  34  33  32  32  33  33  34  34  34  34  33  33  33  33 
 33  33  33  33  32  31  31  33  34  33  32  32  33  33  32  28  26 
 30  39  37  42  35  32  33  50 137 255 249 255 252 255 255 255 251 254 
255 255 255 255 255 254 255 255 255 255 255 255 255 255 255 255 255
255 
255 255 255 255 255 255 255 255 255 255 255 255 255 255 255 252 254 
255 254 251 250 253 254 253 248 254 173  80  62  80  61  56  64  55  62 
 64  61  61  52  48  44  41  44  45  42  40  41  39  37  38  37  39 
 38  37  35  33  33  32  32  33  34  35  36  36  36  35  34  33  32  32 
 32  33  34  35  33  32  32  34  36  38  36  35  34  34  33  32  30 
 32  33  33  39  28  30  41  39  42 221 253 255 255 249 253 255 248 252 
255 253 253 255 255 254 255 255 255 255 255 255 255 255 255 255 255
255 
255 255 255 255 255 255 255 255 255 255 255 255 255 255 255 254 254 
255 254 252 253 254 254 251 254 217 111  74  66  69  69  59  57  55  56 
 60  53  55  55  50  49  52  55  54  51  49  49  47  44  41  40  39 
 37  36  36  34  34  34  35  35  35  36  36  36  35  34  33  32  32  32 
 31  33  34  35  34  33  33  34  36  40  38  36  35  35  35  35  35 
 31  38  37  33  36  44  33  32  42 114 254 244 252 255 252 255 249 253 
255 254 254 255 255 255 255 255 255 255 255 255 255 255 255 255 255
255 
255 255 255 255 255 255 255 255 255 255 255 255 255 255 255 254 254 
253 253 254 254 253 249 252 254 159  86  91  79  76  74  71  67  71  62 
 59  47  45  55  64  66  68  65  60  54  50  50  51  47  43  42  41 
 39  38  37  37  38  39  38  38  35  35  35  34  34  33  33  33  33  33 
 33  33  34  36  36  35  35  36  37  36  35  34  34  34  34  34  34 
 34  28  33  31  35  39  29  34  42  36 186 254 250 255 250 255 252 253 
255 255 255 255 254 254 255 255 255 255 255 255 255 255 255 255 255
255 
255 255 255 255 255 255 255 255 255 255 255 255 255 255 255 254 253 
253 252 254 254 253 247 254 220 115  98  94  93  78  70  71  74  80  73 
 64  53  49  56  69  75  76  71  64  59  54  51  49  46  43  43  43 
 41  41  42  43  43  43  42  39  37  36  35  35  34  36  36  36  36  36 
 36  34  36  38  39  39  39  39  40  37  37  37  36  36  36  37  37 
 34  40  28  33  42  33  49  21  36  34  82 234 255 248 243 255 254 252 
253 255 255 254 253 255 255 255 255 255 255 255 255 255 255 255 255
255 
255 255 255 255 255 255 255 255 255 255 255 255 255 255 255 254 254 
254 253 252 253 253 252 252 164 102 113 105  92  90  78  90  96  92  86 
 69  59  51  54  62  70  75  72  68  65  61  55  49  44  42  43  44 
 43  43  44  43  42  43  41  38  37  35  36  39  39  39  39  38  39  37 
 37  37  39  41  43  44  44  43  43  39  38  37  35  35  36  37  38 
 35  29  36  27  36  30  50  33  35  45  25 145 254 249 254 251 254 250 
251 255 255 255 254 255 255 255 255 255 255 255 255 255 255 255 255
255 
255 255 255 255 255 255 255 255 255 255 255 255 255 255 255 252 254 
254 254 251 247 254 252 231 114 128 146 122 119 120 106 109 114 100  92 
 80  72  63  54  60  63  70  74  73  70  65  56  49  46  43  45  48 
 47  44  43  45  45  43  40  39  38  39  40  40  42  43  44  44  45  45 
 46  44  45  46  48  51  52  49  46  41  40  38  37  37  37  37  36 
 34  36  34  31  34  41  33  44  38  23  37  59 226 252 255 244 255 254 
254 255 255 255 255 255 255 255 255 255 255 255 255 255 255 255 255
255 
255 255 255 255 255 255 255 255 255 255 255 255 255 255 255 254 254 
248 251 252 254 250 247 175 111 140 152 154 146 136 126 118 112 101  98 
 95  92  81  69  63  68  76  83  83  79  70  59  54  51  50  53  55 
 53  50  49  44  46  45  44  44  45  47  48  48  49  50  49  49  49  50 
 50  51  51  52  54  57  57  54  50  41  41  40  39  38  37  34  33 
 36  35  36  32  35  39  33  43  27  30  47  27 130 254 252 254 255 253 
253 254 255 254 254 255 255 255 255 255 255 255 255 255 255 255 255
255 
255 255 255 255 255 255 255 255 255 255 254 254 254 254 255 253 255 
254 253 251 254 252 231 124 110 149 170 200 176 154 154 144 126 117 111 
110 107  98  87  81  80  85  91  91  87  78  66  62  61  61  64  63 
 60  57  57  52  53  53  53  54  55  56  56  56  55  54  53  53  53  53 
 52  54  54  55  57  58  59  56  52  44  43  40  39  38  38  36  34 
 38  35  36  31  36  35  32  42  40  48  21  33  45 211 247 250 254 253 
253 255 255 255 255 255 255 255 255 255 255 255 255 255 255 255 255
255 
255 255 255 255 255 255 255 255 255 254 254 253 254 254 255 253 252 
252 253 248 248 252 176 117 119 154 201 239 195 174 181 155 133 130 121 
118 114 112 109 107 102 100 100  99  96  88  77  70  69  69  71  70 
 70  68  68  66  67  66  64  63  63  61  59  59  57  56  56  56  55  55 
 54  55  54  55  55  57  58  57  54  50  45  40  38  37  40  40  40 
 40  35  37  32  38  33  32  39  34  38  40  42  37  97 254 254 253 253 
253 255 255 255 255 255 255 255 255 255 255 255 255 255 255 255 255
255 
255 255 255 255 255 255 255 255 255 254 253 253 254 254 254 254 254 
254 253 251 254 234 134 131 140 172 232 251 207 200 196 156 137 139 132 
128 125 126 127 124 117 112 111 111 109 102  91  80  77  76  77  79 
 81  82  82  80  80  78  73  70  68  65  61  61  60  58  57  57  56  55 
 56  56  56  55  54  56  57  57  56  52  47  41  39  39  42  43  43 
 42  38  40  36  39  33  34  38  36  34  41  45  40  60 224 252 253 252 
253 255 255 255 255 255 255 255 255 255 255 255 255 255 255 255 255
