P2
240 300
255
 110 108 105 100  98  98 101 104 101 103 104 105 106 105 105 105 103 102 102
 102 101 105 108 104 104 105 105 105 104 105 106 107 104 103 103 103 102 100
 101 104 105 104 104 104 105 106 106 106 102 105 105 103 103 105 104 102 101
 102 101 101 100 101 103 105 103 101 102 104 105 104 101  98 101  97  95  97
 100 101 100 100  97  98 101 105 108 107 103 100  91  95  98  99  99  95  92
  91  92  96  95  92  93  98  97  92  93  94  94  91  87  85  88  92  86  86
  88  90  90  90  89  89  87  89  90  90  93  94  92  89  86  79  84  85  84
  85  84  85  84  85  88  90  90  89  87  86  91  96  99  99  98 100 102 102
  99 102 105 106 105 103 104 104 107 110 109 102 100 102 102  98  98 100 107
 117 123 123 113 103 101  99 103 112 119 119 113 108 105 102  99  98  99  99
  95  91  97 102 105 104 101 101 101 100  98 100 101 101 102 103 101  98 100
 101 103 100  97  94  93  93  91  96  97  95  97 101 102  99  99 100  98  96
 100 107 109 106 101  97  99 100  95  93  96  97 110 108 104 101  99 100 102
 104 102 103 104 104 106 106 106 106 106 104 103 103 101 106 110 108 102 103
 103 103 102 102 104 105 105 104 105 106 104 102 102 105 106 105 105 105 105
 105 104 103 103 105 105 103 103 105 105 103 101 100 100 101 103 105 105 103
 100 101 104 106 107 105 102  99  99  99 102 105 106 103 100 100 100  99  99
 100 100 100  97  94  92  94  95  94  92  89  90  93  96  94  93  91  90  91
  92  92  91  91  90  90  89  89  90  91  89  87  87  87  89  88  89  91  93
  89  84  86  92  93  89  83  83  82  87  86  84  86  84  86  83  84  85  86
  87  87  86  86  90  95  99 100 101 102 102 101 103 104 107 111 113 112 109
 105 105 108 108 104 102 104 105 104 104 105 110 118 124 123 114 104 105 102
 103 110 115 114 109 105 101  98  95  96 100 102 101  99  99 104 108 106 103
 102 103 103 101 101 100  98  99 101 101  99 104 105 105 103  99  96  95  95
  95  98  98  96  97 102 104 102 103 103 100  97 100 108 111 110 100  97  98
  99  95  95  99 101 110 107 104 101 102 102 103 103 100 100 100 101 103 105
 106 106 106 105 106 106 105 109 111 108 103 103 104 104 103 104 105 106 106
 107 109 110 108 104 104 106 108 107 107 107 107 107 105 103 104 105 105 104
 104 106 106 105 103 101 101 103 108 111 108 104 103 104 107 108 108 106 104
 103 100 102 106 109 108 103  99  99  98  97  96  96  98  98  97  95  97  96
  95  94  93  91  93  95  86  81  80  87  92  92  93  96  95  93  91  88  88
  89  92  93  92  93  92  89  89  93  94  92  88  87  87  87  87  86  87  88
  91  87  84  81  85  89  84  83  86  86  87  88  89  91  92  92  90  94 100
 103 105 105 104 101 103 103 106 113 120 120 114 108 104 106 106 105 103 103
 105 108 109 108 112 119 125 125 117 108 108 104 104 109 113 113 109 107 103
  99  94  95  99 102 102 102 103 107 109 107 102 100 100 101 104 103  99  96
  96  99 100  99 105 106 107 104  99  95  95  95 100 101  99  97 100 105 107
 105 100 100  97  94  97 103 105 103  99  96  95  96  95  97 101 103 110 107
 104 102 104 104 104 103  97  96  95  96 100 103 104 104 105 105 108 111 109
 110 109 105 102 103 104 104 104 105 107 108 107 108 112 113 111 106 105 107
 109 108 108 110 111 110 108 106 103 104 104 105 105 106 106 106 106 105 104
 106 110 113 111 106 105 106 106 103 102 102 103 103 102 102 104 106 105 101
  99  99  98  98  98  98 100 102 101  99  98  96  94  92  90  92  90  84  82
  72  64  68  72  72  69  69  71  70  67  62  58  58  60  60  57  68  71  68
  73  88  92  86  91  90  89  85  85  90  94  91  89  86  85  83  87  89  83
  86  88  89  90  90  91  94  96  96  90  94  98 103 106 106 104 101  99  99
 102 109 117 119 115 110 104 104 104 104 101  99 101 106 110 108 111 117 124
 126 121 114 111 108 107 111 114 113 110 108 107 101  96  96  98 100 100 100
 101 104 107 104 100  98  99 102 104 103 101  97  96  98  99  98  99 102 104
 102  97  93  92  93  99  98  97  95  98 103 104 102  96  97  96  95  96  99
  98  95  99  96  94  94  94  97 100 102 110 107 104 103 105 106 105 103  97
  95  94  95 100 103 105 104 105 104 108 111 109 109 107 103 100 101 102 103
 103 104 106 108 107 109 112 114 112 108 106 107 109 108 108 109 111 110 108
 105 101 102 103 105 106 105 105 105 106 107 106 105 107 109 109 106 104 105
 104 100  97  97  99  98 101  99  99 102 104 103 101 100 104 103 100  97  98
 101 100  98  92  91  90  84  79  81  81  73  58  53  45  39  37  40  41  40
  39  40  39  38  40  42  40  36  24  28  27  20  21  26  28  24  35  42  49
  49  54  74  90  89  82  81  87  90  89  85  83  91  87  89  89  88  88  90
  91  89  89  90  93  98 101 101  99  98  96  97 101 105 110 112 111 110 104
 103 103 104 101  98 101 107 109 107 109 114 121 124 121 116 113 111 110 113
 114 112 109 107 104  98  94  96 100 101 101 101  95  97 100  99  97  96  99
 103 102 103 102  99  98  98  98  96  93  96 100  99  96  92  91  91  93  93
  92  92  95  97  96  94  98  99  99  98  98  99  97  95 100 100  98  96  97
  98  99 100 110 107 104 103 104 105 105 104  99  96  95  97 103 107 107 106
 107 104 105 108 106 106 108 106 102 103 104 105 105 106 108 109 107 107 109
 111 110 108 107 108 108 106 105 105 107 107 104 101 100 100 101 103 104 103
 103 104 104 106 104 101 101 104 105 103 103 106 107 104 101 101 101  98  98
  96  96 101 105 104 100  98 104 102  97  91  92  96  97  95  97  90  81  64
  44  38  37  33  39  49  55  50  45  48  50  49  39  36  31  30  35  41  39
  33  38  29  21  17  10   5   4   8   2   6  12  23  45  81 102  98  97  84
  82  82  82  85  84  86  87  90  90  87  86  87  86  83  87  86  87  91  93
  93  93  93  98  99 102 103 104 105 107 109 103 102 103 103 102 101 104 110
 109 108 108 112 116 119 117 114 108 107 109 112 114 112 110 109 103  97  93
  96  99  99  99  99  96  97  97  96  94  93  95  98  99 102 102 100  98  98
  97  95  91  94  97  98  96  94  93  92  93  93  94  95  96  96  94  92 100
 100  98  96  96  97  97  97 102 105 103 100 101 101 100 101 111 108 104 102
 104 104 104 104 100  97  96  99 105 109 108 107 106 102 102 106 105 106 109
 110 107 107 108 108 107 108 109 110 107 106 105 108 108 107 106 107 106 103
 101 102 104 104 102 100 101  99  99 100 101 100 101 103 103 105 103  99  99
 103 104 101 102 106 108 106 106 107 107 104  97  96  97 100 100  97  93  92
  95  95  91  87  87  92  92  88  87  69  57  49  33  24  29  33  37  52  61
  58  50  45  39  33  33  32  28  23  22  25  23  18  20  15  10   9   8   6
   8  13  11   2   5  28  68 112 133 126 110  90  80  73  72  84  88  81  88
  91  90  87  86  88  88  84  86  85  85  88  89  89  89  91  97  99 102 103
 103 103 105 106 102 102 102 102 102 103 106 110 108 107 108 110 112 114 114
 112 109 108 109 113 114 112 110 110 105  98  93  96  98  96  95  96 101  99
  98  96  94  92  93  96  98 100 100  98  96  97  97  96  91  93  94  95  96
  95  95  94  96  96  97  98  98  96  95  93  96  95  94  93  93  94  96  97
 100 105 104 100 101 101 101 103 111 108 104 102 103 103 104 104 100  97  95
  98 105 109 108 105 103  99 102 107 107 108 110 110 107 108 108 107 106 106
 106 107 107 104 103 105 106 106 106 107 104 102 100 101 104 106 104 102 102
  99  97  98  98  98 100 104 104 105 102  99 101 106 105 101  99 103 104 101
 103 107 109 107 100  98  97  96  92  87  85  85  89  91  90  87  87  89  86
  80  67  37  24  28  22  14  20  28  40  48  54  53  46  39  31  24  17  29
  38  37  34  33  31  29  34  36  31  20  13  11   5   2   2   2   6  20  32
  56  84  92  97  89  90  77  66  80  90  83  84  88  88  85  86  90  90  87
  88  86  86  88  89  88  89  91  94  96 100 102 103 103 104 105 100 101 100
  99 100 102 105 107 106 106 107 109 110 112 113 112 117 116 115 115 113 109
 107 106 104  96  92  94  97  96  96  97 100  98  96  97  96  96  98 101  97
  99  98  95  94  95  97  97  92  92  92  93  94  95  95  95  95  95  96  96
  95  93  92  91  91  92  93  94  94  95  95  96  97 103 102  98  99 100 100
 103 109 108 106 106 105 105 104 103  97  97  98 102 107 109 107 104 104 106
 106 106 107 109 109 106 104 105 107 107 105 104 104 104 105 102 103 108 109
 108 109 112 106 102 100 101 104 107 107 106 100 101 101 100 100 102 105 108
 107 104 101  99 102 104 103  99 102 103 102  99 101 104 103  99  94  90  89
  87  87  90  86  84  88  93  90  94  90  71  49  30  20  28  30  33  35  28
  28  37  46  40  23  17  29  36  32  30  32  24  20  26  33  32  29  27  30
  28  36  39  25  13  10   6   2   3   5   6   9  26  46  45  43  60  64  58
  52  53  69  83 106  92  87  93  85  83  91  86  92  90  92  93  89  90  92
  90  90  90  92  97 100 101 102 103  97  95  94  96 102 107 108 107 107 106
 106 108 111 112 113 113 121 118 113 110 109 109 107 107 105  99  94  94  95
  95  96  97 100  99  97  98 100 102 102 102  97  96  96  97  95  94  95  98
  96  95  95  95  95  94  96  99  96  95  96  95  93  91  92  96  98  94  91
  90  92  95  96  97  97 102 103  99  96  98 101 100 111 109 106 105 104 103
 102 101  97  99 102 105 107 107 106 105 106 107 106 105 105 107 105 103 102
 103 103 103 102 103 104 106 105 102 103 108 110 108 108 111 108 105 103 103
 105 107 108 108 104 104 104 104 104 103 103 103 105 104 102 101 103 104 102
  97 102 102  99  93  92  95  95  91  87  84  84  84  88  86  82  94  94  94
  80  62  40  27  28  26  31  33  34  43  50  41  32  36  45  41  30  23  21
  15   9   8  11   6   5   8   9   5   5   5   7   2   8  19  19  16  12   5
   4   1   4   4   3  10  22  26  47  54  60  50  34  51  83  88  80  86  79
  85  98  92  86  91  90  88  87  87  88  89  91  94  89  89  91  95  96  96
  97  99  96  94  93  95 102 106 108 107 104 104 104 105 107 109 109 109 109
 108 107 107 109 108 106 105 104 100  98  97  96  94  94  95  99  98  99 100
 101 102 102 101  97  96  97  97  96  94  95  97  97  96  95  96  95  95  97
 100  97  96  96  96  94  93  94  97  97  96  94  94  96  97  98  97  97 102
 103  98  96  99 101 101 110 108 106 104 103 103 102 102  99 103 108 109 108
 106 106 107 106 106 106 105 105 105 104 101 101 101 100  99 100 102 105 107
 106 103 104 108 110 108 108 110 108 107 105 104 104 105 107 108 104 104 105
 107 108 108 105 103 101 102 102 103 105 106 103  99  98 100 100  98  97  97
  95  91  89  88  88  87  88  88  86  95  95  72  48  36  27  27  36  37  57
  59  47  32  31  32  26  21  20  15  11   8   4   2   2   9   4   1   1   4
   4   1   2   5   2   2  10  18  13   9   9   6   6   0   2   1   4  18  35
  57  66  66  87  95  66  54  75  83  71  53  31  61 109 104  84  88  88  91
  89  85  86  88  90  91  88  89  91  94  94  93  95  98  97  94  93  96 103
 108 109 108 105 104 104 104 105 105 106 105 103 104 106 107 108 107 102 100
  99  98  98  98  95  93  95  99  99 100 102 102 102 101 101 101  98  97  98
  99  98  95  95  97  97  96  95  96  96  95  98 101  98  96  95  96  95  94
  94  97  95  95  95  96  97  97  97  97  97 101 101  97  96  98 100 101 108
 107 104 103 104 105 106 106 103 107 111 112 110 108 107 107 103 104 105 106
 107 107 105 103 102 102 101 100 101 103 105 107 108 106 106 108 110 109 109
 111 111 110 109 107 105 105 107 110 105 104 104 107 110 111 108 105  99 101
 102 104 106 108 107 103  98 102 104 103 102 101  99  95  89  88  92  86  85
  91  87  76  64  48  48  56  49  41  45  48  65  67  50  25  16  18  15   9
   7   5   6   7   5   3   2   1   3   0   0   3   5   3   1   0   2   7  17
  19   7   1   5  10  12   7  11   5   5  11  18  40  45  50  77  99  78  58
  80 105 105  90  62  55  69  77  84  90  86  88  91  89  85  90  94  91  89
  89  92  94  94  94  96 100  98  96  94  97 105 110 111 110 108 107 107 106
 106 106 106 105 105 106 108 110 110 107 102 100  97  99 101 100  96  93  97
 102 105 106 106 104 101 100 100 101 100  99  99 101 100  97  96  97  95  94
  94  96  96  96  98 101  99  97  95  95  95  93  93  95  93  94  94  95  95
  96  96  96  96  99  99  96  95  98 101 101 108 107 105 104 105 107 108 109
 108 109 111 113 112 110 108 106 101 102 105 109 111 109 106 104 105 105 104
 105 105 106 107 107 109 108 107 108 109 108 109 111 113 113 111 108 106 106
 109 111 109 106 104 106 109 110 107 105 101 103 104 104 106 108 108 106 103
 104 103  99  95  95  95  95  88  89  91  88  93  94  76  60  56  50  57  59
  43  33  37  41  29  31  33  36  34  23  14  11  10  13  16  15  15  19  18
  11  17  15  14  15  12   9   5   3   2   2   5   5   1   0   0   1   1   0
   7   2   1   6  10  26  31  50  79  91  72  66  78  77  53  46  59  89  90
  79 102 135 100  84  87  94  88  88  93  89  90  90  93  95  95  94  96  99
  98  95  94  97 104 109 110 109 107 107 108 109 109 109 109 109 107 108 110
 110 111 109 106 104 101 105 109 108 102  96  96 101 111 111 109 104 100  98
  99 101 103 101 101 102 102  99  97  98  95  94  95  97  98  98 100 103 103
 100  98  97  96  94  94  95  94  94  93  93  93  95  97  98  98  99 100  98
  97 100 103 105 110 109 107 106 106 107 107 107 110 109 110 111 112 111 108
 105 103 104 107 111 112 109 106 104 106 107 108 109 110 110 108 106 108 109
 110 110 108 108 109 111 110 108 105 103 102 103 105 106 105 104 103 104 107
 108 107 106 102 104 104 102 102 103 103 102  99 101 102  99  95  93  93  94
  92  96  94  91  97  81  52  48  60  53  48  34  24  30  32  30  23  21  21
  24  31  36  39  40  35  41  39  28  25  27  28  26  18  19  19  16  11   4
   2   2   3   1   0   0   0   0   0   0   2   3   2   1   3  16  34  44  33
  34  50  54  44  63  82  61  42  51  64  80  81  78  99 124 103  75  74  92
  92  88  94  96  91  91  93  95  94  91  91  94  95  93  92  94  99 103 105
 104 101 103 106 108 109 109 109 109 109 110 111 110 109 106 104 103 101 106
 112 114 109 102 100 103 114 113 109 103  98  98 100 103 105 102 101 102 102
  99  98  98  97  97  99 102 102 101 102 104 105 103 101 101  99  96  96  98
  98  96  93  91  92  95  99 101  99 100 100 100 100 103 106 108 111 109 108
 107 106 106 105 104 108 108 108 108 109 108 106 105 105 104 106 110 111 108
 105 104 106 107 109 112 113 111 108 106 106 109 112 112 108 106 107 110 107
 104 100  98  99 101 102 102  99 100 103 105 106 106 105 105 100 102 102  99
  96  96  96  95  93  98 103 105 102  99  98  98  95  95  98  88  71  50  35
  38  40  43  46  36  27  28  26  28  27  35  39  38  41  47  45  34  34  45
  44  35  32  29  26  28  15  17  18  13   8   4   5   5   1   2   3   3   3
   3   4   6   2   5   5  14  20  33  57  57  50  29  24  28  26  42  55  35
  47  56  60  60  53  47  64  86 103  92  88  91  89  82  83  86  91  90  92
  95  94  91  90  91  93  92  91  92  96  99 101 101  99 102 106 108 108 107
 106 105 107 109 111 110 109 105 101 100 100 104 108 111 108 104 105 108 112
 109 105 101  98  99 103 106 105 102 100 101 100  98  97  97  99  99 102 105
 104 102 101 102 104 102 101 101  99  96  97 100  99  95  91  89  91  95  99
 101  99  99  98  99 100 103 107 109 110 109 107 106 106 106 104 103 105 106
 106 106 106 105 105 105 105 104 105 108 110 108 106 106 105 106 109 112 113
 112 109 106 103 108 113 113 109 105 106 107 109 105 100  99 102 104 105 104
  98 101 105 107 105 102 100  98  96  98  99  96  93  93  92  92  95  99 103
 104 102 101 102 104 100  93 105  86  42  32  42  42  44  41  45  41  33  25
  22  34  33  39  45  45  37  30  28  26  22  28  21  14  13  10   9  18  17
  14  10   8   7   5   4   2   2   2   1   1   2   2   1   0   5   6   5  22
  29  41  66  62  33  16   4   8  19  28  30  15  10  22  27  35  64 102 105
  69  80  99 101  90  88  90  89  93  90  90  92  96  96  94  92  92  93  93
  92  93  96  98 100 101 101 104 108 110 108 105 102 101 100 104 109 111 111
 108 104 102 103 103 103 102 100  99 103 108 108 106 102  99  98 100 104 108
 105 101  99  99  99  97  96  96  99 100 102 105 104 100  98  99 100  99  99
  99  97  95  96 100  98  93  88  86  89  94  98 100  95  95  94  96  98 101
 105 108 111 109 109 110 108 105 103 103 106 109 109 106 104 105 105 103 105
 104 103 105 107 109 108 105 104 107 111 113 111 109 108 108 107 111 113 112
 110 110 109 107 109 107 104 102 101 102 102 102  99 100 103 105 103  98  94
  94  94  95  94  92  92  94  94  92  95  96 105  97  95  94 101 102  97  89
  86  66  41  35  52  80  58  39  49  46  29  25  34  35  31  28  23  26  42
  53  49  43  38  33  29  23  18  11   8   8  12  12  17  19  16  19  15   3
   4   1   1   4   5   4   4   5   5  14  26  46  22  37  98  68  22   5   5
   8   6   5   4   8   4   7  12  17  65  82  85  72  61  68 111 109  79  91
  93  96  95  95  94  97  96  95  94  94  93  93  92  91  90  91  94  95  97
 101 106 110 110 106 102  98 100 103 104 104 105 106 106 103 107 107 106 103
 100  98  99 101 102 104 103  99  98 100 104 105 107 103  99  97  98  98  98
  96  96  98 103 106 105  99  95  94  94  94  94  94  95  96  97  98  99  95
  91  91  95  98  97  96  96  96  95  94  96 101 104 104 112 110 109 108 105
 101 100 101 106 108 108 106 104 103 102 101 105 105 105 107 109 110 108 107
 108 110 113 113 111 109 109 109 110 112 113 111 110 110 109 107 106 105 103
 102 102 102 101 101  97  98  99 101 100  98  97  98  96  96  95  93  94  96
  97  95  93  96 102  96  92  90 100  99  88  65  52  45  40  39  50  73  46
  37  51  54  37  41  43  34  26  26  30  40  51  50  39  34  27  19  16  18
  22  19  14   8   4   5   7  10  21  39  39  20   9   6   3   2   2   3   5
   6  11  20  18  25  23  41  64  38  19   2   2   5   5   6   9  13  10  10
  17  16  48  62  71  60  41  59  85 102 101  78  87 101  93  94  95  98  96
  96  97  98  97  95  93  92  92  94  96  97  96  99 104 108 109 106 101  98
 100 101 101  99 100 103 104 104 106 106 106 103  99  98  99 101 102 105 106
 103 101 101 103 104 106 103 100  99 100 100  99  97  96  98 102 106 104 100
  96  95  95  95  95  96  97  99  99 100 100  99  96  95  95  96  96  96  95
  98 100 100 100 102 102 101 111 109 107 105 101 100 101 104 105 106 106 104
 102 101 101  99 104 104 106 109 110 109 108 108 113 114 115 114 112 110 109
 110 107 108 108 106 106 107 107 105 105 104 104 105 105 104 103 102  97  97
  97  98  98  97  99 102 100  99  96  93  93  95  96  94  88  91  96 100 101
  90  93  82  63  49  38  33  35  34  41  63  62  55  68  79  55  57  52  42
  31  28  31  41  46  38  28  30  31  32  35  40  40  33  23  15   9   9   9
   5   7  25  36  29  18  15   9   3   3   4   5   5  14  14  19  22  24  25
  20  19  20   5   3   4   2   2   1   3   5   5  10   9  44  75  83  55  31
  38  52  92 105 126  94  89  96  95  95  93  97 101 100  98  98  96  94  92
  93  94  96  97  95  96  99 103 105 104 100  97  98  98  96  95  96 100 104
 105 107 107 107 104 101 100 100 101 100 104 107 105 102 101 101 101 104 103
 102 101 101 102 100  98  96  98 101 104 103  99  97  97  96  97  98  99 100
 100 101 102  99 100 100  98  96  95  96  97  98 102 105 104 101 100 101 101
 112 110 108 104  99  98 101 105 105 105 104 102 100 100 101 101 102 104 107
 110 111 109 108 108 116 117 118 116 113 111 109 109 106 106 105 104 105 107
 107 105 105 105 106 108 108 107 105 105 100  99  99 100  99  97  98 100 102
 100  97  93  94  97  98  97  95  95  97 105 102  77  62  39  33  39  34  27
  29  33  39  53  61  50  59  82  52  46  46  54  48  44  41  42  45  41  37
  42  43  47  51  50  45  38  33  29  24  18  21  24  23  24  20  10  14  11
   6   4   4   4   5   7  16  13  30  35  25  18  14  19  20   8   5   5   4
   2   1   1  10   4   3   3  33  51  47  20   9  35  56  71  76 115  78  53
  93 103 108  95  96 100 101  97  97  97  97  95  94  94  96  97  94  94  96
  99 101 101  99  96  97  96  95  95  97 101 104 106 110 110 109 107 104 102
 102 102  98 102 106 105 101  98  97  98 103 103 102 101 101 101 101  99  98
  98  99 101 100  98  98 100  97  98 100 100 100 100 101 101  96  97  97  97
  96  96  97  99 101 104 105 102  98  96  99 103 114 112 108 103  97  97  99
 102 107 104 102 100 100 101 103 105 103 104 108 112 112 109 108 110 117 118
 118 117 115 112 109 108 110 110 110 108 109 111 110 107 106 105 107 110 110
 107 106 107 104 104 104 105 102  98  95  96  99  97  95  94  97 103 105 104
  98  98 100 100  85  49  32  16  25  30  24  26  39  44  43  47  31  37  62
 100  77  68  67  80  81  81  75  72  74  72  67  65  64  66  66  62  56  51
  44  35  33  29  35  40  37  35  31  23  16  14  15  16  13   7   5   8  11
  17  29  29  22  26  28  19  29  18  15  12   7   6   1   3   7   2   7  20
  32  18  19  36  67  78  96  97  97  54  58  40  64  93 116  95  92  96  99
  96  95  98 100  99  96  94  95  98  95  94  93  95  97  98  97  95  96  96
  96  96  97  98 100 101 109 109 108 106 104 102 101 100  99 101 104 104 100
  97  97  98 101 103 102  99  98 100 101 100 100  98  98  98  97  96  97 100
  99 100 100 100  99  98  99  99  97  95  94  95  96  98  99 100 101 103 103
 100  96  95  99 103 111 111 108 103  99 100 103 105 109 105 102 102 103 104
 106 108 106 106 110 115 115 112 111 114 116 116 117 116 114 112 109 107 111
 113 113 112 111 111 108 105 105 104 106 110 109 105 104 106 107 107 108 108
 105  99  95  95  96  95  92  91  95 100 102 101  92  95 100  83  58  37  37
  35  28  25  22  35  45  39  35  36  34  57  84 111 102  99 103 112 122 123
 115 108 107 104  97  90  87  89  86  76  67  62  56  49  58  53  46  32  21
  25  33  31  20  21  26  30  25  17  13  14  24  33  33  34  38  37  39  41
  39  30  26  18  12   7   2   3   2   3  10  20  22   5  15  51  87 108  97
  79 107  57  30  26  30  62  95  82  90  97  96  91  91  94  97  97  94  92
  93  94  96  94  92  92  93  95  95  94  95  94  95  96  96  95  94  95 104
 104 104 103 102 100  99  98 101 102 103 103 101  99  98 100 100 103 103  99
  97  99 100  99 101  99  97  97  95  94  95  98  99 100 100  99  97  96  97
  98 101  98  95  96  99 101 101 100  98  99 101 101  99  97  99 103 114 114
 112 108 105 107 109 108 111 107 105 106 107 107 107 109 107 107 110 115 116
 112 112 114 114 114 114 114 113 111 109 108 108 112 114 114 113 111 108 105
 105 104 108 112 111 105 102 104 107 107 108 108 106 101  98  98  98  96  93
  91  94  97  98  95  95  94  93  57  39  42  47  47  27  30  35  44  40  31
  40  53  86 106 110 110 111 119 133 139 141 142 135 126 124 123 119 115 121
 122 114  97  87  85  86  85  65  52  42  36  36  45  46  33  32  42  51  51
  47  44  43  41  41  42  38  42  49  40  35  48  42  40  39  32  24  18   8
   7   2   7   9  13  19  25  38  57  55  72 110 107  79 111 103  39  34  57
  85  77  93  97  93  91  93  92  93  94  96  95  93  91  97  95  92  90  90
  91  93  94  94  93  93  95  95  94  95  97  98  99 100 101 101 101 100  99
 101 100 100 102 101  99  99 101  99 103 104 100  97  99 100  98 100  98  98
  98  95  93  92  94  99 100  99  97  95  95  97  99 101  99  98  98 100 102
 101 100  97  97  99 102 103 102 103 106 124 124 120 114 111 110 109 107 112
 109 107 109 109 108 108 109 106 105 107 113 114 111 110 113 113 113 112 111
 111 110 109 109 106 112 116 117 117 115 112 109 105 106 110 115 114 106 103
 104 106 106 106 107 105 102 101 103 102 100  96  95  98 102 102  99  98  88
  78  35  31  55  54  41  37  46  51  51  43  47  79 102 110 127 123 115 125
 127 133 131 137 139 136 133 134 135 137 139 138 137 131 121 113 105  90  74
  67  55  56  64  66  65  60  54  70  84  92  83  76  76  75  70  67  63  63
