P2
227 226
255
  24  23  21  20  19  19  20  20  20  20  20  20  18  19  21  22  25  25  27
  28  28  29  28  28  30  30  31  32  32  32  34  35  35  34  34  35  34  35
  36  37  38  36  34  32  32  35  37  38  37  36  36  36  37  36  35  33  35
  35  34  34  35  36  36  35  34  36  39  40  41  41  40  40  41  40  41  40
  39  38  37  36  34  34  34  31  32  32  32  30  31  34  25  28  28  30  47
  58  96 101  78  89  81  66  60  60  44  43  51  58  55  91  80  96 108  95
  66  78  97  78  81  78  94 117 112  99 125 157 156 153 120  87  67  86  95
  72  49  38  34  26  35  35  39  49  44  42  46  45  46  46  48  48  40  40
  38  36  35  33  32  30  29  27  28  28  29  30  32  33  34  34  35  38  40
  40  38  37  39  42  44  46  48  48  49  50  49  49  47  49  50  50  50  48
  47  47  46  45  44  44  43  41  40  39  37  37  35  35  37  38  37  37  38
  38  38  38  38  38  38  38  37  36  35  36  37  39  40  41  41  42  42  24
  24  23  22  21  20  20  20  20  20  20  20  20  21  22  24  24  25  26  28
  30  31  31  31  31  31  32  33  33  34  35  37  37  37  36  36  36  36  37
  38  38  36  35  34  34  35  35  36  38  36  36  36  37  36  34  34  35  36
  36  36  37  37  37  36  39  40  41  42  42  42  43  44  44  43  42  41  41
  42  42  41  37  35  34  33  33  34  32  29  25  32  28  27  27  38  87  86
 115 119  88 100  97  82  59  64  53  38  77  91  54  39  39  86  96  72  58
  96  95  92 123  91  89 107 103  89  97 127 146 149 131 141 132 123 117 102
  91  61  28  28  41  43  43  45  42  44  43  44  47  45  44  45  39  41  38
  36  33  32  31  29  28  29  29  29  29  30  33  34  35  35  36  38  39  40
  40  40  42  43  45  47  49  50  51  51  49  48  47  47  48  48  48  47  46
  46  45  44  44  44  43  41  39  38  37  35  34  34  36  38  37  35  36  36
  37  37  37  37  36  36  35  34  34  34  37  38  39  40  40  40  41  25  24
  22  21  21  21  21  21  21  21  21  21  21  22  23  25  25  26  27  28  29
  30  30  30  30  31  32  34  34  35  36  38  37  37  39  38  37  38  38  37
  38  37  37  37  36  36  36  37  38  38  37  37  37  36  35  34  34  35  37
  37  37  37  37  36  39  40  43  44  46  46  48  49  47  46  45  45  44  44
  43  42  39  36  35  34  34  34  31  29  29  28  29  31  32  38 105  95  89
  87  84  81  85  64  52  34  41  64  93 122  91  69  89  49  71 136 116  91
 114 166 136 119  91  90 104 117 112 102 103 107 107 142 165 149 138 118 118
 101  86 100  99  76  53  45  44  46  46  46  46  43  42  43  39  38  39  35
  32  31  30  28  29  28  28  29  30  33  34  36  36  36  37  37  37  39  40
  42  44  45  46  49  51  53  52  51  47  46  49  47  46  45  46  47  48  47
  46  46  45  43  43  42  40  39  35  34  33  34  37  39  37  34  36  36  36
  36  36  36  35  35  33  33  32  33  34  35  36  37  39  40  40  26  25  24
  23  22  22  22  22  21  21  21  21  21  22  23  24  26  27  28  29  29  30
  31  33  32  32  32  34  35  35  37  38  38  38  39  40  40  39  38  38  37
  38  37  36  36  38  39  39  38  38  38  39  38  37  34  33  34  35  37  37
  37  38  38  39  39  41  44  46  49  49  48  49  48  49  49  49  48  46  44
  42  41  38  37  36  35  34  33  33  28  36  33  26  38  54 113  99  72  74
  90  70  67  60  59  35  65  89  86  95 123 142  63  23  63 118  61  69 100
 109 127 118  94  71  89  94  80  71  76  94 115 124 126 142 147 106 129 125
 139 144 125  89  61  45  44  44  46  43  43  39  40  44  40  36  37  34  31
  30  28  29  28  28  28  29  32  33  35  36  36  38  37  37  38  40  42  44
  45  46  47  50  53  53  51  49  47  45  49  46  44  43  45  46  47  47  46
  45  43  42  41  40  40  39  35  34  33  33  35  36  35  34  35  35  35  34
  33  33  33  34  32  31  31  32  33  36  36  37  37  37  38  26  25  25  25
  25  25  25  25  23  22  22  22  23  23  24  24  25  26  28  30  31  33  36
  38  34  34  34  37  38  38  39  40  41  42  43  43  43  43  42  41  38  37
  36  36  36  37  38  38  40  39  39  39  37  37  35  35  37  37  38  38  38
  39  41  43  44  45  47  49  50  50  50  49  51  51  51  51  51  50  48  47
  45  43  40  39  38  37  38  40  36  29  33  66 107 101 105  96  75  80  70
  53  48  61  61  64  77  55  34  15  93  99  54  38  34  27  47  93 101  72
 110 112  86  60 126 123  60  54  71  72 112 115 137 109 120 121 111  93  90
  98  97  88  69  42  39  51  43  39  41  39  38  43  41  37  35  34  31  30
  29  28  28  27  27  29  32  35  36  37  37  37  39  41  42  42  42  43  45
  47  49  50  50  49  48  47  45  43  46  45  43  42  41  42  43  45  44  42
  40  38  37  37  36  36  35  35  34  33  33  33  33  34  33  33  32  33  33
  32  32  32  31  31  31  33  34  35  36  36  34  35  36  27  27  26  26  26
  26  25  25  22  22  22  22  23  23  24  23  25  26  29  29  30  32  35  38
  35  35  36  39  40  41  42  42  46  47  48  48  48  47  45  45  43  41  40
  38  37  37  38  37  40  40  39  38  37  35  35  36  36  36  37  37  39  41
  43  45  47  48  49  50  53  54  56  58  59  57  55  53  51  50  49  49  46
  44  42  41  38  37  38  42  37  33  35  59 101 111 105 108  89  66  46  38
  35  41  49  64  88  60  56  47  71  87  32  34  56  67  52  55  86  89  79
  67  80 122 161 120  77  48  45  77 109  81  89  76 123 151 137 116 114 118
 117 103  74  47  39  45  43  40  46  45  38  39  39  38  34  32  31  30  30
  30  28  27  28  30  34  36  36  37  36  38  40  41  43  43  43  44  46  49
  49  50  50  49  47  47  46  44  44  45  44  42  39  40  42  44  43  41  38
  36  35  35  36  36  36  34  33  31  31  31  32  34  33  32  31  30  31  31
  30  30  30  30  31  32  34  34  34  35  33  34  35  26  26  26  26  26  26
  26  26  24  22  22  22  22  22  22  23  25  27  29  29  29  30  33  35  35
  36  38  41  43  45  45  46  49  50  51  51  50  48  47  47  47  46  44  42
  40  39  39  39  39  39  39  38  37  35  36  38  35  35  36  38  41  44  46
  47  49  50  51  54  56  58  61  62  62  60  58  56  54  52  50  49  48  45
  43  40  39  36  38  40  24  53  96 118 128 118 111 111  91  65  56  49  45
  36  54  62  82  16  29  26  19  62  50  43  61  93  44  28  74  88  62  66
 113 111 104 133 154  94  69  76  96  75  96  89 127 152 148 151 137 125 106
  72  53  57  56  53  47  41  47  49  41  39  38  37  34  32  32  30  30  30
  29  29  30  32  34  35  34  35  38  39  40  42  45  45  44  44  46  48  48
  49  50  48  47  47  47  45  44  44  43  41  40  41  42  43  42  40  39  37
  37  37  36  36  35  34  33  31  30  30  29  30  30  30  30  29  29  28  28
  29  28  28  29  30  32  34  33  34  33  34  34  28  27  27  27  26  26  27
  27  26  25  24  24  25  25  23  22  23  26  28  29  29  30  33  36  37  38
  41  44  47  49  49  49  52  53  53  52  51  50  50  49  46  45  44  43  41
  39  38  38  39  39  38  37  35  35  38  39  36  36  37  40  44  49  51  51
  52  53  55  56  57  58  58  59  60  61  61  62  61  59  56  54  52  47  44
  41  41  38  37  39  29  70 120 120 116 116 106  62  49  57  51  46  44  42
  57  76  79  37  35  36  57  90  71  47  45  87  74  62 120 108  83  70  95
  90  86 133 141 116 148 104  86  90  96 100 111 107 147 167 178 165 149 100
  62  56  52  53  48  37  42  47  44  43  39  35  34  33  31  29  29  30  30
  31  32  33  34  33  33  35  38  40  41  44  45  46  45  45  46  47  48  49
  49  48  48  48  48  47  43  40  39  39  40  41  41  41  41  40  39  38  38
  37  34  33  33  32  30  29  29  29  28  27  29  28  29  28  26  28  27  27
  27  27  29  30  32  33  32  34  32  33  33  31  30  30  29  27  27  27  28
  26  25  24  25  25  25  25  24  25  26  28  30  31  32  34  37  38  43  44
  48  49  49  52  50  53  52  52  51  50  49  48  48  45  47  46  43  40  39
  39  39  39  39  38  38  37  37  39  41  38  37  39  43  47  50  51  53  54
  56  58  60  59  59  57  58  60  62  63  62  61  59  57  56  52  48  47  41
  40  40  38  40  41  86 145 122  87  85  76  55  53  59  38  30  47  50  22
  39  49  61  66  59  85 105  80  56  44  89  74  64 118 109  45  39  92  77
  74 104  95 137 178  91  72  98  78  84 117 122 123 147 148 147 155 139  89
  52  41  37  41  47  46  42  41  34  41  36  34  31  30  29  30  30  31  32
  33  34  33  33  33  35  38  41  45  46  46  46  45  45  46  47  51  49  47
  48  48  48  46  45  42  40  38  39  41  42  40  39  40  39  38  37  36  35
  34  34  33  33  32  31  30  29  28  28  27  27  26  26  25  26  25  26  26
  26  27  30  31  32  32  32  33  35  37  30  30  30  29  29  29  29  29  27
  26  26  26  26  26  26  25  28  29  30  31  32  34  35  38  41  47  48  49
  50  50  54  53  55  54  53  52  52  51  51  51  50  47  43  41  41  42  41
  40  40  39  36  36  36  38  41  42  41  41  43  48  51  53  54  55  55  57
  58  60  61  63  63  65  66  65  62  59  57  57  58  59  55  51  49  43  38
  38  35  36  27  85 152 132  89  63  63  89  97  75  41  30  52  73  61  51
  43  68  71  63 103  91  61  61  69  94  65  39  71 101  50  47  76  51  36
  70  98 171 141  88  96 133  66  64 109 140 121 134 130 120 143 167 164 145
  86  65  53  52  50  39  43  40  36  36  33  32  30  30  30  30  29  30  33
  34  35  35  36  37  40  42  45  46  46  47  46  47  46  47  49  49  50  49
  48  46  45  43  41  41  39  38  39  39  40  40  39  38  38  37  36  35  35
  34  34  33  32  31  31  29  28  28  28  27  26  26  26  26  26  27  26  26
  28  30  33  32  33  33  34  36  38  31  31  30  30  29  29  29  29  27  26
  26  26  27  27  27  27  30  30  31  33  34  36  37  40  44  49  48  50  50
  52  57  57  59  58  56  55  56  55  54  53  50  49  47  47  47  46  43  40
  40  39  39  40  41  42  43  42  43  45  48  51  53  53  54  55  55  56  57
  59  61  63  65  67  67  67  66  63  61  61  59  58  54  50  50  46  42  42
  39  43  40  72 101  90  88  81  72  87  95  71  62  50  67  94 151 122 101
 107 102 103  97  99  51  87 110  93  71  70 101 109 136  57  36  80  56  52
  55 123 111  93 105 147  87  94 102  92  97 132 157 155 139 154 165 166 144
  89  52  51  53  45  40  38  41  41  33  31  30  31  30  30  28  29  32  34
  36  37  38  39  41  42  45  47  47  48  47  48  47  47  48  50  50  50  48
  46  43  42  44  42  41  39  37  36  37  38  38  39  38  38  36  36  35  35
  35  34  32  31  30  29  28  28  28  26  27  26  26  25  26  26  26  27  30
  32  35  34  34  33  36  38  40  31  31  31  31  31  30  30  30  28  27  26
  26  27  29  30  30  32  32  34  36  36  37  39  42  44  49  50  52  54  55
  59  59  61  62  61  60  58  56  56  56  57  55  52  49  46  45  46  47  40
  39  39  39  40  41  42  42  45  48  52  53  52  54  56  56  57  58  59  61
  62  63  66  68  67  69  70  70  69  66  63  59  58  52  50  45  41  40  36
  36  47  93 134 126  91  76  84  79  73  90 112 106  99 112  99  86  95  80
  77  77  38  31  94 147 140  85  58  99 100  63  33  42  90 150  84  55  74
  40  54  54  63 113 116 168 133  90  39  81 141 155 142 150 154 137 156  81
  39  45  48  45  41  31  38  37  33  31  31  31  30  30  30  31  33  34  36
  37  40  41  42  43  46  47  47  47  47  47  48  47  48  49  48  49  48  45
  43  41  43  43  42  39  37  36  36  37  38  38  37  37  37  37  36  36  36
  35  33  32  31  30  29  28  29  28  27  25  25  26  26  26  27  28  30  33
  34  34  33  33  37  39  40  34  33  33  33  32  31  31  32  31  30  28  27
  27  29  31  33  32  32  33  35  37  38  42  44  46  51  50  54  57  59  63
  62  61  63  64  63  59  56  57  59  52  51  49  47  46  43  41  40  47  45
  42  39  40  42  45  50  47  51  52  53  54  59  60  59  62  63  65  67  68
  69  70  72  72  72  71  69  68  67  65  63  63  56  51  46  44  42  38  37
  39  91  96 104 108  94  95  94 102 106 114 104 110 113  91  68  39  42  67
  64  77 100 154 124  88  54  46  70  56  35  66  79 162 181 133  62  28  61
  50  61  69 101 143 145 136 117  58  96 101 126 136 129 151 162 170 108  47
  46  47  44  49  39  32  34  33  32  30  30  29  30  32  33  34  36  37  39
  41  44  46  45  46  48  48  47  46  47  49  50  48  47  47  47  46  44  42
  39  39  39  38  39  39  39  39  39  37  38  38  38  38  37  37  36  37  36
  35  34  33  31  30  29  29  29  27  26  25  25  25  25  23  25  27  31  33
  33  33  31  34  36  37  36  37  37  36  35  35  35  35  34  33  31  29  29
  31  32  34  32  32  34  36  37  40  43  45  46  51  53  57  60  61  65  64
  62  65  67  66  63  61  62  63  61  55  51  50  54  54  49  44  41  41  41
  41  40  41  43  44  45  50  52  53  56  62  65  63  64  66  68  70  72  73
  75  77  78  77  74  72  70  69  66  64  62  54  51  47  47  48  43  42  56
 102 111 116  91  70  77  60  59  77  79  76  90 120  68  87 109 105  98  92
 111 145 119  90  63  46  46  66  61  85 120 123 135 149 172 150 100 120 140
  93  52  46  76 122 119 112  75 110 111 129 124 127 166 173 155 140  75  41
  51  45  41  43  36  35  32  30  30  30  29  30  31  33  35  34  35  38  41
  44  45  45  45  47  48  47  47  48  50  51  51  49  46  44  44  42  39  37
  37  37  36  38  39  40  39  38  38  38  39  39  39  39  38  38  39  38  37
  36  34  33  32  31  31  30  28  26  24  23  23  24  25  26  27  30  32  33
  33  32  35  37  38  37  37  38  37  36  36  36  36  34  33  32  30  30  30
  32  34  34  34  35  37  38  40  43  45  48  55  57  60  61  60  65  65  63
  65  66  66  64  62  61  61  64  55  46  42  43  46  48  48  45  45  46  49
  51  52  49  46  47  52  54  53  57  65  68  66  66  68  70  71  72  75  77
  79  80  80  79  78  76  73  68  64  60  54  52  47  45  43  37  39  49 102
 109  99  74  54  48  34  37  49  57  51  58  73  96 103 123 140 117 117 133
 130 101  68  39  47  57  58  44  69 125 167 210 200 165 175 186 200 203 180
 169 182 193 181 141 108  94  77  94 137 109  95 145 170 169 167 119  70  49
  40  36  35  37  33  32  30  29  29  29  29  30  31  33  32  33  37  40  43
  43  43  45  47  48  49  48  48  49  50  50  48  46  43  40  37  37  39  38
  37  37  37  38  39  38  37  40  40  41  42  42  42  42  42  42  41  40  39
  37  35  34  32  32  31  29  28  26  26  26  26  27  28  28  30  32  33  35
  35  37  39  40  39  38  38  38  37  36  36  36  35  35  35  33  33  33  34
  36  35  35  36  36  38  40  42  45  51  59  62  63  61  60  66  67  64  64
  64  65  63  60  57  55  57  57  58  56  52  48  45  44  43  40  39  40  44
  46  45  44  53  56  57  54  58  67  70  67  71  72  73  74  75  77  80  82
  82  81  80  78  76  73  69  65  57  54  54  50  49  48  43  46  50 109 116
 101  87  68  50  52  55  59  62  58  58  70 111 102 104 121 130 148 146 118
 108  94  63  63  60  70  81  84 138 169 201 185 133 144 180 161 119 143 182
 221 239 220 194 179 124  90  99 143 111  66 114 153 176 176 171 131  50  35
  58  36  33  35  32  30  29  29  29  30  30  30  34  32  33  37  41  43  43
  42  45  46  49  50  49  47  47  47  48  48  46  42  36  35  38  40  36  36
  36  38  38  39  40  41  42  43  43  45  45  45  45  45  46  45  44  43  41
  39  37  36  33  33  31  29  27  27  27  28  28  28  28  30  31  33  35  36
  38  40  41  37  37  37  37  37  39  41  41  38  38  36  35  34  35  35  34
  35  35  35  38  38  40  43  45  54  59  62  62  61  59  60  64  63  63  59
  62  55  60  76  64  56  51  52  56  46  37  42  41  36  32  35  35  42  45
  51  48  54  63  63  58  60  67  70  70  74  74  75  75  77  80  80  77  79
  80  80  76  75  74  67  66  59  56  52  55  47  43  52  38  47 112 122 104
  92  74  71  68  66  61  67  75  97 108 112 124 119 121 137 154 147 144 131
 120 100  78  65 111 149 155 165 180 160 155 181 188 182 176 195 158 135 152
 190 198 164 133 168 155 135 133 128 107 128 140 159 147 158 117  57  35  50
  36  34  34  34  30  29  30  31  31  30  31  35  34  33  35  39  43  46  46
  48  49  48  46  45  45  43  43  45  45  45  42  40  37  37  37  37  36  35
  36  36  37  40  44  44  45  48  51  50  50  50  50  52  51  50  47  45  45
  42  39  38  35  32  30  29  28  29  30  28  28  30  32  33  35  36  36  37
  38  40  40  38  38  39  40  41  41  40  40  41  39  39  37  36  36  35  35
  36  36  39  39  40  43  46  53  60  62  60  59  60  62  68  62  59  58  61
  63  64  62  56  47  55  58  62  62  62  72  79  78  85  79  73  61  51  64
  62  60  65  65  60  58  65  72  73  73  74  77  79  80  81  80  77  78  78
  79  75  74  74  67  67  59  55  49  51  45  45  52  36  47 121 131 108  85
  70  66  68  59  53  68  86 104 118 133 152 149 145 147 150 132 139 154 130
 105 103  89 140 179 140 153 150 168 195 187 202 204 198 204 212 220 215 187
 169 179 205 199 188 144 128 135 115 100 111 141 152 123  79  42  40  27  38
  39  32  32  29  28  29  29  30  29  30  35  35  35  38  41  45  48  47  47
  49  49  47  46  44  42  40  44  43  43  40  39  37  38  38  37  37  37  36
  37  38  41  45  45  47  50  53  54  54  55  55  56  55  54  53  50  48  45
  41  40  38  35  32  31  30  30  32  29  29  30  31  33  34  35  35  37  38
  40  44  43  42  43  45  46  43  42  42  42  41  40  38  37  36  35  36  36
  37  38  39  41  43  45  48  57  62  61  61  61  61  62  67  61  58  59  65
  61  51  53  71  99 118 130 142 145 149 155 163 159 140 119  95  84  80  73
  59  60  64  67  66  69  73  71  74  75  76  79  81  80  78  79  79  79  79
  76  75  74  68  68  64  59  52  51  48  50  53  38  50 135 148 125  98  90
  72  59  64  73  80  76  93 116 138 153 160 154 161 154 158 157 158 147 142
 148 138 172 164 130 166 123 176 205 187 183 176 158 148 138 149 176 184 192
 190 195 232 210 191 182 171 125  91 107 152 160 130  75  50  51  38  38  34
  33  34  31  29  30  31  30  31  33  35  34  35  37  41  45  45  46  46  48
  49  49  47  45  43  41  42  41  41  37  37  36  37  38  36  36  35  35  36
  38  41  45  46  49  52  55  58  58  57  57  57  57  56  54  52  50  46  41
  42  40  37  34  32  30  31  32  31  30  31  31  33  34  34  34  37  38  39
  47  46  45  46  48  48  46  45  44  43  41  41  39  37  37  36  37  35  36
  39  41  42  43  44  51  58  59  57  60  64  67  69  65  67  65  59  58  69
  94 122 157 176 184 187 187 184 187 188 184 175 176 164 148 141 100  79  67
  58  59  66  67  71  75  70  74  75  76  79  80  78  79  82  82  81  80  76
  77  75  67  67  63  59  51  49  46  49  50  35  47 128 145 126 108 102  83
  70  71  99 106  97 117 138 148 151 172 169 160 164 174 181 165 190 193 214
 197 185 196 200 139 115 148 167 161 159 132 152 176 187 203 199 183 154 162
 188 178 212 225 216 181 146 118 123 129 141 138  74  34  43  40  36  34  38
  34  31  25  27  29  28  32  33  36  36  36  39  43  44  44  44  46  48  49
  49  47  47  46  45  42  40  38  35  35  34  36  37  35  35  35  35  36  39
  42  46  47  49  54  58  60  61  61  61  61  61  59  56  54  52  49  46  43
  40  37  36  33  31  31  32  32  31  31  32  33  34  35  35  37  38  39  46
  46  46  46  46  45  46  47  46  44  42  41  40  38  39  39  38  36  36  39
  43  45  44  44  54  59  60  58  61  66  70  72  74  87 104 133 154 172 196
 199 194 194 193 195 192 196 208 210 205 199 202 195 185 186 157 145 118  97
  85  79  72  75  82  84  78  76  78  82  82  80  81  85  87  83  80  76  78
  76  67  65  62  59  54  51  47  49  49  38  37 118 153 141 123  99  80  76
  78  85  90  95 118 144 169 179 177 161 176 155 154 177 203 193 200 140 132
 174 139 147 129 109 115 111 150 159 178 161 161 158 151 157 163 171 182 194
 191 178 170 159 139 155 196 152 174 174 177 111  30  39  27  38  36  26  34
  32  27  30  32  31  36  35  39  39  40  44  45  48  48  47  48  48  49  48
  47  48  48  48  43  40  37  35  34  33  35  35  36  35  36  36  38  42  45
  49  50  52  55  59  62  63  64  65  66  65  63  59  59  58  55  53  46  43
  41  38  36  34  34  34  32  32  32  33  34  36  37  37  38  39  40  45  47
  47  47  45  45  46  48  47  44  42  40  40  40  39  39  38  36  36  40  44
  47  46  45  44  49  53  56  66  78  88  98 123 146 163 182 186 190 204 198
 200 196 198 206 206 209 218 215 217 222 220 219 208 199 191 178 164 142 119
  99  79  70  75  80  79  80  81  83  83  82  82  83  86  83  80  76  78  77
  68  65  62  60  58  55  52  52  51  46  47 127 161 139 124 108  95  90  76
  66  84 111 127 144 172 172 171 175 154 175 206 219 134 156 192 168 170 172
 123 127 115  99 122 123 160 153 157 130 118 135 165 164 155 142 148 141 160
 150 124 144 182 170 143 139 117 142 183 160  67  43  29  29  37  30  32  34
  31  37  38  35  38  34  38  39  42  44  47  48  49  49  50  51  50  48  46
  47  48  48  43  41  37  36  33  34  35  34  34  35  36  37  39  43  47  49
  50  53  56  61  63  65  65  66  66  65  63  62  61  59  59  57  48  45  42
  40  37  35  35  35  34  33  33  33  35  37  38  38  40  41  41  49  49  50
  50  49  49  49  49  46  46  43  41  41  40  40  39  38  37  38  39  43  45
  46  45  42  49  55  67  85 105 130 151 173 182 182 184 192 194 199 194 202
 203 203 209 212 210 211 209 218 224 222 224 219 209 212 199 191 175 153 130
 108  88  80  78  83  84  84  84  84  84  83  81  84  82  80  75  77  75  68
  67  62  57  56  52  49  48  46  44  37 121 154 139 134 133 112  96  82  76
  96 120 134 143 166 166 168 173 172 218 206 135  43 108 176 181 157 142 126
 144 145 131 138 148 173 137 154 137 139 153 144 138 116 110 105 116 110 132
 119 144 175 138 115 137 141 144 170 151  47  23  49  40  42  30  28  33  31
  38  35  30  35  34  36  39  42  45  46  46  50  51  51  52  51  49  47  46
  47  46  42  40  37  36  34  34  35  35  35  35  36  38  40  42  46  48  51
  54  60  64  66  66  66  67  67  67  66  64  63  62  58  54  49  46  44  43
  39  36  35  36  35  35  33  35  35  36  37  37  39  40  40  51  50  50  52
  53  51  50  48  48  47  46  43  43  42  40  40  38  38  39  40  41  41  43
  43  56  70  88 108 123 134 152 168 180 182 174 171 186 197 198 207 201 208
 206 209 213 209 207 207 210 209 216 214 218 215 217 215 202 188 169 153 135
 112  93  86  87  87  86  84  84  86  84  82  81  81  80  75  75  75  69  68
  66  60  57  53  50  47  44  45  43 117 143 143 138 137 112 105 100 100 103
 122 146 151 175 199 165 185 206 241 164  99 142 163 171 168 158 147 161 188
 147 154 148 167 158 130 171 174 150 149 152 141 144 144 149 142  89  82  81
 109 130 137 147 119 155 149 198 159  50  39  43  31  31  30  32  39  36  40
  36  30  39  40  40  43  46  46  47  48  51  54  50  52  52  51  48  47  46
  44  40  38  36  35  34  35  35  36  36  35  38  39  42  42  46  49  54  57
  62  67  69  70  68  68  68  69  71  69  67  65  60  55  50  49  46  45  42
  40  38  37  37  36  34  35  34  35  36  36  38  39  39  55  55  55  55  54
  53  51  49  48  47  46  45  46  45  42  40  39  39  39  40  38  44  34  48
  73  97 121 139 156 167 158 168 178 176 171 175 188 201 211 207 208 206 203
 202 200 199 206 213 210 211 213 215 218 222 222 220 208 195 183 171 150 128
 110  99  95  90  87  78  85  90  79  85  83  81  81  78  77  75  68  69  65
  61  58  53  50  47  46  47  50 128 149 134 125 118 110 118 122 112 108 124
 140 154 169 178 166 213 209 204 150 168 165 146 120 140 181 195 181 165 144
 154 142 153 144 107 141 151 157 151 144 130 128 122 105  78 114  74  45  30
  29  75 132 130 140 144 207 146  38  39  44  39  39  41  37  43  35  34  44
  46  42  39  42  46  46  46  47  48  51  57  53  53  52  51  51  48  44  42
  40  37  35  36  35  35  33  34  35  35  39  40  41  42  47  51  55  61  63
