P2
235 183
255
 67  74  76  80  76  77  70  67  75  82 102 119 129 133 130 127 128 
130 134 131 130 129 130 133 132 125 116 109 101 102 105 105 113 119 
128 133 138 137 137 137 141 143 143 144 140 143 146 144 140 138 128 
122 118 107 106 104 106 107 115 124 127 121 114 108 103  98  97 108 
122 138 140 140 139 129 123 125 127 141 145 147 147 146 147 147 147 
149 150 150 150 155 168 185 195 198 202 201 201 200 200 199 201 199 
200 201 207 205 206 203 204 205 206 206 205 206 207 207 207 207 207 
207 205 206 207 207 201 193 178 173 174 183 195 214 229 230 232 227 
216 213 215 213 213 220 222 225 220 203 184 174 172 177 173 166 166 
171 181 195 208 214 222 225 223 217 
209 201 199 196 199 201 204 203 
202 203 207 206 205 195 186 175 160 146 144 143 143 139 129 110  79 
 58  52  46  42  44  43  43  46  48  48  51  50  49  43  38  38  37 
 41  43  45  45  41  40  36  35  37  37  35  37  39  35  33  31  25 
 23  23  26  29  30  32  35  41  38  37  34  35  39  38  72  79  77 
 83  83  84  82  82  89  99 113 126 135 133 132 125 128 132 135 134 
134 134 135 135 134 133 132 128 121 118 121 124 127 130 139 140 144 
140 139 139 142 141 142 141 144 141 141 143 143 143 135 130 125 121 
119 122 126 130 133 131 128 124 119 113 109 105 106 119 132 143 147 
147 145 139 131 124 132 143 146 146 146 146 148 148 148 151 152 152 
150 158 173 184 194 201 207 201 202 201 202 202 203 201 202 202 204 
202 203 205 
209 209 208 207 207 207 206 204 203 209 207 209 209 210 
210 210 207 197 186 171 172 182 200 222 229 233 232 228 222 224 226 
220 219 221 229 226 224 207 188 177 172 172 174 172 169 172 181 195 
212 223 224 226 215 
209 214 214 206 200 203 205 204 203 204 202 199 
200 201 201 194 179 160 147 144 146 145 140 130 112  81  59  53  49 
 46  46  46  46  49  51  52  51  50  46  45  43  40  38  37  40  41 
 45  42  40  36  36  35  36  38  36  40  37  35  31  32  29  27  29 
 32  33  38  39  38  38  38  39  33  33  36  71  77  85  90  90  87 
 92  94  99 109 121 125 132 133 133 129 131 134 136 138 136 135 136 
135 137 137 137 138 132 133 134 131 135 138 144 144 143 141 141 141 
147 147 148 148 147 146 142 146 145 146 144 141 140 139 137 142 141 
142 140 139 134 129 122 114 113 114 121 133 142 148 150 150 148 145 
138 135 140 145 147 146 146 146 149 149 149 152 151 152 149 155 168 
182 195 201 207 204 204 204 202 202 201 202 201 202 204 204 204 205 
205 206 207 207 207 208 208 210 208 210 212 211 207 208 207 207 200 
192 177 174 178 189 
209 226 230 232 226 223 224 227 228 223 219 216 
221 229 230 219 205 192 180 166 165 162 163 170 181 196 213 220 220 
220 219 219 215 215 207 203 203 205 204 202 202 201 201 200 200 199 
192 176 161 148 145 141 143 137 127 109  79  59  54  50  46  46  46 
 47  49  50  52  47  46  46  45  42  40  37  41  44  44  44  43  42 
 39  34  34  33  34  34  39  38  36  34  34  32  28  30  32  33  35 
 35  36  35  37  38  33  36  39  70  78  83  86  87  87  93 100 107 
118 127 131 132 131 129 132 137 138 138 138 138 133 135 133 134 135 
138 139 142 141 142 140 142 142 148 144 143 143 144 144 150 148 148 
149 148 147 147 141 142 141 144 144 144 147 149 150 151 149 144 142 
128 123 117 115 116 119 129 138 145 148 151 151 152 151 148 148 147 
153 150 144 147 147 148 148 149 151 152 153 151 157 171 184 193 200 
206 202 202 202 201 201 202 204 204 202 204 203 203 203 205 203 204 
207 206 208 208 208 208 207 207 207 
209 208 208 207 202 196 185 185 
193 205 220 233 235 232 226 227 226 231 232 229 225 217 218 222 228 
225 216 
209 199 191 182 179 187 195 207 215 219 222 221 217 219 219 
218 218 210 204 203 205 206 202 204 203 203 204 203 194 187 172 158 
144 144 144 144 139 127 110  79  59  53  49  47  47  48  48  49  47 
 46  44  43  44  45  42  42  39  40  46  47  44  44  44  38  35  35 
 38  38  38  39  38  35  32  34  30  29  29  32  32  32  33  34  31 
 31  32  33  37  39  70  78  85  90  91  91  98 104 109 115 120 125 
126 130 134 138 142 143 144 140 140 136 139 137 135 133 136 139 142 
144 146 147 147 146 144 141 138 139 142 147 144 147 149 152 146 146 
146 144 143 140 143 144 147 149 152 158 155 156 146 136 126 124 120 
117 117 122 132 142 148 148 152 153 152 151 151 152 153 152 151 152 
151 151 151 151 151 152 151 151 152 156 171 187 195 199 201 206 206 
204 205 203 202 200 202 206 202 203 202 204 204 205 207 207 206 207 

209 210 210 202 203 205 207 211 211 208 204 200 197 204 212 221 228 
233 230 223 224 229 234 232 231 232 231 224 221 225 229 232 233 228 
221 216 211 210 219 220 224 227 224 224 223 221 226 231 228 225 213 
203 204 207 207 205 205 204 203 202 203 199 189 175 161 147 144 146 
144 141 129 108  82  61  51  45  45  49  49  49  48  47  47  42  40 
 37  39  40  35  34  39  39  40  40  39  39  37  33  36  36  37  38 
 40  40  38  38  31  30  27  28  30  34  31  33  33  34  36  37  37 
 40  40  71  78  84  91  90  89  96 105 110 113 118 123 126 131 134 
138 137 136 130 130 132 133 136 138 139 139 141 142 144 146 149 146 
145 144 139 139 137 142 143 144 144 144 146 149 148 149 152 147 145 
143 142 145 147 148 152 153 153 150 143 135 126 124 120 116 117 123 
132 141 149 147 150 153 154 155 153 153 154 151 150 151 152 152 151 
151 151 152 152 153 157 161 177 191 196 201 201 202 203 205 199 196 
194 195 195 196 193 193 199 203 204 205 207 203 203 204 200 199 199 
204 203 205 205 206 205 205 206 206 206 216 224 230 238 235 234 226 
226 232 233 237 236 236 234 229 226 218 225 231 232 233 229 228 229 
228 228 229 230 230 224 218 216 221 227 230 227 224 210 203 206 207 
204 201 201 201 202 202 200 197 187 173 160 147 145 144 142 135 126 
109  80  61  53  49  49  46  46  46  46  45  46  39  37  34  39  39 
 36  36  39  39  39  38  36  36  35  35  34  34  38  35  37  37  36 
 34  32  29  28  29  31  34  32  32  34  32  33  33  37  38  38  73 
 81  84  90  89  90  98 104 108 111 115 123 131 134 132 136 133 128 
118 118 123 131 137 141 141 140 138 139 142 143 144 141 140 141 136 
136 139 145 143 140 133 133 136 140 144 151 154 150 147 145 142 145 
147 145 150 152 153 146 139 134 124 121 117 116 115 122 132 142 150 
149 152 154 157 155 156 155 155 151 151 150 151 152 152 152 152 152 
151 152 156 161 177 189 196 201 201 199 195 189 185 183 180 179 176 
174 174 178 185 190 194 198 200 203 202 204 197 196 196 201 200 203 
202 204 204 204 206 
209 213 223 228 229 232 231 228 226 227 230 233 
233 235 235 234 230 226 217 219 221 226 231 231 230 230 230 230 229 
232 227 222 218 216 221 226 231 225 222 207 201 204 207 202 199 199 
200 204 203 201 198 189 171 160 144 140 142 141 135 127 109  81  64 
 57  50  50  45  45  44  46  46  46  52  47  45  42  41  38  35  35 
 35  35  34  37  35  34  32  31  32  32  32  38  37  31  32  31  29 
 27  29  31  33  32  33  35  34  34  35  37  39  38  74  81  84  91 
 91  95  98 103 104 103 114 125 133 139 136 130 124 118 110 104 111 
123 130 136 142 145 139 137 139 142 146 143 142 140 135 139 143 146 
141 137 120 119 119 127 140 147 152 155 151 147 147 146 147 150 152 
149 150 146 138 138 129 124 114 115 117 124 129 139 146 152 152 150 
158 155 153 153 158 157 156 151 152 151 149 149 151 152 152 151 154 
162 176 187 194 200 202 202 195 187 184 179 177 176 175 173 171 170 
168 170 179 181 183 187 189 190 185 186 187 195 197 202 205 205 207 
207 
209 214 220 221 224 230 227 226 227 227 229 231 238 236 238 236 
237 232 228 226 225 225 224 230 234 234 235 236 233 231 228 225 217 
217 220 223 231 231 225 222 213 207 204 204 202 203 201 203 203 202 
201 198 189 175 156 147 146 139 139 138 127 104  75  60  55  49  50 
 46  44  47  46  46  45  45  46  45  45  43  38  36  32  32  32  30 
 31  30  32  34  33  36  36  35  37  35  32  30  26  24  24  25  27 
 29  33  34  34  32  34  34  32  32  33  70  79  83  89  90  92  96 
100 103 104 114 125 132 137 130 122 114 107 102  95 105 116 127 137 
144 148 144 138 135 137 140 142 141 137 135 138 142 147 139 129 118 
113 114 123 129 136 143 149 147 147 146 147 148 147 152 149 147 145 
140 135 129 121 113 114 119 126 129 139 145 147 143 142 150 151 153 
152 156 156 155 154 154 155 149 148 149 151 151 150 155 163 175 183 
190 191 190 189 186 184 183 177 173 170 171 168 167 161 160 155 159 
168 173 182 182 178 184 186 182 191 190 190 196 200 206 205 
209 215 
220 227 229 230 225 225 228 232 234 232 232 232 231 236 236 233 233 
233 227 225 226 229 235 232 233 233 231 229 226 223 219 221 223 223 
227 224 221 208 198 200 200 206 205 203 203 202 200 200 202 200 187 
175 159 141 143 140 139 136 131 110  78  62  50  44  45  43  44  45 
 46  44  44  46  45  46  46  44  38  33  31  30  30  30  30  30  32 
 32  33  34  34  32  35  33  30  28  28  27  26  26  29  32  34  35 
 36  38  38  38  37  35  35  73  79  87  94  94  89  93  97 100 104 
114 125 132 130 124 117 109 101  96  95 100 109 118 129 139 144 143 
140 137 140 143 140 137 135 138 140 142 139 131 121 110 105 107 116 
121 132 136 143 146 148 146 146 146 146 150 148 139 136 135 133 127 
119 111 106 108 117 128 138 146 144 138 138 146 147 152 155 154 152 
153 152 154 153 150 148 151 150 152 149 152 155 162 167 175 181 184 
183 182 177 176 172 168 167 167 167 165 160 159 155 150 153 153 158 
165 163 168 174 177 183 188 191 196 198 202 207 
209 213 218 227 224 
226 221 226 232 234 236 226 214 210 215 226 231 232 234 238 232 230 
227 227 226 233 234 234 233 227 222 216 222 225 227 225 226 216 207 
195 191 193 198 206 204 203 203 202 201 201 201 201 188 176 160 144 
143 140 138 136 130 107  77  60  50  45  48  47  47  48  41  41  41 
 46  44  45  45  44  38  35  32  32  31  30  31  31  32  34  32  36 
 36  36  34  32  28  28  26  26  27  31  33  36  37  38  39  39  38 
 38  37  37  37  75  83  89  91  88  87  89  92  96 103 117 127 134 
134 125 111 104  96  92  96 100 102 113 125 132 142 144 142 138 138 
136 137 138 137 141 144 145 140 131 122 107 104 109 114 116 123 133 
140 148 151 151 147 143 140 141 140 139 143 142 139 128 115 104 103 
110 122 129 138 142 141 132 131 142 147 151 153 151 150 148 149 149 
149 153 152 153 152 153 153 152 158 165 169 168 169 172 168 172 175 
180 171 163 169 168 167 164 162 158 150 151 150 149 150 158 160 154 
163 172 168 171 186 190 192 200 202 210 215 219 225 223 221 226 230 
233 236 233 218 200 191 197 214 226 230 234 239 237 233 228 226 222 
226 230 231 229 225 221 219 226 229 227 224 217 208 195 184 186 196 
199 206 203 202 202 201 200 201 201 197 188 173 159 147 145 138 139 
137 128 111  81  60  48  44  40  42  43  43  43  42  41  47  47  48 
 46  42  38  36  33  32  31  27  31  32  34  35  35  36  35  34  32 
 31  29  28  24  26  27  30  33  38  37  39  39  41  41  43  44  46 
 46  73  84  89  91  88  86  87  89  96 103 118 126 130 132 121 109 
 99  96  94  97 102 106 111 122 137 143 148 149 139 134 132 131 136 
139 145 147 141 134 123 113 106 104 106 107 110 121 132 139 149 152 
152 147 142 139 135 138 144 148 147 140 133 119 107  97 105 119 127 
136 139 139 130 129 141 144 151 152 150 148 147 150 149 149 149 151 
148 157 158 158 159 160 159 158 158 161 165 166 170 173 170 167 167 
167 165 166 165 164 163 154 152 151 148 145 149 155 151 148 155 157 
160 167 180 187 195 202 207 211 216 221 215 216 224 232 235 234 220 
197 181 176 183 197 211 217 226 232 236 231 224 219 215 220 226 227 
223 219 214 218 222 221 214 206 198 192 183 177 181 188 196 202 202 
204 203 204 200 200 198 196 189 174 157 144 143 139 140 139 126 105 
 76  56  50  45  43  43  43  42  43  42  41  42  42  43  43  42  40 
 37  32  32  32  31  34  35  36  35  35  35  35  31  32  30  26  23 
 27  28  30  32  35  39  37  41  43  50  47  50  51  52  51  69  78 
 89  91  88  83  85  89  96 102 118 127 135 138 128 104  95  92  95 
 99 103 104 109 122 132 140 142 142 136 131 130 133 136 140 147 148 
144 133 125 116 111 108 107 105 107 116 129 140 150 151 151 147 142 
137 134 136 143 147 147 138 133 118 107 100 103 114 122 131 135 134 
126 127 137 142 147 150 153 149 147 148 149 150 150 149 150 157 158 
157 155 153 150 148 155 158 163 163 166 169 169 166 169 173 175 178 
183 184 183 177 180 175 170 166 161 163 153 145 147 151 144 143 148 
161 177 187 191 202 210 207 206 
209 221 234 232 225 204 180 166 162 
171 182 191 197 205 220 229 229 225 220 217 217 220 220 220 213 215 
219 224 222 214 198 190 183 168 165 173 189 199 203 205 205 205 204 
198 198 196 196 188 172 156 143 141 139 141 139 128 107  77  56  50 
 45  43  43  43  43  43  42  43  41  40  39  39  36  34  31  33  33 
 33  32  34  36  35  35  34  32  29  28  29  29  25  26  26  27  30 
 32  35  40  38  46  49  57  58  61  57  55  55  71  78  89  93  88 
 83  87  92  96 103 119 128 133 133 124 110 100  96  97 100 106 110 
115 128 137 140 144 142 138 133 133 133 136 139 146 148 145 135 128 
122 116 113 110 107 108 116 128 141 150 152 152 147 144 141 138 140 
143 143 143 139 134 118 105 104 106 112 123 131 135 135 126 124 135 
143 144 147 152 150 147 148 147 147 149 151 151 155 154 151 148 146 
147 146 148 153 160 162 168 172 186 196 201 196 201 208 211 210 201 
194 193 186 179 178 178 181 188 185 179 158 142 134 124 129 139 152 
159 179 191 199 201 216 221 230 227 213 194 177 165 161 170 179 189 
192 201 216 230 231 230 224 219 218 215 215 214 213 217 224 223 222 

209 196 182 165 161 162 174 183 193 199 200 201 201 199 198 198 197 
194 186 171 158 145 142 139 141 139 122 103  72  52  49  44  43  41 
 41  42  40  41  41  41  40  41  39  37  36  34  32  32  29  30  33 
 34  39  37  38  32  32  29  30  31  29  24  24  26  29  32  34  43 
 49  57  59  66  65  67  64  61  61  74  78  91  92  90  86  90  96 
 98 103 116 130 136 136 129 118 105  96  97 102 110 116 120 132 140 
147 149 145 142 143 145 140 140 143 147 152 151 139 132 125 120 116 
114 112 116 124 132 142 146 150 152 144 144 145 147 147 144 148 149 
145 138 121 108 103 110 114 121 133 138 140 131 130 138 146 151 146 
151 151 146 145 145 147 150 151 150 153 153 154 148 148 151 147 157 
160 166 177 192 203 206 
209 211 204 208 222 227 228 223 219 216 205 
194 189 182 178 184 189 196 194 189 174 148 129 130 136 140 151 170 
186 199 217 218 227 216 200 181 171 165 164 166 168 176 191 206 221 
229 231 231 230 218 215 210 210 212 215 222 227 226 221 207 196 174 
159 154 156 169 180 193 199 203 201 201 200 195 195 195 194 187 175 
158 145 143 139 138 138 127 107  74  54  47  42  35  39  39  42  40 
 40  40  36  33  37  35  34  36  34  35  34  34  38  38  38  41  40 
 37  33  31  29  28  26  28  25  27  31  30  34  41  50  55  60  61 
 63  65  65  66  67  67  74  82  90  93  91  89  93  98 101 105 114 
127 136 140 135 131 117 111 108 109 114 123 127 138 144 144 147 144 
142 145 146 144 141 137 144 149 151 146 140 132 127 121 120 116 118 
126 135 147 149 152 151 145 146 146 151 151 147 146 145 140 135 124 
113 107 113 119 124 135 140 144 134 134 139 148 152 145 150 149 142 
142 143 144 147 147 143 142 140 138 134 133 141 149 164 176 188 203 
212 220 221 220 217 218 222 220 223 221 208 198 193 186 179 178 178 
179 178 182 183 179 182 184 185 174 156 130 120 124 133 149 176 203 
217 223 211 191 178 174 167 164 161 160 166 183 199 215 227 233 235 
232 221 215 208 
209 215 220 225 229 230 223 207 191 172 154 153 153 
165 178 190 198 201 201 201 201 200 200 201 195 187 172 156 142 140 
136 139 135 125 104  71  52  46  40  31  37  37  41  40  40  39  38 
 36  38  39  40  41  41  39  39  38  41  40  41  42  41  37  33  29 
 28  26  27  28  28  25  30  33  40  47  55  58  67  66  65  68  69 
 67  67  67  77  83  90  93  90  91  95 101 103 104 112 123 133 139 
138 138 131 126 120 118 120 125 133 144 148 145 147 143 145 148 150 
152 145 140 143 147 148 150 143 137 131 125 123 123 129 137 146 154 
153 154 154 151 154 154 156 156 152 148 143 136 133 126 117 111 114 
119 127 137 144 145 141 138 143 147 150 151 152 151 145 145 146 143 
138 137 136 123 124 129 128 133 145 157 173 187 202 214 221 221 222 
221 218 212 215 205 196 197 199 198 198 196 193 196 190 185 184 184 
183 181 183 180 174 177 180 174 155 123 114 114 125 140 167 188 191 
178 170 174 173 171 166 157 162 178 194 213 224 235 234 230 218 215 
213 
209 212 216 222 226 226 224 211 196 173 159 156 157 169 181 191 
200 202 201 201 201 199 199 199 194 187 169 154 140 140 139 141 139 
126 103  71  52  41  37  33  39  40  40  38  39  39  38  38  41  41 
 40  43  41  37  36  34  37  37  38  36  34  31  30  30  28  26  29 
 31  32  29  37  44  50  56  65  62  68  71  67  71  71  68  66  66 
 77  84  91  93  91  92  97 103 106 110 116 122 132 139 138 144 139 
136 132 130 127 130 137 144 146 143 143 139 150 151 155 155 150 144 
143 142 148 150 148 146 144 139 138 140 145 148 152 160 159 155 149 
153 155 153 154 153 149 145 143 139 133 125 122 115 113 120 132 139 
147 151 151 150 151 152 154 155 154 157 152 157 153 142 133 127 126 
110 105 112 123 137 150 167 182 192 202 208 212 214 213 215 212 210 
202 195 189 189 189 189 195 198 193 190 187 185 185 182 181 180 181 
181 178 173 173 172 176 172 147 120 109 120 137 159 178 182 175 183 
181 176 171 166 167 182 201 220 230 233 235 228 223 224 228 222 219 
216 220 227 225 219 213 200 180 162 158 163 173 184 193 202 202 202 
202 202 201 201 201 196 188 173 153 143 142 139 138 134 121 103  76 
 56  46  38  33  39  38  36  37  39  39  39  38  42  44  44  42  39 
 44  47  52  53  53  45  39  32  25  31  31  32  32  24  28  32  34 
 43  50  56  60  65  70  73  80  83  83  83  82  82  86  79  84  91 
 94  91  93  98 104 107 110 117 122 129 136 135 141 142 142 143 141 
137 138 142 145 146 142 142 142 150 152 151 151 152 150 145 141 143 
145 148 148 151 147 148 149 153 153 154 152 149 146 150 152 154 155 
157 156 156 150 146 140 136 131 125 121 117 123 136 143 149 148 150 
153 151 153 157 161 160 159 153 140 130 116 105  97  95 105 105 118 
130 145 159 175 192 199 205 205 
209 209 206 208 207 209 205 200 193 
193 192 191 189 193 189 185 189 189 188 187 184 181 183 181 177 174 
174 172 174 173 168 161 127 112 122 119 130 155 176 186 185 181 174 
169 175 195 212 225 233 232 228 222 221 229 230 224 222 216 219 222 
226 222 220 213 195 177 159 164 175 182 193 202 204 201 202 201 200 
200 200 197 189 173 155 145 143 140 138 134 124 105  75  58  48  45 
 41  43  40  37  37  34  36  39  39  44  46  48  51  52  56  64  69 
 72  71  61  46  34  27  26  26  29  28  27  29  33  42  52  62  81 
 87  96  99 103 107 109 111 111 112 114 117  77  86  91  94  91  87 
 92  98 103 110 116 120 127 134 134 140 145 145 145 143 142 137 140 
138 139 139 143 144 144 144 141 144 147 149 147 142 141 142 146 151 
154 156 155 155 158 153 152 153 150 149 149 152 154 154 155 155 155 
153 147 140 134 127 122 120 119 124 134 144 153 156 158 160 159 157 
157 158 152 149 141 131 122 105 102  89  84  98 106 121 143 164 179 
191 194 202 205 208 204 201 206 208 204 202 200 198 193 192 192 192 
191 192 190 192 190 189 185 182 180 179 183 181 178 175 174 174 166 
165 169 171 160 136 101 108 121 132 163 185 185 185 180 180 189 
209 
219 232 235 234 225 220 222 231 234 228 224 217 216 219 222 223 224 
218 207 197 182 180 181 184 193 205 202 202 202 201 199 199 200 196 
188 173 152 139 138 138 138 133 127 107  77  59  51  47  45  41  38 
 39  39  40  40  42  44  50  47  50  57  61  70  83  91  95  91  77 
 54  35  27  23  24  25  28  32  34  37  49  63  74  89  96 108 109 
114 117 124 127 128 132 135 138  78  85  86  92  90  90  86  91  95 
 99 111 119 129 136 138 143 145 146 147 144 140 144 144 139 138 140 
142 141 143 141 139 136 143 149 149 146 144 145 149 150 153 156 157 
