1.  0, 1, 2 ,3 ,4 ,5
2.  0, 1, 2, 3, 4, 6
3.  0, 1, 2, 3, 5, 6
4.  0, 1, 2, 4, 5, 6
5.  0, 1, 3, 4, 5, 6
6.  0, 2, 3, 4, 5, 6
7.  1, 2, 3, 4, 5, 6
8.  0, 1, 2, 3
9.  0, 1, 2, 4
10. 0, 1, 2, 5
11. 0, 1, 2, 6
12. 0, 1, 3, 4
13. 0, 1, 3, 5
14. 0, 1, 3, 6
15. 0, 1, 4, 5
16. 0, 1, 4, 6
17. 0, 1, 5, 6
18. 0, 2, 3, 4
19. 0, 2, 3, 5
20. 0, 2, 3, 6
21. 0, 3, 4, 5
22. 0, 3, 5, 6
23. 0, 4, 5, 6
24. 1, 2, 3, 4
25. 1, 2, 3, 5
26. 1, 2, 3, 6
27. 2, 3, 4, 5
28. 2, 3, 4, 6
29. 3, 4, 5, 1
30. 3, 4, 5, 2
31. 3, 4, 5, 6
32. 3, 5, 6, 1
33. 3, 5, 6, 2
34. 4, 5, 6, 2
35. 5, 6, 0, 2
36. 6, 0, 1, 2
37. 6, 1, 2, 3
38. 6, 2, 3, 4
39. 0, 4, 5, 2
40. 0, 4, 5, 3
41. 0, 5, 6, 2
42. 0, 1, 2, 3
43. 0, 1
44. 0, 2
45. 0, 3
46. 0, 4
47. 0, 5
48. 0, 6
49. 1, 2
50. 1, 3
51. 1, 4
52. 1, 5
53. 1, 6
54. 2, 3
55. 2, 4
56. 2, 5
57. 2, 6
58. 3, 4
59. 3, 5
60. 3, 6
61. 4, 5
62. 4, 6
63. 5, 6
64. 1
65. 2
66. 3
67. 4
68. 5
69. 6
70. 1
71. 2
72. 3
73. 4
74. 5
75. 6
76. 1
77. 2
78. 3
79. 4
80. 5
81. 6
82. 1
83. 2
84. 3
