1.  0, 1, 2 ,3 ,4 ,5
2.  0, 1, 2, 3, 4, 6
3.  0, 1, 2, 3, 5, 6
4.  0, 1, 2, 4, 5, 6
5.  0, 1, 3, 4, 5, 6
6.  0, 2, 3, 4, 5, 6
7.  1, 2, 3, 4, 5, 6
--------------------
8.  0, 1, 2, 3, 5
9.  1, 2, 4, 5, 6
10. 0, 2, 3, 4, 6
--------------------
18. 0, 1, 4, 5
19. 0, 1, 4, 6
20. 0, 1, 5, 6
21. 0, 3, 4, 5
22. 0, 3, 5, 6
23. 2, 3, 4, 5
24. 2, 3, 4, 6
25. 3, 5, 6, 1
26. 3, 5, 6, 2
27. 4, 5, 6, 1
28. 4, 5, 6, 2
29. 5, 6, 0, 2
30. 6, 0, 1, 2
31. 6, 1, 2, 3
32. 6, 2, 3, 4
33. 0, 4, 5, 2
34. 0, 5, 6, 2
--------------------
35. 0, 1, 2, 3
36. 1, 2, 3
37. 2, 3, 4
38. 3, 4, 5
39. 4, 5, 6
40.
41.
42.
43.
44.
45.
46.
47.
48.
--------------------
28. 0, 1
29. 0, 2
30. 0, 3
31. 0, 4
32. 0, 5
33. 0, 6
34. 1, 2
35. 1, 3
36. 1, 4
37. 1, 5
38. 1, 6
39. 2, 3
40. 2, 4
41. 2, 5
42. 2, 6
43. 3, 4
44. 3, 5
45. 3, 6
46. 4, 5
47. 4, 6
48. 5, 6
--------------------
49. 1
50. 1
51. 2
52. 3
53. 4
54. 5
55. 6
56. 7
57. 1
58. 2
59. 3
60. 4
61. 5
62. 6
63. 7
64. 1
65. 2
66. 3
67. 4
68. 5
69. 6
70. 7
71. 1
72. 2
73. 3
74. 4
75. 5 
76. 6
77. 7
78. 1
79. 2
80. 3
81. 4
82. 5
83. 6
84. 7
