CS302-Midi-Note-File
NOTE 81 89 0 0.0625
NOTE 69 89 0 0.0625
NOTE 67 89 0.09375 0.15625
NOTE 79 89 0.09375 0.17708333
NOTE 81 89 0.1875 1.96875
NOTE 69 89 0.1875 1.96875
NOTE 67 89 2 2.0625
NOTE 79 89 2 2.0833333
NOTE 65 89 2.09375 2.15625
NOTE 77 89 2.09375 2.1770833
NOTE 64 89 2.1875 2.25
NOTE 76 89 2.1875 2.2708333
NOTE 62 89 2.28125 2.34375
NOTE 74 89 2.28125 2.3645833
NOTE 73 89 2.375 3.46875
NOTE 61 89 2.375 3.46875
NOTE 62 89 3.53125 4.15625
NOTE 74 89 3.53125 4.15625
NOTE 69 89 6 6.0625
NOTE 57 89 6 6.0625
NOTE 55 89 6.09375 6.15625
NOTE 67 89 6.09375 6.1770833
NOTE 69 89 6.1875 7.84375
NOTE 57 89 6.1875 7.84375
NOTE 64 89 8 8.34375
NOTE 52 89 8 8.34375
NOTE 65 89 8.375 8.71875
NOTE 53 89 8.375 8.71875
NOTE 61 89 8.75 9.09375
NOTE 49 89 8.75 9.09375
NOTE 62 89 9.125 9.875
NOTE 50 89 9.125 9.875
NOTE 57 89 12 12.0625
NOTE 45 89 12 12.0625
NOTE 43 89 12.09375 12.15625
NOTE 55 89 12.09375 12.177083
NOTE 57 89 12.1875 13.96875
NOTE 45 89 12.1875 13.96875
NOTE 43 89 14 14.0625
NOTE 55 89 14 14.083333
NOTE 41 89 14.09375 14.15625
NOTE 53 89 14.09375 14.177083
NOTE 40 89 14.1875 14.25
NOTE 52 89 14.1875 14.270833
NOTE 38 89 14.28125 14.34375
NOTE 50 89 14.28125 14.364583
NOTE 49 89 14.375 15.46875
NOTE 37 89 14.375 15.46875
NOTE 38 89 15.53125 16.15625
NOTE 50 89 15.53125 16.15625
NOTE 38 89 18 29.96875
NOTE 49 89 19.03125 25.96875
NOTE 52 89 20 25.96875
NOTE 55 89 21.03125 25.84375
NOTE 58 89 22 25.96875
NOTE 61 89 23.03125 25.96875
NOTE 64 89 24 26
NOTE 55 89 26 26.96875
NOTE 50 89 26 29.96875
NOTE 57 89 26 29.96875
NOTE 62 89 26 29.96875
NOTE 52 89 27.03125 28
NOTE 54 89 28 29.96875
NOTE 61 89 31.875 31.96875
NOTE 49 89 31.875 31.96875
NOTE 62 89 32 32.09375
NOTE 50 89 32 32.09375
NOTE 64 89 32.125 32.21875
NOTE 52 89 32.125 32.21875
NOTE 61 89 32.25 32.34375
NOTE 49 89 32.25 32.34375
NOTE 62 89 32.375 32.46875
NOTE 50 89 32.375 32.46875
NOTE 64 89 32.5 32.59375
NOTE 52 89 32.5 32.59375
NOTE 61 89 32.625 32.71875
NOTE 49 89 32.625 32.71875
NOTE 62 89 32.75 32.84375
NOTE 50 89 32.75 32.84375
NOTE 64 89 32.875 32.96875
NOTE 52 89 32.875 32.96875
NOTE 61 89 33 33.09375
NOTE 49 89 33 33.09375
NOTE 62 89 33.125 33.28125
NOTE 50 89 33.125 33.28125
NOTE 64 89 33.3125 33.46875
NOTE 52 89 33.3125 33.46875
NOTE 65 89 33.5 33.59375
NOTE 53 89 33.5 33.59375
NOTE 67 89 33.625 33.71875
NOTE 55 89 33.625 33.71875
NOTE 64 89 33.75 33.84375
NOTE 52 89 33.75 33.84375
NOTE 65 89 33.875 33.96875
NOTE 53 89 33.875 33.96875
NOTE 55 89 34 34.09375
NOTE 67 89 34 34.09375
NOTE 52 89 34.125 34.21875
NOTE 64 89 34.125 34.21875
NOTE 53 89 34.25 34.34375
NOTE 65 89 34.25 34.34375
NOTE 55 89 34.375 34.46875
NOTE 67 89 34.375 34.46875
NOTE 52 89 34.5 34.59375
NOTE 64 89 34.5 34.59375
NOTE 53 89 34.625 34.78125
NOTE 65 89 34.625 34.78125
NOTE 55 89 34.8125 34.96875
NOTE 67 89 34.8125 34.96875
NOTE 69 89 35 35.09375
NOTE 57 89 35 35.09375
NOTE 70 89 35.125 35.21875
NOTE 58 89 35.125 35.21875
NOTE 67 89 35.25 35.34375
NOTE 55 89 35.25 35.34375
NOTE 69 89 35.375 35.46875
NOTE 57 89 35.375 35.46875
NOTE 70 89 35.5 35.59375
NOTE 58 89 35.5 35.59375
NOTE 67 89 35.625 35.71875
NOTE 55 89 35.625 35.71875
NOTE 69 89 35.75 35.84375
NOTE 57 89 35.75 35.84375
NOTE 70 89 35.875 35.96875
NOTE 58 89 35.875 35.96875
NOTE 67 89 36 36.09375
NOTE 55 89 36 36.09375
NOTE 57 89 36.125 36.46875
NOTE 69 89 36.125 36.46875
NOTE 73 89 39.875 39.96875
NOTE 61 89 39.875 39.96875
NOTE 62 89 40 40.09375
NOTE 74 89 40 40.09375
NOTE 76 89 40.125 40.21875
NOTE 64 89 40.125 40.21875
NOTE 73 89 40.25 40.34375
NOTE 61 89 40.25 40.34375
NOTE 74 89 40.375 40.46875
NOTE 62 89 40.375 40.46875
NOTE 76 89 40.5 40.59375
NOTE 64 89 40.5 40.59375
NOTE 73 89 40.625 40.71875
NOTE 61 89 40.625 40.71875
NOTE 74 89 40.75 40.84375
NOTE 62 89 40.75 40.84375
NOTE 76 89 40.875 40.96875
NOTE 64 89 40.875 40.96875
NOTE 73 89 41 41.09375
NOTE 61 89 41 41.09375
NOTE 74 89 41.125 41.28125
NOTE 62 89 41.125 41.28125
NOTE 76 89 41.3125 41.46875
NOTE 64 89 41.3125 41.46875
NOTE 77 89 41.5 41.59375
NOTE 65 89 41.5 41.59375
NOTE 79 89 41.625 41.71875
NOTE 67 89 41.625 41.71875
NOTE 76 89 41.75 41.84375
NOTE 64 89 41.75 41.84375
NOTE 77 89 41.875 41.96875
NOTE 65 89 41.875 41.96875
NOTE 79 89 42 42.09375
NOTE 67 89 42 42.09375
NOTE 76 89 42.125 42.21875
NOTE 64 89 42.125 42.21875
NOTE 77 89 42.25 42.34375
NOTE 65 89 42.25 42.34375
NOTE 79 89 42.375 42.46875
NOTE 67 89 42.375 42.46875
NOTE 76 89 42.5 42.59375
NOTE 64 89 42.5 42.59375
NOTE 77 89 42.625 42.78125
NOTE 65 89 42.625 42.78125
NOTE 79 89 42.8125 42.96875
NOTE 67 89 42.8125 42.96875
NOTE 81 89 43 43.09375
NOTE 69 89 43 43.09375
NOTE 82 89 43.125 43.21875
NOTE 70 89 43.125 43.21875
NOTE 79 89 43.25 43.34375
NOTE 67 89 43.25 43.34375
NOTE 81 89 43.375 43.46875
NOTE 69 89 43.375 43.46875
NOTE 82 89 43.5 43.59375
NOTE 70 89 43.5 43.59375
NOTE 79 89 43.625 43.71875
NOTE 67 89 43.625 43.71875
NOTE 81 89 43.75 43.84375
NOTE 69 89 43.75 43.84375
NOTE 82 89 43.875 43.96875
NOTE 70 89 43.875 43.96875
NOTE 79 89 44 44.09375
NOTE 67 89 44 44.09375
NOTE 81 89 44.125 44.46875
NOTE 69 89 44.125 44.46875
NOTE 81 89 46.875 46.96875
NOTE 69 89 46.875 46.96875
NOTE 79 89 47 47.09375
NOTE 67 89 47 47.09375
NOTE 82 89 47.125 47.21875
NOTE 70 89 47.125 47.21875
NOTE 76 89 47.25 47.34375
NOTE 64 89 47.25 47.34375
NOTE 79 89 47.375 47.46875
NOTE 67 89 47.375 47.46875
NOTE 82 89 47.5 47.59375
NOTE 70 89 47.5 47.59375
NOTE 76 89 47.625 47.71875
NOTE 64 89 47.625 47.71875
NOTE 77 89 47.75 47.84375
NOTE 65 89 47.75 47.84375
NOTE 81 89 47.875 47.96875
NOTE 69 89 47.875 47.96875
NOTE 74 89 48 48.09375
NOTE 62 89 48 48.09375
NOTE 77 89 48.125 48.21875
NOTE 65 89 48.125 48.21875
NOTE 81 89 48.25 48.34375
NOTE 69 89 48.25 48.34375
NOTE 74 89 48.375 48.46875
NOTE 62 89 48.375 48.46875
NOTE 76 89 48.5 48.59375
NOTE 64 89 48.5 48.59375
NOTE 79 89 48.625 48.71875
NOTE 67 89 48.625 48.71875
NOTE 72 89 48.75 48.84375
NOTE 60 89 48.75 48.84375
NOTE 76 89 48.875 48.96875
NOTE 64 89 48.875 48.96875
NOTE 79 89 49 49.09375
NOTE 67 89 49 49.09375
NOTE 72 89 49.125 49.21875
NOTE 60 89 49.125 49.21875
NOTE 74 89 49.25 49.34375
NOTE 62 89 49.25 49.34375
NOTE 77 89 49.375 49.46875
NOTE 65 89 49.375 49.46875
NOTE 70 89 49.5 49.59375
NOTE 58 89 49.5 49.59375
NOTE 74 89 49.625 49.71875
NOTE 62 89 49.625 49.71875
NOTE 77 89 49.75 49.84375
NOTE 65 89 49.75 49.84375
NOTE 70 89 49.875 49.96875
NOTE 58 89 49.875 49.96875
NOTE 72 89 50 50.09375
NOTE 60 89 50 50.09375
NOTE 76 89 50.125 50.21875
NOTE 64 89 50.125 50.21875
NOTE 69 89 50.25 50.34375
NOTE 57 89 50.25 50.34375
NOTE 72 89 50.375 50.46875
NOTE 60 89 50.375 50.46875
NOTE 76 89 50.5 50.59375
NOTE 64 89 50.5 50.59375
NOTE 69 89 50.625 50.71875
NOTE 57 89 50.625 50.71875
NOTE 70 89 50.75 50.84375
NOTE 58 89 50.75 50.84375
NOTE 74 89 50.875 50.96875
NOTE 62 89 50.875 50.96875
NOTE 67 89 51 51.09375
NOTE 55 89 51 51.09375
NOTE 70 89 51.125 51.21875
NOTE 58 89 51.125 51.21875
NOTE 74 89 51.25 51.34375
NOTE 62 89 51.25 51.34375
NOTE 67 89 51.375 51.46875
NOTE 55 89 51.375 51.46875
NOTE 69 89 51.5 51.59375
NOTE 57 89 51.5 51.59375
NOTE 72 89 51.625 51.71875
NOTE 60 89 51.625 51.71875
NOTE 65 89 51.75 51.84375
NOTE 53 89 51.75 51.84375
NOTE 69 89 51.875 51.96875
NOTE 57 89 51.875 51.96875
NOTE 72 89 52 52.09375
NOTE 60 89 52 52.09375
NOTE 65 89 52.125 52.21875
NOTE 53 89 52.125 52.21875
NOTE 67 89 52.25 52.34375
NOTE 55 89 52.25 52.34375
NOTE 70 89 52.375 52.46875
NOTE 58 89 52.375 52.46875
NOTE 64 89 52.5 52.59375
NOTE 52 89 52.5 52.59375
NOTE 67 89 52.625 52.71875
NOTE 55 89 52.625 52.71875
NOTE 70 89 52.75 52.84375
NOTE 58 89 52.75 52.84375
NOTE 64 89 52.875 52.96875
NOTE 52 89 52.875 52.96875
NOTE 65 89 53 53.09375
NOTE 53 89 53 53.09375
NOTE 69 89 53.125 53.21875
NOTE 57 89 53.125 53.21875
NOTE 62 89 53.25 53.34375
NOTE 50 89 53.25 53.34375
NOTE 65 89 53.375 53.46875
NOTE 53 89 53.375 53.46875
NOTE 69 89 53.5 53.59375
NOTE 57 89 53.5 53.59375
NOTE 62 89 53.625 53.71875
NOTE 50 89 53.625 53.71875
NOTE 64 89 53.75 53.84375
NOTE 52 89 53.75 53.84375
NOTE 67 89 53.875 53.96875
NOTE 55 89 53.875 53.96875
NOTE 61 89 54 54.09375
NOTE 49 89 54 54.09375
NOTE 64 89 54.125 54.21875
NOTE 52 89 54.125 54.21875
NOTE 67 89 54.25 54.34375
NOTE 55 89 54.25 54.34375
NOTE 61 89 54.375 54.46875
NOTE 49 89 54.375 54.46875
NOTE 38 89 54.53125 58.96875
NOTE 49 89 56.53125 58.96875
NOTE 52 89 56.5625 58.96875
NOTE 55 89 56.59375 58.96875
NOTE 58 89 56.625 58.96875
NOTE 61 89 56.65625 58.96875
NOTE 64 89 56.6875 58.96875
NOTE 67 89 56.71875 58.96875
NOTE 70 89 56.75 59.09375
NOTE 69 89 59.125 59.1875
NOTE 67 89 59.21875 59.28125
NOTE 65 89 59.3125 59.375
NOTE 64 89 59.40625 59.46875
NOTE 62 89 59.5 59.5625
NOTE 61 89 59.59375 59.75
NOTE 57 89 59.78125 59.9375
NOTE 61 89 59.96875 60.125
NOTE 64 89 60.15625 60.21875
NOTE 67 89 60.25 60.3125
NOTE 65 89 60.34375 60.375
NOTE 67 89 60.40625 60.4375
NOTE 65 89 60.46875 60.5
NOTE 67 89 60.53125 60.5625
NOTE 65 89 60.59375 60.625
NOTE 67 89 60.65625 60.6875
NOTE 65 89 60.71875 60.75
NOTE 67 89 60.78125 60.8125
NOTE 65 89 60.84375 60.875
NOTE 64 89 60.90625 61.0625
NOTE 38 89 61.09375 62.03125
NOTE 50 89 61.09375 62.03125
NOTE 57 89 61.09375 62.03125
NOTE 53 89 61.09375 62.0625
NOTE 62 89 61.09375 62.09375
NOTE 65 89 61.09375 62.15625
NOTE 69 89 64.3125 64.4375
NOTE 74 89 64.5 64.65625
NOTE 69 89 64.59375 64.71875
NOTE 76 89 64.6875 64.84375
NOTE 69 89 64.78125 64.90625
NOTE 77 89 64.875 65.03125
NOTE 69 89 64.96875 65.09375
NOTE 74 89 65.0625 65.21875
NOTE 69 89 65.15625 65.28125
NOTE 76 89 65.25 65.40625
NOTE 69 89 65.34375 65.46875
NOTE 77 89 65.4375 65.59375
NOTE 69 89 65.53125 65.65625
NOTE 79 89 65.625 65.78125
NOTE 69 89 65.71875 65.84375
NOTE 76 89 65.8125 65.96875
NOTE 69 89 65.90625 66.03125
NOTE 77 89 66 66.15625
NOTE 69 89 66.09375 66.21875
NOTE 79 89 66.1875 66.34375
NOTE 69 89 66.28125 66.40625
NOTE 81 89 66.375 66.53125
NOTE 69 89 66.46875 66.59375
NOTE 77 89 66.5625 66.71875
NOTE 69 89 66.65625 66.78125
NOTE 79 89 66.75 66.90625
NOTE 69 89 66.84375 66.96875
NOTE 81 89 66.9375 67.09375
NOTE 69 89 67.03125 67.15625
NOTE 82 89 67.125 67.28125
NOTE 69 89 67.21875 67.34375
NOTE 79 89 67.3125 67.46875
NOTE 69 89 67.40625 67.53125
NOTE 81 89 67.5 67.65625
NOTE 69 89 67.59375 67.71875
NOTE 77 89 67.6875 67.84375
NOTE 69 89 67.78125 67.90625
NOTE 79 89 67.875 68.03125
NOTE 69 89 67.96875 68.09375
NOTE 76 89 68.0625 68.21875
NOTE 69 89 68.15625 68.28125
NOTE 77 89 68.25 68.40625
NOTE 69 89 68.34375 68.46875
NOTE 74 89 68.4375 68.59375
NOTE 69 89 68.53125 68.65625
NOTE 76 89 68.625 68.78125
NOTE 69 89 68.71875 68.84375
NOTE 73 89 68.8125 68.96875
NOTE 69 89 68.90625 69.03125
NOTE 74 89 69 69.15625
NOTE 69 89 69.089583 69.23125
NOTE 69 89 69.275 69.4
NOTE 70 89 69.377083 69.533333
NOTE 69 89 69.46875 69.59375
NOTE 67 89 69.5625 69.71875
NOTE 69 89 69.65625 70.15625
NOTE 65 89 69.9375 70.09375
NOTE 67 89 70.125 70.28125
NOTE 69 89 70.21875 70.34375
NOTE 64 89 70.3125 70.46875
NOTE 69 89 70.40625 70.53125
NOTE 65 89 70.5 70.65625
NOTE 69 89 70.59375 70.71875
NOTE 62 89 70.6875 70.84375
NOTE 69 89 70.78125 70.90625
NOTE 67 89 70.875 71.03125
NOTE 69 89 70.96875 71.09375
NOTE 64 89 71.0625 71.21875
NOTE 69 89 71.15625 71.28125
NOTE 65 89 71.25 71.40625
NOTE 69 89 71.34375 71.46875
NOTE 62 89 71.4375 71.59375
NOTE 69 89 71.53125 71.65625
NOTE 64 89 71.625 71.78125
NOTE 69 89 71.71875 71.84375
NOTE 61 89 71.8125 71.96875
NOTE 69 89 71.90625 72.03125
NOTE 62 89 72 72.15625
NOTE 69 89 72.09375 72.21875
NOTE 57 89 72.1875 72.34375
NOTE 69 89 72.28125 72.40625
NOTE 58 89 72.375 72.53125
NOTE 69 89 72.46875 72.59375
NOTE 55 89 72.5625 72.71875
NOTE 69 89 72.65625 72.78125
NOTE 57 89 72.75 72.90625
NOTE 69 89 72.84375 72.96875
NOTE 53 89 72.9375 73.09375
NOTE 69 89 73.03125 73.15625
NOTE 55 89 73.125 73.28125
NOTE 69 89 73.21875 73.34375
NOTE 52 89 73.3125 73.46875
NOTE 69 89 73.40625 73.53125
NOTE 53 89 73.5 73.65625
NOTE 69 89 73.59375 73.71875
NOTE 50 89 73.6875 73.84375
NOTE 69 89 73.78125 73.90625
NOTE 55 89 73.875 74.03125
NOTE 69 89 73.96875 74.09375
NOTE 52 89 74.0625 74.21875
NOTE 69 89 74.15625 74.28125
NOTE 53 89 74.25 74.40625
NOTE 69 89 74.34375 74.46875
NOTE 50 89 74.4375 74.59375
NOTE 69 89 74.53125 74.65625
NOTE 52 89 74.625 74.78125
NOTE 69 89 74.71875 74.84375
NOTE 49 89 74.8125 74.96875
NOTE 50 89 75.03125 75.5
NOTE 62 89 76 76.0625
NOTE 65 89 76.09375 76.15625
NOTE 70 89 76.1875 76.25
NOTE 65 89 76.28125 76.34375
NOTE 60 89 76.375 76.4375
NOTE 64 89 76.46875 76.53125
NOTE 69 89 76.5625 76.625
NOTE 64 89 76.65625 76.71875
NOTE 58 89 76.75 76.8125
NOTE 62 89 76.84375 76.90625
NOTE 67 89 76.9375 77
NOTE 62 89 77.03125 77.09375
NOTE 57 89 77.125 77.1875
NOTE 61 89 77.21875 77.28125
NOTE 64 89 77.3125 77.375
NOTE 69 89 77.40625 77.46875
NOTE 62 89 77.53125 77.6875
NOTE 50 89 77.53125 77.875
NOTE 65 89 77.71875 77.875
NOTE 70 89 77.71875 77.875
NOTE 57 89 77.90625 78.0625
NOTE 48 89 77.90625 78.25
NOTE 64 89 78.09375 78.25
NOTE 69 89 78.09375 78.25
NOTE 58 89 78.28125 78.4375
NOTE 46 89 78.28125 78.625
NOTE 62 89 78.46875 78.625
NOTE 67 89 78.46875 78.625
NOTE 45 89 78.65625 79
NOTE 69 89 78.65625 79
NOTE 64 89 78.65625 79
NOTE 61 89 78.65625 79
NOTE 62 89 80 80.0625
NOTE 65 89 80.09375 80.15625
NOTE 70 89 80.1875 80.25
NOTE 65 89 80.28125 80.34375
NOTE 60 89 80.375 80.4375
NOTE 64 89 80.46875 80.53125
NOTE 69 89 80.5625 80.625
NOTE 64 89 80.65625 80.71875
NOTE 58 89 80.75 80.8125
NOTE 62 89 80.84375 80.90625
NOTE 67 89 80.9375 81
NOTE 62 89 81.03125 81.09375
NOTE 57 89 81.125 81.1875
NOTE 61 89 81.21875 81.28125
NOTE 64 89 81.3125 81.375
NOTE 69 89 81.40625 81.46875
NOTE 62 89 81.53125 81.6875
NOTE 50 89 81.53125 81.875
NOTE 65 89 81.71875 81.875
NOTE 70 89 81.71875 81.875
NOTE 57 89 81.90625 82.0625
NOTE 48 89 81.90625 82.25
NOTE 64 89 82.09375 82.25
NOTE 69 89 82.09375 82.25
NOTE 58 89 82.28125 82.4375
NOTE 46 89 82.28125 82.625
NOTE 62 89 82.46875 82.625
NOTE 67 89 82.46875 82.625
NOTE 45 89 82.65625 83.46875
NOTE 64 89 82.65625 83.46875
NOTE 61 89 82.65625 83.46875
NOTE 52 89 82.65625 83.46875
NOTE 69 89 82.65625 83.5625
NOTE 67 89 83.59375 83.65625
NOTE 65 89 83.6875 83.75
NOTE 64 89 83.78125 83.84375
NOTE 62 89 83.875 83.9375
NOTE 61 89 83.96875 84.03125
NOTE 59 89 84.0625 84.125
NOTE 61 89 84.15625 84.21875
NOTE 57 89 84.25 84.3125
NOTE 59 89 84.34375 84.40625
NOTE 61 89 84.4375 84.5
NOTE 62 89 84.53125 84.59375
NOTE 64 89 84.625 84.6875
NOTE 65 89 84.71875 84.78125
NOTE 67 89 84.8125 84.875
NOTE 69 89 84.90625 84.96875
NOTE 67 89 85 85.0625
NOTE 65 89 85.09375 85.15625
NOTE 64 89 85.1875 85.25
NOTE 65 89 85.28125 85.34375
NOTE 62 89 85.375 85.4375
NOTE 65 89 85.46875 85.53125
NOTE 69 89 85.5625 85.625
NOTE 73 89 85.65625 85.71875
NOTE 74 89 85.75 85.8125
NOTE 69 89 85.84375 85.90625
NOTE 71 89 85.9375 86
NOTE 73 89 86 86.0625
NOTE 74 89 86.09375 86.15625
NOTE 76 89 86.1875 86.25
NOTE 77 89 86.28125 86.34375
NOTE 79 89 86.375 86.4375
NOTE 81 89 86.46875 86.53125
NOTE 82 89 86.5625 86.96875
NOTE 74 89 87 87.15625
NOTE 50 89 87 87.34375
NOTE 77 89 87.1875 87.34375
NOTE 82 89 87.1875 87.34375
NOTE 69 89 87.375 87.53125
NOTE 48 89 87.375 87.71875
NOTE 76 89 87.5625 87.71875
NOTE 81 89 87.5625 87.71875
NOTE 70 89 87.75 87.90625
NOTE 46 89 87.75 88.09375
NOTE 74 89 87.9375 88.09375
NOTE 79 89 87.9375 88.09375
NOTE 57 89 88.125 88.96875
NOTE 81 89 88.125 88.96875
NOTE 76 89 88.125 88.96875
NOTE 73 89 88.125 88.96875
NOTE 64 89 88.125 88.96875
NOTE 45 89 88.125 88.96875
NOTE 74 89 89 89.0625
NOTE 77 89 89.09375 89.15625
NOTE 82 89 89.1875 89.25
NOTE 77 89 89.28125 89.34375
NOTE 72 89 89.375 89.4375
NOTE 76 89 89.46875 89.53125
NOTE 81 89 89.5625 89.625
NOTE 76 89 89.65625 89.71875
NOTE 70 89 89.75 89.8125
NOTE 74 89 89.84375 89.90625
NOTE 79 89 89.9375 90
NOTE 74 89 90 90.0625
NOTE 69 89 90.09375 90.1875
NOTE 73 89 90.21875 90.3125
NOTE 76 89 90.34375 90.4375
NOTE 81 89 90.46875 90.5625
NOTE 74 89 90.59375 90.8125
NOTE 50 89 90.59375 91.0625
NOTE 82 89 90.84375 91.0625
NOTE 77 89 90.84375 91.0625
NOTE 69 89 91.09375 91.3125
NOTE 48 89 91.09375 91.5625
NOTE 81 89 91.34375 91.5625
NOTE 76 89 91.34375 91.5625
NOTE 70 89 91.59375 91.8125
NOTE 46 89 91.59375 92.0625
NOTE 79 89 91.84375 92.0625
NOTE 74 89 91.84375 92.0625
NOTE 45 89 92.09375 92.5625
NOTE 64 89 92.09375 92.5625
NOTE 69 89 92.09375 92.5625
NOTE 73 89 92.09375 92.5625
NOTE 76 89 92.09375 92.5625
NOTE 81 89 92.09375 92.5625
NOTE 44 89 92.59375 93.0625
NOTE 59 89 92.59375 93.0625
NOTE 71 89 92.59375 93.0625
NOTE 65 89 92.59375 93.0625
NOTE 74 89 92.59375 93.0625
NOTE 73 89 93.09375 94.03125
NOTE 69 89 93.09375 94.03125
NOTE 64 89 93.09375 94.03125
NOTE 57 89 93.09375 94.03125
NOTE 43 89 93.09375 94.03125
NOTE 71 89 94.0625 94.15625
NOTE 69 89 94.1875 94.28125
NOTE 73 89 94.3125 94.40625
NOTE 76 89 94.4375 94.5
NOTE 79 89 94.53125 94.59375
NOTE 82 89 94.625 94.78125
NOTE 81 89 94.8125 94.875
NOTE 79 89 94.90625 94.96875
NOTE 77 89 95 95.0625
NOTE 76 89 95.09375 95.15625
NOTE 77 89 95.1875 95.25
NOTE 76 89 95.28125 95.34375
NOTE 74 89 95.375 95.4375
NOTE 73 89 95.46875 95.53125
NOTE 74 89 95.5625 95.625
NOTE 72 89 95.65625 95.71875
NOTE 70 89 95.75 95.8125
NOTE 69 89 95.84375 95.90625
NOTE 67 89 95.9375 96
NOTE 65 89 96 96.0625
NOTE 64 89 96.09375 96.15625
NOTE 62 89 96.1875 96.25
NOTE 61 89 96.28125 97.96875
NOTE 67 89 96.28125 97.96875
NOTE 70 89 96.28125 97.96875
NOTE 76 89 96.28125 97.96875
NOTE 55 89 96.28125 97.96875
NOTE 73 89 96.28125 98.15625
NOTE 64 89 96.28125 98.15625
NOTE 76 89 98.1875 98.34375
NOTE 67 89 98.1875 98.34375
NOTE 73 89 98.375 98.53125
NOTE 64 89 98.375 98.53125
NOTE 70 89 98.5625 98.71875
NOTE 61 89 98.5625 98.71875
NOTE 73 89 98.75 98.90625
NOTE 64 89 98.75 98.90625
NOTE 70 89 98.9375 99.09375
NOTE 61 89 98.9375 99.09375
NOTE 73 89 99.125 99.28125
NOTE 64 89 99.125 99.28125
NOTE 76 89 99.3125 99.46875
NOTE 67 89 99.3125 99.46875
NOTE 73 89 99.5 99.65625
NOTE 64 89 99.5 99.65625
NOTE 70 89 99.6875 99.84375
NOTE 61 89 99.6875 99.84375
NOTE 64 89 99.875 100.03125
NOTE 73 89 99.875 100.03125
NOTE 70 89 100.0625 100.21875
NOTE 61 89 100.0625 100.21875
NOTE 73 89 100.25 100.40625
NOTE 64 89 100.25 100.40625
NOTE 76 89 100.4375 100.59375
NOTE 67 89 100.4375 100.59375
NOTE 73 89 100.625 100.78125
NOTE 64 89 100.625 100.78125
NOTE 70 89 100.8125 100.96875
NOTE 61 89 100.8125 100.96875
NOTE 73 89 101 101.15625
NOTE 64 89 101 101.15625
NOTE 70 89 101.1875 101.34375
NOTE 61 89 101.1875 101.34375
NOTE 73 89 101.375 101.53125
NOTE 64 89 101.375 101.53125
NOTE 76 89 101.5625 101.71875
NOTE 67 89 101.5625 101.71875
NOTE 73 89 101.75 101.90625
NOTE 64 89 101.75 101.90625
NOTE 61 89 101.9375 102.09375
NOTE 70 89 101.9375 102.09375
NOTE 73 89 102.125 102.28125
NOTE 64 89 102.125 102.28125
NOTE 70 89 102.3125 102.46875
NOTE 61 89 102.3125 102.46875
NOTE 67 89 102.5 102.65625
NOTE 58 89 102.5 102.65625
NOTE 70 89 102.6875 102.84375
NOTE 61 89 102.6875 102.84375
NOTE 67 89 102.875 103.03125
NOTE 58 89 102.875 103.03125
NOTE 64 89 103.0625 103.21875
NOTE 55 89 103.0625 103.21875
NOTE 67 89 103.25 103.40625
NOTE 58 89 103.25 103.40625
NOTE 64 89 103.4375 103.59375
NOTE 55 89 103.4375 103.59375
NOTE 67 89 103.625 103.78125
NOTE 58 89 103.625 103.78125
NOTE 70 89 103.8125 103.96875
NOTE 61 89 103.8125 103.96875
NOTE 67 89 104 104.15625
NOTE 58 89 104 104.15625
NOTE 64 89 104.1875 104.34375
NOTE 55 89 104.1875 104.34375
NOTE 67 89 104.375 104.53125
NOTE 58 89 104.375 104.53125
NOTE 64 89 104.5625 104.71875
NOTE 55 89 104.5625 104.71875
NOTE 67 89 104.75 104.90625
NOTE 58 89 104.75 104.90625
NOTE 70 89 104.9375 105.09375
NOTE 61 89 104.9375 105.09375
NOTE 67 89 105.125 105.28125
NOTE 58 89 105.125 105.28125
NOTE 64 89 105.3125 105.46875
NOTE 55 89 105.3125 105.46875
NOTE 67 89 105.5 105.65625
NOTE 58 89 105.5 105.65625
NOTE 64 89 105.6875 105.84375
NOTE 55 89 105.6875 105.84375
NOTE 58 89 105.875 106.03125
NOTE 67 89 105.875 106.03125
NOTE 70 89 106.0625 106.21875
NOTE 61 89 106.0625 106.21875
NOTE 67 89 106.25 106.40625
NOTE 58 89 106.25 106.40625
NOTE 64 89 106.4375 106.59375
NOTE 55 89 106.4375 106.59375
NOTE 67 89 106.625 106.78125
NOTE 58 89 106.625 106.78125
NOTE 64 89 106.8125 106.96875
NOTE 55 89 106.8125 106.96875
NOTE 61 89 107 107.15625
NOTE 52 89 107 107.15625
NOTE 64 89 107.1875 107.34375
NOTE 55 89 107.1875 107.34375
NOTE 61 89 107.375 107.53125
NOTE 52 89 107.375 107.53125
NOTE 58 89 107.5625 107.71875
NOTE 49 89 107.5625 107.71875
NOTE 61 89 107.75 107.90625
NOTE 52 89 107.75 107.90625
NOTE 49 89 107.9375 108.09375
NOTE 58 89 107.9375 108.09375
NOTE 61 89 108.125 108.28125
NOTE 52 89 108.125 108.28125
NOTE 64 89 108.3125 108.46875
NOTE 55 89 108.3125 108.46875
NOTE 61 89 108.5 108.65625
NOTE 52 89 108.5 108.65625
NOTE 58 89 108.6875 108.84375
NOTE 49 89 108.6875 108.84375
NOTE 61 89 108.875 109.03125
NOTE 52 89 108.875 109.03125
NOTE 58 89 109.0625 109.21875
NOTE 49 89 109.0625 109.21875
NOTE 61 89 109.25 109.40625
NOTE 52 89 109.25 109.40625
NOTE 64 89 109.4375 109.59375
NOTE 55 89 109.4375 109.59375
NOTE 61 89 109.625 109.78125
NOTE 52 89 109.625 109.78125
NOTE 58 89 109.8125 109.96875
NOTE 49 89 109.8125 109.96875
NOTE 61 89 110 110.15625
NOTE 52 89 110 110.15625
NOTE 58 89 110.1875 110.34375
NOTE 49 89 110.1875 110.34375
NOTE 61 89 110.375 110.53125
NOTE 52 89 110.375 110.53125
NOTE 64 89 110.5625 110.71875
NOTE 55 89 110.5625 110.71875
NOTE 61 89 110.75 110.90625
NOTE 52 89 110.75 110.90625
NOTE 58 89 110.9375 111.09375
NOTE 49 89 110.9375 111.09375
NOTE 61 89 111.125 111.28125
NOTE 52 89 111.125 111.28125
NOTE 58 89 111.3125 111.46875
NOTE 49 89 111.3125 111.46875
NOTE 61 89 111.5 111.65625
NOTE 52 89 111.5 111.65625
NOTE 64 89 111.6875 111.84375
NOTE 55 89 111.6875 111.84375
NOTE 52 89 111.875 112.03125
NOTE 61 89 111.875 112.03125
NOTE 64 89 112.0625 112.21875
NOTE 55 89 112.0625 112.21875
NOTE 67 89 112.25 112.40625
NOTE 64 89 112.4375 112.59375
NOTE 55 89 112.4375 112.59375
NOTE 61 89 112.625 112.78125
NOTE 52 89 112.625 112.78125
NOTE 64 89 112.8125 112.96875
NOTE 55 89 112.8125 112.96875
NOTE 61 89 113 113.15625
NOTE 52 89 113 113.15625
NOTE 64 89 113.1875 113.34375
NOTE 55 89 113.1875 113.34375
NOTE 67 89 113.375 113.53125
NOTE 58 89 113.375 113.53125
NOTE 64 89 113.5625 113.71875
NOTE 55 89 113.5625 113.71875
NOTE 61 89 113.75 113.90625
NOTE 52 89 113.75 113.90625
NOTE 55 89 113.9375 114.09375
NOTE 64 89 113.9375 114.09375
NOTE 61 89 114.125 114.28125
NOTE 52 89 114.125 114.28125
NOTE 64 89 114.3125 114.46875
NOTE 55 89 114.3125 114.46875
NOTE 67 89 114.5 114.65625
NOTE 58 89 114.5 114.65625
NOTE 64 89 114.6875 114.84375
NOTE 55 89 114.6875 114.84375
NOTE 61 89 114.875 115.03125
NOTE 52 89 114.875 115.03125
NOTE 64 89 115.0625 115.21875
NOTE 55 89 115.0625 115.21875
NOTE 61 89 115.25 115.40625
NOTE 52 89 115.25 115.40625
NOTE 64 89 115.4375 115.59375
NOTE 55 89 115.4375 115.59375
NOTE 67 89 115.625 115.78125
NOTE 58 89 115.625 115.78125
NOTE 64 89 115.8125 115.96875
NOTE 55 89 115.8125 115.96875
NOTE 67 89 116 116.15625
NOTE 58 89 116 116.15625
NOTE 70 89 116.1875 116.34375
NOTE 61 89 116.1875 116.34375
NOTE 67 89 116.375 116.53125
NOTE 58 89 116.375 116.53125
NOTE 70 89 116.5625 116.71875
NOTE 61 89 116.5625 116.71875
NOTE 67 89 116.75 116.90625
NOTE 58 89 116.75 116.90625
NOTE 70 89 116.9375 117.09375
NOTE 61 89 116.9375 117.09375
NOTE 67 89 117.125 117.28125
NOTE 58 89 117.125 117.28125
NOTE 70 89 117.3125 117.46875
NOTE 61 89 117.3125 117.46875
NOTE 67 89 117.5 117.65625
NOTE 58 89 117.5 117.65625
NOTE 70 89 117.6875 117.84375
NOTE 61 89 117.6875 117.84375
NOTE 58 89 117.875 118.03125
NOTE 67 89 117.875 118.03125
NOTE 70 89 118.0625 118.21875
NOTE 61 89 118.0625 118.21875
NOTE 73 89 118.25 118.40625
NOTE 64 89 118.25 118.40625
NOTE 70 89 118.4375 118.59375
NOTE 61 89 118.4375 118.59375
NOTE 73 89 118.625 118.78125
NOTE 64 89 118.625 118.78125
NOTE 76 89 118.8125 118.96875
NOTE 67 89 118.8125 118.96875
NOTE 73 89 119 119.15625
NOTE 64 89 119 119.15625
NOTE 76 89 119.1875 119.34375
NOTE 67 89 119.1875 119.34375
NOTE 73 89 119.375 119.53125
NOTE 64 89 119.375 119.53125
NOTE 76 89 119.5625 119.71875
NOTE 67 89 119.5625 119.71875
NOTE 73 89 119.75 119.90625
NOTE 64 89 119.75 119.90625
NOTE 67 89 119.9375 120.09375
NOTE 76 89 119.9375 120.09375
NOTE 73 89 120.125 120.28125
NOTE 64 89 120.125 120.28125
NOTE 76 89 120.3125 120.4375
NOTE 67 89 120.3125 120.46875
NOTE 81 89 120.5 121.96875
NOTE 76 89 120.5 121.96875
NOTE 73 89 120.5 121.96875
NOTE 69 89 120.5 121.96875
NOTE 64 89 120.5 121.96875
NOTE 61 89 120.5 121.96875
NOTE 57 89 120.5 121.96875
NOTE 55 89 120.5 121.96875
NOTE 62 89 122 123.4375
NOTE 74 89 122 123.4375
NOTE 81 89 122 123.46875
NOTE 77 89 122 123.46875
NOTE 69 89 122 123.46875
NOTE 65 89 122 123.46875
NOTE 57 89 122 123.46875
NOTE 53 89 122 123.46875
NOTE 79 89 123.5 124.96875
NOTE 74 89 123.5 124.96875
NOTE 70 89 123.5 124.96875
NOTE 67 89 123.5 124.96875
NOTE 62 89 123.5 124.96875
NOTE 58 89 123.5 125.46875
NOTE 57 89 125.5 125.71875
NOTE 55 89 125.75 125.96875
NOTE 57 89 126 126.21875
NOTE 61 89 126 126.46875
NOTE 64 89 126 126.46875
NOTE 69 89 126 126.46875
NOTE 73 89 126 126.46875
NOTE 76 89 126 126.46875
NOTE 79 89 126 126.46875
NOTE 52 89 126.25 126.46875
NOTE 53 89 126.5 126.65625
NOTE 50 89 126.6875 126.84375
NOTE 52 89 126.875 127.03125
NOTE 49 89 127.0625 127.21875
NOTE 50 89 127.25 127.40625
NOTE 47 89 127.4375 127.59375
NOTE 49 89 127.625 127.78125
NOTE 45 89 127.8125 127.96875
NOTE 46 89 128 128.15625
NOTE 44 89 128.1875 128.34375
NOTE 45 89 128.375 128.53125
NOTE 57 89 128.5625 128.6875
NOTE 69 89 128.5625 128.6875
NOTE 55 89 128.5625 128.71875
NOTE 64 89 128.5625 128.71875
NOTE 73 89 128.5625 128.71875
NOTE 65 89 128.75 129.0625
NOTE 62 89 128.75 129.0625
NOTE 57 89 128.75 129.0625
NOTE 74 89 128.75 129.09375
NOTE 69 89 128.75 129.09375
NOTE 53 89 128.75 129.09375
NOTE 50 89 129.125 129.46875
NOTE 65 89 129.125 129.46875
NOTE 62 89 129.125 129.84375
NOTE 57 89 129.125 130.21875
NOTE 64 89 129.5 130
NOTE 45 89 129.5 130.46875
NOTE 61 89 129.875 130.46875
NOTE 64 89 130 130.46875
NOTE 55 89 130.25 130.4375
NOTE 55 89 130.5 130.84375
NOTE 62 89 130.5 132.5
NOTE 57 89 130.5 132.5
NOTE 50 89 130.5 132.5
NOTE 38 89 130.5 132.5
NOTE 53 89 130.875 131.03125
NOTE 52 89 131.0625 131.21875
NOTE 53 89 131.25 132.5
