CS302-Midi-Note-File
NOTE 61 45 0 0.05625
NOTE 90 75 0 0.13541667
NOTE 58 27 0.0020833333 0.06875
NOTE 66 53 0.00625 0.066666667
NOTE 54 64 0.00625 0.066666667
NOTE 94 68 0.09375 0.17708333
DAMPER 0.1 0.14791667
NOTE 85 71 0.16666667 0.21875
NOTE 66 47 0.25833333 0.32083333
NOTE 54 59 0.26458333 0.32291667
NOTE 90 64 0.26458333 0.36875
NOTE 59 46 0.26875 0.32291667
NOTE 63 51 0.27083333 0.31875
NOTE 87 67 0.35625 0.49166667
NOTE 90 67 0.46041667 0.51041667
NOTE 85 61 0.52708333 0.58958333
NOTE 66 73 0.53125 0.64166667
NOTE 61 56 0.54583333 0.6
NOTE 58 46 0.54583333 0.63333333
NOTE 54 68 0.54583333 0.725
DAMPER 0.59583333 0.78958333
NOTE 90 59 0.62083333 0.76458333
NOTE 82 60 0.71458333 0.83125
NOTE 85 69 0.81666667 0.85833333
NOTE 78 62 0.8875 0.9375
NOTE 82 63 0.97708333 1.0729167
NOTE 54 60 1.05 1.1
NOTE 42 70 1.0541667 1.0958333
NOTE 78 68 1.0916667 1.1520833
NOTE 82 58 1.18125 1.2291667
DAMPER 1.1895833 1.3166667
NOTE 73 47 1.2645833 1.31875
NOTE 66 40 1.33125 1.4
NOTE 63 40 1.3416667 1.3958333
NOTE 59 61 1.34375 1.4270833
NOTE 78 68 1.3541667 1.4104167
NOTE 75 61 1.4375 1.5229167
NOTE 78 63 1.53125 1.575
NOTE 73 49 1.6041667 1.6604167
NOTE 66 61 1.6083333 1.7208333
NOTE 58 50 1.61875 1.7354167
NOTE 61 31 1.6229167 1.70625
NOTE 78 46 1.6854167 1.8229167
DAMPER 1.7 1.84375
NOTE 70 56 1.7729167 1.85625
NOTE 73 66 1.8666667 1.9145833
NOTE 66 47 1.9604167 2.0125
NOTE 70 65 2.03125 2.1104167
NOTE 61 77 2.1145833 2.1833333
NOTE 49 61 2.1166667 2.1645833
NOTE 37 71 2.11875 2.1604167
NOTE 73 58 2.2166667 2.26875
DAMPER 2.2604167 2.3895833
NOTE 68 62 2.2666667 2.36875
NOTE 73 43 2.35 2.4020833
NOTE 65 59 2.3645833 2.4104167
NOTE 61 45 2.3708333 2.45
NOTE 56 31 2.3854167 2.4604167
NOTE 68 80 2.425 2.5145833
NOTE 80 81 2.525 2.5833333
NOTE 63 73 2.61875 2.6583333
NOTE 68 68 2.6208333 2.6645833
NOTE 59 12 2.6229167 2.6770833
NOTE 56 42 2.6270833 2.68125
DAMPER 2.725 2.8854167
NOTE 80 64 2.7270833 2.7729167
NOTE 75 59 2.7875 2.85
NOTE 44 77 2.85 2.9020833
NOTE 80 50 2.8604167 2.9083333
NOTE 75 64 2.9416667 3.0395833
NOTE 87 70 3.0291667 3.0833333
NOTE 49 70 3.0979167 3.1416667
NOTE 75 69 3.1104167 3.1833333
NOTE 87 62 3.2 3.25
DAMPER 3.2041667 3.4291667
NOTE 80 68 3.2708333 3.325
NOTE 59 38 3.33125 3.3895833
NOTE 63 52 3.3333333 3.3854167
NOTE 56 41 3.3354167 3.4291667
NOTE 87 61 3.35625 3.4020833
NOTE 80 69 3.4291667 3.5125
NOTE 92 79 3.5125 3.5625
NOTE 80 68 3.5979167 3.6583333
NOTE 61 50 3.6208333 3.7333333
NOTE 59 42 3.6291667 3.6875
NOTE 56 50 3.63125 3.6979167
NOTE 92 67 3.6833333 3.7333333
DAMPER 3.7333333 3.9083333
NOTE 85 65 3.7541667 3.8083333
NOTE 92 50 3.8604167 3.9083333
NOTE 85 73 3.925 4.0020833
NOTE 97 70 4.0166667 4.05
NOTE 66 96 4.1145833 4.1541667
NOTE 90 99 4.1208333 4.24375
NOTE 61 72 4.1229167 4.1645833
NOTE 54 91 4.125 4.1729167
NOTE 58 50 4.1270833 4.1770833
NOTE 94 80 4.1958333 4.3041667
DAMPER 4.2291667 4.2770833
NOTE 85 84 4.2854167 4.35
NOTE 66 70 4.3604167 4.4354167
NOTE 63 68 4.3729167 4.4145833
NOTE 54 72 4.3729167 4.425
NOTE 90 81 4.3833333 4.4666667
NOTE 59 55 4.3854167 4.4291667
NOTE 87 73 4.4708333 4.5375
NOTE 90 74 4.55625 4.61875
NOTE 85 73 4.6375 4.7083333
NOTE 66 83 4.64375 4.6854167
NOTE 61 56 4.65 4.7020833
NOTE 58 52 4.65 4.71875
NOTE 54 72 4.6583333 4.7145833
NOTE 90 73 4.725 4.8520833
DAMPER 4.7270833 4.86875
NOTE 82 62 4.8208333 4.8895833
NOTE 85 75 4.8958333 4.94375
NOTE 78 69 4.98125 5.0291667
NOTE 82 67 5.0666667 5.13125
NOTE 42 64 5.1416667 5.18125
NOTE 54 73 5.1416667 5.1833333
NOTE 78 58 5.14375 5.2458333
NOTE 82 54 5.2458333 5.2958333
DAMPER 5.3020833 5.35
NOTE 73 68 5.3020833 5.3583333
NOTE 66 55 5.3770833 5.44375
NOTE 78 70 5.39375 5.45625
NOTE 63 52 5.3958333 5.4458333
NOTE 59 49 5.3958333 5.4666667
NOTE 75 58 5.4916667 5.5520833
NOTE 78 66 5.5604167 5.6125
NOTE 61 44 5.6291667 5.7125
NOTE 66 57 5.63125 5.7041667
NOTE 73 61 5.6416667 5.7041667
NOTE 58 25 5.6479167 5.7270833
NOTE 78 55 5.7270833 5.8625
DAMPER 5.75 5.8458333
NOTE 70 52 5.8229167 5.8854167
NOTE 73 59 5.8916667 5.9458333
NOTE 66 62 5.9708333 6.0208333
NOTE 70 47 6.0666667 6.1270833
NOTE 63 75 6.1291667 6.1854167
NOTE 47 44 6.1520833 6.2125
NOTE 75 56 6.2395833 6.2916667
NOTE 68 67 6.2895833 6.34375
DAMPER 6.2958333 7.1104167
NOTE 75 41 6.3979167 6.4479167
NOTE 63 59 6.4458333 6.5145833
NOTE 56 35 6.4479167 6.51875
NOTE 68 63 6.4520833 6.51875
NOTE 80 73 6.5583333 6.6354167
NOTE 75 55 6.64375 6.7041667
NOTE 80 57 6.74375 6.7895833
NOTE 75 63 6.83125 6.9229167
NOTE 87 69 6.9229167 6.9625
NOTE 47 31 6.9229167 6.9875
NOTE 80 76 7.025 7.11875
NOTE 82 20 7.075 7.1458333
NOTE 92 69 7.1270833 7.1791667
NOTE 46 36 7.1479167 7.275
NOTE 82 62 7.2166667 7.325
NOTE 53 63 7.2479167 7.2979167
NOTE 94 56 7.3333333 7.3958333
NOTE 62 37 7.3416667 7.4083333
DAMPER 7.35 8.775
NOTE 82 41 7.4291667 7.5145833
NOTE 58 32 7.5270833 7.60625
NOTE 94 55 7.5395833 7.6083333
NOTE 65 38 7.6041667 7.6583333
NOTE 82 44 7.6520833 7.7354167
NOTE 74 56 7.7375 7.7875
NOTE 94 51 7.7541667 7.8479167
NOTE 82 50 7.88125 7.9625
NOTE 94 45 8.0020833 8.075
NOTE 82 42 8.11875 8.2
NOTE 94 30 8.2625 8.3541667
NOTE 82 38 8.39375 8.4645833
NOTE 94 36 8.5458333 8.6
NOTE 90 86 8.7625 8.8708333
NOTE 66 59 8.7645833 8.8145833
NOTE 54 60 8.7770833 8.83125
NOTE 61 45 8.7770833 8.83125
NOTE 58 27 8.7791667 8.8479167
NOTE 94 69 8.84375 8.9333333
NOTE 85 74 8.9166667 8.975
NOTE 90 71 9.0125 9.0666667
NOTE 66 58 9.01875 9.0708333
NOTE 63 63 9.0270833 9.0708333
NOTE 54 50 9.0333333 9.0916667
NOTE 59 44 9.0395833 9.0895833
NOTE 87 62 9.1104167 9.16875
NOTE 90 68 9.20625 9.2583333
NOTE 66 72 9.2895833 9.3333333
NOTE 85 58 9.2895833 9.3416667
NOTE 54 63 9.30625 9.3645833
NOTE 58 46 9.30625 9.36875
NOTE 61 36 9.3083333 9.3708333
DAMPER 9.3833333 9.4770833
NOTE 90 60 9.3958333 9.4604167
NOTE 82 46 9.4770833 9.5375
NOTE 85 63 9.55625 9.5979167
NOTE 78 65 9.6291667 9.675
NOTE 82 58 9.7270833 9.7791667
NOTE 42 52 9.80625 9.8541667
NOTE 54 62 9.8104167 9.8583333
NOTE 78 50 9.8208333 9.8729167
NOTE 82 49 9.90625 9.95625
NOTE 73 51 9.98125 10.035417
NOTE 66 46 10.05 10.108333
NOTE 63 41 10.064583 10.11875
NOTE 59 37 10.06875 10.120833
NOTE 78 60 10.08125 10.129167
NOTE 75 47 10.164583 10.222917
NOTE 78 39 10.233333 10.285417
NOTE 73 52 10.314583 10.372917
NOTE 66 54 10.316667 10.385417
NOTE 58 37 10.335417 10.4
NOTE 61 43 10.339583 10.441667
NOTE 78 32 10.408333 10.485417
DAMPER 10.408333 10.535417
NOTE 70 37 10.497917 10.560417
NOTE 73 53 10.5625 10.610417
NOTE 66 54 10.647917 10.695833
NOTE 70 42 10.73125 10.797917
NOTE 61 68 10.81875 10.872917
NOTE 49 58 10.83125 10.877083
NOTE 37 60 10.833333 10.879167
NOTE 73 60 10.9125 10.96875
DAMPER 10.952083 11.09375
NOTE 68 51 10.979167 11.039583
NOTE 65 49 11.070833 11.11875
NOTE 61 42 11.079167 11.15
NOTE 56 41 11.091667 11.15625
NOTE 73 19 11.09375 11.1625
NOTE 68 52 11.13125 11.197917
NOTE 80 68 11.229167 11.277083
NOTE 63 68 11.31875 11.3625
NOTE 68 62 11.31875 11.370833
NOTE 56 47 11.341667 11.39375
NOTE 80 59 11.43125 11.479167
DAMPER 11.447917 11.558333
NOTE 75 53 11.5 11.55625
NOTE 80 42 11.56875 11.61875
NOTE 44 50 11.579167 11.639583
NOTE 75 55 11.652083 11.708333
NOTE 87 61 11.735417 11.779167
NOTE 75 60 11.820833 11.875
NOTE 49 60 11.822917 11.866667
DAMPER 11.910417 12.23125
NOTE 87 51 11.914583 11.964583
NOTE 80 63 11.979167 12.03125
NOTE 63 46 12.05625 12.108333
NOTE 56 44 12.058333 12.116667
NOTE 59 54 12.060417 12.108333
NOTE 87 43 12.06875 12.11875
NOTE 80 71 12.160417 12.210417
NOTE 92 59 12.245833 12.29375
NOTE 61 68 12.335417 12.45
NOTE 59 40 12.339583 12.470833
NOTE 80 69 12.341667 12.389583
NOTE 56 47 12.341667 12.458333
NOTE 92 56 12.420833 12.497917
NOTE 85 60 12.504167 12.554167
DAMPER 12.535417 12.616667
NOTE 92 62 12.577083 12.625
NOTE 85 52 12.68125 12.725
NOTE 97 77 12.758333 12.797917
NOTE 66 83 12.864583 12.90625
NOTE 90 89 12.870833 12.985417
NOTE 61 69 12.877083 12.922917
NOTE 54 75 12.877083 12.929167
NOTE 58 51 12.879167 12.93125
DAMPER 12.920833 12.96875
NOTE 94 78 12.954167 13.041667
NOTE 85 70 13.041667 13.089583
NOTE 66 66 13.125 13.179167
NOTE 90 70 13.133333 13.185417
NOTE 63 67 13.133333 13.185417
NOTE 59 56 13.139583 13.1875
NOTE 54 58 13.145833 13.195833
NOTE 87 64 13.227083 13.277083
NOTE 90 67 13.327083 13.375
NOTE 85 61 13.404167 13.45625
NOTE 66 78 13.4125 13.454167
NOTE 54 57 13.4125 13.479167
NOTE 58 33 13.420833 13.495833
NOTE 61 43 13.429167 13.489583
NOTE 90 51 13.485417 13.629167
DAMPER 13.495833 13.577083
NOTE 82 47 13.5875 13.654167
NOTE 85 64 13.666667 13.708333
NOTE 78 64 13.739583 13.785417
NOTE 82 64 13.829167 13.885417
NOTE 42 56 13.897917 13.941667
NOTE 54 66 13.904167 13.952083
NOTE 78 50 13.914583 13.979167
NOTE 82 50 14.002083 14.052083
DAMPER 14.025 14.072917
NOTE 73 54 14.070833 14.125
NOTE 66 52 14.139583 14.204167
NOTE 59 57 14.15 14.2125
NOTE 63 42 14.158333 14.210417
NOTE 78 60 14.16875 14.220833
NOTE 75 53 14.247917 14.3125
NOTE 78 40 14.322917 14.377083
NOTE 73 51 14.39375 14.45
NOTE 66 47 14.40625 14.497917
NOTE 61 39 14.41875 14.525
NOTE 58 24 14.425 14.522917
DAMPER 14.439583 14.585417
NOTE 78 38 14.477083 14.608333
NOTE 70 39 14.579167 14.641667
NOTE 73 51 14.64375 14.695833
NOTE 66 50 14.733333 14.79375
NOTE 70 50 14.802083 14.866667
NOTE 63 62 14.9 14.954167
NOTE 48 41 14.93125 14.989583
NOTE 75 57 15 15.060417
DAMPER 15.033333 15.752083
NOTE 68 42 15.077083 15.133333
NOTE 75 40 15.172917 15.222917
NOTE 66 50 15.175 15.241667
NOTE 56 41 15.189583 15.264583
NOTE 68 41 15.241667 15.35625
NOTE 80 60 15.333333 15.397917
NOTE 75 50 15.414583 15.483333
NOTE 80 35 15.51875 15.575
NOTE 75 56 15.585417 15.679167
NOTE 44 64 15.658333 15.73125
NOTE 87 62 15.679167 15.725
NOTE 80 60 15.766667 15.820833
NOTE 87 55 15.8625 15.908333
NOTE 49 60 15.91875 15.966667
NOTE 75 69 15.93125 15.977083
NOTE 87 46 16.010417 16.070833
DAMPER 16.041667 17.002083
NOTE 80 53 16.1125 16.183333
NOTE 87 42 16.172917 16.235417
NOTE 56 46 16.183333 16.304167
NOTE 65 29 16.2 16.29375
NOTE 73 67 16.26875 16.327083
NOTE 85 58 16.370833 16.41875
NOTE 80 61 16.452083 16.50625
NOTE 85 42 16.54375 16.589583
NOTE 80 65 16.6125 16.702083
NOTE 92 71 16.725 16.760417
NOTE 85 44 16.847917 16.897917
NOTE 97 45 16.952083 17.004167
NOTE 68 38 17.095833 17.2375
NOTE 66 23 17.114583 17.210417
NOTE 92 46 17.11875 17.175
NOTE 60 26 17.127083 17.216667
NOTE 94 51 17.208333 17.304167
DAMPER 17.289583 17.63125
NOTE 92 33 17.308333 17.370833
NOTE 87 53 17.38125 17.43125
NOTE 68 42 17.38125 17.433333
NOTE 56 50 17.391667 17.45625
NOTE 99 65 17.464583 17.50625
NOTE 87 33 17.533333 17.59375
NOTE 70 57 17.645833 17.810417
NOTE 85 69 17.660417 17.704167
NOTE 65 38 17.68125 17.758333
NOTE 61 28 17.683333 17.766667
NOTE 87 57 17.747917 17.825
NOTE 85 33 17.820833 17.877083
DAMPER 17.833333 18.058333
NOTE 80 69 17.885417 17.933333
NOTE 68 44 17.922917 17.98125
NOTE 56 25 17.945833 18.016667
NOTE 92 62 17.970833 18.014583
NOTE 80 51 18.027083 18.1
NOTE 70 58 18.152083 18.29375
NOTE 80 74 18.160417 18.208333
NOTE 66 26 18.185417 18.270833
NOTE 60 17 18.197917 18.291667
NOTE 82 47 18.235417 18.322917
DAMPER 18.314583 18.61875
NOTE 80 35 18.325 18.379167
NOTE 75 52 18.383333 18.439583
NOTE 68 38 18.433333 18.502083
NOTE 56 29 18.447917 18.520833
NOTE 87 48 18.485417 18.533333
NOTE 75 38 18.53125 18.61875
NOTE 73 55 18.672917 18.727083
NOTE 65 46 18.689583 18.814583
NOTE 61 28 18.70625 18.920833
NOTE 75 46 18.78125 18.84375
NOTE 73 33 18.870833 18.933333
DAMPER 18.889583 19.1625
NOTE 56 44 18.947917 19.004167
NOTE 68 55 18.954167 19.345833
NOTE 48 43 19.2625 19.320833
NOTE 75 38 19.352083 19.414583
DAMPER 19.370833 19.577083
NOTE 80 51 19.427083 19.485417
NOTE 82 46 19.50625 19.63125
NOTE 66 31 19.516667 19.591667
NOTE 63 48 19.525 19.5875
NOTE 56 35 19.5375 19.60625
NOTE 80 47 19.595833 19.691667
NOTE 75 48 19.689583 19.75
NOTE 73 56 19.766667 19.85625
NOTE 61 56 19.783333 19.845833
NOTE 56 47 19.785417 19.88125
NOTE 65 43 19.797917 19.85625
NOTE 80 54 19.883333 19.941667
DAMPER 19.897917 20.10625
NOTE 85 49 19.94375 20.002083
NOTE 87 55 20.010417 20.14375
NOTE 49 79 20.01875 20.091667
NOTE 85 48 20.09375 20.229167
NOTE 82 53 20.2 20.254167
NOTE 44 77 20.275 20.31875
NOTE 80 73 20.275 20.408333
NOTE 87 57 20.379167 20.447917
DAMPER 20.410417 20.683333
NOTE 92 58 20.44375 20.547917
NOTE 66 38 20.522917 20.579167
NOTE 94 67 20.53125 20.69375
NOTE 60 41 20.54375 20.60625
NOTE 56 44 20.545833 20.614583
NOTE 92 63 20.614583 20.735417
NOTE 87 55 20.702083 20.820833
NOTE 37 81 20.80625 20.852083
NOTE 85 66 20.80625 20.916667
NOTE 92 52 20.908333 20.975
DAMPER 20.922917 21.210417
NOTE 97 52 20.985417 21.072917
NOTE 65 57 21.072917 21.11875
NOTE 61 50 21.075 21.13125
NOTE 99 60 21.075 21.233333
NOTE 56 48 21.083333 21.141667
NOTE 97 50 21.172917 21.310417
NOTE 94 47 21.275 21.389583
NOTE 92 56 21.397917 21.45
NOTE 44 63 21.402083 21.45
NOTE 94 40 21.4875 21.627083
DAMPER 21.5 21.9625
NOTE 92 57 21.59375 21.672917
NOTE 68 50 21.685417 21.75
NOTE 87 59 21.69375 21.747917
NOTE 60 38 21.69375 21.78125
NOTE 66 30 21.695833 21.764583
NOTE 99 60 21.7875 21.83125
NOTE 87 45 21.877083 21.9375
NOTE 70 61 21.979167 22.127083
NOTE 61 43 21.99375 22.079167
NOTE 85 75 21.995833 22.041667
NOTE 65 40 21.997917 22.079167
NOTE 87 59 22.077083 22.210417
NOTE 85 61 22.170833 22.233333
DAMPER 22.170833 22.44375
NOTE 80 72 22.241667 22.291667
NOTE 68 45 22.272917 22.329167
NOTE 56 55 22.275 22.335417
NOTE 92 75 22.329167 22.370833
NOTE 80 55 22.404167 22.458333
NOTE 70 61 22.50625 22.633333
NOTE 66 39 22.510417 22.575
NOTE 80 83 22.5125 22.620833
NOTE 60 39 22.514583 22.620833
NOTE 82 66 22.602083 22.733333
DAMPER 22.683333 23.002083
NOTE 80 78 22.685417 22.777083
NOTE 75 63 22.760417 22.816667
NOTE 68 44 22.775 22.835417
NOTE 56 36 22.795833 22.86875
NOTE 87 73 22.845833 22.889583
NOTE 75 52 22.929167 23.00625
NOTE 73 77 23.03125 23.097917
NOTE 61 35 23.033333 23.172917
NOTE 65 44 23.0375 23.13125
NOTE 75 69 23.114583 23.235417
NOTE 73 73 23.225 23.327083
DAMPER 23.291667 23.547917
NOTE 56 48 23.308333 23.3625
NOTE 68 79 23.31875 23.74375
NOTE 48 46 23.64375 23.7
NOTE 80 44 23.745833 23.8125
DAMPER 23.770833 25.916667
NOTE 78 37 23.872917 23.954167
NOTE 80 59 23.970833 24.014583
NOTE 66 20 24.014583 24.114583
NOTE 63 24 24.027083 24.1875
NOTE 56 14 24.029167 24.1375
NOTE 78 59 24.06875 24.160417
NOTE 80 75 24.175 24.241667
NOTE 90 60 24.302083 24.44375
NOTE 80 75 24.4 24.466667
NOTE 78 72 24.470833 24.522917
NOTE 36 44 24.583333 24.777083
NOTE 80 56 24.604167 24.677083
NOTE 78 56 24.685417 24.754167
NOTE 80 55 24.770833 24.877083
NOTE 48 46 24.858333 24.910417
NOTE 68 65 24.904167 24.977083
NOTE 80 61 25.033333 25.1
NOTE 78 56 25.116667 25.266667
NOTE 80 57 25.220833 25.260417
NOTE 66 36 25.233333 25.304167
NOTE 63 39 25.233333 25.320833
NOTE 56 26 25.254167 25.41875
NOTE 78 60 25.3 25.3625
NOTE 80 55 25.389583 25.441667
NOTE 90 73 25.475 25.6
NOTE 80 47 25.579167 25.627083
NOTE 78 62 25.65 25.697917
NOTE 80 50 25.7125 25.83125
NOTE 48 41 25.754167 25.81875
NOTE 36 38 25.75625 25.84375
NOTE 78 56 25.816667 25.883333
NOTE 80 79 25.89375 25.99375
NOTE 49 64 25.977083 26.060417
NOTE 37 65 25.985417 26.077083
NOTE 70 64 25.995833 26.139583
NOTE 82 55 26.120833 26.18125
DAMPER 26.125 27.06875
NOTE 78 59 26.202083 26.285417
NOTE 66 65 26.260417 26.310417
NOTE 58 33 26.266667 26.341667
NOTE 61 36 26.26875 26.329167
NOTE 82 55 26.289583 26.33125
NOTE 78 67 26.377083 26.497917
NOTE 82 43 26.475 26.533333
NOTE 90 71 26.5875 26.729167
NOTE 36 53 26.6375 26.685417
NOTE 48 27 26.639583 26.7125
NOTE 82 27 26.68125 26.747917
NOTE 78 68 26.754167 26.8
NOTE 49 84 26.829167 26.985417
NOTE 82 59 26.84375 26.954167
NOTE 37 77 26.84375 26.983333
NOTE 78 62 26.925 26.983333
NOTE 82 59 27.010417 27.127083
NOTE 50 97 27.110417 27.210417
NOTE 38 93 27.110417 27.210417
NOTE 70 72 27.1125 27.195833
NOTE 82 53 27.208333 27.339583
DAMPER 27.277083 28.125
NOTE 78 66 27.308333 27.379167
NOTE 66 73 27.375 27.420833
NOTE 58 47 27.389583 27.45
NOTE 82 67 27.4 27.445833
NOTE 78 59 27.470833 27.59375
NOTE 82 54 27.575 27.620833
NOTE 90 64 27.670833 27.808333
NOTE 49 62 27.679167 27.822917
NOTE 37 70 27.68125 27.78125
NOTE 82 23 27.754167 27.820833
NOTE 78 63 27.839583 27.891667
NOTE 82 47 27.914583 28.020833
NOTE 50 91 27.916667 28.05
NOTE 38 67 27.927083 28.041667
NOTE 78 77 28.002083 28.064583
NOTE 82 67 28.089583 28.152083
NOTE 51 90 28.179167 28.29375
NOTE 78 75 28.18125 28.247917
NOTE 39 79 28.189583 28.302083
NOTE 82 78 28.283333 28.3875
DAMPER 28.35 29.245833
NOTE 78 64 28.36875 28.414583
NOTE 94 70 28.495833 28.533333
NOTE 66 49 28.504167 28.683333
NOTE 58 30 28.527083 28.74375
NOTE 92 8 28.572917 28.625
NOTE 82 62 28.608333 28.735417
NOTE 78 58 28.691667 28.7375
NOTE 92 76 28.8 28.841667
NOTE 82 50 28.889583 28.99375
NOTE 78 70 28.952083 29.025
NOTE 51 62 29.01875 29.179167
NOTE 39 45 29.033333 29.185417
NOTE 90 79 29.045833 29.185417
NOTE 82 60 29.13125 29.220833
NOTE 78 75 29.179167 29.252083
NOTE 85 90 29.304167 29.435417
NOTE 52 69 29.320833 29.364583
NOTE 40 78 29.325 29.3625
NOTE 82 63 29.379167 29.49375
NOTE 78 85 29.425 29.470833
DAMPER 29.435417 30.302083
NOTE 94 83 29.560417 29.595833
NOTE 66 48 29.579167 29.675
NOTE 58 30 29.6 29.675
NOTE 92 34 29.633333 29.708333
NOTE 82 54 29.68125 29.747917
NOTE 78 62 29.735417 29.78125
NOTE 92 80 29.8375 29.925
NOTE 82 55 29.941667 30.0375
NOTE 78 38 30.0125 30.077083
NOTE 90 69 30.079167 30.21875
NOTE 40 82 30.091667 30.183333
NOTE 52 59 30.10625 30.170833
NOTE 78 51 30.160417 30.222917
NOTE 82 40 30.183333 30.241667
NOTE 41 94 30.35625 30.39375
NOTE 73 83 30.360417 30.4375
NOTE 53 90 30.370833 30.414583
NOTE 85 62 30.475 30.53125
DAMPER 30.49375 31.4375
NOTE 82 56 30.552083 30.670833
NOTE 58 43 30.6375 30.695833
NOTE 85 69 30.64375 30.685417
NOTE 65 9 30.658333 30.710417
NOTE 85 68 30.747917 30.860417
NOTE 97 58 30.845833 30.916667
NOTE 40 89 30.95625 31.083333
NOTE 94 61 30.9625 31.097917
NOTE 52 72 30.964583 31.08125
NOTE 97 72 31.041667 31.147917
NOTE 85 62 31.127083 31.16875
NOTE 85 71 31.225 31.34375
NOTE 53 97 31.239583 31.314583
NOTE 41 81 31.247917 31.314583
NOTE 82 73 31.333333 31.422917
NOTE 85 72 31.422917 31.535417
NOTE 54 98 31.495833 31.5875
NOTE 42 90 31.502083 31.575
NOTE 73 83 31.50625 31.591667
NOTE 85 68 31.6 31.708333
DAMPER 31.63125 32.525
NOTE 82 65 31.7 31.808333
NOTE 61 87 31.764583 31.808333
NOTE 64 91 31.766667 31.80625
NOTE 58 57 31.777083 31.835417
NOTE 85 60 31.791667 31.829167
NOTE 85 78 31.875 31.997917
NOTE 97 73 31.96875 32.075
NOTE 41 98 32.045833 32.085417
NOTE 53 105 32.047917 32.0875
NOTE 94 59 32.070833 32.18125
NOTE 97 68 32.139583 32.222917
NOTE 85 61 32.222917 32.264583
NOTE 54 97 32.297917 32.427083
NOTE 42 69 32.316667 32.41875
NOTE 85 76 32.31875 32.43125
NOTE 82 69 32.43125 32.489583
NOTE 85 70 32.502083 32.61875
NOTE 55 100 32.577083 32.670833
NOTE 73 79 32.583333 32.647917
NOTE 43 98 32.585417 32.6625
NOTE 85 75 32.677083 32.789583
DAMPER 32.702083 33.070833
NOTE 82 64 32.783333 32.872917
NOTE 64 90 32.845833 32.891667
NOTE 61 83 32.845833 32.90625
NOTE 55 70 32.852083 32.954167
NOTE 85 65 32.866667 32.904167
NOTE 85 81 32.952083 33.047917
NOTE 97 77 33.045833 33.139583
NOTE 56 95 33.114583 33.222917
NOTE 44 100 33.122917 33.195833
NOTE 92 76 33.133333 33.2875
NOTE 97 71 33.220833 33.304167
DAMPER 33.24375 33.645833
NOTE 85 66 33.29375 33.329167
NOTE 65 86 33.391667 33.422917
NOTE 61 75 33.395833 33.4375
NOTE 56 72 33.395833 33.445833
NOTE 85 57 33.395833 33.535417
NOTE 80 76 33.516667 33.633333
NOTE 85 83 33.59375 33.73125
NOTE 57 96 33.685417 33.78125
NOTE 73 86 33.6875 33.789583
NOTE 45 85 33.691667 33.779167
NOTE 85 88 33.785417 33.889583
DAMPER 33.820833 34.960417
NOTE 78 79 33.879167 34.014583
NOTE 85 67 33.977083 34.060417
NOTE 66 76 34.0125 34.11875
NOTE 57 62 34.014583 34.1
NOTE 63 77 34.022917 34.079167
NOTE 73 50 34.06875 34.125
NOTE 73 82 34.175 34.327083
NOTE 66 68 34.297917 34.460417
NOTE 73 59 34.4125 34.508333
NOTE 61 68 34.51875 34.566667
NOTE 61 80 34.61875 34.745833
NOTE 45 87 34.63125 34.870833
NOTE 33 94 34.63125 34.895833
NOTE 54 86 34.735417 34.84375
NOTE 61 68 34.829167 34.95625
NOTE 51 86 34.95 35.075
NOTE 44 102 34.970833 36.03125
NOTE 32 95 34.972917 35.933333
NOTE 54 79 35.05625 35.18125
NOTE 61 70 35.158333 35.3125
NOTE 63 75 35.254167 35.352083
DAMPER 35.2625 39.183333
NOTE 54 79 35.347917 35.46875
NOTE 61 61 35.435417 35.564583
NOTE 63 67 35.535417 35.65
NOTE 66 57 35.625 35.677083
NOTE 61 77 35.708333 35.814583
NOTE 63 70 35.779167 35.889583
NOTE 66 57 35.872917 35.991667
NOTE 73 69 35.958333 36.066667
NOTE 63 86 36.05625 36.175
NOTE 66 66 36.147917 36.2875
NOTE 73 59 36.254167 36.375
NOTE 75 72 36.327083 36.4125
NOTE 66 63 36.4125 36.579167
NOTE 61 61 36.433333 36.566667
NOTE 56 73 36.439583 36.564583
NOTE 78 69 36.452083 36.495833
NOTE 73 60 36.495833 36.620833
NOTE 75 73 36.589583 36.7
NOTE 78 69 36.666667 36.710417
NOTE 73 69 36.758333 36.870833
NOTE 75 67 36.85 36.89375
NOTE 85 75 36.927083 37.0875
NOTE 66 78 36.96875 37.022917
NOTE 61 61 36.977083 37.022917
NOTE 56 62 36.979167 37.029167
NOTE 78 73 37.016667 37.06875
NOTE 75 80 37.104167 37.21875
NOTE 66 72 37.120833 37.264583
NOTE 61 43 37.127083 37.23125
NOTE 56 42 37.127083 37.29375
NOTE 78 68 37.21875 37.272917
NOTE 87 56 37.304167 37.44375
NOTE 85 67 37.4 37.529167
NOTE 78 53 37.504167 37.570833
NOTE 75 58 37.58125 37.629167
NOTE 85 69 37.683333 37.75
NOTE 78 52 37.75 37.891667
NOTE 75 58 37.845833 37.90625
NOTE 73 41 37.93125 37.991667
NOTE 78 67 38.0375 38.09375
NOTE 75 56 38.108333 38.195833
NOTE 73 60 38.20625 38.260417
NOTE 66 45 38.29375 38.352083
NOTE 75 72 38.377083 38.49375
NOTE 73 52 38.472917 38.533333
NOTE 66 54 38.54375 38.622917
NOTE 63 64 38.625 38.679167
NOTE 73 61 38.722917 38.7875
NOTE 66 54 38.78125 38.8875
NOTE 63 52 38.870833 38.927083
NOTE 61 73 38.945833 39.0125
NOTE 66 53 39.039583 39.141667
NOTE 63 70 39.120833 39.185417
NOTE 44 75 39.177083 39.610417
NOTE 32 78 39.177083 39.647917
NOTE 56 72 39.208333 39.320833
NOTE 63 66 39.31875 39.441667
NOTE 66 56 39.414583 39.545833
DAMPER 39.425 43.410417
NOTE 68 64 39.5 39.547917
NOTE 63 69 39.589583 39.660417
NOTE 66 52 39.670833 39.747917
NOTE 68 65 39.747917 39.854167
NOTE 75 69 39.8375 39.904167
NOTE 66 60 39.914583 40.033333
NOTE 68 69 39.995833 40.072917
NOTE 75 64 40.110417 40.210417
NOTE 78 65 40.177083 40.254167
NOTE 68 68 40.247917 40.364583
NOTE 75 62 40.352083 40.483333
NOTE 78 62 40.4375 40.564583
NOTE 80 75 40.5125 40.5625
NOTE 75 63 40.59375 40.708333
NOTE 78 56 40.68125 40.80625
NOTE 68 78 40.722917 40.88125
NOTE 66 55 40.733333 40.889583
NOTE 56 54 40.7375 40.864583
NOTE 60 42 40.741667 40.877083
NOTE 80 79 40.75625 40.885417
NOTE 87 65 40.841667 40.9375
NOTE 78 60 40.9125 41.04375
NOTE 80 79 41.035417 41.085417
NOTE 90 69 41.122917 41.25625
NOTE 68 72 41.14375 41.220833
NOTE 60 37 41.15 41.2125
NOTE 66 50 41.158333 41.208333
NOTE 56 46 41.158333 41.2125
NOTE 87 69 41.2125 41.364583
NOTE 66 35 41.291667 41.441667
NOTE 68 61 41.29375 41.435417
NOTE 56 48 41.29375 41.458333
NOTE 60 46 41.295833 41.429167
NOTE 80 69 41.314583 41.454167
NOTE 78 63 41.40625 41.45625
NOTE 87 57 41.51875 41.570833
NOTE 80 50 41.572917 41.71875
NOTE 78 53 41.666667 41.71875
NOTE 75 62 41.73125 41.78125
NOTE 80 60 41.84375 41.972917
NOTE 78 59 41.93125 42.052083
NOTE 75 65 42.020833 42.072917
NOTE 68 47 42.1 42.160417
NOTE 78 57 42.214583 42.258333
NOTE 75 54 42.270833 42.33125
NOTE 68 54 42.34375 42.404167
NOTE 66 44 42.427083 42.491667
NOTE 75 57 42.533333 42.585417
NOTE 68 44 42.602083 42.68125
NOTE 66 32 42.702083 42.7625
NOTE 63 61 42.770833 42.829167
NOTE 68 50 42.88125 42.952083
NOTE 66 45 42.972917 43.035417
NOTE 63 47 43.077083 43.139583
NOTE 56 59 43.15 43.204167
NOTE 66 42 43.266667 43.327083
NOTE 63 62 43.33125 43.379167
NOTE 37 47 43.433333 43.720833
NOTE 61 65 43.445833 43.65
NOTE 73 48 43.5625 43.647917
NOTE 68 39 43.670833 43.733333
DAMPER 43.697917 45.652083
NOTE 73 41 43.7625 43.8125
NOTE 68 12 43.885417 43.960417
NOTE 80 56 43.95 43.997917
NOTE 73 48 44.027083 44.09375
NOTE 65 80 44.041667 44.977083
NOTE 56 44 44.0625 45.11875
NOTE 80 32 44.14375 44.202083
NOTE 68 50 44.20625 44.266667
NOTE 73 43 44.333333 44.391667
NOTE 68 37 44.4375 44.5
NOTE 73 33 44.50625 44.585417
NOTE 61 78 44.6 44.66875
NOTE 73 40 44.720833 44.791667
NOTE 68 47 44.80625 44.866667
NOTE 73 56 44.877083 44.9375
NOTE 68 48 44.977083 45.029167
NOTE 80 69 45.070833 45.11875
NOTE 64 84 45.13125 45.40625
NOTE 55 67 45.145833 45.46875
NOTE 73 51 45.16875 45.220833
NOTE 80 58 45.245833 45.29375
NOTE 68 55 45.31875 45.36875
NOTE 73 56 45.429167 45.497917
NOTE 68 41 45.545833 45.602083
NOTE 65 57 45.552083 45.6
NOTE 56 51 45.560417 45.616667
NOTE 73 40 45.614583 45.6875
NOTE 61 62 45.702083 45.770833
NOTE 49 66 45.733333 45.908333
NOTE 73 30 45.84375 45.902083
DAMPER 45.858333 47.441667
NOTE 68 53 45.904167 45.966667
NOTE 73 51 45.977083 46.04375
NOTE 73 66 46.104167 46.166667
NOTE 85 54 46.2 46.25
NOTE 80 66 46.29375 46.410417
NOTE 65 74 46.354167 47.272917
NOTE 56 46 46.366667 47.4
NOTE 85 32 46.385417 46.454167
NOTE 73 50 46.479167 46.529167
NOTE 73 48 46.589583 46.6625
NOTE 68 58 46.6875 46.75625
NOTE 73 43 46.791667 46.841667
NOTE 68 63 46.860417 46.94375
NOTE 80 62 46.983333 47.0375
NOTE 73 51 47.0625 47.114583
NOTE 80 60 47.1375 47.179167
NOTE 80 63 47.239583 47.322917
NOTE 92 37 47.366667 47.429167
NOTE 64 58 47.441667 47.69375
NOTE 85 56 47.447917 47.51875
NOTE 55 43 47.458333 47.758333
NOTE 92 22 47.533333 47.597917
NOTE 80 53 47.616667 47.664583
DAMPER 47.61875 47.9875
NOTE 80 41 47.745833 47.83125
NOTE 73 42 47.84375 47.897917
NOTE 65 37 47.8875 47.95
NOTE 56 46 47.897917 47.952083
NOTE 80 46 47.91875 47.98125
NOTE 73 34 48.01875 48.083333
NOTE 49 66 48.06875 48.114583
NOTE 75 48 48.089583 48.141667
DAMPER 48.147917 49.1875
NOTE 73 50 48.164583 48.216667
NOTE 87 83 48.316667 48.385417
NOTE 65 68 48.329167 48.391667
NOTE 61 41 48.345833 48.410417
NOTE 56 49 48.345833 48.472917
NOTE 85 83 48.389583 48.458333
NOTE 99 75 48.489583 48.579167
NOTE 97 58 48.595833 48.65
NOTE 66 69 48.6125 48.78125
NOTE 57 56 48.635417 48.716667
NOTE 61 39 48.639583 48.708333
NOTE 99 61 48.666667 48.833333
NOTE 97 58 48.75 48.88125
NOTE 85 64 48.872917 48.914583
NOTE 67 92 48.875 49.027083
NOTE 61 52 48.891667 48.958333
NOTE 58 56 48.891667 49.110417
NOTE 87 56 48.9625 49.097917
NOTE 85 62 49.0625 49.11875
NOTE 59 73 49.1375 49.666667
NOTE 61 50 49.152083 49.564583
NOTE 73 64 49.172917 49.2375
NOTE 68 91 49.175 49.6125
NOTE 75 36 49.258333 49.320833
NOTE 73 67 49.35625 49.4375
DAMPER 49.379167 50.372917
NOTE 87 71 49.495833 49.552083
NOTE 85 76 49.627083 49.66875
NOTE 99 76 49.73125 49.775
NOTE 67 63 49.829167 49.960417
NOTE 58 43 49.839583 50.035417
NOTE 61 53 49.84375 49.952083
NOTE 97 61 49.854167 49.914583
NOTE 99 70 49.925 50.079167
NOTE 97 52 50.010417 50.110417
NOTE 85 68 50.102083 50.154167
NOTE 66 58 50.116667 50.295833
NOTE 61 37 50.133333 50.225
NOTE 57 26 50.141667 50.24375
NOTE 87 64 50.210417 50.258333
NOTE 85 60 50.295833 50.341667
NOTE 97 67 50.404167 50.466667
NOTE 65 61 50.420833 50.535417
NOTE 61 40 50.429167 50.54375
NOTE 56 38 50.435417 50.570833
NOTE 99 62 50.516667 50.63125
DAMPER 50.564583 51.652083
NOTE 97 68 50.60625 50.677083
NOTE 49 63 50.677083 50.725
NOTE 85 67 50.697917 50.770833
NOTE 87 68 50.797917 50.870833
NOTE 85 65 50.875 50.966667
NOTE 68 70 50.985417 51.175
NOTE 65 48 50.9875 51.21875
NOTE 59 52 50.995833 51.166667
NOTE 97 76 51.008333 51.120833
NOTE 99 72 51.108333 51.247917
NOTE 97 54 51.202083 51.275
NOTE 70 85 51.289583 51.435417
NOTE 85 75 51.29375 51.3625
NOTE 87 60 51.416667 51.46875
NOTE 59 56 51.49375 52.977083
NOTE 85 70 51.504167 51.547917
NOTE 61 48 51.520833 52.9875
NOTE 65 39 51.564583 52.958333
NOTE 97 59 51.622917 51.710417
NOTE 71 93 51.6625 52.127083
NOTE 99 56 51.747917 51.889583
NOTE 97 62 51.860417 51.914583
DAMPER 51.908333 52.372917
NOTE 85 64 51.960417 52.025
NOTE 87 45 52.089583 52.158333
NOTE 85 57 52.183333 52.235417
NOTE 97 46 52.35 52.44375
NOTE 70 51 52.358333 52.635417
NOTE 99 41 52.497917 52.625
DAMPER 52.597917 52.854167
NOTE 97 35 52.641667 52.7125
NOTE 85 38 52.78125 52.910417
NOTE 68 28 52.816667 53.004167
NOTE 87 26 52.970833 53.0625
DAMPER 53.0125 53.270833
NOTE 85 46 53.110417 53.177083
NOTE 66 65 53.239583 53.289583
NOTE 90 73 53.247917 53.3375
NOTE 61 55 53.25 53.297917
NOTE 58 47 53.252083 53.304167
NOTE 54 65 53.252083 53.30625
NOTE 94 62 53.35 53.402083
NOTE 85 52 53.435417 53.483333
NOTE 90 61 53.5125 53.585417
NOTE 66 55 53.514583 53.566667
NOTE 54 65 53.51875 53.570833
NOTE 63 61 53.525 53.56875
NOTE 59 55 53.529167 53.575
NOTE 87 44 53.633333 53.691667
NOTE 90 52 53.714583 53.7625
NOTE 85 56 53.777083 53.8375
NOTE 66 59 53.789583 53.864583
NOTE 61 52 53.795833 53.854167
NOTE 54 56 53.8 53.864583
NOTE 58 36 53.802083 53.877083
NOTE 90 30 53.895833 53.98125
DAMPER 53.910417 54.020833
NOTE 82 43 53.98125 54.052083
NOTE 85 54 54.066667 54.1125
NOTE 78 40 54.154167 54.21875
NOTE 82 49 54.247917 54.302083
NOTE 42 58 54.308333 54.352083
NOTE 78 42 54.308333 54.402083
NOTE 54 44 54.310417 54.370833
NOTE 82 34 54.40625 54.4625
NOTE 73 33 54.497917 54.564583
NOTE 78 49 54.577083 54.627083
NOTE 66 36 54.58125 54.645833
NOTE 63 38 54.583333 54.639583
NOTE 59 49 54.5875 54.6375
NOTE 75 50 54.672917 54.733333
NOTE 78 46 54.73125 54.795833
NOTE 66 53 54.839583 54.916667
NOTE 73 20 54.841667 54.910417
NOTE 61 43 54.852083 54.95625
NOTE 58 19 54.860417 54.9625
NOTE 78 40 54.914583 55.0125
DAMPER 54.935417 55.0125
NOTE 70 47 55.00625 55.06875
NOTE 73 51 55.077083 55.135417
NOTE 66 43 55.179167 55.235417
NOTE 70 54 55.264583 55.347917
NOTE 61 67 55.352083 55.422917
NOTE 37 64 55.36875 55.414583
NOTE 49 63 55.372917 55.422917
NOTE 73 44 55.45 55.504167
DAMPER 55.49375 55.622917
NOTE 68 58 55.50625 55.579167
NOTE 73 31 55.6125 55.666667
NOTE 65 57 55.622917 55.670833
NOTE 61 43 55.63125 55.697917
NOTE 56 24 55.641667 55.7125
NOTE 68 63 55.666667 55.779167
NOTE 80 70 55.772917 55.8375
NOTE 68 53 55.86875 55.954167
NOTE 63 58 55.879167 55.925
NOTE 56 46 55.8875 55.94375
NOTE 59 37 55.8875 55.945833
DAMPER 55.941667 56.15
NOTE 80 59 55.9875 56.03125
NOTE 75 55 56.035417 56.097917
NOTE 44 66 56.110417 56.166667
NOTE 80 42 56.114583 56.164583
NOTE 75 53 56.202083 56.275
NOTE 87 56 56.28125 56.339583
NOTE 49 65 56.360417 56.404167
NOTE 75 58 56.370833 56.429167
DAMPER 56.454167 56.647917
NOTE 87 55 56.4625 56.516667
NOTE 80 61 56.535417 56.585417
NOTE 59 43 56.5875 56.641667
NOTE 56 37 56.589583 56.654167
NOTE 63 66 56.595833 56.65
NOTE 87 38 56.6375 56.685417
NOTE 80 49 56.720833 56.770833
NOTE 92 50 56.789583 56.84375
NOTE 80 36 56.860417 56.939583
NOTE 59 31 56.89375 57.004167
NOTE 61 40 56.89375 57.00625
NOTE 56 32 56.904167 57.004167
DAMPER 56.95 57.20625
NOTE 92 43 56.977083 57.033333
NOTE 85 47 57.04375 57.097917
NOTE 92 29 57.15 57.208333
NOTE 85 46 57.229167 57.289583
NOTE 97 52 57.327083 57.370833
NOTE 66 76 57.41875 57.460417
NOTE 58 43 57.425 57.48125
NOTE 90 82 57.425 57.53125
NOTE 61 64 57.429167 57.475
NOTE 54 69 57.43125 57.49375
DAMPER 57.479167 57.54375
NOTE 94 67 57.495833 57.620833
NOTE 85 70 57.575 57.629167
NOTE 90 70 57.675 57.729167
NOTE 66 55 57.675 57.7375
NOTE 63 62 57.683333 57.741667
NOTE 59 36 57.6875 57.74375
NOTE 54 54 57.695833 57.747917
NOTE 87 64 57.770833 57.833333
NOTE 90 56 57.86875 57.91875
NOTE 85 51 57.933333 57.991667
NOTE 66 64 57.945833 58.033333
NOTE 61 39 57.952083 58.054167
NOTE 58 29 57.952083 58.060417
NOTE 54 58 57.954167 58.064583
NOTE 90 26 58.014583 58.1625
DAMPER 58.054167 58.197917
NOTE 82 45 58.114583 58.189583
NOTE 85 59 58.195833 58.239583
NOTE 78 50 58.28125 58.33125
NOTE 82 60 58.375 58.429167
NOTE 54 54 58.43125 58.483333
NOTE 42 56 58.4375 58.48125
NOTE 78 37 58.445833 58.535417
NOTE 82 46 58.535417 58.5875
DAMPER 58.566667 58.647917
NOTE 73 50 58.602083 58.65625
NOTE 78 57 58.7 58.754167
NOTE 66 38 58.702083 58.816667
NOTE 59 53 58.702083 58.854167
NOTE 63 50 58.708333 58.839583
NOTE 75 50 58.789583 58.852083
NOTE 78 45 58.852083 58.90625
NOTE 73 43 58.914583 58.977083
NOTE 66 45 58.952083 59.035417
NOTE 61 50 58.958333 59.089583
NOTE 58 31 58.9625 59.047917
NOTE 78 31 59.00625 59.139583
DAMPER 59.0625 59.335417
NOTE 70 50 59.077083 59.152083
NOTE 73 54 59.152083 59.220833
NOTE 66 44 59.25625 59.3125
NOTE 70 63 59.327083 59.404167
NOTE 63 51 59.427083 59.495833
NOTE 47 66 59.441667 59.54375
NOTE 75 60 59.525 59.577083
NOTE 68 61 59.579167 59.635417
DAMPER 59.591667 59.970833
NOTE 75 48 59.6875 59.735417
NOTE 63 78 59.714583 59.860417
NOTE 56 55 59.73125 59.895833
NOTE 68 69 59.76875 59.85
NOTE 80 70 59.875 59.922917
NOTE 70 66 59.970833 60.041667
NOTE 62 72 59.995833 60.072917
NOTE 53 78 60.004167 60.089583
NOTE 58 48 60.004167 60.110417
NOTE 82 61 60.079167 60.13125
NOTE 70 48 60.147917 60.222917
DAMPER 60.16875 60.422917
NOTE 46 68 60.25 60.320833
NOTE 82 57 60.266667 60.325
NOTE 70 55 60.310417 60.397917
NOTE 82 50 60.408333 60.475
NOTE 47 58 60.535417 60.61875
NOTE 75 69 60.541667 60.635417
NOTE 87 45 60.633333 60.697917
DAMPER 60.679167 61.079167
NOTE 80 66 60.70625 60.760417
NOTE 63 48 60.814583 60.935417
NOTE 56 42 60.827083 60.90625
NOTE 87 21 60.866667 60.935417
NOTE 80 63 60.91875 60.979167
NOTE 92 51 61.025 61.1
NOTE 62 36 61.133333 61.227083
NOTE 82 45 61.135417 61.20625
NOTE 58 22 61.14375 61.28125
NOTE 53 42 61.15 61.229167
NOTE 94 42 61.2375 61.3
DAMPER 61.2875 61.76875
NOTE 82 25 61.354167 61.429167
NOTE 94 41 61.4625 61.520833
NOTE 46 35 61.4625 61.572917
NOTE 82 30 61.535417 61.614583
NOTE 94 27 61.641667 61.745833
NOTE 82 45 61.76875 61.9
NOTE 47 49 61.80625 61.860417
NOTE 94 45 61.889583 61.983333
DAMPER 61.929167 62.425
NOTE 87 37 62.008333 62.108333
NOTE 94 38 62.1 62.18125
NOTE 68 36 62.160417 62.21875
NOTE 59 35 62.170833 62.23125
NOTE 63 25 62.170833 62.235417
NOTE 80 39 62.233333 62.295833
NOTE 92 41 62.335417 62.395833
NOTE 80 53 62.454167 62.508333
NOTE 49 50 62.466667 62.575
NOTE 92 55 62.55 62.608333
DAMPER 62.616667 63.064583
NOTE 85 44 62.652083 62.760417
NOTE 58 34 62.758333 62.822917
NOTE 92 34 62.760417 62.816667
NOTE 66 26 62.760417 62.841667
NOTE 78 57 62.835417 62.897917
NOTE 90 37 62.947917 63.014583
NOTE 73 63 63.1 63.222917
NOTE 47 42 63.110417 63.177083
NOTE 85 60 63.210417 63.33125
DAMPER 63.239583 63.641667
NOTE 80 59 63.314583 63.375
NOTE 85 58 63.404167 63.447917
NOTE 68 39 63.410417 63.46875
NOTE 61 50 63.433333 63.491667
NOTE 80 54 63.479167 63.564583
NOTE 92 66 63.570833 63.620833
NOTE 78 59 63.677083 63.733333
NOTE 46 52 63.68125 63.7625
NOTE 90 60 63.777083 63.85
DAMPER 63.8 64.185417
NOTE 85 55 63.841667 63.897917
NOTE 90 62 63.922917 63.99375
NOTE 66 47 63.9375 63.99375
NOTE 58 36 63.939583 64.002083
NOTE 61 25 63.94375 64.0125
NOTE 85 69 64.01875 64.135417
NOTE 97 66 64.125 64.158333
NOTE 82 61 64.239583 64.329167
NOTE 47 54 64.24375 64.295833
NOTE 94 62 64.333333 64.414583
DAMPER 64.360417 64.777083
NOTE 87 50 64.4375 64.566667
NOTE 68 42 64.535417 64.602083
NOTE 94 42 64.54375 64.59375
NOTE 63 44 64.55 64.627083
NOTE 59 38 64.5625 64.664583
NOTE 80 52 64.635417 64.691667
NOTE 92 46 64.7375 64.797917
NOTE 80 62 64.839583 64.89375
NOTE 49 60 64.84375 64.933333
NOTE 92 53 64.925 64.983333
DAMPER 64.954167 65.385417
NOTE 85 55 65.008333 65.20625
NOTE 66 48 65.104167 65.158333
NOTE 92 45 65.110417 65.160417
NOTE 61 28 65.114583 65.1875
NOTE 58 36 65.11875 65.18125
NOTE 78 56 65.191667 65.3125
NOTE 90 53 65.291667 65.3375
NOTE 47 65 65.41875 65.49375
NOTE 73 66 65.441667 65.564583
NOTE 85 61 65.527083 65.65
DAMPER 65.545833 65.99375
NOTE 80 55 65.629167 65.6875
NOTE 85 53 65.727083 65.76875
NOTE 68 38 65.747917 65.814583
NOTE 65 24 65.75 65.825
NOTE 61 65 65.754167 65.80625
NOTE 59 65 65.760417 65.8125
NOTE 80 61 65.808333 65.916667
NOTE 92 55 65.89375 65.947917
NOTE 78 68 66 66.102083
NOTE 46 74 66.033333 66.08125
NOTE 90 53 66.110417 66.175
DAMPER 66.154167 66.583333
NOTE 85 60 66.160417 66.216667
NOTE 90 65 66.24375 66.291667
NOTE 61 45 66.322917 66.385417
NOTE 70 38 66.327083 66.39375
NOTE 66 34 66.329167 66.408333
NOTE 58 31 66.33125 66.39375
NOTE 85 72 66.341667 66.464583
NOTE 97 66 66.45625 66.495833
NOTE 82 75 66.597917 66.722917
NOTE 47 71 66.614583 66.722917
NOTE 94 60 66.697917 66.770833
DAMPER 66.745833 67.658333
NOTE 87 57 66.8 66.9
NOTE 68 75 66.89375 67.052083
NOTE 59 61 66.90625 67.129167
NOTE 94 44 66.91875 66.964583
NOTE 63 52 66.91875 67.077083
NOTE 80 61 67.008333 67.058333
NOTE 92 58 67.102083 67.183333
NOTE 82 68 67.191667 67.285417
NOTE 94 70 67.254167 67.370833
NOTE 87 59 67.370833 67.55
NOTE 47 65 67.427083 67.5125
NOTE 94 46 67.458333 67.535417
NOTE 80 58 67.552083 67.604167
NOTE 92 58 67.660417 67.78125
NOTE 48 78 67.6875 67.785417
NOTE 82 59 67.7375 67.85625
NOTE 94 66 67.829167 67.95
DAMPER 67.83125 68.810417
NOTE 87 54 67.920833 68.039583
NOTE 66 40 67.9875 68.177083
NOTE 68 50 67.99375 68.08125
NOTE 63 38 68.002083 68.175
NOTE 56 48 68.002083 68.270833
NOTE 94 61 68.010417 68.066667
NOTE 80 68 68.0875 68.145833
NOTE 92 64 68.191667 68.325
NOTE 82 68 68.291667 68.408333
NOTE 94 65 68.36875 68.472917
NOTE 87 50 68.470833 68.577083
NOTE 94 36 68.558333 68.627083
NOTE 48 34 68.583333 68.685417
NOTE 80 57 68.645833 68.722917
NOTE 92 50 68.758333 68.885417
NOTE 49 42 68.841667 69.002083
NOTE 85 47 68.879167 68.941667
NOTE 94 52 68.964583 69.039583
DAMPER 69.01875 74.0125
NOTE 80 43 69.072917 69.13125
NOTE 92 48 69.18125 69.252083
NOTE 85 44 69.277083 69.345833
NOTE 94 54 69.366667 69.429167
NOTE 68 32 69.45625 69.660417
NOTE 61 21 69.470833 69.70625
NOTE 56 24 69.477083 69.68125
NOTE 80 37 69.479167 69.5375
NOTE 66 13 69.48125 69.71875
NOTE 92 49 69.58125 69.670833
NOTE 85 50 69.675 69.735417
NOTE 94 57 69.770833 69.820833
NOTE 80 55 69.858333 69.9125
NOTE 92 53 69.9625 70.054167
NOTE 73 46 70.047917 70.122917
NOTE 85 59 70.054167 70.15
NOTE 68 36 70.064583 70.13125
NOTE 66 35 70.064583 70.177083
NOTE 94 60 70.139583 70.189583
NOTE 80 60 70.222917 70.279167
NOTE 92 61 70.329167 70.445833
NOTE 85 67 70.416667 70.53125
NOTE 94 68 70.504167 70.622917
NOTE 80 78 70.6 70.70625
NOTE 92 61 70.70625 70.8375
NOTE 85 68 70.810417 70.927083
NOTE 37 44 70.839583 70.920833
NOTE 94 62 70.9375 71.052083
NOTE 80 66 71.064583 71.147917
NOTE 56 24 71.195833 73.070833
NOTE 92 59 71.20625 71.377083
NOTE 61 38 71.358333 73.035417
NOTE 99 38 71.56875 71.691667
NOTE 66 36 71.654167 73.06875
NOTE 97 38 72.083333 72.14375
NOTE 94 37 72.160417 72.3125
NOTE 92 35 72.33125 72.433333
NOTE 90 45 72.472917 72.545833
NOTE 87 40 72.589583 72.654167
NOTE 85 52 72.71875 72.864583
NOTE 82 46 72.83125 72.935417
NOTE 80 65 72.939583 73.054167
NOTE 78 58 73.060417 73.160417
NOTE 75 73 73.170833 73.36875
NOTE 73 64 73.333333 73.3875
NOTE 49 33 73.470833 75.395833
NOTE 56 34 73.49375 75.447917
NOTE 68 54 73.63125 74.989583
NOTE 63 60 73.6375 74.610417
NOTE 59 46 73.64375 75.53125
NOTE 66 12 73.933333 74.925
DAMPER 74.49375 74.972917
NOTE 70 39 74.822917 75.947917
NOTE 61 28 74.845833 75.8125
NOTE 65 16 74.858333 75.939583
DAMPER 75.325 76.26875
NOTE 68 27 75.825 76.3375
NOTE 66 31 76.270833 76.622917
NOTE 58 13 76.291667 76.666667
NOTE 54 27 76.29375 77.183333
DAMPER 76.604167 77.452083
NOTE 61 24 76.697917 76.7875
NOTE 92 60 76.9625 77.014583
NOTE 68 28 76.975 77.0375
NOTE 59 7 77.039583 77.114583
NOTE 94 46 77.05 77.185417
NOTE 92 41 77.129167 77.20625
NOTE 85 62 77.204167 77.264583
NOTE 56 42 77.222917 77.3375
NOTE 65 23 77.239583 77.3125
NOTE 97 61 77.302083 77.347917
NOTE 85 41 77.395833 77.45
NOTE 66 38 77.4875 77.814583
NOTE 85 75 77.497917 77.55
NOTE 54 44 77.497917 78.202083
NOTE 58 15 77.504167 77.608333
NOTE 87 52 77.579167 77.691667
NOTE 85 60 77.6375 77.741667
NOTE 78 73 77.73125 77.791667
NOTE 61 38 77.764583 77.991667
NOTE 90 66 77.820833 77.866667
NOTE 78 44 77.895833 77.964583
NOTE 68 52 77.972917 78.060417
NOTE 80 79 77.985417 78.05
NOTE 59 30 78.035417 78.110417
NOTE 82 57 78.070833 78.204167
NOTE 80 67 78.129167 78.252083
NOTE 73 78 78.227083 78.65
NOTE 65 44 78.239583 78.302083
NOTE 56 50 78.239583 78.339583
NOTE 54 57 78.497917 78.61875
NOTE 58 40 78.497917 78.641667
NOTE 66 61 78.502083 78.633333
NOTE 78 75 78.595833 78.697917
DAMPER 78.652083 78.733333
NOTE 80 60 78.683333 78.733333
NOTE 82 58 78.745833 78.870833
NOTE 80 52 78.827083 78.947917
NOTE 78 69 78.925 78.975
NOTE 59 40 78.99375 79.045833
NOTE 63 55 78.995833 79.05
NOTE 73 63 78.997917 79.116667
NOTE 53 62 79.002083 79.054167
DAMPER 79.102083 79.197917
NOTE 80 61 79.110417 79.164583
NOTE 85 63 79.15 79.220833
NOTE 87 56 79.241667 79.379167
NOTE 61 57 79.254167 79.308333
NOTE 49 55 79.2625 79.3125
NOTE 85 50 79.31875 79.41875
NOTE 80 57 79.39375 79.452083
NOTE 78 70 79.479167 79.614583
NOTE 63 68 79.49375 79.558333
NOTE 58 43 79.5 79.56875
NOTE 54 58 79.508333 79.583333
DAMPER 79.533333 79.6625
NOTE 85 60 79.583333 79.675
NOTE 90 59 79.639583 79.71875
NOTE 92 62 79.720833 79.866667
NOTE 49 70 79.73125 79.775
NOTE 61 55 79.733333 79.7875
NOTE 90 49 79.8 79.93125
NOTE 87 56 79.9 80.0375
NOTE 63 77 79.95625 80.016667
NOTE 85 78 79.95625 80.09375
NOTE 59 55 79.9625 80.00625
NOTE 53 85 79.9625 80.01875
DAMPER 80.014583 80.141667
NOTE 92 66 80.0875 80.145833
NOTE 97 54 80.154167 80.2
NOTE 49 70 80.197917 80.239583
NOTE 61 61 80.2 80.25
NOTE 99 74 80.208333 80.354167
NOTE 97 54 80.285417 80.4375
NOTE 92 62 80.366667 80.477083
NOTE 66 47 80.45 80.747917
NOTE 90 67 80.45625 80.502083
NOTE 54 61 80.45625 81.185417
NOTE 58 22 80.4625 80.577083
NOTE 92 75 80.535417 80.6625
DAMPER 80.575 80.879167
NOTE 90 52 80.620833 80.7
NOTE 85 66 80.7 80.745833
NOTE 61 41 80.739583 80.9375
NOTE 97 70 80.791667 80.841667
NOTE 85 41 80.864583 80.920833
NOTE 68 46 80.960417 81.058333
NOTE 85 84 80.972917 81.047917
NOTE 59 34 81.002083 81.1
NOTE 87 70 81.060417 81.183333
NOTE 85 59 81.1375 81.2
NOTE 80 67 81.197917 81.24375
NOTE 65 44 81.235417 81.29375
NOTE 56 48 81.2375 81.345833
NOTE 92 67 81.297917 81.34375
NOTE 80 31 81.375 81.447917
NOTE 66 38 81.470833 81.78125
NOTE 80 34 81.475 81.51875
NOTE 54 37 81.491667 82.235417
NOTE 58 19 81.495833 81.6125
NOTE 82 62 81.5625 81.658333
NOTE 80 56 81.652083 81.7
NOTE 78 60 81.708333 81.7625
NOTE 61 41 81.747917 81.84375
NOTE 90 63 81.810417 81.854167
NOTE 78 34 81.895833 81.9625
NOTE 68 30 81.991667 82.10625
NOTE 59 18 81.995833 82.097917
NOTE 73 60 81.997917 82.68125
DAMPER 82.2375 82.527083
NOTE 56 45 82.26875 82.354167
NOTE 65 41 82.270833 82.3375
NOTE 66 37 82.564583 82.722917
NOTE 54 41 82.577083 82.764583
NOTE 58 26 82.583333 82.7875
NOTE 78 60 82.647917 82.710417
NOTE 80 52 82.729167 82.785417
DAMPER 82.752083 82.8625
NOTE 82 53 82.814583 82.93125
NOTE 61 41 82.833333 83.00625
NOTE 80 42 82.895833 82.985417
NOTE 78 55 82.985417 83.03125
NOTE 73 60 83.041667 83.14375
NOTE 63 45 83.064583 83.120833
NOTE 59 29 83.070833 83.133333
NOTE 53 50 83.077083 83.13125
NOTE 80 52 83.158333 83.216667
DAMPER 83.166667 83.279167
NOTE 85 54 83.2125 83.270833
NOTE 87 52 83.297917 83.425
NOTE 61 54 83.31875 83.36875
NOTE 49 58 83.320833 83.36875
NOTE 85 40 83.366667 83.4875
NOTE 80 58 83.458333 83.5125
NOTE 78 70 83.5375 83.647917
NOTE 63 57 83.552083 83.6125
NOTE 58 38 83.558333 83.635417
NOTE 54 41 83.564583 83.620833
DAMPER 83.6 83.727083
NOTE 85 54 83.658333 83.7125
NOTE 90 58 83.70625 83.779167
NOTE 49 68 83.79375 83.839583
NOTE 92 53 83.8 83.91875
NOTE 61 45 83.808333 83.866667
NOTE 90 50 83.8625 83.985417
NOTE 85 53 83.964583 84.0125
NOTE 80 69 84.01875 84.079167
NOTE 63 72 84.03125 84.08125
NOTE 59 60 84.045833 84.089583
NOTE 53 27 84.052083 84.10625
NOTE 85 45 84.116667 84.247917
DAMPER 84.127083 84.239583
NOTE 92 48 84.2 84.260417
NOTE 94 59 84.270833 84.414583
NOTE 49 60 84.28125 84.329167
NOTE 61 51 84.2875 84.34375
NOTE 92 43 84.354167 84.441667
NOTE 85 63 84.43125 84.475
NOTE 54 70 84.4875 84.539583
NOTE 61 65 84.491667 84.65
NOTE 94 71 84.56875 84.685417
DAMPER 84.608333 85.104167
NOTE 70 68 84.63125 84.677083
NOTE 85 69 84.664583 84.7875
NOTE 92 65 84.764583 84.822917
NOTE 82 56 84.825 84.889583
NOTE 92 55 84.925 85.039583
NOTE 85 73 84.995833 85.1125
NOTE 90 71 85.102083 85.15
NOTE 82 55 85.154167 85.202083
NOTE 87 73 85.258333 85.39375
NOTE 49 51 85.266667 85.31875
NOTE 59 54 85.352083 85.602083
NOTE 80 67 85.358333 85.410417
NOTE 65 74 85.402083 85.495833
DAMPER 85.408333 85.85625
NOTE 85 73 85.420833 85.479167
NOTE 73 67 85.5 85.547917
NOTE 82 69 85.616667 85.739583
NOTE 66 79 85.620833 85.822917
NOTE 58 50 85.63125 85.91875
NOTE 54 68 85.63125 85.93125
NOTE 73 73 85.691667 85.833333
NOTE 80 78 85.791667 85.866667
NOTE 70 69 85.854167 85.916667
NOTE 80 67 85.958333 86.077083
NOTE 73 69 86.041667 86.102083
NOTE 78 69 86.1375 86.19375
DAMPER 86.191667 86.639583
NOTE 70 67 86.195833 86.25
NOTE 37 62 86.30625 86.364583
NOTE 75 67 86.314583 86.466667
NOTE 47 69 86.383333 86.641667
NOTE 68 69 86.395833 86.464583
NOTE 53 101 86.445833 86.535417
NOTE 73 69 86.470833 86.535417
NOTE 61 68 86.558333 86.604167
NOTE 70 71 86.647917 86.785417
NOTE 54 90 86.664583 86.84375
NOTE 42 59 86.670833 86.833333
NOTE 46 47 86.685417 86.858333
NOTE 61 77 86.733333 86.854167
NOTE 68 69 86.83125 86.89375
DAMPER 86.864583 86.960417
NOTE 58 67 86.891667 86.966667
NOTE 68 68 86.985417 87.1
NOTE 61 76 87.058333 87.191667
NOTE 66 72 87.152083 87.25625
NOTE 58 63 87.20625 87.272917
DAMPER 87.264583 87.504167
NOTE 63 80 87.329167 87.475
NOTE 37 73 87.416667 87.60625
NOTE 56 70 87.43125 87.483333
NOTE 61 76 87.475 87.577083
NOTE 49 70 87.602083 87.65
NOTE 58 63 87.654167 87.972917
NOTE 42 73 87.658333 87.766667
NOTE 30 78 87.672917 87.754167
NOTE 54 80 87.754167 87.854167
NOTE 63 82 87.81875 87.872917
NOTE 37 79 87.916667 88.15
NOTE 49 69 87.922917 88.020833
DAMPER 88 88.033333
NOTE 61 64 88.004167 88.125
NOTE 56 75 88.072917 88.195833
NOTE 58 71 88.166667 88.477083
NOTE 42 81 88.177083 88.225
NOTE 30 75 88.189583 88.229167
NOTE 54 69 88.28125 88.3625
NOTE 63 72 88.327083 88.41875
DAMPER 88.375 88.464583
NOTE 49 72 88.416667 88.514583
NOTE 37 92 88.420833 88.64375
NOTE 61 50 88.466667 88.633333
NOTE 56 70 88.564583 88.747917
NOTE 58 79 88.664583 88.85625
NOTE 42 86 88.675 89.11875
NOTE 30 88 88.683333 89.075
NOTE 58 66 88.9125 89.058333
NOTE 61 67 88.916667 89.045833
DAMPER 88.945833 89.39375
NOTE 56 66 89 89.10625
NOTE 54 69 89.070833 89.122917
NOTE 66 56 89.185417 89.308333
NOTE 63 72 89.1875 89.3125
NOTE 61 69 89.26875 89.333333
NOTE 58 48 89.333333 89.39375
NOTE 70 61 89.408333 89.545833
NOTE 42 69 89.416667 89.46875
NOTE 66 62 89.41875 89.516667
NOTE 63 72 89.5 89.591667
NOTE 49 68 89.5 89.64375
NOTE 58 65 89.5625 89.622917
NOTE 61 69 89.5625 89.627083
DAMPER 89.585417 89.68125
NOTE 42 75 89.697917 89.745833
NOTE 73 65 89.70625 89.825
NOTE 70 52 89.716667 89.820833
NOTE 49 62 89.775 89.85625
NOTE 68 61 89.79375 89.85625
DAMPER 89.85625 92.99375
NOTE 66 62 89.858333 89.95625
NOTE 58 53 89.8625 89.922917
NOTE 46 49 89.970833 90.029167
NOTE 78 67 89.977083 90.09375
NOTE 75 65 89.985417 90.116667
NOTE 54 69 90.0625 90.114583
NOTE 73 61 90.0625 90.125
NOTE 70 40 90.14375 90.210417
NOTE 61 65 90.15625 90.20625
NOTE 49 62 90.233333 90.314583
NOTE 82 60 90.239583 90.364583
NOTE 78 72 90.252083 90.385417
NOTE 58 52 90.314583 90.383333
NOTE 75 61 90.327083 90.385417
NOTE 73 50 90.391667 90.44375
NOTE 66 49 90.41875 90.472917
NOTE 54 78 90.502083 90.552083
NOTE 85 70 90.502083 90.608333
NOTE 82 68 90.510417 90.625
NOTE 80 55 90.583333 90.63125
NOTE 61 65 90.583333 90.633333
NOTE 78 58 90.6375 90.6875
NOTE 70 59 90.639583 90.689583
NOTE 90 73 90.745833 90.875
NOTE 58 62 90.75 90.814583
NOTE 87 49 90.754167 90.829167
NOTE 66 65 90.822917 90.872917
NOTE 85 69 90.825 90.885417
NOTE 73 70 90.90625 90.95
NOTE 82 65 90.90625 90.95625
NOTE 94 62 91.00625 91.135417
NOTE 61 65 91.010417 91.060417
NOTE 90 62 91.01875 91.125
NOTE 87 52 91.089583 91.14375
NOTE 70 65 91.09375 91.14375
NOTE 85 52 91.166667 91.214583
NOTE 78 42 91.170833 91.227083
NOTE 66 56 91.25625 91.310417
NOTE 90 75 91.258333 91.389583
NOTE 87 47 91.270833 91.333333
NOTE 85 46 91.320833 91.425
NOTE 70 46 91.325 91.385417
NOTE 82 42 91.408333 91.466667
NOTE 78 55 91.422917 91.470833
NOTE 94 62 91.5125 91.635417
NOTE 90 63 91.516667 91.641667
NOTE 61 57 91.53125 91.583333
NOTE 87 41 91.595833 91.65
NOTE 85 64 91.602083 91.647917
NOTE 70 20 91.616667 91.689583
NOTE 73 65 91.660417 91.710417
NOTE 78 55 91.6625 91.708333
NOTE 90 61 91.7625 91.883333
NOTE 87 40 91.7625 91.885417
NOTE 66 52 91.764583 91.829167
NOTE 85 67 91.827083 91.929167
NOTE 70 54 91.829167 91.908333
NOTE 82 65 91.889583 91.9375
NOTE 78 60 91.889583 91.9375
NOTE 61 81 92.004167 92.04375
NOTE 90 76 92.004167 92.11875
NOTE 94 72 92.004167 92.120833
NOTE 87 66 92.077083 92.179167
NOTE 70 52 92.0875 92.141667
NOTE 78 59 92.152083 92.195833
NOTE 85 75 92.158333 92.195833
NOTE 90 71 92.227083 92.333333
NOTE 87 80 92.235417 92.35625
NOTE 66 66 92.25 92.377083
NOTE 85 67 92.30625 92.402083
NOTE 70 36 92.322917 92.38125
NOTE 82 63 92.35625 92.404167
NOTE 78 68 92.3625 92.402083
NOTE 61 86 92.48125 92.520833
NOTE 90 81 92.483333 92.610417
NOTE 94 73 92.483333 92.616667
NOTE 87 68 92.554167 92.65625
NOTE 70 47 92.572917 92.63125
NOTE 85 67 92.622917 92.6625
NOTE 78 65 92.635417 92.683333
NOTE 90 92 92.727083 92.825
NOTE 82 97 92.745833 92.79375
NOTE 66 92 92.75 92.795833
NOTE 90 59 93.227083 93.275
NOTE 54 83 93.229167 93.266667
NOTE 66 47 93.233333 93.291667
NOTE 78 54 93.235417 93.2875
DAMPER 93.297917 94.627083
NOTE 51 84 93.364583 93.404167
NOTE 87 67 93.36875 93.408333
NOTE 63 84 93.370833 93.410417
NOTE 75 79 93.372917 93.414583
NOTE 61 88 93.502083 93.539583
NOTE 85 84 93.504167 93.539583
NOTE 49 76 93.504167 93.54375
NOTE 73 100 93.504167 93.5625
NOTE 70 95 93.639583 93.683333
NOTE 46 71 93.639583 93.685417
NOTE 82 67 93.64375 93.685417
NOTE 58 82 93.647917 93.6875
NOTE 80 74 93.779167 93.814583
NOTE 56 85 93.78125 93.820833
NOTE 68 100 93.78125 93.833333
NOTE 44 26 93.785417 93.847917
NOTE 54 69 93.891667 93.985417
NOTE 78 76 93.895833 93.933333
NOTE 42 29 93.897917 93.966667
NOTE 66 95 93.902083 93.997917
NOTE 63 106 94.027083 94.110417
NOTE 51 73 94.029167 94.064583
NOTE 75 73 94.03125 94.070833
NOTE 39 22 94.033333 94.102083
NOTE 37 86 94.170833 94.204167
NOTE 73 68 94.170833 94.214583
NOTE 49 96 94.177083 94.233333
NOTE 61 100 94.177083 94.272917
NOTE 46 88 94.30625 94.35
NOTE 70 62 94.310417 94.360417
NOTE 34 46 94.314583 94.370833
NOTE 58 95 94.314583 94.420833
NOTE 44 92 94.445833 94.545833
NOTE 32 75 94.447917 94.497917
NOTE 68 75 94.45 94.514583
NOTE 56 97 94.45 94.5375
NOTE 42 103 94.602083 94.883333
NOTE 54 107 94.608333 94.85625
NOTE 30 97 94.610417 94.841667
NOTE 66 90 94.610417 94.95
DAMPER 94.866667 95.089583
NOTE 54 86 95.254167 95.35625
NOTE 61 75 95.302083 95.40625
NOTE 94 97 95.352083 95.622917
NOTE 82 91 95.354167 95.63125
NOTE 85 82 95.360417 95.635417
NOTE 90 83 95.360417 95.6375
NOTE 70 101 95.366667 95.408333
DAMPER 95.416667 98.866667
NOTE 54 106 96.410417 98.7625
NOTE 42 99 96.416667 98.69375
NOTE 30 103 96.416667 98.733333
