CS302-Midi-Note-File
NOTE 39 88 1.0020833 2.4125
NOTE 27 83 1.0020833 2.4125
DAMPER 1.3625 3.8708333
NOTE 46 60 1.4020833 2.4229167
NOTE 54 66 1.7229167 2.4229167
NOTE 63 54 2.0229167 2.44375
NOTE 70 55 2.3729167 2.8229167
NOTE 63 55 2.7125 3.1625
NOTE 54 60 3.0520833 3.49375
NOTE 46 64 3.4125 3.83125
NOTE 39 72 3.8020833 5.6625
NOTE 27 68 3.8020833 5.6625
NOTE 46 45 4.3416667 5.5020833
DAMPER 4.6708333 7.1125
NOTE 54 50 4.7125 5.5125
NOTE 63 36 5.0520833 5.5708333
NOTE 70 36 5.4520833 5.9520833
NOTE 63 33 5.8520833 6.2625
NOTE 54 26 6.18125 6.5125
NOTE 46 32 6.5625 6.73125
NOTE 39 46 7.0416667 8.9020833
NOTE 27 43 7.0416667 8.9020833
NOTE 46 27 7.58125 7.9708333
DAMPER 7.63125 9.8625
NOTE 54 25 7.9708333 8.2916667
NOTE 63 26 8.2916667 8.5916667
NOTE 78 69 8.58125 11.070833
NOTE 70 28 8.6020833 9.0125
NOTE 63 28 8.93125 9.2125
NOTE 54 31 9.1708333 9.4125
NOTE 46 33 9.43125 9.6708333
NOTE 39 43 9.7125 11.0625
NOTE 27 40 9.7125 11.0625
NOTE 47 30 10.03125 10.802083
NOTE 56 32 10.352083 10.720833
DAMPER 10.352083 12.13125
NOTE 62 35 10.58125 10.891667
NOTE 68 46 10.852083 11.370833
NOTE 62 40 11.152083 11.502083
NOTE 77 78 11.420833 12.5625
NOTE 56 41 11.452083 11.78125
NOTE 47 40 11.770833 12.0625
NOTE 39 64 12.070833 14.441667
NOTE 27 60 12.070833 14.441667
NOTE 46 37 12.541667 13.020833
NOTE 74 75 12.541667 13.441667
DAMPER 12.78125 13.78125
NOTE 54 52 12.920833 13.4125
NOTE 63 37 13.38125 13.741667
NOTE 75 51 13.441667 13.670833
NOTE 77 59 13.570833 13.720833
NOTE 75 64 13.7125 16.020833
NOTE 70 40 13.741667 14.4625
NOTE 63 36 14.141667 14.83125
DAMPER 14.402083 15.441667
NOTE 54 35 14.5125 14.8625
NOTE 46 30 14.870833 15.0625
NOTE 39 33 15.391667 17.3125
NOTE 27 31 15.391667 17.3125
NOTE 46 31 16.041667 16.43125
NOTE 70 47 16.041667 16.720833
DAMPER 16.191667 18.402083
NOTE 55 25 16.402083 16.7125
NOTE 61 24 16.68125 17.041667
NOTE 71 53 16.702083 17.070833
NOTE 73 58 17.020833 18.38125
NOTE 67 32 17.041667 17.38125
NOTE 61 44 17.320833 17.6625
NOTE 55 50 17.6125 17.970833
NOTE 46 55 17.93125 18.2625
NOTE 32 49 18.291667 19.43125
NOTE 75 49 18.73125 18.991667
NOTE 44 31 18.73125 19.1625
DAMPER 18.902083 20.8125
NOTE 73 58 18.93125 19.141667
NOTE 51 35 19.091667 19.452083
NOTE 71 67 19.091667 20.202083
NOTE 59 35 19.391667 19.6625
NOTE 68 34 19.670833 19.952083
NOTE 59 39 19.920833 20.23125
NOTE 70 71 20.191667 21.452083
NOTE 51 44 20.2125 20.48125
NOTE 44 44 20.49375 20.7625
NOTE 34 53 20.772917 21.752083
NOTE 46 33 21.1125 21.652083
DAMPER 21.272917 23.5125
NOTE 68 75 21.4125 22.752083
NOTE 56 38 21.433333 21.8125
NOTE 62 34 21.74375 22.072917
NOTE 70 35 22.083333 22.422917
NOTE 62 33 22.422917 22.7625
NOTE 56 48 22.74375 23.09375
NOTE 66 67 22.74375 23.5625
NOTE 46 40 23.102083 23.5125
NOTE 63 60 23.533333 25.902083
NOTE 35 32 23.54375 24.522917
NOTE 47 29 24.0125 24.422917
DAMPER 24.09375 26.5625
NOTE 54 35 24.322917 24.64375
NOTE 59 31 24.5625 24.933333
NOTE 66 33 24.902083 25.333333
NOTE 59 33 25.29375 25.64375
NOTE 54 27 25.64375 25.99375
NOTE 47 31 26.022917 26.2125
NOTE 32 32 26.472917 27.022917
NOTE 65 33 26.7125 26.94375
NOTE 59 31 26.7125 26.94375
NOTE 44 20 26.902083 27.302083
DAMPER 26.9625 28.022917
NOTE 66 34 26.99375 27.2625
NOTE 63 32 26.99375 27.2625
NOTE 68 42 27.233333 27.4625
NOTE 65 39 27.233333 27.4625
NOTE 53 42 27.2625 27.54375
NOTE 70 57 27.472917 27.702083
NOTE 66 54 27.472917 27.702083
NOTE 59 33 27.54375 27.9625
NOTE 68 61 27.69375 28.033333
NOTE 71 65 27.69375 29.472917
NOTE 80 64 27.9625 29.472917
NOTE 63 26 27.99375 28.39375
DAMPER 28.222917 29.972917
NOTE 59 35 28.383333 28.772917
NOTE 53 20 28.7625 29.222917
NOTE 44 24 29.233333 29.472917
NOTE 78 43 29.502083 29.622917
NOTE 70 40 29.502083 29.622917
NOTE 39 26 29.922917 31.033333
NOTE 27 24 29.922917 31.033333
NOTE 78 35 29.94375 31.2125
NOTE 70 33 29.94375 31.2125
DAMPER 30.452083 33.102083
NOTE 46 22 30.522917 30.933333
NOTE 54 33 30.8625 31.14375
NOTE 63 30 31.102083 31.34375
NOTE 78 56 31.34375 32.7625
NOTE 70 28 31.372917 31.6125
NOTE 63 35 31.633333 31.922917
NOTE 54 37 31.872917 32.102083
NOTE 46 48 32.1125 32.34375
NOTE 39 56 32.39375 32.84375
NOTE 27 53 32.39375 32.84375
NOTE 47 51 32.7125 33.09375
NOTE 77 60 33.04375 33.252083
NOTE 56 47 33.04375 33.352083
NOTE 78 64 33.172917 33.3625
NOTE 77 78 33.29375 33.433333
NOTE 62 37 33.333333 33.6625
NOTE 75 76 33.4125 33.583333
DAMPER 33.452083 33.59375
NOTE 77 79 33.522917 33.722917
NOTE 68 51 33.6625 33.983333
NOTE 78 80 33.6625 34.4625
NOTE 62 50 33.94375 34.222917
DAMPER 33.94375 34.8125
NOTE 56 48 34.19375 34.44375
NOTE 77 80 34.44375 35.152083
NOTE 47 47 34.4625 34.74375
NOTE 39 47 34.783333 35.683333
NOTE 27 44 34.783333 35.683333
DAMPER 35.122917 36.102083
NOTE 46 32 35.14375 35.552083
NOTE 74 71 35.152083 35.84375
NOTE 54 43 35.483333 35.9125
NOTE 63 32 35.84375 36.1125
NOTE 75 57 35.852083 36.033333
NOTE 77 55 35.983333 36.122917
NOTE 70 38 36.122917 36.452083
NOTE 75 62 36.122917 37.7125
DAMPER 36.302083 37.102083
NOTE 63 44 36.422917 36.672917
NOTE 54 48 36.6625 36.89375
NOTE 46 47 36.902083 37.09375
NOTE 39 57 37.152083 37.5625
DAMPER 37.383333 38.283333
NOTE 46 42 37.433333 37.733333
NOTE 70 68 37.702083 38.952083
NOTE 54 45 37.722917 37.902083
NOTE 63 36 37.983333 38.24375
NOTE 38 37 38.302083 38.802083
DAMPER 38.572917 39.583333
NOTE 46 27 38.633333 38.9625
NOTE 71 57 38.922917 39.572917
NOTE 54 30 38.9625 39.2125
NOTE 62 42 39.222917 39.452083
NOTE 73 60 39.572917 42.0125
NOTE 37 31 39.59375 40.4625
NOTE 49 34 39.99375 40.572917
DAMPER 40.222917 42.29375
NOTE 58 27 40.333333 40.683333
NOTE 66 29 40.59375 40.89375
NOTE 70 35 40.89375 41.2125
NOTE 66 36 41.2125 41.54375
NOTE 58 39 41.502083 41.752083
NOTE 49 38 41.783333 42.102083
NOTE 37 39 42.183333 42.6625
DAMPER 42.483333 43.052083
NOTE 75 48 42.583333 42.8125
NOTE 49 35 42.59375 42.972917
NOTE 73 64 42.74375 42.89375
NOTE 71 49 42.952083 43.902083
NOTE 63 41 42.99375 43.79375
NOTE 53 38 43.002083 43.372917
DAMPER 43.3125 44.952083
NOTE 59 31 43.333333 43.622917
NOTE 73 37 43.633333 43.89375
NOTE 59 39 43.902083 44.2125
NOTE 70 66 44.202083 44.602083
NOTE 61 55 44.2125 44.533333
NOTE 53 36 44.222917 44.552083
NOTE 49 37 44.552083 44.822917
NOTE 42 32 44.922917 46.5125
NOTE 30 30 44.922917 46.5125
NOTE 66 53 44.922917 48.085417
NOTE 58 40 44.922917 48.125
NOTE 49 30 45.3625 45.9125
DAMPER 45.583333 47.664583
NOTE 54 40 45.69375 46.283333
NOTE 63 30 46.2625 46.74375
NOTE 61 30 46.64375 46.875
NOTE 54 24 47.154167 47.364583
NOTE 44 29 47.685417 48.29375
NOTE 32 27 47.685417 48.29375
DAMPER 47.964583 49.825
NOTE 53 26 48.114583 48.535417
NOTE 65 68 48.414583 48.635417
NOTE 59 31 48.464583 48.735417
NOTE 63 35 48.685417 49.204167
NOTE 66 70 48.925 48.933333
NOTE 68 79 49.183333 49.604167
NOTE 65 75 49.183333 49.604167
NOTE 59 48 49.214583 49.464583
NOTE 53 53 49.475 49.775
NOTE 70 69 49.814583 52.125
NOTE 62 65 49.814583 52.125
NOTE 46 42 49.833333 50.514583
NOTE 34 39 49.833333 50.514583
NOTE 53 32 50.264583 50.675
DAMPER 50.275 52.083333
NOTE 58 31 50.54375 50.725
NOTE 66 33 50.964583 51.264583
NOTE 65 34 51.275 51.504167
NOTE 58 47 51.74375 51.94375
NOTE 41 48 52.014583 52.483333
NOTE 51 34 52.29375 52.654167
NOTE 71 62 52.304167 52.664583
NOTE 68 58 52.304167 52.664583
DAMPER 52.383333 53.264583
NOTE 73 71 52.59375 52.914583
NOTE 70 67 52.59375 52.914583
NOTE 56 40 52.604167 52.925
NOTE 75 66 52.775 53.033333
NOTE 71 62 52.775 53.033333
NOTE 59 43 52.883333 53.264583
NOTE 77 75 52.983333 53.24375
NOTE 73 71 52.983333 53.24375
NOTE 82 69 53.183333 54.354167
NOTE 78 65 53.183333 54.354167
NOTE 66 50 53.233333 53.604167
NOTE 65 41 53.533333 53.854167
DAMPER 53.54375 54.654167
NOTE 59 43 53.814583 54.14375
NOTE 56 35 54.164583 54.583333
NOTE 80 54 54.325 54.704167
NOTE 77 51 54.325 54.704167
NOTE 46 33 54.633333 55.433333
NOTE 34 31 54.633333 55.433333
NOTE 74 44 54.654167 56.94375
NOTE 70 41 54.654167 56.94375
DAMPER 55.014583 56.764583
NOTE 53 30 55.133333 55.575
NOTE 58 25 55.433333 55.69375
NOTE 62 35 55.64375 55.875
NOTE 66 32 55.904167 56.214583
NOTE 65 42 56.164583 56.425
NOTE 62 46 56.383333 56.604167
NOTE 58 47 56.59375 56.79375
NOTE 44 61 56.79375 57.49375
NOTE 53 47 57.064583 57.404167
DAMPER 57.083333 58.583333
NOTE 70 73 57.264583 58.533333
NOTE 58 55 57.283333 57.575
NOTE 62 43 57.504167 57.733333
NOTE 72 82 57.69375 58.183333
NOTE 66 54 57.74375 57.954167
NOTE 65 60 57.925 58.164583
NOTE 74 79 58.14375 58.533333
NOTE 62 60 58.154167 58.414583
NOTE 58 59 58.375 58.614583
NOTE 75 75 58.604167 60.304167
NOTE 66 69 58.604167 60.304167
NOTE 70 71 58.604167 60.585417
NOTE 42 64 58.614583 59.564583
NOTE 58 49 58.904167 59.214583
DAMPER 59.104167 60.045833
NOTE 63 69 59.133333 59.30625
NOTE 71 77 59.445833 59.614583
NOTE 63 75 59.835417 60.045833
NOTE 48 81 60.054167 60.435417
NOTE 36 76 60.054167 60.435417
NOTE 77 81 60.275 60.585417
NOTE 58 70 60.295833 60.585417
DAMPER 60.345833 61.125
NOTE 63 67 60.535417 60.814583
NOTE 78 89 60.545833 60.795833
NOTE 75 84 60.545833 60.795833
NOTE 80 80 60.714583 60.964583
NOTE 77 76 60.714583 60.964583
NOTE 66 56 60.795833 61.154167
NOTE 82 81 60.904167 61.104167
NOTE 78 76 60.904167 61.104167
NOTE 89 87 61.095833 62.085417
NOTE 85 82 61.095833 62.085417
NOTE 73 67 61.135417 61.464583
DAMPER 61.295833 62.264583
NOTE 72 60 61.414583 61.745833
NOTE 66 73 61.675 62.014583
NOTE 63 67 61.935417 62.204167
NOTE 87 81 62.014583 62.264583
NOTE 84 76 62.014583 62.264583
NOTE 81 88 62.214583 64.314583
NOTE 77 83 62.214583 64.314583
NOTE 41 68 62.235417 62.745833
NOTE 48 57 62.514583 62.825
DAMPER 62.514583 64.045833
NOTE 57 68 62.725 62.985417
NOTE 60 68 62.914583 63.164583
NOTE 69 75 63.125 63.425
NOTE 60 71 63.385417 63.654167
NOTE 57 74 63.585417 63.854167
NOTE 48 74 63.785417 64.004167
NOTE 45 84 64.025 64.775
NOTE 33 79 64.025 64.775
DAMPER 64.304167 65.714583
NOTE 54 66 64.335417 64.695833
NOTE 90 83 64.525 65.014583
NOTE 78 76 64.525 65.014583
NOTE 87 78 64.525 65.014583
NOTE 63 60 64.564583 64.835417
NOTE 66 62 64.745833 64.954167
NOTE 75 66 64.945833 65.185417
NOTE 89 82 64.945833 65.385417
NOTE 77 75 64.945833 65.385417
NOTE 85 77 64.945833 65.385417
NOTE 66 67 65.145833 65.395833
NOTE 87 90 65.325 65.814583
NOTE 75 82 65.325 65.814583
NOTE 84 85 65.325 65.814583
NOTE 63 64 65.345833 65.635417
NOTE 54 67 65.545833 65.764583
NOTE 89 80 65.754167 66.185417
NOTE 77 73 65.754167 66.185417
NOTE 85 76 65.754167 66.185417
NOTE 46 67 65.775 66.214583
NOTE 34 63 65.775 66.214583
DAMPER 65.925 67.325
NOTE 53 60 66.025 66.295833
NOTE 87 71 66.225 66.354167
NOTE 75 65 66.225 66.354167
NOTE 84 67 66.225 66.354167
NOTE 61 57 66.235417 66.435417
NOTE 89 71 66.354167 66.514583
NOTE 77 65 66.354167 66.514583
NOTE 85 67 66.354167 66.514583
NOTE 65 63 66.404167 66.59375
NOTE 87 66 66.464583 66.604167
NOTE 75 60 66.464583 66.604167
NOTE 84 62 66.464583 66.604167
NOTE 85 82 66.585417 67.785417
NOTE 73 75 66.585417 67.785417
NOTE 82 77 66.585417 67.785417
NOTE 65 72 66.79375 67.035417
NOTE 61 75 66.99375 67.185417
NOTE 53 68 67.175 67.325
NOTE 41 91 67.34375 68.333333
NOTE 29 86 67.34375 68.333333
NOTE 50 71 67.585417 67.864583
DAMPER 67.64375 68.983333
NOTE 59 75 67.79375 68.085417
NOTE 83 81 67.79375 68.222917
NOTE 80 76 67.79375 68.222917
NOTE 71 74 67.79375 68.44375
NOTE 62 61 68.014583 68.214583
NOTE 82 80 68.19375 68.604167
NOTE 70 73 68.19375 68.604167
NOTE 78 76 68.19375 68.604167
NOTE 62 66 68.39375 68.664583
NOTE 80 89 68.54375 69.04375
NOTE 68 81 68.54375 69.04375
NOTE 77 84 68.54375 69.04375
NOTE 59 68 68.583333 68.84375
NOTE 50 70 68.783333 68.99375
NOTE 82 80 69.004167 69.464583
NOTE 70 73 69.004167 69.464583
NOTE 78 76 69.004167 69.464583
NOTE 42 68 69.004167 69.664583
NOTE 30 64 69.004167 69.664583
DAMPER 69.233333 69.822917
NOTE 51 57 69.24375 69.59375
NOTE 80 82 69.433333 69.59375
NOTE 68 75 69.433333 69.59375
NOTE 77 77 69.433333 69.59375
NOTE 58 60 69.483333 69.722917
NOTE 82 71 69.583333 69.783333
NOTE 70 65 69.583333 69.783333
NOTE 78 67 69.583333 69.783333
NOTE 63 57 69.664583 69.964583
NOTE 80 80 69.722917 69.922917
NOTE 68 73 69.722917 69.922917
NOTE 77 76 69.722917 69.922917
NOTE 78 83 69.854167 71.264583
NOTE 66 76 69.854167 71.264583
NOTE 75 78 69.854167 71.264583
NOTE 70 64 69.914583 70.19375
DAMPER 69.99375 70.733333
NOTE 63 68 70.14375 70.404167
NOTE 58 73 70.34375 70.614583
NOTE 51 75 70.533333 70.722917
NOTE 44 83 70.733333 71.514583
NOTE 32 78 70.733333 71.514583
NOTE 53 71 71.014583 71.364583
DAMPER 71.164583 72.704167
NOTE 77 81 71.204167 71.714583
NOTE 68 76 71.204167 71.714583
NOTE 59 74 71.233333 71.614583
NOTE 63 67 71.44375 71.69375
NOTE 75 89 71.654167 72.14375
NOTE 66 84 71.654167 72.14375
NOTE 71 66 71.672917 71.972917
NOTE 63 64 71.914583 72.204167
NOTE 74 88 72.114583 72.222917
NOTE 65 83 72.114583 72.222917
NOTE 59 71 72.133333 72.44375
NOTE 53 66 72.383333 72.683333
NOTE 71 84 72.504167 73.572917
NOTE 34 75 72.704167 73.514583
NOTE 80 88 72.704167 73.554167
DAMPER 73.014583 74.84375
NOTE 46 60 73.022917 73.464583
NOTE 54 61 73.264583 73.54375
NOTE 63 58 73.472917 73.764583
NOTE 78 76 73.714583 74.84375
NOTE 70 72 73.714583 74.84375
NOTE 63 64 73.972917 74.322917
NOTE 54 68 74.254167 74.604167
NOTE 46 70 74.514583 74.783333
NOTE 34 82 74.814583 75.822917
DAMPER 75.014583 77.704167
NOTE 46 68 75.154167 75.514583
NOTE 77 82 75.454167 75.714583
NOTE 68 77 75.454167 75.714583
NOTE 56 74 75.454167 75.79375
NOTE 78 82 75.64375 75.872917
NOTE 70 77 75.64375 75.872917
NOTE 62 62 75.722917 76.064583
NOTE 77 85 75.822917 76.054167
NOTE 68 80 75.822917 76.054167
NOTE 70 70 76.004167 76.414583
NOTE 75 89 76.004167 77.004167
NOTE 66 84 76.004167 77.004167
NOTE 62 77 76.372917 76.772917
NOTE 56 83 76.683333 77.09375
NOTE 46 77 77.083333 77.422917
NOTE 74 99 77.304167 77.433333
NOTE 65 94 77.304167 77.433333
NOTE 75 90 77.683333 78.614583
NOTE 66 85 77.683333 78.614583
NOTE 39 74 77.69375 79.04375
NOTE 27 70 77.69375 79.04375
DAMPER 78.133333 80.014583
NOTE 46 66 78.172917 78.49375
NOTE 54 64 78.433333 78.714583
NOTE 63 53 78.654167 78.914583
NOTE 78 79 78.883333 80.333333
NOTE 70 75 78.883333 80.333333
NOTE 63 40 79.164583 79.49375
NOTE 54 46 79.404167 79.69375
NOTE 46 41 79.683333 79.964583
NOTE 39 61 79.983333 80.554167
NOTE 27 57 79.983333 80.554167
DAMPER 80.114583 81.183333
NOTE 47 44 80.354167 80.772917
NOTE 77 67 80.722917 80.904167
NOTE 68 63 80.722917 80.904167
NOTE 56 41 80.722917 81.04375
NOTE 78 60 80.854167 81.022917
NOTE 70 57 80.854167 81.022917
NOTE 77 71 80.964583 81.083333
NOTE 68 67 80.964583 81.083333
NOTE 62 48 81.014583 81.372917
NOTE 75 71 81.083333 81.222917
NOTE 66 67 81.083333 81.222917
NOTE 77 78 81.19375 81.39375
NOTE 68 74 81.19375 81.7125
NOTE 78 71 81.34375 82.333333
NOTE 70 67 81.34375 82.333333
DAMPER 81.354167 83.122917
NOTE 62 41 81.672917 82.0125
NOTE 56 45 81.9625 82.3125
NOTE 77 68 82.2625 83.1125
NOTE 68 64 82.2625 83.1125
NOTE 47 48 82.3125 82.6125
NOTE 39 48 82.654167 84.6625
NOTE 27 45 82.654167 84.6625
NOTE 46 33 83.104167 83.604167
NOTE 74 57 83.122917 83.972917
NOTE 65 54 83.122917 83.972917
DAMPER 83.483333 84.19375
NOTE 54 35 83.533333 83.972917
NOTE 63 29 83.954167 84.283333
NOTE 75 46 83.972917 84.133333
NOTE 66 43 83.972917 84.133333
NOTE 77 35 84.133333 84.29375
NOTE 68 33 84.133333 84.29375
NOTE 75 48 84.283333 86.472917
NOTE 66 45 84.283333 86.472917
NOTE 70 31 84.29375 84.722917
DAMPER 84.383333 85.933333
NOTE 63 29 84.704167 85.004167
NOTE 54 33 85.004167 85.34375
NOTE 46 38 85.34375 85.5125
NOTE 39 38 85.833333 86.9625
NOTE 27 36 85.833333 86.9625
NOTE 46 28 86.483333 86.933333
NOTE 70 46 86.504167 87.122917
NOTE 61 43 86.504167 87.122917
DAMPER 86.6125 89.104167
NOTE 55 35 86.833333 87.2125
NOTE 71 58 87.122917 87.54375
NOTE 63 55 87.122917 87.54375
NOTE 61 24 87.154167 87.522917
NOTE 73 61 87.483333 89.372917
NOTE 64 57 87.483333 89.372917
NOTE 67 35 87.522917 87.933333
NOTE 61 34 87.89375 88.2625
NOTE 55 31 88.2625 88.604167
NOTE 46 36 88.633333 88.772917
NOTE 32 31 89.104167 89.822917
DAMPER 89.34375 90.004167
NOTE 44 33 89.6625 89.954167
NOTE 75 43 89.672917 89.8125
NOTE 66 40 89.672917 89.8125
NOTE 73 36 89.822917 89.983333
NOTE 64 34 89.822917 89.983333
NOTE 51 26 89.983333 90.39375
NOTE 71 47 90.004167 90.983333
NOTE 63 44 90.004167 90.983333
DAMPER 90.29375 91.222917
NOTE 59 31 90.333333 90.633333
NOTE 68 35 90.64375 90.883333
NOTE 59 32 90.9125 91.14375
NOTE 51 32 91.172917 91.504167
NOTE 70 54 91.172917 92.672917
NOTE 61 51 91.172917 92.672917
DAMPER 91.3625 92.572917
NOTE 44 36 91.533333 91.804167
NOTE 34 55 91.822917 93.483333
NOTE 46 47 92.204167 92.954167
NOTE 68 65 92.5625 93.883333
NOTE 59 61 92.5625 93.883333
NOTE 56 38 92.572917 93.14375
DAMPER 92.804167 95.44375
NOTE 62 30 93.0125 93.4625
NOTE 70 30 93.422917 93.904167
NOTE 62 32 93.84375 94.24375
NOTE 56 30 94.29375 94.554167
NOTE 66 44 94.3125 94.6625
NOTE 58 41 94.3125 94.6625
NOTE 68 38 94.622917 94.99375
NOTE 59 36 94.622917 94.99375
NOTE 46 29 94.79375 95.0625
NOTE 66 36 94.9625 95.372917
NOTE 58 34 94.9625 95.372917
NOTE 39 26 95.3125 96.154167
NOTE 27 24 95.3125 96.154167
NOTE 63 28 95.3625 99.345833
NOTE 54 26 95.3625 99.345833
NOTE 46 20 95.8625 96.104167
DAMPER 95.99375 97.472917
NOTE 70 25 96.504167 96.54375
NOTE 46 17 96.904167 97.364583
NOTE 39 27 97.383333 98.185417
NOTE 27 25 97.383333 98.185417
NOTE 46 30 97.864583 97.914583
DAMPER 97.864583 99.9375
NOTE 70 28 98.60625 98.6375
NOTE 46 37 99.177083 99.3875
NOTE 75 34 99.916667 100.27708
NOTE 70 32 99.916667 100.27708
NOTE 42 33 99.916667 101.09583
NOTE 30 31 99.916667 101.09583
DAMPER 100.2375 103.29583
NOTE 73 40 100.32708 100.70625
NOTE 66 38 100.32708 100.70625
NOTE 49 68 100.66667 101.25625
NOTE 75 45 100.70625 101.00625
NOTE 70 42 100.70625 101.00625
NOTE 73 40 101.01667 101.29583
NOTE 66 38 101.01667 101.29583
NOTE 58 66 101.2875 102.34583
NOTE 80 31 101.34583 101.57708
NOTE 73 29 101.34583 101.57708
NOTE 78 44 101.61667 101.76667
NOTE 70 41 101.61667 101.76667
NOTE 80 36 101.84583 102.0375
NOTE 73 34 101.84583 102.0375
NOTE 78 35 102.06667 102.12708
NOTE 70 33 102.06667 102.12708
NOTE 75 32 102.25625 102.36667
NOTE 70 30 102.25625 102.36667
NOTE 73 42 102.42708 102.47708
NOTE 66 39 102.42708 102.47708
NOTE 75 27 102.60625 102.74583
NOTE 70 25 102.60625 102.74583
NOTE 73 49 102.76667 102.8875
NOTE 66 46 102.76667 102.8875
NOTE 56 71 102.9375 103.37708
NOTE 73 34 102.99583 103.14583
NOTE 66 32 102.99583 103.14583
NOTE 71 38 103.1875 103.29583
NOTE 63 36 103.1875 103.29583
NOTE 51 66 103.3375 103.72708
NOTE 73 46 103.34583 103.51667
NOTE 66 43 103.34583 103.51667
DAMPER 103.4375 103.67708
NOTE 71 50 103.51667 103.67708
NOTE 63 47 103.51667 103.67708
NOTE 71 50 103.69583 103.8375
NOTE 68 47 103.69583 103.8375
NOTE 54 66 103.70625 104.39583
DAMPER 103.77708 104.34583
NOTE 70 45 103.85625 103.95625
NOTE 63 42 103.85625 103.95625
NOTE 71 40 104.0375 104.16667
NOTE 68 38 104.0375 104.16667
NOTE 70 49 104.19583 104.32708
NOTE 63 46 104.19583 104.32708
NOTE 70 39 104.3875 104.57708
NOTE 62 37 104.3875 104.57708
NOTE 53 54 104.3875 105.15625
DAMPER 104.52708 106.52708
NOTE 68 33 104.60625 104.71667
NOTE 58 31 104.60625 104.71667
NOTE 70 38 104.7875 104.95625
NOTE 62 36 104.7875 104.95625
NOTE 68 33 105.00625 105.12708
NOTE 58 31 105.00625 105.12708
NOTE 42 36 105.1875 106.35625
NOTE 30 34 105.1875 106.35625
NOTE 70 27 105.20625 105.34583
NOTE 62 25 105.20625 105.34583
NOTE 68 31 105.41667 105.52708
NOTE 58 29 105.41667 105.52708
NOTE 70 30 105.66667 105.86667
NOTE 62 28 105.66667 105.86667
NOTE 68 33 105.90625 106.0875
NOTE 58 31 105.90625 106.0875
NOTE 51 60 106.0875 106.65625
NOTE 70 33 106.1375 106.3375
NOTE 63 31 106.1375 106.3375
NOTE 66 45 106.34583 106.55625
NOTE 58 42 106.34583 106.55625
NOTE 46 62 106.55625 106.99583
NOTE 70 45 106.56667 106.77708
NOTE 63 42 106.56667 106.77708
DAMPER 106.62708 106.9375
NOTE 66 54 106.77708 106.97708
NOTE 58 51 106.77708 106.97708
NOTE 49 68 106.94583 107.7375
NOTE 69 53 106.9875 107.16667
NOTE 66 50 106.9875 107.16667
DAMPER 107.10625 107.66667
NOTE 68 40 107.16667 107.31667
NOTE 63 38 107.16667 107.31667
NOTE 69 46 107.3375 107.50625
NOTE 66 43 107.3375 107.50625
NOTE 68 50 107.50625 107.64583
NOTE 63 47 107.50625 107.64583
NOTE 48 69 107.67708 108.54583
NOTE 68 47 107.70625 107.87708
NOTE 63 44 107.70625 107.87708
NOTE 66 33 107.91667 108.01667
NOTE 56 31 107.91667 108.01667
DAMPER 107.94583 108.87708
NOTE 68 41 108.07708 108.2375
NOTE 63 38 108.07708 108.2375
NOTE 66 35 108.2875 108.39583
NOTE 56 33 108.2875 108.39583
NOTE 68 41 108.47708 108.64583
NOTE 62 38 108.47708 108.64583
NOTE 65 37 108.67708 108.82708
NOTE 56 35 108.67708 108.82708
NOTE 47 67 108.86667 109.34583
NOTE 68 47 108.8875 109.07708
NOTE 62 44 108.8875 109.07708
NOTE 65 44 109.0875 109.29583
NOTE 56 41 109.0875 109.29583
DAMPER 109.11667 109.31667
NOTE 46 79 109.29583 109.84583
NOTE 70 51 109.30625 109.54583
NOTE 62 48 109.30625 109.54583
DAMPER 109.42708 110.24583
NOTE 65 60 109.5375 109.75625
NOTE 56 57 109.5375 109.75625
NOTE 71 58 109.76667 110.0375
NOTE 62 55 109.76667 110.0375
NOTE 44 70 109.76667 110.24583
NOTE 65 54 110.0375 110.26667
NOTE 56 51 110.0375 110.26667
NOTE 42 76 110.24583 112.35625
NOTE 30 72 110.24583 112.35625
NOTE 75 57 110.2875 110.61667
NOTE 70 54 110.2875 110.61667
DAMPER 110.55625 110.92708
NOTE 73 46 110.65625 110.9375
NOTE 66 43 110.65625 110.9375
NOTE 49 71 110.91667 112.22708
NOTE 75 52 110.9375 111.22708
NOTE 70 49 110.9375 111.22708
DAMPER 111.1375 111.46667
NOTE 73 47 111.21667 111.4875
NOTE 66 44 111.21667 111.4875
NOTE 58 69 111.46667 112.30625
NOTE 80 48 111.49583 111.80625
NOTE 73 45 111.49583 111.80625
DAMPER 111.6375 113.51667
NOTE 78 53 111.80625 112.02708
NOTE 70 50 111.80625 112.02708
NOTE 80 50 112.02708 112.21667
NOTE 73 47 112.02708 112.21667
NOTE 78 51 112.22708 112.39583
NOTE 70 48 112.22708 112.39583
NOTE 75 51 112.41667 112.5875
NOTE 70 48 112.41667 112.5875
NOTE 73 55 112.5875 112.74583
NOTE 66 52 112.5875 112.74583
NOTE 75 51 112.76667 112.94583
NOTE 70 48 112.76667 112.94583
NOTE 73 60 112.94583 113.14583
NOTE 66 57 112.94583 113.14583
NOTE 56 78 113.12708 113.61667
NOTE 73 40 113.16667 113.34583
NOTE 66 38 113.16667 113.34583
NOTE 71 60 113.35625 113.5375
NOTE 63 57 113.35625 113.5375
NOTE 73 57 113.54583 113.7375
NOTE 66 54 113.54583 113.7375
NOTE 51 71 113.55625 113.99583
DAMPER 113.67708 113.91667
NOTE 71 39 113.74583 113.87708
NOTE 63 37 113.74583 113.87708
NOTE 71 40 113.92708 114.07708
NOTE 68 38 113.92708 114.07708
NOTE 54 55 113.95625 114.61667
DAMPER 114.05625 114.6375
NOTE 70 44 114.09583 114.22708
NOTE 63 41 114.09583 114.22708
NOTE 71 39 114.2875 114.42708
NOTE 68 37 114.2875 114.42708
NOTE 70 34 114.46667 114.5375
NOTE 63 32 114.46667 114.5375
NOTE 53 40 114.62708 115.56667
NOTE 70 32 114.66667 114.85625
NOTE 62 30 114.66667 114.85625
DAMPER 114.84583 117.02708
NOTE 68 34 114.89583 115.04583
NOTE 58 32 114.89583 115.04583
NOTE 70 30 115.10625 115.26667
NOTE 62 28 115.10625 115.26667
NOTE 68 24 115.31667 115.46667
NOTE 58 22 115.31667 115.46667
NOTE 70 29 115.54583 115.77708
NOTE 62 27 115.54583 115.77708
NOTE 42 29 115.55625 116.66667
NOTE 30 27 115.55625 116.66667
NOTE 68 24 115.86667 115.99583
NOTE 58 22 115.86667 115.99583
NOTE 70 27 116.06667 116.29583
NOTE 62 25 116.06667 116.29583
NOTE 68 24 116.34583 116.50625
NOTE 58 22 116.34583 116.50625
NOTE 70 37 116.57708 116.7875
NOTE 63 35 116.57708 116.7875
NOTE 51 56 116.5875 117.0875
NOTE 66 36 116.82708 117.00625
NOTE 58 34 116.82708 117.00625
NOTE 46 57 117.0375 117.4875
NOTE 70 47 117.04583 117.2375
NOTE 63 44 117.04583 117.2375
DAMPER 117.12708 117.44583
NOTE 66 37 117.27708 117.41667
NOTE 58 35 117.27708 117.41667
NOTE 49 63 117.45625 118.2375
NOTE 69 44 117.46667 117.65625
NOTE 66 41 117.46667 117.65625
DAMPER 117.59583 118.19583
NOTE 68 36 117.67708 117.80625
NOTE 63 34 117.67708 117.80625
NOTE 69 32 117.85625 118.0375
NOTE 66 30 117.85625 118.0375
NOTE 68 36 118.04583 118.2375
NOTE 63 34 118.04583 118.2375
NOTE 48 60 118.2375 118.90625
NOTE 68 34 118.27708 118.47708
NOTE 63 32 118.27708 118.47708
DAMPER 118.39583 119.4375
NOTE 66 34 118.4875 118.64583
NOTE 56 32 118.4875 118.64583
NOTE 68 46 118.67708 118.80625
NOTE 63 43 118.67708 118.80625
NOTE 66 44 118.87708 119.01667
NOTE 56 41 118.87708 119.01667
NOTE 69 47 119.06667 119.22708
NOTE 63 44 119.06667 119.22708
NOTE 66 49 119.24583 119.45625
NOTE 57 46 119.24583 119.45625
NOTE 70 58 119.47708 119.74583
NOTE 61 55 119.47708 119.74583
NOTE 49 69 119.47708 119.94583
DAMPER 119.6875 119.95625
NOTE 66 60 119.74583 119.95625
NOTE 58 57 119.74583 119.95625
NOTE 75 61 119.97708 120.25625
NOTE 71 57 119.97708 120.25625
NOTE 56 69 119.97708 120.45625
DAMPER 120.10625 120.45625
NOTE 73 62 120.25625 120.51667
NOTE 65 58 120.25625 120.51667
NOTE 54 69 120.46667 120.79583
NOTE 75 58 120.50625 120.7875
NOTE 71 55 120.50625 120.7875
DAMPER 120.6875 120.8875
NOTE 56 59 120.7375 121.11667
NOTE 73 48 120.77708 121.0875
NOTE 65 45 120.77708 121.0875
NOTE 59 66 121.06667 121.79583
DAMPER 121.07708 122.26667
NOTE 78 50 121.09583 121.46667
NOTE 74 47 121.09583 121.46667
NOTE 77 47 121.51667 121.75625
NOTE 68 44 121.51667 121.75625
NOTE 58 50 121.7875 122.0375
NOTE 78 50 121.80625 122.02708
NOTE 74 47 121.80625 122.02708
NOTE 77 41 122.06667 122.2875
NOTE 68 38 122.06667 122.2875
NOTE 82 43 122.31667 123.95625
NOTE 70 38 122.34583 122.66667
NOTE 62 36 122.34583 122.66667
DAMPER 122.51667 123.2875
NOTE 68 37 122.69583 122.85625
NOTE 58 35 122.69583 122.85625
NOTE 70 40 122.9375 123.12708
NOTE 62 38 122.9375 123.12708
NOTE 68 48 123.11667 123.27708
NOTE 58 45 123.11667 123.27708
NOTE 47 58 123.30625 123.5875
DAMPER 123.47708 124.75625
NOTE 65 48 123.51667 123.64583
NOTE 56 45 123.51667 123.64583
NOTE 68 51 123.70625 123.86667
NOTE 63 48 123.70625 123.86667
NOTE 65 55 123.86667 124.00625
NOTE 56 52 123.86667 124.00625
NOTE 80 77 124.05625 124.41667
NOTE 68 54 124.06667 124.1875
NOTE 63 51 124.06667 124.1875
NOTE 65 63 124.21667 124.30625
NOTE 56 59 124.21667 124.30625
NOTE 68 58 124.34583 124.55625
NOTE 63 55 124.34583 124.55625
NOTE 75 74 124.40625 124.7875
NOTE 65 62 124.52708 124.7375
NOTE 56 58 124.52708 124.7375
NOTE 78 67 124.76667 125.29583
NOTE 46 38 124.7875 125.21667
NOTE 68 44 125.00625 125.1375
NOTE 58 41 125.00625 125.1375
DAMPER 125.02708 125.95625
NOTE 77 53 125.25625 125.80625
NOTE 70 35 125.26667 125.50625
NOTE 62 33 125.26667 125.50625
NOTE 68 34 125.51667 125.6375
NOTE 58 32 125.51667 125.6375
NOTE 53 50 125.91667 126.4875
NOTE 44 47 125.91667 126.4875
NOTE 58 62 125.96667 126.2875
DAMPER 126.14583 126.60625
NOTE 60 80 126.21667 126.52708
NOTE 62 76 126.41667 126.69583
NOTE 51 74 126.61667 127.15625
NOTE 42 70 126.61667 127.15625
NOTE 63 79 126.65625 127.06667
NOTE 58 75 126.65625 127.14583
DAMPER 126.85625 127.35625
NOTE 70 83 127.00625 127.14583
NOTE 53 76 127.3875 127.77708
NOTE 41 72 127.3875 127.77708
NOTE 70 72 127.39583 128.0375
NOTE 59 66 127.39583 128.44583
NOTE 63 68 127.39583 128.44583
DAMPER 127.5875 128.3875
NOTE 68 82 128.0375 128.44583
NOTE 53 73 128.39583 129.54583
NOTE 56 76 128.39583 129.54583
NOTE 62 80 128.39583 129.71667
NOTE 46 62 128.40625 129.5875
NOTE 34 58 128.40625 129.5875
DAMPER 128.66667 130.20625
NOTE 68 58 128.84583 129.12708
NOTE 58 55 128.84583 129.12708
NOTE 70 51 129.10625 129.29583
NOTE 68 54 129.2875 129.50625
NOTE 58 51 129.2875 129.50625
NOTE 82 76 129.50625 130.74583
NOTE 70 44 129.52708 129.71667
NOTE 68 47 129.74583 129.86667
NOTE 58 44 129.74583 129.86667
NOTE 70 51 129.92708 130.10625
NOTE 62 48 129.92708 130.10625
NOTE 68 45 130.09583 130.22708
NOTE 58 42 130.09583 130.22708
NOTE 47 53 130.26667 130.60625
DAMPER 130.39583 131.71667
NOTE 65 47 130.50625 130.61667
NOTE 56 44 130.50625 130.61667
NOTE 68 35 130.6875 130.81667
NOTE 63 33 130.6875 130.81667
NOTE 65 40 130.85625 131.00625
NOTE 56 38 130.85625 131.00625
NOTE 80 71 131.0375 131.36667
NOTE 68 40 131.09583 131.21667
NOTE 63 38 131.09583 131.21667
NOTE 65 43 131.25625 131.3375
NOTE 56 40 131.25625 131.3375
NOTE 78 68 131.29583 131.51667
NOTE 68 50 131.3875 131.5375
NOTE 63 47 131.3875 131.5375
NOTE 75 71 131.4875 131.7875
NOTE 65 44 131.54583 131.6875
NOTE 56 41 131.54583 131.6875
NOTE 78 59 131.76667 132.25625
NOTE 46 36 131.76667 132.25625
NOTE 68 28 132.00625 132.15625
NOTE 58 26 132.00625 132.15625
DAMPER 132.02708 132.97708
NOTE 77 49 132.24583 132.60625
NOTE 70 30 132.25625 132.52708
NOTE 62 28 132.25625 132.52708
NOTE 68 31 132.5375 132.65625
NOTE 58 29 132.5375 132.65625
NOTE 58 73 132.9875 133.34583
NOTE 53 40 132.9875 133.56667
NOTE 44 38 132.9875 133.56667
DAMPER 133.1875 133.71667
NOTE 60 82 133.27708 133.59583
NOTE 62 78 133.51667 133.8375
NOTE 49 77 133.76667 134.01667
NOTE 42 73 133.76667 134.01667
NOTE 63 83 133.77708 133.94583
NOTE 58 78 133.77708 133.94583
DAMPER 133.9375 134.55625
NOTE 70 91 134.21667 134.30625
NOTE 32 80 134.4375 135.2375
NOTE 44 74 134.55625 135.25625
NOTE 54 68 134.62708 135.1875
NOTE 60 89 134.7375 135.21667
NOTE 63 71 134.79583 135.21667
NOTE 70 82 134.87708 135.2375
DAMPER 134.95625 136.01667
NOTE 68 81 135.6375 135.74583
NOTE 44 53 135.99583 137.4375
NOTE 37 50 135.99583 137.4375
NOTE 61 84 136.00625 136.77708
NOTE 53 77 136.00625 136.77708
NOTE 59 79 136.00625 136.77708
DAMPER 136.3375 137.69583
NOTE 65 55 136.40625 136.60625
NOTE 56 52 136.40625 136.60625
NOTE 68 62 136.6375 136.76667
NOTE 65 66 136.79583 136.95625
NOTE 56 62 136.79583 136.95625
NOTE 87 87 136.95625 138.1375
NOTE 83 82 136.95625 138.1375
NOTE 68 62 136.99583 137.1375
NOTE 59 58 136.99583 137.1375
NOTE 65 45 137.21667 137.36667
NOTE 56 42 137.21667 137.36667
NOTE 68 58 137.40625 137.60625
NOTE 59 55 137.40625 137.60625
NOTE 65 66 137.57708 137.71667
NOTE 56 62 137.57708 137.71667
NOTE 41 72 137.72708 138.15625
DAMPER 137.94583 139.30625
NOTE 68 50 137.96667 138.10625
NOTE 59 47 137.96667 138.10625
NOTE 85 79 138.11667 138.59583
NOTE 82 75 138.11667 138.59583
NOTE 71 60 138.15625 138.30625
NOTE 61 57 138.15625 138.30625
NOTE 68 55 138.3375 138.49583
NOTE 59 52 138.3375 138.49583
NOTE 83 77 138.54583 138.8375
NOTE 80 73 138.54583 138.8375
NOTE 71 44 138.55625 138.6875
NOTE 61 41 138.55625 138.6875
NOTE 68 45 138.71667 138.82708
NOTE 59 42 138.71667 138.82708
NOTE 82 73 138.81667 139.0875
NOTE 78 69 138.81667 139.0875
NOTE 71 48 138.8875 139.09583
NOTE 61 45 138.8875 139.09583
NOTE 68 45 139.06667 139.25625
NOTE 59 42 139.06667 139.25625
NOTE 80 72 139.07708 139.35625
NOTE 77 68 139.07708 139.35625
NOTE 42 38 139.32708 139.6875
NOTE 82 66 139.3375 140.14583
NOTE 78 60 139.3375 140.14583
NOTE 66 30 139.5875 139.77708
NOTE 58 28 139.5875 139.77708
DAMPER 139.61667 140.46667
NOTE 70 32 139.8375 140.11667
NOTE 61 30 139.8375 140.11667
NOTE 66 27 140.1375 140.1875
NOTE 58 25 140.1375 140.1875
NOTE 44 37 140.46667 140.97708
NOTE 62 32 140.46667 140.97708
NOTE 65 32 140.46667 140.97708
NOTE 70 47 140.49583 140.80625
NOTE 58 43 140.49583 140.80625
DAMPER 140.75625 142.36667
NOTE 53 33 140.80625 140.97708
NOTE 46 31 140.80625 140.97708
NOTE 72 50 140.84583 140.92708
NOTE 60 46 140.84583 140.92708
NOTE 74 54 141.15625 141.82708
NOTE 62 49 141.15625 141.82708
NOTE 58 30 141.17708 141.30625
NOTE 50 28 141.17708 141.30625
NOTE 42 60 141.47708 141.87708
NOTE 66 52 141.47708 141.87708
NOTE 70 52 141.47708 141.87708
NOTE 54 56 141.7875 142.0375
NOTE 46 53 141.7875 142.0375
NOTE 75 80 141.92708 142.67708
NOTE 63 73 141.92708 142.67708
NOTE 58 60 142.06667 142.30625
NOTE 51 57 142.06667 142.30625
NOTE 41 77 142.35625 142.76667
NOTE 68 67 142.35625 142.76667
NOTE 70 67 142.35625 142.76667
DAMPER 142.52708 143.11667
NOTE 56 66 142.62708 142.85625
NOTE 46 62 142.62708 142.85625
NOTE 77 82 142.71667 143.35625
NOTE 65 75 142.71667 143.35625
NOTE 58 72 142.87708 143.06667
NOTE 50 68 142.87708 143.06667
NOTE 39 79 143.11667 143.4375
NOTE 70 69 143.11667 143.4375
NOTE 75 69 143.11667 143.4375
DAMPER 143.27708 143.84583
NOTE 54 69 143.36667 143.54583
NOTE 46 65 143.36667 143.54583
NOTE 78 84 143.4375 143.8375
NOTE 66 77 143.4375 143.8375
NOTE 58 79 143.59583 143.74583
NOTE 51 75 143.59583 143.74583
NOTE 49 74 143.81667 144.10625
NOTE 37 70 143.81667 144.10625
NOTE 70 65 143.81667 144.10625
NOTE 75 65 143.81667 144.10625
DAMPER 143.9875 144.49583
NOTE 79 92 144.0375 144.22708
NOTE 67 84 144.0375 144.22708
NOTE 58 70 144.06667 144.24583
NOTE 51 66 144.06667 144.24583
NOTE 78 99 144.21667 144.31667
NOTE 66 91 144.21667 144.31667
NOTE 63 74 144.2875 144.43542
NOTE 55 70 144.2875 144.43542
NOTE 79 87 144.37708 144.44583
NOTE 67 80 144.37708 144.44583
NOTE 80 94 144.50625 144.92708
NOTE 68 86 144.50625 144.92708
NOTE 47 82 144.52708 144.89583
NOTE 35 77 144.52708 144.89583
NOTE 71 72 144.52708 144.89583
NOTE 75 72 144.52708 144.89583
DAMPER 144.69583 147.86667
NOTE 59 46 144.80625 145.06667
NOTE 51 43 144.80625 145.06667
NOTE 82 91 145.04583 145.32708
NOTE 70 83 145.04583 145.32708
NOTE 63 51 145.10625 145.17708
NOTE 56 48 145.10625 145.17708
NOTE 46 75 145.31667 145.52708
NOTE 34 71 145.31667 145.52708
NOTE 73 66 145.31667 145.52708
NOTE 75 66 145.31667 145.52708
NOTE 61 68 145.53542 145.71667
NOTE 51 64 145.53542 145.71667
NOTE 83 91 145.74583 146.16667
NOTE 71 83 145.74583 146.16667
NOTE 44 68 145.78542 145.87708
NOTE 32 64 145.78542 145.87708
NOTE 75 59 145.78542 145.87708
NOTE 80 59 145.78542 145.87708
NOTE 59 71 146.05625 146.23542
NOTE 51 67 146.05625 146.23542
NOTE 63 81 146.47708 146.66667
NOTE 56 76 146.47708 146.66667
NOTE 82 103 146.48542 147.28542
NOTE 70 94 146.48542 147.28542
NOTE 56 82 146.80625 147.00625
NOTE 44 77 146.80625 147.00625
NOTE 74 72 146.80625 147.00625
NOTE 77 72 146.80625 147.00625
NOTE 84 71 147.15625 147.37708
NOTE 72 65 147.15625 147.37708
NOTE 62 91 147.16667 147.29583
NOTE 53 86 147.16667 147.29583
NOTE 86 91 147.50625 147.59583
NOTE 74 83 147.50625 147.59583
NOTE 65 84 147.50625 147.61667
NOTE 58 79 147.50625 147.61667
NOTE 86 99 147.92708 148.21667
NOTE 74 91 147.92708 148.21667
NOTE 42 83 147.94583 148.40625
NOTE 78 77 147.94583 148.40625
NOTE 82 77 147.94583 148.40625
NOTE 54 88 147.94583 148.44583
DAMPER 148.13542 148.76667
NOTE 63 55 148.21667 148.44583
NOTE 87 90 148.33542 148.52708
NOTE 75 82 148.33542 148.52708
NOTE 66 80 148.47708 148.59583
NOTE 58 76 148.47708 148.59583
NOTE 86 99 148.76667 149.06667
NOTE 74 91 148.76667 149.06667
NOTE 49 80 148.77708 149.12708
NOTE 37 76 148.77708 149.12708
NOTE 79 70 148.77708 149.12708
NOTE 82 70 148.77708 149.12708
NOTE 58 76 149.02708 149.23542
NOTE 51 72 149.02708 149.23542
DAMPER 149.02708 149.56667
NOTE 87 113 149.16667 149.25625
NOTE 75 103 149.16667 149.25625
NOTE 63 81 149.29583 149.41667
NOTE 55 76 149.29583 149.41667
NOTE 86 103 149.58542 149.76667
NOTE 74 94 149.58542 149.76667
NOTE 47 81 149.58542 149.87708
NOTE 35 76 149.58542 149.87708
NOTE 80 71 149.58542 149.87708
NOTE 83 71 149.58542 149.87708
DAMPER 149.75625 150.35625
NOTE 59 74 149.86667 150.04583
NOTE 51 70 149.86667 150.04583
NOTE 87 105 149.87708 149.94583
NOTE 75 96 149.87708 149.94583
NOTE 86 92 150.12708 150.21667
NOTE 74 84 150.12708 150.21667
NOTE 63 74 150.13542 150.23542
NOTE 56 70 150.13542 150.23542
NOTE 87 105 150.39583 150.47708
NOTE 75 96 150.39583 150.47708
NOTE 46 79 150.39583 150.69583
NOTE 34 75 150.39583 150.69583
NOTE 79 69 150.39583 150.69583
NOTE 85 69 150.39583 150.69583
DAMPER 150.49583 151.14583
NOTE 86 85 150.56667 150.65625
NOTE 74 78 150.56667 150.65625
NOTE 61 69 150.68542 150.90625
NOTE 51 65 150.68542 150.90625
NOTE 87 94 150.72708 150.80625
NOTE 75 86 150.72708 150.80625
NOTE 86 88 150.85625 150.95625
NOTE 74 80 150.85625 150.95625
NOTE 63 70 150.99583 151.06667
NOTE 55 66 150.99583 151.06667
NOTE 87 96 150.99583 151.06667
NOTE 75 88 150.99583 151.06667
NOTE 87 92 151.15625 151.38542
NOTE 85 87 151.15625 151.38542
NOTE 75 84 151.15625 151.69583
NOTE 81 84 151.15625 151.69583
NOTE 45 80 151.18542 151.40625
NOTE 33 76 151.18542 151.40625
DAMPER 151.30625 154.33542
NOTE 61 72 151.37708 151.50625
NOTE 52 68 151.37708 151.50625
NOTE 88 92 151.53542 151.69583
NOTE 76 87 151.53542 151.69583
NOTE 64 71 151.56667 151.67708
NOTE 57 67 151.56667 151.67708
NOTE 61 73 151.73542 151.85625
NOTE 52 69 151.73542 151.85625
NOTE 95 99 151.90625 152.90625
NOTE 83 91 151.90625 152.90625
NOTE 85 91 151.90625 152.90625
NOTE 88 94 151.90625 152.90625
NOTE 64 73 151.93542 152.04583
NOTE 57 69 151.93542 152.04583
NOTE 61 80 152.14583 152.21667
NOTE 52 76 152.14583 152.21667
NOTE 64 81 152.34583 152.43542
NOTE 57 76 152.34583 152.43542
NOTE 73 74 152.52708 152.61667
NOTE 64 70 152.52708 152.61667
NOTE 76 87 152.77708 152.90625
NOTE 69 82 152.77708 152.90625
NOTE 93 94 153.13542 153.23542
NOTE 81 86 153.13542 153.23542
NOTE 85 86 153.13542 153.23542
NOTE 88 89 153.13542 153.23542
NOTE 92 96 153.52708 153.60625
NOTE 80 88 153.52708 153.60625
NOTE 85 88 153.52708 153.60625
NOTE 88 91 153.52708 153.60625
NOTE 90 105 154.02708 154.10625
NOTE 78 99 154.02708 154.10625
NOTE 89 101 154.37708 155.26667
NOTE 77 92 154.37708 155.26667
NOTE 79 92 154.37708 155.26667
NOTE 85 95 154.37708 155.26667
NOTE 39 81 154.38542 154.59583
NOTE 27 83 154.39583 154.58542
DAMPER 154.51667 156.19583
NOTE 55 83 154.72708 154.77708
NOTE 46 73 154.72708 154.79583
NOTE 61 85 154.91667 154.96667
NOTE 55 74 154.91667 154.98542
NOTE 61 80 155.13542 155.31667
NOTE 67 91 155.13542 155.31667
NOTE 88 103 155.47708 155.99583
NOTE 76 97 155.47708 155.99583
NOTE 45 75 155.79583 157.44583
NOTE 33 71 155.79583 157.44583
NOTE 61 80 155.99583 156.15625
NOTE 52 76 155.99583 156.15625
NOTE 64 73 156.17708 156.37708
NOTE 57 69 156.17708 156.37708
NOTE 87 90 156.17708 156.57708
NOTE 75 85 156.17708 156.57708
NOTE 61 75 156.35625 156.52708
NOTE 52 71 156.35625 156.52708
DAMPER 156.35625 157.27708
NOTE 85 92 156.51667 156.93542
NOTE 73 84 156.51667 156.93542
NOTE 81 87 156.51667 156.93542
NOTE 64 71 156.52708 156.73542
NOTE 57 67 156.52708 156.73542
NOTE 61 73 156.70625 156.86667
NOTE 52 69 156.70625 156.86667
NOTE 57 67 156.87708 157.08542
NOTE 64 71 156.87708 157.23542
NOTE 83 87 157.05625 157.15625
NOTE 71 82 157.05625 157.15625
NOTE 73 76 157.05625 157.23542
NOTE 83 89 157.27708 157.67708
NOTE 71 81 157.27708 157.67708
NOTE 64 76 157.27708 157.79583
NOTE 73 84 157.27708 157.87708
NOTE 76 80 157.27708 157.87708
DAMPER 157.42708 158.78542
NOTE 81 96 157.63542 157.87708
NOTE 69 88 157.63542 157.87708
NOTE 80 90 157.97708 158.06667
NOTE 68 82 157.97708 158.06667
NOTE 73 82 157.97708 158.06667
NOTE 76 85 157.97708 158.06667
NOTE 78 99 158.46667 158.53542
NOTE 66 94 158.46667 158.53542
NOTE 77 103 158.81667 159.62708
NOTE 65 94 158.81667 159.62708
NOTE 73 97 158.81667 159.62708
NOTE 67 94 158.81667 159.8875
NOTE 39 74 158.82708 159.04583
NOTE 27 81 158.83542 159.04583
DAMPER 158.97708 160.12708
NOTE 55 71 159.14583 159.24583
NOTE 46 68 159.15625 159.23542
NOTE 61 83 159.37708 159.47708
NOTE 55 75 159.38542 159.47708
NOTE 61 87 159.4875 159.85833
NOTE 76 99 159.81875 159.91875
NOTE 64 94 159.81875 159.91875
NOTE 45 71 160.1375 160.92708
NOTE 33 67 160.1375 160.92708
DAMPER 160.30833 163.3875
NOTE 52 79 160.40833 160.6375
NOTE 75 91 160.41875 160.62708
NOTE 63 86 160.41875 160.62708
NOTE 61 74 160.6375 160.85833
NOTE 57 70 160.6375 160.85833
NOTE 76 85 160.64792 160.89792
NOTE 64 80 160.64792 160.89792
NOTE 52 73 160.84792 161.05833
NOTE 75 90 160.86875 161.09792
NOTE 63 85 160.86875 161.09792
NOTE 61 80 161.06875 161.2875
NOTE 57 76 161.06875 161.2875
NOTE 73 84 161.10833 161.2375
NOTE 73 94 161.3375 161.65833
NOTE 61 89 161.3375 161.65833
NOTE 64 84 161.35833 161.70833
NOTE 52 79 161.35833 161.70833
NOTE 57 77 161.35833 161.70833
NOTE 71 81 161.62708 161.91875
NOTE 59 76 161.62708 161.91875
NOTE 69 82 161.8875 162.01875
NOTE 57 77 161.8875 162.01875
NOTE 69 87 162.16875 162.51875
NOTE 57 80 162.16875 162.51875
NOTE 60 80 162.16875 162.51875
NOTE 64 82 162.16875 162.51875
NOTE 68 95 162.5375 162.80833
NOTE 56 90 162.5375 162.80833
NOTE 66 91 162.89792 162.94792
NOTE 54 86 162.89792 162.94792
NOTE 39 84 163.3875 163.66875
NOTE 27 81 163.3875 163.66875
NOTE 65 101 163.39792 164.52708
NOTE 55 92 163.39792 164.55625
NOTE 61 95 163.39792 164.56667
DAMPER 163.5875 164.96667
NOTE 46 53 163.66875 163.74792
NOTE 67 85 164.0375 164.57708
NOTE 64 87 164.49792 164.55625
NOTE 65 77 164.97708 166.23542
NOTE 55 70 164.97708 166.29583
NOTE 61 73 164.97708 166.325
NOTE 45 74 164.9875 165.22708
NOTE 33 71 164.9875 165.22708
DAMPER 165.21667 166.80625
NOTE 45 62 165.24583 165.31667
NOTE 67 82 165.61667 166.30625
NOTE 64 76 166.225 166.29583
NOTE 64 90 166.80625 168.025
NOTE 55 82 166.80625 168.11458
NOTE 61 85 166.80625 168.14583
NOTE 39 53 166.85625 167.03542
NOTE 27 47 166.85625 167.03542
DAMPER 167.025 168.66458
NOTE 46 41 167.03542 167.125
NOTE 67 63 167.43542 168.175
NOTE 63 67 168.03542 168.11458
NOTE 45 37 168.675 168.90417
NOTE 65 57 168.68542 170.28333
NOTE 55 52 168.68542 170.48333
NOTE 61 54 168.68542 170.48333
NOTE 33 28 168.70417 168.925
DAMPER 168.85417 171.13333
NOTE 45 27 169.06458 169.14375
NOTE 67 44 169.51458 170.50417
NOTE 64 47 170.28333 170.48333
NOTE 27 33 171.16458 171.44375
NOTE 64 48 171.16458 173.5125
NOTE 55 44 171.16458 175.63333
NOTE 61 45 171.16458 175.70208
NOTE 39 26 171.17292 171.43333
DAMPER 171.27292 172.34375
NOTE 46 28 171.66458 171.77292
NOTE 67 30 172.24375 175.68333
DAMPER 172.49375 173.59375
NOTE 63 5 173.65208 175.63333
NOTE 55 29 178.10208 178.5125
NOTE 58 27 178.13333 178.48333
NOTE 59 33 178.49375 178.7625
NOTE 56 31 178.5125 178.77292
NOTE 59 27 178.78333 179.70208
NOTE 63 29 178.78333 179.73333
NOTE 58 17 179.7125 180.60208
NOTE 61 22 179.72292 180.5625
NOTE 59 34 181.75208 181.94375
NOTE 63 34 181.78333 181.94375
NOTE 64 36 181.9625 182.17292
NOTE 61 28 181.97292 182.14375
NOTE 63 32 182.18333 182.42292
NOTE 66 33 182.18333 182.4625
NOTE 70 32 182.49375 183.70208
NOTE 66 29 182.49375 183.73333
NOTE 68 25 183.67292 184.54375
NOTE 64 14 183.69375 184.60208
NOTE 70 35 186.24375 186.54375
NOTE 66 26 186.24375 186.54375
NOTE 71 49 186.52292 186.90208
NOTE 68 24 186.55208 186.88333
NOTE 75 36 186.88333 187.23333
NOTE 71 33 186.90208 187.19375
NOTE 73 47 187.23333 187.6125
NOTE 70 31 187.24375 187.62292
NOTE 75 46 187.5625 187.9625
NOTE 71 31 187.58333 187.9625
NOTE 76 48 187.95208 188.55208
NOTE 73 32 187.9625 188.55208
NOTE 80 36 188.54375 189.4125
NOTE 71 22 188.54375 189.43333
DAMPER 189.08333 191.3625
NOTE 70 24 190.20208 190.58333
NOTE 78 32 190.25208 190.6125
NOTE 39 19 191.30208 193.7625
NOTE 27 18 191.30208 193.7625
NOTE 78 30 191.32292 192.69375
NOTE 70 28 191.32292 192.69375
DAMPER 191.77292 194.25208
NOTE 46 17 191.8625 192.2625
NOTE 54 28 192.25208 192.55208
NOTE 63 32 192.60208 192.80208
NOTE 78 53 192.98333 194.74375
NOTE 70 50 192.98333 194.74375
NOTE 63 35 193.27292 193.60208
NOTE 54 45 193.54375 193.88333
NOTE 46 47 193.83333 194.0125
NOTE 39 50 194.19375 196.2125
NOTE 27 47 194.19375 196.2125
DAMPER 194.62292 195.82292
NOTE 47 43 194.67292 195.10208
NOTE 77 60 195.13333 195.2625
NOTE 68 57 195.13333 195.2625
NOTE 56 37 195.13333 195.47292
NOTE 78 59 195.29375 195.47292
NOTE 70 56 195.29375 195.47292
NOTE 77 67 195.42292 195.59375
NOTE 68 63 195.42292 195.59375
NOTE 62 44 195.4625 195.87292
NOTE 75 74 195.5625 195.70208
NOTE 66 70 195.5625 195.70208
NOTE 77 74 195.70208 195.83333
NOTE 68 70 195.70208 195.83333
NOTE 78 74 195.85208 196.98333
NOTE 70 70 195.85208 196.98333
NOTE 68 43 195.88333 196.2625
DAMPER 196.1125 197.42292
NOTE 62 49 196.20208 196.57292
NOTE 56 49 196.52292 196.90208
NOTE 47 47 196.9125 197.35208
NOTE 77 57 197.05208 197.84375
NOTE 68 54 197.05208 197.84375
NOTE 39 34 197.37292 199.6125
NOTE 27 32 197.37292 199.6125
DAMPER 197.8125 199.1125
NOTE 46 33 197.8625 198.34375
NOTE 74 50 197.8625 198.6125
NOTE 65 47 197.8625 198.6125
NOTE 54 45 198.27292 198.79375
NOTE 63 44 198.7625 199.05208
NOTE 75 58 198.78333 198.94375
NOTE 66 55 198.78333 198.94375
NOTE 77 66 198.9125 199.15208
NOTE 68 62 198.9125 199.15208
NOTE 70 42 199.0625 199.53333
NOTE 75 71 199.09375 200.69375
NOTE 66 67 199.09375 200.69375
DAMPER 199.3125 200.27292
NOTE 63 55 199.42292 199.93333
NOTE 54 64 199.69375 200.02292
NOTE 46 63 199.92292 200.24375
NOTE 39 60 200.23333 202.42292
NOTE 27 57 200.23333 202.42292
NOTE 46 59 200.68333 201.04375
NOTE 70 80 200.68333 201.35208
NOTE 61 76 200.68333 201.62292
DAMPER 200.95208 201.75208
NOTE 55 56 201.0125 201.3625
NOTE 71 83 201.3125 201.6625
NOTE 63 78 201.3125 201.6625
NOTE 67 59 201.60208 202.19167
NOTE 73 80 201.60208 203.02292
NOTE 64 76 201.60208 203.02292
DAMPER 201.95208 202.83333
NOTE 61 58 202.05208 202.5125
NOTE 55 68 202.30208 202.62292
NOTE 46 68 202.53333 202.80208
NOTE 32 64 202.79167 204.3125
NOTE 44 49 203.19167 203.62292
NOTE 75 70 203.2125 203.4625
NOTE 66 66 203.2125 203.4625
DAMPER 203.22292 203.60208
NOTE 73 68 203.4125 203.6625
NOTE 64 64 203.4125 203.6625
NOTE 51 52 203.59167 204.03333
NOTE 71 78 203.63333 204.63333
NOTE 63 74 203.63333 204.63333
DAMPER 203.8625 205.14167
NOTE 59 60 203.94167 204.20208
NOTE 68 56 204.17292 204.4625
NOTE 59 69 204.40208 204.73333
NOTE 70 81 204.63333 205.77292
NOTE 61 76 204.63333 205.77292
NOTE 51 56 204.65208 204.93333
NOTE 44 62 204.89167 205.12292
NOTE 34 60 205.14167 207.03333
NOTE 46 56 205.42292 205.84167
DAMPER 205.4625 205.74167
NOTE 68 74 205.73333 207.03333
NOTE 59 70 205.73333 207.03333
NOTE 58 54 205.74167 206.20208
DAMPER 205.89167 207.89167
NOTE 62 49 206.09167 206.44167
NOTE 70 52 206.42292 206.85208
NOTE 62 49 206.74167 207.12292
NOTE 66 80 206.99167 207.57292
NOTE 58 76 206.99167 207.57292
NOTE 56 53 207.05208 207.4625
NOTE 46 63 207.39167 207.84167
NOTE 63 78 207.57292 207.69167
NOTE 63 82 207.88333 208.57083
NOTE 58 75 207.88333 208.57083
NOTE 61 77 207.88333 208.57083
NOTE 55 75 207.88333 208.68125
NOTE 39 53 207.89167 209.10208
NOTE 27 50 207.89167 209.10208
NOTE 46 55 208.33333 208.47083
DAMPER 208.44167 209.58125
NOTE 61 47 208.66042 208.87083
NOTE 79 60 208.85208 209.97083
NOTE 70 57 208.85208 209.97083
NOTE 67 34 208.90208 209.10208
NOTE 61 39 209.12083 209.27083
NOTE 55 44 209.29167 209.46042
NOTE 46 48 209.48125 209.64167
NOTE 39 37 209.68125 209.96042
DAMPER 209.80208 211.24167
NOTE 46 53 209.91042 210.13125
NOTE 58 45 210.10208 210.29167
NOTE 76 60 210.11042 210.26042
NOTE 68 57 210.11042 210.26042
NOTE 61 57 210.27083 210.43125
NOTE 75 68 210.45208 210.54167
NOTE 67 64 210.45208 210.54167
NOTE 70 44 210.47083 210.64167
NOTE 61 58 210.64167 210.82083
NOTE 73 72 210.81042 210.92083
NOTE 70 68 210.81042 210.92083
NOTE 55 54 210.83125 210.99167
NOTE 46 51 210.99167 211.19167
NOTE 75 62 211.19167 211.44167
NOTE 71 58 211.19167 211.44167
NOTE 39 34 211.22083 211.56042
DAMPER 211.43125 212.76042
NOTE 47 38 211.48125 211.74167
NOTE 73 49 211.66042 211.74167
NOTE 70 46 211.66042 211.74167
NOTE 56 41 211.70208 211.89167
NOTE 75 49 211.77083 211.90208
NOTE 71 46 211.77083 211.90208
NOTE 73 58 211.89167 212.01042
NOTE 70 55 211.89167 212.01042
NOTE 59 48 211.89167 212.05208
NOTE 71 54 212.03125 213.02083
NOTE 68 51 212.03125 213.02083
NOTE 63 36 212.09167 212.31042
NOTE 59 47 212.31042 212.47083
NOTE 56 48 212.48125 212.72083
NOTE 47 64 212.63125 212.84167
NOTE 39 57 212.83125 213.18125
DAMPER 213.02083 214.44167
NOTE 46 57 213.07083 213.33125
NOTE 70 69 213.20208 213.57083
NOTE 62 65 213.20208 213.59167
NOTE 56 50 213.30208 213.39167
NOTE 68 74 213.52083 213.89167
NOTE 59 70 213.52083 213.89167
NOTE 70 51 213.60208 213.86042
NOTE 66 80 213.81042 214.11042
NOTE 58 76 213.81042 214.11042
NOTE 62 60 213.84167 214.08125
NOTE 56 64 214.03125 214.53125
NOTE 65 80 214.12083 214.53125
NOTE 46 62 214.22083 214.46042
NOTE 66 88 214.48125 214.82083
NOTE 58 83 214.48125 214.82083
NOTE 39 54 214.48125 214.92083
NOTE 46 61 214.76042 215.05208
DAMPER 214.76042 215.44167
NOTE 65 78 214.97083 215.13125
NOTE 56 74 214.97083 215.13125
NOTE 54 54 215.00208 215.28125
NOTE 66 67 215.14167 215.34167
NOTE 58 63 215.14167 215.34167
NOTE 63 57 215.24167 216.07083
NOTE 65 71 215.29167 215.47292
NOTE 56 67 215.29167 215.47292
NOTE 54 70 215.44167 216.07083
NOTE 70 50 215.47292 215.68125
DAMPER 215.6125 216.42083
NOTE 46 64 215.97083 216.29167
NOTE 39 57 216.3 218.18958
NOTE 58 62 216.69167 217.37083
NOTE 46 46 216.72083 217.07083
NOTE 55 47 217.03125 217.42083
DAMPER 217.19167 217.72083
NOTE 59 66 217.34167 217.78125
NOTE 61 40 217.37083 217.73125
NOTE 67 34 217.72083 218.07917
NOTE 61 55 217.74167 219.07917
DAMPER 218 219.91875
NOTE 55 34 218.28958 218.57917
NOTE 46 36 218.6 218.92917
NOTE 39 27 219 219.9
NOTE 63 54 219.56875 219.76875
NOTE 47 32 219.56875 219.90833
NOTE 61 51 219.71875 219.91875
NOTE 56 36 219.87917 220.30833
NOTE 59 60 219.9 221
DAMPER 220.21875 221.97917
NOTE 63 35 220.25833 220.56875
NOTE 68 29 220.6 220.93958
NOTE 63 33 220.90833 221.2
NOTE 47 35 221.21875 221.57917
NOTE 58 60 221.21875 222.87917
NOTE 44 33 221.6 221.96875
NOTE 39 25 221.98958 222.66875
DAMPER 222.11875 222.97917
NOTE 47 29 222.45833 223
NOTE 56 51 222.9 224.55
NOTE 52 31 222.93958 223.45833
DAMPER 223.21875 226.15833
NOTE 62 32 223.4 223.82917
NOTE 66 25 223.86875 224.45833
NOTE 62 24 224.38958 224.66875
NOTE 47 24 225.03958 225.41875
NOTE 54 27 225.07917 225.42917
NOTE 56 36 225.4 225.72917
NOTE 54 34 225.73958 226.07917
NOTE 39 20 226.10833 227.03958
NOTE 27 19 226.10833 227.03958
NOTE 51 31 226.12917 229.18958
NOTE 46 27 226.6 226.91875
DAMPER 226.71875 230.46875
NOTE 54 29 226.88958 227.25
NOTE 63 22 227.2 227.47917
NOTE 70 26 227.51875 227.90833
NOTE 63 1 227.96875 228.13958
NOTE 54 29 228.15833 228.55
NOTE 46 36 228.57917 228.8
NOTE 32 24 229.21875 229.65
NOTE 56 38 229.46875 229.60833
NOTE 53 36 229.46875 229.60833
NOTE 44 26 229.57917 229.91875
NOTE 58 50 229.68958 229.90833
NOTE 54 47 229.68958 229.90833
NOTE 59 50 229.88958 230.05
NOTE 56 47 229.88958 230.05
NOTE 51 37 229.91875 230.27917
NOTE 63 58 230.07917 230.26875
NOTE 59 55 230.07917 230.26875
NOTE 65 52 230.25 230.51875
NOTE 61 49 230.25 230.51875
NOTE 53 36 230.30833 230.61875
NOTE 70 60 230.46875 231.76875
NOTE 66 57 230.46875 231.76875
NOTE 63 33 230.61875 230.92917
DAMPER 230.73958 232.06875
NOTE 59 37 230.95 231.25
NOTE 53 35 231.25833 231.57917
NOTE 44 42 231.61875 231.96875
NOTE 68 56 231.8 232.07917
NOTE 65 53 231.8 232.07917
NOTE 39 31 232.05833 232.57917
NOTE 63 64 232.06875 233.56042
NOTE 54 60 232.06875 233.57083
NOTE 46 53 232.36875 232.82083
DAMPER 232.36875 233.67083
NOTE 70 75 233.15 233.23958
NOTE 46 75 233.43958 233.65
NOTE 44 66 233.67083 234.03958
NOTE 32 62 233.67083 234.03958
NOTE 68 78 233.85 234.07083
NOTE 65 74 233.85 234.07083
NOTE 53 68 233.87083 234.12083
DAMPER 233.95 234.61042
NOTE 70 90 234.02917 234.23958
NOTE 66 85 234.02917 234.23958
NOTE 59 64 234.07083 234.33958
NOTE 68 78 234.17917 234.4
NOTE 71 83 234.17917 234.55
NOTE 63 71 234.28958 234.62083
NOTE 75 81 234.35 234.55
NOTE 77 85 234.48958 234.7
NOTE 73 80 234.48958 234.7
NOTE 71 77 234.63958 234.96042
NOTE 82 99 234.65 235.37917
NOTE 78 94 234.65 235.37917
DAMPER 234.87917 235.67083
NOTE 63 74 234.9 235.17917
NOTE 59 81 235.11042 235.38958
NOTE 53 76 235.32083 235.61042
NOTE 80 85 235.42917 235.67917
NOTE 77 80 235.42917 235.67917
NOTE 39 70 235.62917 236.17083
NOTE 75 89 235.67083 237.63958
NOTE 66 84 235.67083 237.63958
DAMPER 235.92083 237.62917
NOTE 46 78 235.93958 236.22917
NOTE 54 80 236.15 236.43958
NOTE 63 82 236.35 236.62917
NOTE 70 88 236.58958 236.92917
NOTE 63 83 236.87083 237.2
NOTE 54 83 237.11042 237.33958
NOTE 46 80 237.33958 237.6
NOTE 44 74 237.63958 238.17917
NOTE 32 70 237.63958 238.17917
DAMPER 237.86042 239.97917
NOTE 53 74 237.92917 238.27917
NOTE 78 91 237.93958 238.27917
NOTE 75 86 237.93958 238.27917
NOTE 59 72 238.22083 238.52083
NOTE 80 84 238.22083 238.52917
NOTE 77 79 238.22083 238.52917
NOTE 63 80 238.47917 238.76042
NOTE 82 80 238.48958 238.78958
NOTE 78 76 238.48958 238.78958
NOTE 68 74 238.78958 239.15
NOTE 83 82 238.8 239.13958
NOTE 80 77 238.8 239.13958
NOTE 85 83 239.08958 239.45
NOTE 82 78 239.08958 239.45
NOTE 63 77 239.11042 239.42083
NOTE 59 75 239.37917 239.73958
NOTE 87 80 239.38958 239.78958
NOTE 83 76 239.38958 239.78958
NOTE 53 70 239.72917 239.88958
NOTE 89 94 239.73958 239.86042
NOTE 85 89 239.73958 239.86042
NOTE 39 71 240.02917 240.28958
NOTE 27 67 240.02917 240.28958
NOTE 92 88 240.05 240.42083
NOTE 89 80 240.05 240.42083
NOTE 94 88 240.05 240.77917
DAMPER 240.21042 240.75
NOTE 46 75 240.22917 240.42083
NOTE 90 80 240.37083 240.6
NOTE 87 73 240.37083 240.6
NOTE 54 73 240.37917 240.62083
NOTE 89 90 240.53958 240.72917
NOTE 85 82 240.53958 240.72917
NOTE 63 80 240.58958 240.67917
NOTE 87 90 240.7 240.77917
NOTE 83 82 240.7 240.77917
NOTE 44 75 240.83958 241.03958
NOTE 32 71 240.83958 241.03958
NOTE 85 87 240.85 241.06042
NOTE 82 80 240.85 241.06042
NOTE 87 87 240.85 241.22917
DAMPER 240.97083 241.23958
NOTE 63 77 241.02083 241.17083
NOTE 53 73 241.02083 241.17083
NOTE 59 70 241.02083 241.17083
NOTE 83 75 241.02083 241.17917
NOTE 80 69 241.02083 241.17917
NOTE 82 92 241.13958 241.22917
NOTE 78 84 241.13958 241.22917
NOTE 39 83 241.27917 241.52083
NOTE 27 78 241.27917 241.52083
NOTE 80 89 241.28958 241.63958
NOTE 77 81 241.28958 241.63958
NOTE 82 89 241.28958 242.01042
DAMPER 241.42083 241.97917
NOTE 46 80 241.46042 241.63958
NOTE 78 87 241.57083 241.78958
NOTE 75 80 241.57083 241.78958
NOTE 54 68 241.57917 241.81042
NOTE 77 91 241.73958 241.95
NOTE 73 83 241.73958 241.95
NOTE 63 76 241.76042 241.87917
NOTE 75 80 241.92083 242.01042
NOTE 71 73 241.92083 242.01042
NOTE 44 82 242.05 242.32917
NOTE 32 77 242.05 242.32917
NOTE 73 83 242.07083 242.13958
NOTE 70 76 242.07083 242.13958
NOTE 75 83 242.07083 242.48958
NOTE 71 88 242.08958 242.36042
NOTE 68 80 242.08958 242.36042
DAMPER 242.26042 244.63958
NOTE 63 69 242.27083 242.41042
NOTE 53 65 242.27083 242.41042
NOTE 59 63 242.27083 242.41042
NOTE 70 77 242.32083 242.48958
NOTE 66 70 242.32083 242.48958
NOTE 39 77 242.62083 242.81042
NOTE 27 73 242.62083 242.81042
NOTE 68 89 242.62083 242.95
NOTE 65 81 242.62083 242.95
NOTE 70 89 242.62083 243.67917
NOTE 54 80 242.86042 243.03958
NOTE 46 76 242.86042 243.03958
NOTE 66 91 242.88958 243.08958
NOTE 63 83 242.88958 243.08958
NOTE 65 84 243.07917 243.27917
NOTE 61 77 243.07917 243.27917
NOTE 63 94 243.22917 243.42083
NOTE 59 86 243.22917 243.42083
NOTE 61 84 243.36042 243.51042
NOTE 58 77 243.36042 243.51042
NOTE 59 82 243.48958 243.67917
NOTE 56 75 243.48958 243.67917
NOTE 58 81 243.62083 243.77083
NOTE 54 74 243.62083 243.77083
NOTE 56 87 243.72083 243.82917
NOTE 53 80 243.72083 243.82917
NOTE 54 80 243.82083 243.96042
NOTE 51 73 243.82083 243.96042
NOTE 53 94 243.92917 244.07083
NOTE 49 86 243.92917 244.07083
NOTE 51 74 244 244.08958
NOTE 47 68 244 244.08958
NOTE 49 69 244.07917 244.25
NOTE 46 63 244.07917 244.25
NOTE 47 70 244.18958 244.3
NOTE 44 64 244.18958 244.3
NOTE 46 90 244.25 244.42083
NOTE 42 82 244.25 244.42083
NOTE 44 77 244.37917 244.55
NOTE 41 70 244.37917 244.55
NOTE 39 94 244.61042 245.37917
NOTE 27 99 244.62083 245.32917
DAMPER 245.08958 250.77917
NOTE 46 83 245.28958 245.58958
NOTE 54 91 245.67083 245.87917
NOTE 63 84 246.01042 246.13958
NOTE 70 99 247.06042 247.12083
NOTE 70 105 247.26042 247.33958
