CS302-Midi-Note-File
NOTE 60 1 0 0.1
NOTE 60 2 0.1 0.2
NOTE 60 3 0.2 0.3
NOTE 60 4 0.3 0.4
NOTE 60 5 0.4 0.5
NOTE 60 6 0.5 0.6
NOTE 60 7 0.6 0.7
NOTE 60 8 0.7 0.8
NOTE 60 9 0.8 0.9
NOTE 60 10 0.9 1
NOTE 60 11 1 1.1
NOTE 60 12 1.1 1.2
NOTE 60 13 1.2 1.3
NOTE 60 14 1.3 1.4
NOTE 60 15 1.4 1.5
NOTE 60 16 1.5 1.6
NOTE 60 17 1.6 1.7
NOTE 60 18 1.7 1.8
NOTE 60 19 1.8 1.9
NOTE 60 20 1.9 2
NOTE 60 21 2 2.1
NOTE 60 22 2.1 2.2
NOTE 60 23 2.2 2.3
NOTE 60 24 2.3 2.4
NOTE 60 25 2.4 2.5
NOTE 60 26 2.5 2.6
NOTE 60 27 2.6 2.7
NOTE 60 28 2.7 2.8
NOTE 60 29 2.8 2.9
NOTE 60 30 2.9 3
NOTE 60 31 3 3.1
NOTE 60 32 3.1 3.2
NOTE 60 33 3.2 3.3
NOTE 60 34 3.3 3.4
NOTE 60 35 3.4 3.5
NOTE 60 36 3.5 3.6
NOTE 60 37 3.6 3.7
NOTE 60 38 3.7 3.8
NOTE 60 39 3.8 3.9
NOTE 60 40 3.9 4
NOTE 60 41 4 4.1
NOTE 60 42 4.1 4.2
NOTE 60 43 4.2 4.3
NOTE 60 44 4.3 4.4
NOTE 60 45 4.4 4.5
NOTE 60 46 4.5 4.6
NOTE 60 47 4.6 4.7
NOTE 60 48 4.7 4.8
NOTE 60 49 4.8 4.9
NOTE 60 50 4.9 5
NOTE 60 51 5 5.1
NOTE 60 52 5.1 5.2
NOTE 60 53 5.2 5.3
NOTE 60 54 5.3 5.4
NOTE 60 55 5.4 5.5
NOTE 60 56 5.5 5.6
NOTE 60 57 5.6 5.7
NOTE 60 58 5.7 5.8
NOTE 60 59 5.8 5.9
NOTE 60 60 5.9 6
NOTE 60 61 6 6.1
NOTE 60 62 6.1 6.2
NOTE 60 63 6.2 6.3
NOTE 60 64 6.3 6.4
NOTE 60 65 6.4 6.5
NOTE 60 66 6.5 6.6
NOTE 60 67 6.6 6.7
NOTE 60 68 6.7 6.8
NOTE 60 69 6.8 6.9
NOTE 60 70 6.9 7
NOTE 60 71 7 7.1
NOTE 60 72 7.1 7.2
NOTE 60 73 7.2 7.3
NOTE 60 74 7.3 7.4
NOTE 60 75 7.4 7.5
NOTE 60 76 7.5 7.6
NOTE 60 77 7.6 7.7
NOTE 60 78 7.7 7.8
NOTE 60 79 7.8 7.9
NOTE 60 80 7.9 8
NOTE 60 81 8 8.1
NOTE 60 82 8.1 8.2
NOTE 60 83 8.2 8.3
NOTE 60 84 8.3 8.4
NOTE 60 85 8.4 8.5
NOTE 60 86 8.5 8.6
NOTE 60 87 8.6 8.7
NOTE 60 88 8.7 8.8
NOTE 60 89 8.8 8.9
NOTE 60 90 8.9 9
NOTE 60 91 9 9.1
NOTE 60 92 9.1 9.2
NOTE 60 93 9.2 9.3
NOTE 60 94 9.3 9.4
NOTE 60 95 9.4 9.5
NOTE 60 96 9.5 9.6
NOTE 60 97 9.6 9.7
NOTE 60 98 9.7 9.8
NOTE 60 99 9.8 9.9
NOTE 60 100 9.9 10
NOTE 60 101 10 10.1
NOTE 60 102 10.1 10.2
NOTE 60 103 10.2 10.3
NOTE 60 104 10.3 10.4
NOTE 60 105 10.4 10.5
NOTE 60 106 10.5 10.6
NOTE 60 107 10.6 10.7
NOTE 60 108 10.7 10.8
NOTE 60 109 10.8 10.9
NOTE 60 110 10.9 11
NOTE 60 111 11 11.1
NOTE 60 112 11.1 11.2
NOTE 60 113 11.2 11.3
NOTE 60 114 11.3 11.4
NOTE 60 115 11.4 11.5
NOTE 60 116 11.5 11.6
NOTE 60 117 11.6 11.7
NOTE 60 118 11.7 11.8
NOTE 60 119 11.8 11.9
NOTE 60 120 11.9 12
NOTE 60 121 12 12.1
NOTE 60 122 12.1 12.2
NOTE 60 123 12.2 12.3
NOTE 60 124 12.3 12.4
NOTE 60 125 12.4 12.5
NOTE 60 126 12.5 12.6
