CS302-Midi-Note-File
NOTE 47 34 1.0020833 1.3229167
NOTE 68 30 1.0125 1.3625
NOTE 64 23 1.0125 1.3625
NOTE 61 36 1.0333333 1.39375
NOTE 40 26 1.04375 1.34375
DAMPER 1.2125 2.29375
NOTE 59 41 1.3729167 1.54375
NOTE 81 55 1.7020833 1.99375
NOTE 69 55 1.7020833 2.0333333
NOTE 71 39 1.7229167 2.04375
NOTE 76 30 1.7229167 2.04375
NOTE 64 40 1.74375 2.0729167
NOTE 59 36 1.74375 2.0729167
NOTE 80 58 2.0125 2.2520833
NOTE 68 46 2.0125 2.2520833
NOTE 59 48 2.29375 2.5833333
NOTE 68 49 2.3020833 2.5520833
NOTE 63 38 2.3020833 2.5520833
NOTE 35 35 2.3125 2.54375
DAMPER 2.4020833 3.5125
NOTE 57 40 2.6229167 2.7729167
NOTE 80 47 2.9333333 3.1520833
NOTE 68 45 2.9333333 3.1625
NOTE 63 32 2.9729167 3.1229167
NOTE 57 29 2.9729167 3.1229167
NOTE 71 27 2.99375 3.09375
NOTE 75 21 2.99375 3.09375
NOTE 78 47 3.2020833 3.4333333
NOTE 66 37 3.2020833 3.4333333
NOTE 68 41 3.49375 3.7229167
NOTE 64 36 3.49375 3.7520833
NOTE 56 33 3.49375 3.7520833
NOTE 47 38 3.5020833 3.7125
NOTE 40 36 3.5020833 3.7333333
DAMPER 3.6833333 4.5333333
NOTE 76 42 3.7729167 3.9833333
NOTE 64 33 3.7729167 3.9833333
NOTE 68 48 4.0125 4.2520833
NOTE 80 48 4.0229167 4.2520833
NOTE 56 35 4.04375 4.1625
NOTE 47 32 4.04375 4.1625
NOTE 64 35 4.0520833 4.1729167
NOTE 75 58 4.2625 4.4833333
NOTE 63 46 4.2625 4.4833333
NOTE 80 50 4.5020833 4.7729167
NOTE 68 42 4.5125 4.79375
NOTE 64 38 4.54375 4.89375
NOTE 56 36 4.54375 4.9125
NOTE 46 33 4.54375 4.9125
DAMPER 4.7520833 5.6020833
NOTE 73 40 4.8020833 5.04375
NOTE 61 32 4.8020833 5.04375
NOTE 75 47 5.0729167 5.2833333
NOTE 63 39 5.0729167 5.3020833
NOTE 76 60 5.3020833 5.5833333
NOTE 64 48 5.3020833 5.5833333
NOTE 80 54 5.59375 5.9125
NOTE 68 43 5.59375 5.9229167
NOTE 47 35 5.6125 5.8625
NOTE 35 44 5.6229167 5.8729167
DAMPER 5.8333333 6.7229167
NOTE 71 44 5.9333333 6.1520833
NOTE 59 35 5.9333333 6.1520833
NOTE 83 55 6.2020833 6.4520833
NOTE 76 50 6.2020833 6.4625
NOTE 71 46 6.2020833 6.7125
NOTE 68 32 6.2333333 6.4520833
NOTE 64 38 6.2625 6.44375
NOTE 56 34 6.2625 6.44375
NOTE 59 43 6.4520833 6.7125
NOTE 57 43 6.7229167 6.9625
NOTE 47 39 6.7229167 6.9625
NOTE 80 57 6.7229167 7.0020833
NOTE 68 52 6.7229167 7.0229167
DAMPER 6.9020833 7.9625
NOTE 78 52 7.0229167 7.2625
NOTE 66 41 7.0229167 7.2625
NOTE 83 50 7.3020833 7.5416667
NOTE 78 48 7.3020833 7.5416667
NOTE 71 44 7.3020833 7.5416667
NOTE 63 33 7.3125 7.4729167
NOTE 57 30 7.3125 7.4729167
NOTE 66 37 7.33125 7.48125
NOTE 71 45 7.58125 7.9020833
NOTE 59 36 7.58125 7.9020833
NOTE 78 45 7.9520833 8.28125
NOTE 66 31 7.9520833 8.28125
NOTE 56 30 7.9625 8.2916667
NOTE 71 23 7.9625 8.2916667
NOTE 47 30 7.9729167 8.2729167
NOTE 40 27 7.9729167 8.2729167
DAMPER 8.2229167 10.222917
NOTE 76 34 8.3229167 8.63125
NOTE 64 27 8.3229167 8.63125
NOTE 83 43 8.7020833 9.58125
NOTE 76 22 8.7125 9.1625
NOTE 71 20 8.7125 9.1625
NOTE 68 22 8.7625 9.0416667
NOTE 64 19 8.7625 9.1020833
NOTE 56 17 8.7625 9.1020833
NOTE 58 33 9.1729167 9.5729167
NOTE 61 55 9.53125 9.8729167
NOTE 59 59 9.83125 10.191667
NOTE 64 65 10.1625 10.43125
DAMPER 10.272917 10.972917
NOTE 64 69 10.541667 10.622917
NOTE 71 64 10.972917 11.391667
NOTE 68 49 10.972917 11.391667
NOTE 64 58 10.972917 11.422917
NOTE 51 46 10.98125 11.38125
NOTE 44 48 11.002083 11.372917
DAMPER 11.352083 12.272917
NOTE 63 54 11.38125 11.622917
NOTE 88 63 11.73125 12.041667
NOTE 76 64 11.73125 12.072917
NOTE 68 47 11.752083 12.052083
NOTE 59 43 11.752083 12.052083
NOTE 71 44 11.7625 12.122917
NOTE 80 32 11.7625 12.122917
NOTE 83 34 11.7625 12.122917
NOTE 87 64 12.041667 12.2625
NOTE 75 51 12.041667 12.2625
NOTE 51 51 12.28125 12.472917
NOTE 39 49 12.28125 12.53125
NOTE 73 62 12.28125 12.552083
NOTE 67 48 12.28125 12.552083
NOTE 61 63 12.291667 12.5625
DAMPER 12.4625 13.302083
NOTE 58 59 12.5625 12.7625
NOTE 88 57 12.8125 13.022917
NOTE 76 55 12.8125 13.052083
NOTE 67 51 12.83125 12.991667
NOTE 58 46 12.83125 12.991667
NOTE 73 50 12.841667 13.0625
NOTE 79 37 12.841667 13.0625
NOTE 85 39 12.841667 13.0625
NOTE 87 60 13.052083 13.272917
NOTE 75 48 13.052083 13.272917
NOTE 71 49 13.3125 13.53125
NOTE 68 44 13.322917 13.572917
NOTE 59 38 13.322917 13.572917
NOTE 63 40 13.322917 13.572917
NOTE 52 41 13.33125 13.53125
NOTE 40 42 13.33125 13.552083
DAMPER 13.502083 14.241667
NOTE 83 58 13.5625 13.7625
NOTE 71 46 13.5625 13.7625
NOTE 87 62 13.791667 13.991667
NOTE 75 61 13.791667 14.0125
NOTE 63 55 13.802083 13.972917
NOTE 59 50 13.802083 13.972917
NOTE 68 43 13.8125 14.03125
NOTE 82 64 14.002083 14.222917
NOTE 70 51 14.002083 14.222917
NOTE 87 66 14.241667 14.502083
NOTE 41 52 14.252083 14.4625
NOTE 75 64 14.252083 14.53125
NOTE 53 53 14.2625 14.491667
DAMPER 14.422917 15.141667
NOTE 80 66 14.502083 14.702083
NOTE 68 52 14.502083 14.702083
NOTE 68 58 14.722917 14.891667
NOTE 82 69 14.722917 14.9125
NOTE 63 63 14.722917 14.93125
NOTE 59 57 14.722917 14.93125
NOTE 70 68 14.722917 14.9625
NOTE 83 71 14.9125 15.141667
NOTE 71 56 14.9125 15.141667
NOTE 42 64 15.141667 15.3625
NOTE 54 69 15.141667 15.38125
NOTE 87 72 15.141667 15.4125
NOTE 75 70 15.152083 15.4125
DAMPER 15.341667 16.13125
NOTE 78 68 15.391667 15.622917
NOTE 66 54 15.391667 15.622917
NOTE 71 53 15.6125 15.83125
NOTE 63 48 15.6125 15.83125
NOTE 75 48 15.622917 15.8125
NOTE 90 66 15.63125 15.88125
NOTE 83 62 15.63125 15.922917
NOTE 78 57 15.63125 15.922917
NOTE 66 67 15.891667 16.152083
NOTE 54 53 15.891667 16.152083
NOTE 52 55 16.13125 16.391667
NOTE 42 50 16.13125 16.391667
NOTE 58 58 16.13125 16.452083
NOTE 70 45 16.13125 16.452083
NOTE 75 66 16.152083 16.402083
NOTE 63 64 16.152083 16.43125
DAMPER 16.33125 17.272917
NOTE 73 59 16.4125 16.591667
NOTE 61 47 16.4125 16.591667
NOTE 73 55 16.652083 16.73125
NOTE 70 55 16.652083 16.741667
NOTE 64 50 16.652083 16.741667
NOTE 90 67 16.672917 16.7625
NOTE 85 68 16.672917 16.7625
NOTE 78 62 16.672917 16.7625
NOTE 66 71 16.952083 17.141667
NOTE 54 56 16.952083 17.141667
NOTE 73 61 17.2625 17.641667
NOTE 42 57 17.272917 17.63125
NOTE 35 52 17.272917 17.63125
NOTE 61 58 17.272917 17.652083
NOTE 51 58 17.272917 17.672917
NOTE 66 45 17.272917 17.672917
DAMPER 17.541667 19.991667
NOTE 71 57 17.63125 17.78125
NOTE 59 45 17.63125 17.78125
NOTE 71 50 17.991667 18.241667
NOTE 63 46 17.991667 18.241667
NOTE 75 49 17.991667 18.252083
NOTE 90 62 18.002083 18.352083
NOTE 83 62 18.0125 18.28125
NOTE 78 57 18.0125 18.28125
NOTE 53 65 18.402083 18.7625
NOTE 56 70 18.73125 19.03125
NOTE 54 74 19.002083 19.322917
NOTE 59 73 19.302083 19.502083
NOTE 59 81 19.602083 19.672917
NOTE 66 68 19.98125 20.4125
NOTE 62 53 19.98125 20.4125
NOTE 32 62 19.98125 20.441667
NOTE 59 66 19.98125 20.452083
NOTE 44 62 19.991667 20.441667
DAMPER 20.372917 21.3625
NOTE 54 65 20.402083 20.5625
NOTE 66 47 20.752083 20.9625
NOTE 56 42 20.752083 20.9625
NOTE 62 43 20.752083 20.9625
NOTE 74 46 20.752083 20.972917
NOTE 78 35 20.752083 20.972917
NOTE 85 68 20.752083 21.072917
NOTE 73 65 20.7625 20.891667
NOTE 83 67 21.0625 21.252083
NOTE 71 53 21.0625 21.252083
NOTE 37 49 21.322917 21.602083
NOTE 81 62 21.322917 21.6125
NOTE 49 48 21.33125 21.622917
NOTE 73 35 21.33125 21.622917
NOTE 77 37 21.33125 21.622917
NOTE 69 53 21.341667 21.622917
DAMPER 21.5625 22.391667
NOTE 80 55 21.6125 21.852083
NOTE 68 44 21.6125 21.852083
NOTE 74 57 21.88125 22.0625
NOTE 62 54 21.88125 22.091667
NOTE 65 35 21.891667 21.991667
NOTE 68 27 21.891667 21.991667
NOTE 59 41 21.902083 22.0125
NOTE 74 58 22.13125 22.372917
NOTE 62 46 22.13125 22.372917
NOTE 62 46 22.4125 22.772917
NOTE 74 54 22.4125 22.822917
NOTE 57 37 22.422917 22.772917
NOTE 66 35 22.43125 22.78125
NOTE 69 27 22.43125 22.78125
DAMPER 22.6625 23.375
NOTE 73 47 22.8125 23.022917
NOTE 61 37 22.8125 23.022917
NOTE 50 57 23.0625 23.33125
NOTE 50 56 23.333333 23.725
DAMPER 23.49375 25.364583
NOTE 49 57 23.704167 24.054167
NOTE 57 44 24.533333 24.833333
NOTE 57 53 24.925 24.99375
NOTE 64 47 25.325 25.754167
NOTE 60 36 25.325 25.754167
NOTE 30 38 25.34375 25.783333
NOTE 57 33 25.354167 25.733333
NOTE 42 29 25.364583 25.814583
DAMPER 25.725 26.69375
NOTE 52 48 25.764583 25.89375
NOTE 83 51 26.125 26.433333
NOTE 64 31 26.133333 26.383333
NOTE 76 24 26.133333 26.383333
NOTE 57 35 26.14375 26.364583
NOTE 71 27 26.154167 26.414583
NOTE 81 46 26.433333 26.604167
NOTE 69 36 26.433333 26.604167
NOTE 48 32 26.683333 26.914583
NOTE 76 24 26.683333 26.914583
NOTE 80 49 26.69375 26.933333
NOTE 68 34 26.704167 26.964583
DAMPER 26.875 27.925
NOTE 78 47 26.983333 27.14375
NOTE 66 37 26.983333 27.14375
NOTE 64 35 27.254167 27.514583
NOTE 76 27 27.254167 27.514583
NOTE 54 34 27.264583 27.504167
NOTE 80 46 27.275 27.514583
NOTE 68 36 27.275 27.54375
NOTE 81 46 27.583333 27.74375
NOTE 69 36 27.583333 27.74375
NOTE 80 40 27.904167 28.333333
NOTE 57 31 27.925 28.29375
NOTE 47 28 27.925 28.29375
NOTE 63 31 27.925 28.354167
NOTE 75 24 27.925 28.354167
NOTE 68 25 27.933333 28.325
DAMPER 28.164583 30.325
NOTE 78 28 28.364583 28.49375
NOTE 66 22 28.364583 28.49375
NOTE 61 43 28.675 28.864583
NOTE 61 53 28.99375 29.133333
NOTE 61 44 29.333333 29.754167
NOTE 59 41 29.733333 30.154167
NOTE 71 33 30.14375 30.69375
NOTE 61 33 30.583333 30.775
DAMPER 30.614583 32.514583
NOTE 40 30 31.083333 31.454167
NOTE 47 26 31.104167 31.475
NOTE 68 24 31.104167 31.514583
NOTE 64 18 31.104167 31.514583
NOTE 61 22 31.125 31.533333
NOTE 59 43 31.54375 31.704167
NOTE 81 56 31.89375 32.19375
NOTE 69 42 31.904167 32.204167
NOTE 71 33 31.925 32.24375
NOTE 76 25 31.925 32.24375
NOTE 64 32 31.933333 32.233333
NOTE 59 29 31.933333 32.233333
NOTE 80 53 32.204167 32.433333
NOTE 68 42 32.204167 32.433333
NOTE 68 53 32.475 32.764583
NOTE 63 41 32.475 32.764583
NOTE 35 45 32.483333 32.74375
NOTE 59 51 32.483333 32.783333
NOTE 47 50 32.504167 32.733333
DAMPER 32.675 33.564583
NOTE 57 56 32.775 32.983333
NOTE 80 60 33.04375 33.264583
NOTE 68 57 33.04375 33.304167
NOTE 71 49 33.054167 33.275
NOTE 75 38 33.054167 33.275
NOTE 63 40 33.075 33.283333
NOTE 57 36 33.075 33.283333
NOTE 78 57 33.29375 33.514583
NOTE 66 45 33.29375 33.514583
NOTE 40 51 33.533333 33.764583
NOTE 68 58 33.54375 33.764583
NOTE 56 52 33.54375 33.783333
NOTE 64 57 33.54375 33.975
DAMPER 33.69375 34.44375
NOTE 76 62 33.775 33.975
NOTE 56 58 33.983333 34.125
NOTE 47 53 33.983333 34.125
NOTE 64 55 33.99375 34.104167
NOTE 80 64 33.99375 34.183333
NOTE 68 64 33.99375 34.225
NOTE 75 67 34.204167 34.433333
NOTE 63 53 34.204167 34.433333
NOTE 80 64 34.454167 34.733333
NOTE 68 64 34.454167 34.754167
NOTE 56 50 34.464583 34.94375
NOTE 46 46 34.464583 34.94375
NOTE 64 52 34.483333 34.94375
DAMPER 34.654167 35.364583
NOTE 73 66 34.704167 34.925
NOTE 61 52 34.704167 34.925
NOTE 75 67 34.933333 35.133333
NOTE 63 66 34.933333 35.154167
NOTE 76 69 35.125 35.364583
NOTE 64 55 35.125 35.364583
NOTE 80 62 35.375 35.664583
NOTE 68 56 35.375 35.664583
NOTE 35 51 35.383333 35.554167
NOTE 47 57 35.39375 35.614583
DAMPER 35.59375 36.383333
NOTE 71 63 35.64375 35.864583
NOTE 59 50 35.64375 35.864583
NOTE 83 65 35.883333 36.133333
NOTE 76 61 35.89375 36.164583
NOTE 71 56 35.89375 36.39375
NOTE 68 44 35.904167 36.175
NOTE 64 47 35.914583 36.183333
NOTE 56 43 35.914583 36.183333
NOTE 59 49 36.133333 36.39375
NOTE 80 59 36.39375 36.69375
NOTE 68 57 36.39375 36.714583
NOTE 57 51 36.404167 36.675
NOTE 47 46 36.404167 36.675
DAMPER 36.583333 37.614583
NOTE 78 54 36.704167 36.954167
NOTE 66 43 36.704167 36.954167
NOTE 83 54 36.975 37.214583
NOTE 78 43 36.983333 37.214583
NOTE 71 39 36.983333 37.214583
NOTE 66 41 36.99375 37.14375
NOTE 63 37 37.004167 37.164583
NOTE 57 34 37.004167 37.164583
NOTE 71 47 37.275 37.44375
NOTE 59 37 37.275 37.44375
NOTE 56 37 37.583333 37.89375
NOTE 71 28 37.583333 37.89375
NOTE 78 46 37.59375 37.854167
NOTE 47 38 37.59375 37.875
NOTE 40 34 37.59375 37.875
NOTE 66 37 37.59375 37.89375
DAMPER 37.825 41.033333
NOTE 76 43 37.94375 38.164583
NOTE 64 34 37.94375 38.164583
NOTE 64 28 38.333333 38.59375
NOTE 56 25 38.333333 38.59375
NOTE 83 46 38.333333 39.025
NOTE 76 31 38.34375 38.625
NOTE 71 28 38.34375 38.625
NOTE 68 27 38.354167 38.604167
NOTE 58 39 38.833333 39.214583
NOTE 61 54 39.19375 39.525
NOTE 59 53 39.525 39.933333
NOTE 64 46 39.875 40.233333
NOTE 55 58 40.14375 40.404167
NOTE 43 46 40.14375 40.404167
NOTE 57 54 40.433333 40.675
NOTE 45 50 40.433333 40.733333
NOTE 56 56 40.725 41.09375
NOTE 44 44 40.725 41.09375
NOTE 52 50 41.083333 41.49375
NOTE 61 38 41.104167 41.483333
NOTE 64 55 41.104167 41.504167
NOTE 73 35 41.104167 41.514583
NOTE 56 28 41.104167 42.49375
NOTE 68 28 41.104167 42.49375
DAMPER 41.264583 42.014583
NOTE 64 58 41.554167 41.775
NOTE 52 46 41.554167 41.79375
NOTE 63 60 41.785417 42.025
NOTE 51 48 41.785417 42.025
NOTE 61 55 42.035417 42.29375
NOTE 49 46 42.035417 42.314583
NOTE 76 47 42.054167 42.49375
NOTE 64 47 42.054167 42.535417
DAMPER 42.225 42.964583
NOTE 59 64 42.285417 42.514583
NOTE 47 51 42.285417 42.514583
NOTE 57 59 42.525 42.754167
NOTE 45 57 42.525 42.754167
NOTE 56 68 42.74375 43.035417
NOTE 44 54 42.74375 43.035417
NOTE 68 67 43.025 43.395833
NOTE 76 55 43.035417 43.558333
NOTE 61 44 43.035417 44.377083
NOTE 73 45 43.035417 44.377083
NOTE 56 66 43.0375 43.395833
NOTE 64 53 43.045833 43.577083
DAMPER 43.1875 43.927083
NOTE 56 55 43.477083 43.658333
NOTE 68 69 43.477083 43.727083
NOTE 66 77 43.708333 43.947917
NOTE 54 61 43.708333 43.947917
NOTE 64 79 43.947917 44.2375
NOTE 80 75 43.947917 44.377083
NOTE 68 76 43.947917 44.41875
NOTE 52 80 43.958333 44.258333
DAMPER 44.127083 44.827083
NOTE 63 78 44.197917 44.4375
NOTE 51 62 44.197917 44.4375
NOTE 52 78 44.427083 44.56875
NOTE 64 79 44.427083 44.61875
NOTE 61 81 44.647917 44.908333
NOTE 49 64 44.647917 44.908333
NOTE 85 66 44.877083 45.639583
NOTE 68 54 44.877083 46.339583
NOTE 80 67 44.8875 45.629167
NOTE 73 61 44.8875 45.629167
NOTE 64 83 44.897917 45.047917
NOTE 76 80 44.897917 45.058333
DAMPER 45.01875 45.71875
NOTE 64 67 45.26875 45.36875
NOTE 76 84 45.26875 45.389583
NOTE 75 89 45.5 45.629167
NOTE 63 71 45.5 45.629167
NOTE 80 75 45.739583 46.358333
NOTE 76 69 45.739583 46.358333
NOTE 73 81 45.75 46.029167
NOTE 61 80 45.75 46.039583
NOTE 88 71 45.75 46.339583
DAMPER 45.91875 46.7
NOTE 71 78 45.989583 46.139583
NOTE 59 62 45.989583 46.139583
NOTE 63 79 46.239583 46.308333
NOTE 51 82 46.239583 46.308333
NOTE 59 67 46.6 46.947917
NOTE 71 84 46.6 46.9875
NOTE 80 60 46.71875 47.297917
NOTE 73 55 46.71875 47.297917
NOTE 88 66 46.71875 47.308333
DAMPER 46.91875 47.779167
NOTE 70 80 46.979167 47.158333
NOTE 58 64 46.979167 47.158333
NOTE 63 75 47.229167 47.36875
NOTE 51 80 47.2375 47.31875
NOTE 71 82 47.508333 47.629167
NOTE 59 65 47.508333 47.629167
NOTE 70 77 47.797917 48.097917
NOTE 58 75 47.797917 48.158333
NOTE 79 67 47.808333 48.76875
NOTE 73 61 47.808333 48.76875
NOTE 87 67 47.808333 48.76875
DAMPER 47.96875 49.129167
NOTE 50 75 48.11875 48.258333
NOTE 38 60 48.11875 48.258333
NOTE 52 74 48.429167 48.558333
NOTE 40 73 48.4375 48.51875
NOTE 51 82 48.758333 48.829167
NOTE 39 65 48.758333 48.829167
NOTE 68 61 49.1375 49.679167
NOTE 51 48 49.1375 50.529167
NOTE 63 50 49.1375 50.529167
NOTE 59 74 49.147917 49.479167
NOTE 56 54 49.147917 49.708333
NOTE 47 66 49.158333 49.479167
DAMPER 49.3875 50.108333
NOTE 59 68 49.5875 49.71875
NOTE 47 54 49.5875 49.71875
NOTE 47 69 49.729167 49.86875
NOTE 59 72 49.729167 49.9375
NOTE 58 71 49.958333 50.1875
NOTE 46 56 49.958333 50.1875
NOTE 59 70 50.16875 50.558333
NOTE 56 77 50.179167 50.429167
NOTE 71 71 50.179167 50.529167
NOTE 44 75 50.1875 50.447917
DAMPER 50.297917 51.01875
NOTE 54 78 50.397917 50.629167
NOTE 42 62 50.397917 50.629167
NOTE 40 79 50.608333 50.7375
NOTE 52 78 50.608333 50.7875
NOTE 51 81 50.808333 51.008333
NOTE 39 64 50.808333 51.008333
NOTE 63 79 51.029167 51.529167
NOTE 59 77 51.029167 51.710417
NOTE 51 81 51.0375 51.539583
NOTE 71 74 51.0375 51.75
NOTE 56 59 51.0375 52.26875
NOTE 68 60 51.0375 52.26875
DAMPER 51.26875 51.729167
NOTE 61 80 51.5 51.739583
NOTE 49 64 51.5 51.739583
NOTE 59 78 51.71875 52
NOTE 75 73 51.71875 52.26875
NOTE 63 64 51.71875 52.289583
NOTE 47 78 51.729167 52
DAMPER 51.91875 52.589583
NOTE 58 78 51.95 52.2
NOTE 46 62 51.95 52.2
NOTE 59 76 52.179167 52.41875
NOTE 47 78 52.189583 52.45
NOTE 56 80 52.389583 52.66875
NOTE 44 64 52.389583 52.66875
NOTE 75 77 52.639583 53.28125
NOTE 68 70 52.639583 53.28125
NOTE 80 81 52.65 53.291667
NOTE 63 66 52.65 54.160417
NOTE 71 81 52.660417 52.9
NOTE 59 82 52.660417 52.910417
DAMPER 52.789583 53.541667
NOTE 59 65 53.110417 53.23125
NOTE 71 82 53.110417 53.252083
NOTE 70 83 53.33125 53.53125
NOTE 58 66 53.33125 53.53125
NOTE 68 83 53.560417 53.841667
NOTE 56 87 53.560417 53.841667
NOTE 83 75 53.560417 54.160417
NOTE 78 70 53.570833 54.202083
NOTE 71 63 53.570833 54.202083
NOTE 75 64 53.570833 54.202083
DAMPER 53.720833 54.510417
NOTE 66 88 53.802083 54.020833
NOTE 54 70 53.802083 54.020833
NOTE 56 83 54.041667 54.141667
NOTE 44 87 54.052083 54.110417
NOTE 66 87 54.360417 54.502083
NOTE 54 69 54.360417 54.502083
NOTE 54 87 54.53125 54.741667
NOTE 66 84 54.53125 54.83125
NOTE 83 83 54.53125 54.920833
NOTE 78 83 54.53125 54.93125
NOTE 71 76 54.53125 54.93125
DAMPER 54.691667 55.552083
NOTE 62 88 54.802083 55.03125
NOTE 50 70 54.802083 55.03125
NOTE 37 89 55.08125 55.23125
NOTE 49 80 55.08125 55.260417
NOTE 56 89 55.341667 55.441667
NOTE 44 71 55.341667 55.441667
NOTE 77 84 55.610417 55.870833
NOTE 50 88 55.620833 55.820833
NOTE 62 88 55.620833 55.852083
NOTE 71 73 55.620833 55.870833
NOTE 65 67 55.620833 55.870833
DAMPER 55.73125 56.210417
NOTE 61 91 55.920833 56.041667
NOTE 49 72 55.920833 56.041667
NOTE 76 74 56.241667 56.502083
NOTE 30 87 56.241667 56.63125
NOTE 42 87 56.241667 56.652083
NOTE 64 84 56.252083 56.620833
DAMPER 56.441667 56.810417
NOTE 74 81 56.58125 56.702083
NOTE 62 64 56.58125 56.702083
NOTE 62 76 56.841667 57.091667
NOTE 74 59 56.841667 57.091667
NOTE 81 81 56.852083 57.102083
NOTE 59 68 56.852083 57.102083
NOTE 50 62 56.852083 57.102083
NOTE 69 81 56.860417 57.041667
DAMPER 56.960417 58.120833
NOTE 69 56 57.18125 57.320833
NOTE 81 70 57.18125 57.370833
NOTE 62 74 57.210417 57.339583
NOTE 54 68 57.210417 57.339583
NOTE 66 67 57.220833 57.320833
NOTE 74 52 57.220833 57.320833
NOTE 80 80 57.43125 57.589583
NOTE 68 64 57.43125 57.589583
NOTE 66 82 57.639583 57.83125
NOTE 68 65 57.65 57.8
NOTE 59 58 57.65 57.8
NOTE 62 59 57.65 57.8
NOTE 78 77 57.65 57.839583
NOTE 71 67 57.660417 57.810417
NOTE 74 52 57.660417 57.810417
NOTE 77 77 57.889583 58.15
NOTE 65 61 57.889583 58.15
NOTE 30 81 58.120833 58.33125
NOTE 42 84 58.120833 58.33125
DAMPER 58.23125 60.260417
NOTE 76 83 58.38125 58.5
NOTE 64 66 58.38125 58.5
NOTE 76 82 58.610417 58.910417
NOTE 64 84 58.610417 58.93125
NOTE 59 77 58.620833 58.820833
NOTE 66 60 58.620833 58.820833
NOTE 50 80 58.620833 58.870833
NOTE 74 76 58.889583 59.139583
NOTE 62 60 58.889583 59.139583
NOTE 42 80 59.1 59.310417
NOTE 30 75 59.1 59.33125
NOTE 69 87 59.35 59.45
NOTE 57 69 59.35 59.45
NOTE 57 81 59.660417 59.860417
NOTE 69 81 59.660417 59.870833
NOTE 50 80 59.660417 59.910417
NOTE 59 76 59.670833 59.889583
NOTE 62 59 59.670833 59.889583
NOTE 68 78 59.95 60.039583
NOTE 56 62 59.95 60.039583
NOTE 76 81 60.25 60.539583
NOTE 64 82 60.25 60.560417
NOTE 42 82 60.25 60.570833
NOTE 30 77 60.260417 60.560417
DAMPER 60.420833 60.760417
NOTE 74 80 60.510417 60.65
NOTE 62 64 60.510417 60.65
NOTE 62 74 60.760417 60.970833
NOTE 78 57 60.760417 60.970833
NOTE 59 79 60.760417 60.989583
NOTE 50 71 60.760417 60.989583
NOTE 54 72 60.760417 60.989583
NOTE 85 81 60.770833 60.960417
NOTE 73 83 60.78125 60.95
DAMPER 60.889583 62.010417
NOTE 73 62 61.13125 61.260417
NOTE 85 78 61.13125 61.3
NOTE 66 71 61.15 61.23125
NOTE 78 55 61.15 61.23125
NOTE 59 74 61.160417 61.239583
NOTE 54 68 61.160417 61.239583
NOTE 83 84 61.370833 61.520833
NOTE 71 67 61.370833 61.520833
NOTE 71 74 61.560417 61.65
NOTE 78 57 61.560417 61.65
NOTE 66 79 61.560417 61.68125
NOTE 59 71 61.560417 61.68125
NOTE 62 72 61.560417 61.68125
NOTE 69 79 61.560417 61.689583
NOTE 81 78 61.560417 61.73125
NOTE 80 77 61.78125 62.05
NOTE 68 61 61.78125 62.05
NOTE 30 81 61.989583 62.2
NOTE 42 89 61.989583 62.210417
DAMPER 62.15 62.98125
NOTE 81 85 62.23125 62.35
NOTE 69 68 62.23125 62.35
NOTE 62 74 62.45 62.660417
NOTE 74 57 62.45 62.660417
NOTE 60 79 62.45 62.68125
NOTE 50 71 62.45 62.68125
NOTE 54 72 62.45 62.68125
NOTE 81 82 62.460417 62.73125
NOTE 69 83 62.460417 62.770833
NOTE 78 79 62.73125 63.020833
NOTE 66 63 62.73125 63.020833
NOTE 30 80 62.920833 63.189583
NOTE 42 84 62.920833 63.220833
DAMPER 63.060417 64.08125
NOTE 81 83 63.170833 63.28125
NOTE 69 66 63.170833 63.28125
NOTE 60 78 63.45 63.73125
NOTE 50 70 63.45 63.73125
NOTE 54 71 63.45 63.73125
NOTE 62 72 63.460417 63.7
NOTE 74 56 63.460417 63.7
NOTE 81 81 63.460417 63.760417
NOTE 69 80 63.460417 63.78125
NOTE 78 80 63.739583 64.05
NOTE 66 64 63.739583 64.05
NOTE 30 78 64 64.310417
NOTE 42 82 64 64.339583
DAMPER 64.2 64.589583
NOTE 81 85 64.310417 64.48125
NOTE 69 68 64.310417 64.48125
NOTE 69 80 64.589583 64.75
NOTE 81 78 64.589583 64.8
NOTE 54 80 64.589583 64.970833
NOTE 49 73 64.589583 64.970833
NOTE 61 73 64.6 64.88125
NOTE 73 56 64.6 64.88125
DAMPER 64.75 66.08125
NOTE 78 80 64.83125 65.03125
NOTE 66 64 64.83125 65.03125
NOTE 66 80 65.070833 65.170833
NOTE 78 74 65.070833 65.189583
NOTE 57 87 65.3 65.420833
NOTE 45 69 65.3 65.420833
NOTE 45 76 65.55 65.689583
NOTE 57 82 65.55 65.689583
NOTE 54 82 65.810417 65.95
NOTE 42 65 65.810417 65.95
NOTE 37 81 66.070833 66.38125
NOTE 49 85 66.070833 66.38125
DAMPER 66.2 68.75
NOTE 81 67 66.35 66.439583
NOTE 69 53 66.35 66.439583
NOTE 54 63 66.620833 66.83125
NOTE 64 59 66.63125 66.8
NOTE 76 46 66.63125 66.8
NOTE 69 68 66.639583 66.78125
NOTE 81 71 66.639583 66.83125
NOTE 78 66 66.910417 67.060417
NOTE 66 52 66.910417 67.060417
NOTE 66 70 67.18125 67.270833
NOTE 78 63 67.18125 67.289583
NOTE 57 61 67.55 67.639583
NOTE 45 48 67.55 67.639583
NOTE 57 66 67.9 68.070833
NOTE 45 57 67.910417 68.039583
NOTE 54 62 68.220833 68.35
NOTE 42 49 68.220833 68.35
NOTE 47 60 68.710417 70.020833
NOTE 35 54 68.710417 70.03125
DAMPER 68.920833 73.210417
NOTE 85 60 69.23125 69.33125
NOTE 73 48 69.23125 69.33125
NOTE 73 68 69.570833 69.65
NOTE 85 64 69.570833 69.660417
NOTE 78 69 69.9 70.020833
NOTE 66 55 69.9 70.020833
NOTE 66 60 70.2 70.35
NOTE 78 62 70.2 70.410417
NOTE 69 58 70.470833 70.760417
NOTE 69 54 70.839583 71.120833
NOTE 63 36 71.18125 71.58125
NOTE 63 31 71.620833 72.739583
NOTE 81 44 72.010417 72.15
NOTE 81 53 72.260417 72.4
NOTE 81 66 72.53125 72.63125
NOTE 73 58 72.770833 72.9
NOTE 73 62 72.970833 73.08125
NOTE 73 58 73.189583 73.489583
NOTE 63 55 73.2 73.689583
NOTE 57 31 73.2 74.772917
NOTE 47 33 73.2 74.78125
DAMPER 73.43125 75.602083
NOTE 72 40 73.470833 74.010417
NOTE 72 64 74.0125 74.4125
NOTE 71 44 74.422917 74.791667
NOTE 61 33 74.891667 75.03125
NOTE 68 40 75.541667 75.922917
NOTE 64 32 75.541667 75.922917
NOTE 61 27 75.5625 75.88125
NOTE 40 28 75.5625 75.891667
NOTE 47 33 75.5625 75.902083
DAMPER 75.802083 77.0125
NOTE 61 41 75.902083 76.08125
NOTE 59 35 76.152083 76.272917
NOTE 69 39 76.38125 76.591667
NOTE 81 42 76.38125 76.602083
NOTE 71 29 76.391667 76.552083
NOTE 76 22 76.391667 76.552083
NOTE 64 31 76.402083 76.552083
NOTE 59 28 76.402083 76.552083
NOTE 81 40 76.63125 76.772917
NOTE 69 32 76.63125 76.772917
NOTE 80 36 76.8125 76.972917
NOTE 68 28 76.8125 76.972917
NOTE 68 48 76.991667 77.191667
NOTE 63 39 76.991667 77.191667
NOTE 35 28 77.002083 77.172917
NOTE 59 40 77.002083 77.202083
NOTE 47 32 77.0125 77.18125
DAMPER 77.18125 78.125
NOTE 59 51 77.204167 77.383333
NOTE 57 46 77.364583 77.514583
NOTE 71 35 77.554167 77.683333
NOTE 75 27 77.554167 77.683333
NOTE 68 39 77.554167 77.714583
NOTE 80 42 77.554167 77.925
NOTE 63 33 77.575 77.704167
NOTE 57 30 77.575 77.704167
NOTE 68 39 77.714583 77.925
NOTE 78 38 77.904167 78.075
NOTE 66 30 77.904167 78.075
NOTE 71 46 78.085417 78.364583
NOTE 68 34 78.114583 78.364583
NOTE 59 31 78.114583 78.364583
NOTE 40 35 78.135417 78.375
NOTE 47 33 78.145833 78.385417
DAMPER 78.275 78.85625
NOTE 76 53 78.354167 78.535417
NOTE 64 42 78.354167 78.535417
NOTE 76 50 78.554167 78.575
NOTE 64 40 78.554167 78.714583
NOTE 56 57 78.575 78.695833
NOTE 47 52 78.575 78.695833
NOTE 80 68 78.575 78.764583
NOTE 68 62 78.585417 78.764583
NOTE 75 65 78.745833 78.914583
NOTE 63 52 78.745833 78.914583
NOTE 80 63 78.90625 79.114583
NOTE 56 52 78.90625 79.195833
NOTE 46 47 78.90625 79.195833
NOTE 68 53 78.925 79.125
NOTE 64 54 78.925 79.135417
DAMPER 79.035417 79.727083
NOTE 61 51 79.075 79.3875
NOTE 73 64 79.075 79.3875
NOTE 75 61 79.377083 79.60625
NOTE 63 48 79.377083 79.60625
NOTE 76 50 79.55625 79.695833
NOTE 64 40 79.55625 79.695833
NOTE 80 46 79.716667 79.8875
NOTE 68 32 79.745833 79.8875
NOTE 35 36 79.745833 79.8875
NOTE 47 38 79.745833 79.895833
NOTE 70 48 79.90625 80.077083
NOTE 58 38 79.90625 80.077083
DAMPER 79.90625 80.677083
NOTE 71 35 80.066667 80.216667
NOTE 59 28 80.066667 80.216667
NOTE 68 30 80.195833 80.327083
NOTE 64 36 80.216667 80.327083
NOTE 56 33 80.216667 80.327083
NOTE 83 46 80.227083 80.40625
NOTE 76 35 80.2375 80.366667
NOTE 71 32 80.2375 80.366667
NOTE 72 51 80.395833 80.5875
NOTE 60 40 80.395833 80.5875
NOTE 73 49 80.545833 80.677083
NOTE 61 39 80.545833 80.677083
NOTE 57 54 80.6875 80.85625
NOTE 47 49 80.6875 80.85625
NOTE 80 58 80.6875 80.877083
NOTE 64 54 80.695833 80.877083
NOTE 73 42 80.695833 80.877083
NOTE 68 55 80.70625 80.866667
NOTE 77 63 80.85625 81.066667
NOTE 65 50 80.85625 81.066667
DAMPER 80.866667 81.677083
NOTE 78 62 81.00625 81.166667
NOTE 66 49 81.00625 81.166667
NOTE 83 68 81.15625 81.377083
NOTE 57 60 81.166667 81.3375
NOTE 71 63 81.166667 81.377083
NOTE 63 56 81.177083 81.3875
NOTE 70 68 81.366667 81.5875
NOTE 58 54 81.366667 81.5875
NOTE 71 62 81.50625 81.677083
NOTE 59 49 81.50625 81.677083
NOTE 78 64 81.6875 81.927083
NOTE 66 60 81.695833 81.9375
NOTE 47 57 81.70625 81.927083
NOTE 40 52 81.70625 81.927083
NOTE 56 59 81.70625 81.945833
NOTE 71 46 81.70625 81.945833
DAMPER 81.8875 84.197917
NOTE 75 65 81.895833 82.127083
NOTE 63 52 81.895833 82.127083
NOTE 76 62 82.066667 82.295833
NOTE 64 49 82.066667 82.295833
NOTE 83 58 82.316667 82.516667
NOTE 76 54 82.316667 82.577083
NOTE 71 49 82.316667 82.577083
NOTE 64 40 82.327083 83.66875
NOTE 56 36 82.327083 83.66875
NOTE 68 49 82.3375 83.708333
NOTE 58 47 82.545833 82.777083
NOTE 61 65 82.727083 83.0375
NOTE 59 70 82.9875 83.047917
NOTE 71 62 83.258333 83.46875
NOTE 76 62 83.479167 83.71875
NOTE 62 56 83.697917 83.929167
NOTE 63 51 83.929167 84.139583
NOTE 71 47 84.16875 84.458333
NOTE 68 38 84.16875 84.458333
NOTE 64 44 84.16875 84.608333
NOTE 51 34 84.179167 84.479167
NOTE 44 33 84.197917 84.4875
DAMPER 84.408333 85.1375
NOTE 63 56 84.5875 84.779167
NOTE 88 63 84.7875 85.058333
NOTE 76 59 84.7875 85.058333
NOTE 68 44 84.808333 84.847917
NOTE 59 40 84.808333 84.847917
NOTE 71 49 84.81875 84.897917
NOTE 80 36 84.81875 84.897917
NOTE 83 38 84.81875 84.897917
NOTE 87 65 84.9875 85.179167
NOTE 75 52 84.9875 85.179167
NOTE 39 47 85.1375 85.358333
NOTE 73 65 85.158333 85.377083
NOTE 67 53 85.158333 85.377083
NOTE 51 48 85.158333 85.377083
NOTE 61 62 85.16875 85.547917
DAMPER 85.3375 86.275
NOTE 58 59 85.4875 85.666667
NOTE 88 62 85.677083 86.035417
NOTE 76 53 85.6875 85.85625
NOTE 67 42 85.716667 85.8375
NOTE 58 38 85.716667 85.8375
NOTE 76 39 85.85625 86.035417
NOTE 87 46 86.035417 86.235417
NOTE 75 36 86.035417 86.235417
NOTE 52 36 86.266667 86.475
NOTE 40 33 86.266667 86.475
NOTE 71 44 86.266667 86.485417
NOTE 68 32 86.285417 86.475
NOTE 59 28 86.285417 86.475
NOTE 63 29 86.285417 86.475
DAMPER 86.466667 87.016667
NOTE 83 47 86.495833 86.65625
NOTE 71 37 86.495833 86.65625
NOTE 63 53 86.666667 86.80625
NOTE 59 48 86.666667 86.80625
NOTE 87 62 86.666667 86.845833
NOTE 68 44 86.677083 86.80625
NOTE 75 51 86.677083 86.877083
NOTE 82 61 86.835417 87.0375
NOTE 70 48 86.835417 87.0375
NOTE 87 65 87.027083 87.25625
NOTE 75 55 87.045833 87.2375
NOTE 41 57 87.05625 87.216667
NOTE 53 58 87.05625 87.277083
DAMPER 87.20625 87.8375
NOTE 68 52 87.216667 87.547917
NOTE 80 65 87.216667 87.577083
NOTE 63 60 87.3875 87.527083
NOTE 59 55 87.3875 87.527083
NOTE 82 67 87.5375 87.766667
NOTE 70 53 87.5375 87.766667
NOTE 83 66 87.677083 87.85625
NOTE 71 52 87.677083 87.85625
NOTE 87 67 87.8375 88.066667
NOTE 75 66 87.847917 88.0375
NOTE 42 64 87.866667 88.0375
NOTE 54 69 87.866667 88.066667
DAMPER 88.016667 88.866667
NOTE 77 65 88.027083 88.227083
NOTE 65 52 88.027083 88.227083
NOTE 78 56 88.166667 88.3375
NOTE 66 44 88.166667 88.3375
NOTE 71 66 88.327083 88.4375
NOTE 63 60 88.327083 88.4375
NOTE 75 48 88.3375 88.416667
NOTE 90 69 88.3375 88.547917
NOTE 78 64 88.347917 88.5375
NOTE 79 64 88.50625 88.747917
NOTE 67 51 88.50625 88.747917
NOTE 68 53 88.666667 88.866667
NOTE 80 67 88.666667 89.127083
NOTE 87 66 88.847917 89.077083
NOTE 52 57 88.847917 89.0875
NOTE 42 52 88.847917 89.0875
NOTE 59 62 88.847917 89.127083
NOTE 75 66 88.85625 89.077083
NOTE 84 65 89.027083 89.247917
NOTE 72 52 89.027083 89.247917
DAMPER 89.047917 89.9875
NOTE 85 57 89.197917 89.347917
NOTE 73 45 89.197917 89.347917
NOTE 73 45 89.3875 89.50625
NOTE 66 46 89.397917 89.497917
NOTE 58 41 89.397917 89.497917
NOTE 64 42 89.397917 89.497917
NOTE 78 51 89.397917 89.547917
NOTE 90 51 89.397917 89.597917
NOTE 77 51 89.577083 89.75625
NOTE 65 40 89.577083 89.75625
NOTE 78 41 89.766667 89.9375
NOTE 66 32 89.766667 89.9375
NOTE 85 40 89.966667 90.1875
NOTE 73 35 89.977083 90.147917
NOTE 42 38 89.977083 90.177083
NOTE 35 34 89.977083 90.177083
NOTE 51 40 89.977083 90.197917
NOTE 78 31 89.977083 90.197917
NOTE 82 36 90.177083 90.35625
NOTE 70 28 90.177083 90.35625
DAMPER 90.20625 92.90625
NOTE 83 39 90.35625 90.577083
NOTE 71 31 90.35625 90.577083
NOTE 63 34 90.597917 90.7375
NOTE 54 31 90.597917 90.7375
NOTE 71 24 90.616667 90.7875
NOTE 90 38 90.616667 90.80625
NOTE 83 30 90.627083 90.7375
NOTE 78 27 90.627083 90.7375
NOTE 53 35 90.827083 91.0375
NOTE 56 45 91.0375 91.25625
NOTE 54 48 91.277083 91.50625
NOTE 59 53 91.497917 91.716667
NOTE 66 42 91.727083 91.947917
NOTE 63 37 91.9875 92.20625
NOTE 71 43 91.9875 92.20625
NOTE 58 38 92.25625 92.516667
NOTE 59 36 92.5375 92.847917
NOTE 66 40 92.8875 93.247917
NOTE 62 32 92.8875 93.247917
NOTE 61 26 92.897917 93.20625
NOTE 44 29 92.897917 93.327083
NOTE 32 29 92.916667 93.316667
DAMPER 93.147917 94.195833
NOTE 59 44 93.2375 93.497917
NOTE 54 48 93.497917 93.766667
NOTE 66 49 93.766667 93.777083
NOTE 56 44 93.766667 93.777083
NOTE 62 45 93.766667 93.777083
NOTE 74 40 93.777083 93.795833
NOTE 78 31 93.777083 93.795833
NOTE 85 56 93.777083 94.016667
NOTE 73 54 93.777083 94.016667
NOTE 83 62 93.966667 94.177083
NOTE 71 49 93.966667 94.177083
NOTE 81 53 94.185417 94.675
NOTE 49 43 94.195833 94.466667
NOTE 77 33 94.195833 94.466667
NOTE 69 43 94.195833 94.675
NOTE 37 42 94.20625 94.427083
DAMPER 94.427083 95.55625
NOTE 80 35 94.685417 94.885417
NOTE 68 28 94.685417 94.885417
NOTE 59 37 94.90625 95.025
NOTE 65 27 94.925 95.00625
NOTE 68 25 94.945833 95.10625
NOTE 74 41 95.125 95.316667
NOTE 62 32 95.125 95.316667
NOTE 74 37 95.325 95.535417
NOTE 62 29 95.325 95.535417
NOTE 57 30 95.55625 95.995833
NOTE 66 26 95.55625 96.025
NOTE 69 20 95.55625 96.025
NOTE 62 28 95.585417 95.766667
NOTE 74 34 95.585417 95.85625
DAMPER 95.766667 96.985417
NOTE 73 35 95.866667 96.05625
NOTE 61 28 95.866667 96.05625
NOTE 73 42 96.075 96.275
NOTE 61 33 96.075 96.275
NOTE 61 42 96.325 96.445833
NOTE 50 38 96.535417 96.725
NOTE 50 46 96.75625 97.025
NOTE 49 50 97.025 97.295833
NOTE 49 40 97.30625 97.635417
DAMPER 97.395833 98.70625
NOTE 49 35 97.645833 97.885417
NOTE 56 35 97.935417 98.20625
NOTE 57 29 98.266667 98.585417
NOTE 64 36 98.635417 99.05625
NOTE 60 29 98.635417 99.05625
NOTE 59 24 98.645833 98.985417
NOTE 30 27 98.675 99.10625
NOTE 42 29 98.685417 99.125
DAMPER 98.945833 100.00625
NOTE 57 36 99.016667 99.25625
NOTE 52 37 99.295833 99.566667
NOTE 57 34 99.595833 99.616667
NOTE 64 30 99.595833 99.675
NOTE 76 23 99.595833 99.675
NOTE 83 36 99.60625 99.825
NOTE 71 35 99.616667 99.825
NOTE 81 57 99.785417 99.985417
NOTE 69 45 99.785417 99.985417
NOTE 36 40 99.985417 100.175
NOTE 48 38 99.985417 100.19583
NOTE 76 29 99.985417 100.19583
NOTE 80 49 99.985417 100.425
NOTE 68 49 99.995833 100.425
DAMPER 100.18542 101.26667
NOTE 78 57 100.375 100.60625
NOTE 66 45 100.375 100.60625
NOTE 54 45 100.58542 100.79583
NOTE 64 37 100.59583 100.81667
NOTE 80 53 100.825 101.03542
NOTE 68 42 100.825 101.03542
NOTE 81 54 101.00625 101.25625
NOTE 69 43 101.00625 101.25625
NOTE 57 36 101.275 101.48542
NOTE 47 33 101.275 101.48542
NOTE 80 50 101.275 101.50625
NOTE 68 46 101.275 101.51667
NOTE 63 32 101.28542 101.50625
NOTE 75 24 101.28542 101.50625
DAMPER 101.475 102.29583
NOTE 78 44 101.51667 101.725
NOTE 66 35 101.51667 101.725
NOTE 78 40 101.73542 101.93542
NOTE 66 32 101.73542 101.93542
NOTE 78 34 101.96667 102.66667
NOTE 66 29 101.98542 102.40625
NOTE 61 33 102.20625 102.40625
NOTE 61 38 102.41667 102.92708
DAMPER 102.575 103.32708
NOTE 59 39 102.93542 103.18542
NOTE 59 36 103.20625 103.77708
DAMPER 103.50625 104.52708
NOTE 58 37 103.7875 104.0375
NOTE 59 36 104.0875 104.42708
NOTE 40 28 104.45625 104.74583
NOTE 61 30 104.46667 104.77708
NOTE 68 37 104.46667 104.79583
NOTE 64 30 104.46667 104.79583
NOTE 47 30 104.47708 104.8375
NOTE 61 40 104.7875 105.02708
DAMPER 104.81667 105.68542
NOTE 59 58 105.01667 105.34583
NOTE 64 46 105.22708 105.34583
NOTE 71 37 105.22708 105.40625
NOTE 76 28 105.22708 105.40625
NOTE 81 58 105.2375 105.63542
NOTE 69 53 105.24583 105.63542
NOTE 80 64 105.56667 105.65625
NOTE 68 51 105.56667 105.74583
NOTE 63 52 105.63542 105.74583
NOTE 35 44 105.64583 105.70625
NOTE 47 48 105.64583 105.775
NOTE 59 59 105.65625 105.925
DAMPER 105.70625 106.69583
NOTE 57 57 105.875 106.03542
NOTE 63 48 106.04583 106.18542
NOTE 57 44 106.04583 106.18542
NOTE 80 55 106.04583 106.26458
NOTE 71 29 106.05625 106.15625
NOTE 75 22 106.05625 106.15625
NOTE 68 38 106.06458 106.25625
NOTE 80 51 106.275 106.46458
NOTE 68 40 106.275 106.46458
NOTE 78 49 106.46458 106.69583
NOTE 66 39 106.46458 106.69583
NOTE 40 27 106.70625 106.925
NOTE 68 38 106.71458 106.93542
NOTE 47 24 106.725 106.93542
NOTE 64 30 106.73542 106.925
NOTE 56 27 106.73542 106.925
DAMPER 106.875 107.58958
NOTE 76 36 106.95625 107.11458
NOTE 64 28 106.95625 107.11458
NOTE 76 44 107.11667 107.26875
NOTE 64 35 107.11875 107.26875
NOTE 56 41 107.27917 107.38958
NOTE 47 37 107.27917 107.38958
NOTE 64 34 107.27917 107.4
NOTE 80 49 107.28958 107.47917
NOTE 68 36 107.31042 107.47917
NOTE 75 54 107.47917 107.66042
NOTE 63 43 107.47917 107.66042
NOTE 64 45 107.63958 107.91042
NOTE 56 43 107.63958 107.92083
NOTE 46 39 107.63958 107.92083
NOTE 80 55 107.65 107.85
NOTE 68 49 107.67083 107.85
DAMPER 107.77083 108.4125
NOTE 61 49 107.82083 107.93125
NOTE 73 62 107.82083 108.1125
NOTE 61 49 107.94167 108.12083
NOTE 75 63 108.10208 108.3125
NOTE 63 50 108.10208 108.3125
NOTE 76 54 108.2625 108.42083
NOTE 64 43 108.2625 108.42083
NOTE 80 52 108.42083 108.63125
NOTE 35 44 108.44167 108.58125
NOTE 68 48 108.44167 108.62083
NOTE 47 41 108.45208 108.62083
DAMPER 108.6125 109.4125
NOTE 70 41 108.62083 108.79167
NOTE 58 32 108.62083 108.79167
NOTE 71 37 108.80208 108.95208
NOTE 59 29 108.80208 108.95208
NOTE 68 26 108.92083 109.07083
NOTE 64 35 108.92083 109.07083
NOTE 56 32 108.92083 109.07083
NOTE 83 51 108.9625 109.15208
NOTE 76 35 108.97083 109.1625
NOTE 71 32 108.97083 109.1625
NOTE 72 58 109.13125 109.35208
NOTE 60 46 109.13125 109.35208
NOTE 61 49 109.28125 109.64375
NOTE 73 62 109.28125 109.64375
NOTE 53 52 109.4125 109.6125
NOTE 47 47 109.4125 109.6125
NOTE 81 57 109.42292 109.62292
NOTE 69 50 109.43333 109.64375
NOTE 80 66 109.59375 109.82292
NOTE 68 52 109.59375 109.82292
DAMPER 109.63333 110.35208
NOTE 61 55 109.73333 110.0125
NOTE 73 69 109.73333 110.0625
NOTE 56 52 109.82292 110.0125
NOTE 65 50 109.83333 110.04375
NOTE 85 66 109.83333 110.0625
NOTE 80 55 109.85208 110.0625
NOTE 72 74 110.02292 110.29375
NOTE 60 59 110.02292 110.29375
NOTE 61 57 110.1625 110.72292
NOTE 73 72 110.1625 110.72292
NOTE 78 68 110.35208 110.64167
NOTE 54 63 110.3625 110.6625
NOTE 47 57 110.3625 110.6625
NOTE 66 64 110.37292 110.64167
NOTE 80 76 110.57292 110.88333
NOTE 68 60 110.57292 110.88333
DAMPER 110.59167 112.23333
NOTE 81 76 110.74167 110.97292
NOTE 69 60 110.74167 110.97292
NOTE 66 60 110.9625 111.06458
NOTE 57 55 110.9625 111.06458
NOTE 87 74 110.9625 111.24375
NOTE 75 69 110.97292 111.24375
NOTE 69 47 110.975 111.03542
NOTE 78 36 110.975 111.03542
NOTE 85 71 111.19375 111.45417
NOTE 73 56 111.19375 111.45417
NOTE 81 68 111.39375 111.59375
NOTE 69 54 111.39375 111.59375
NOTE 63 41 111.575 111.76458
NOTE 75 31 111.575 111.76458
NOTE 57 43 111.575 112.44375
NOTE 47 39 111.575 113.50417
NOTE 80 56 111.59375 111.78333
NOTE 68 48 111.60417 113.275
NOTE 77 51 111.76458 111.99375
NOTE 65 40 111.76458 111.99375
NOTE 78 54 111.96458 112.24375
NOTE 66 43 111.96458 112.24375
NOTE 63 34 112.25417 112.44375
NOTE 69 29 112.25417 112.45417
DAMPER 112.41458 113.10417
NOTE 58 45 112.525 112.74375
NOTE 59 44 112.775 113.05417
NOTE 61 40 113.09375 113.28333
NOTE 64 30 113.10417 113.275
NOTE 40 34 113.11458 113.29375
DAMPER 113.26458 115.39375
NOTE 59 42 113.30417 113.43333
NOTE 71 47 113.42292 113.60417
NOTE 68 37 113.42292 113.60417
NOTE 66 29 113.44375 113.84375
NOTE 52 43 113.59375 113.66458
NOTE 64 54 113.80417 114.07292
NOTE 59 40 113.83333 114.06458
NOTE 76 56 114.09375 114.29375
NOTE 71 44 114.09375 114.29375
NOTE 69 51 114.09375 114.51458
NOTE 64 39 114.12292 114.28333
NOTE 62 45 114.43333 114.90417
NOTE 68 64 114.46458 114.69375
NOTE 85 61 114.70417 115.13542
NOTE 73 54 114.71458 115.13542
NOTE 68 42 114.73333 114.90417
NOTE 80 32 114.73333 114.90417
NOTE 83 56 115.11458 115.325
NOTE 71 44 115.11458 115.325
NOTE 66 50 115.35417 115.61667
NOTE 64 40 115.35417 115.61667
NOTE 61 43 115.36458 115.76667
NOTE 33 38 115.375 115.58542
NOTE 45 35 115.375 115.60625
DAMPER 115.53542 116.34792
NOTE 54 50 115.74583 115.89583
NOTE 61 48 115.89583 116.01875
NOTE 83 58 115.89583 116.24792
NOTE 54 44 115.89792 116.01875
NOTE 64 44 115.89792 116.04792
NOTE 76 34 115.89792 116.04792
NOTE 71 53 115.90833 116.24792
NOTE 81 62 116.1875 116.36667
NOTE 69 49 116.1875 116.36667
NOTE 68 61 116.35625 116.56667
NOTE 63 48 116.35625 116.56667
NOTE 59 62 116.36667 116.74792
NOTE 35 54 116.37708 116.5375
NOTE 47 56 116.37708 116.54792
DAMPER 116.52708 117.35
NOTE 57 64 116.6875 116.87708
NOTE 80 66 116.86667 117.26875
NOTE 68 65 116.87708 117.04792
NOTE 63 44 116.8875 117.00625
NOTE 57 40 116.8875 117.00625
NOTE 71 47 116.89792 117.0375
NOTE 75 36 116.89792 117.0375
NOTE 68 48 117.05 117.26875
NOTE 78 61 117.20833 117.37917
NOTE 66 48 117.20833 117.37917
NOTE 68 55 117.4 117.57917
NOTE 64 44 117.4 117.57917
NOTE 61 50 117.40833 117.55833
NOTE 40 48 117.42917 117.6
DAMPER 117.47917 119.41875
NOTE 61 48 117.58958 117.73958
NOTE 47 44 117.67917 117.82917
NOTE 59 47 117.75 117.88958
NOTE 71 51 117.91875 118.07917
NOTE 68 40 117.91875 118.07917
NOTE 66 45 117.92917 118.03958
NOTE 52 36 117.93958 118.05833
NOTE 66 54 118.08958 118.27917
NOTE 59 45 118.23958 118.4
NOTE 64 58 118.25 118.41875
NOTE 76 63 118.40833 118.50833
NOTE 71 50 118.40833 118.50833
NOTE 69 55 118.41875 118.66875
NOTE 64 47 118.46875 118.56875
NOTE 62 53 118.5875 118.76875
NOTE 68 62 118.62917 118.76875
NOTE 80 46 118.66875 118.76875
NOTE 85 58 118.66875 118.88958
NOTE 52 49 118.67917 118.78958
NOTE 73 53 118.67917 118.87917
NOTE 85 54 118.93958 119.16042
NOTE 73 43 118.93958 119.16042
NOTE 83 57 119.13958 119.36042
NOTE 71 48 119.37917 119.62917
NOTE 61 47 119.6 119.74792
DAMPER 119.63958 120.42917
NOTE 71 38 119.82917 119.98958
NOTE 54 43 119.82917 120.01875
NOTE 61 39 119.84792 119.93958
NOTE 64 33 119.84792 119.94792
NOTE 76 25 119.84792 119.94792
NOTE 83 55 120.01875 120.20833
NOTE 71 44 120.01875 120.20833
NOTE 81 53 120.17917 120.31875
NOTE 69 42 120.17917 120.31875
NOTE 68 55 120.42917 120.63958
NOTE 63 44 120.42917 120.63958
NOTE 59 53 120.42917 120.63958
NOTE 35 44 120.43958 120.65833
NOTE 47 40 120.44792 120.66875
DAMPER 120.60833 121.81875
NOTE 59 54 120.64792 120.86875
NOTE 57 45 120.88958 121.06875
NOTE 71 31 121.15833 121.25833
NOTE 75 24 121.15833 121.25833
NOTE 68 36 121.15833 121.26875
NOTE 63 34 121.15833 121.28958
NOTE 57 31 121.15833 121.28958
NOTE 80 41 121.15833 121.31875
NOTE 80 39 121.38958 121.56875
NOTE 68 31 121.38958 121.56875
NOTE 78 34 121.59792 121.83958
NOTE 66 27 121.59792 121.83958
NOTE 64 32 121.88958 122.05833
NOTE 56 29 121.88958 122.05833
NOTE 40 24 121.89792 122.06875
NOTE 68 29 121.89792 122.06875
NOTE 47 20 121.90833 122.08958
DAMPER 121.91875 122.67917
NOTE 76 51 122.08958 122.26875
NOTE 64 40 122.08958 122.26875
NOTE 76 43 122.27917 122.41875
NOTE 64 34 122.27917 122.45833
NOTE 56 44 122.35833 122.47917
NOTE 47 40 122.35833 122.47917
NOTE 80 49 122.41875 122.60833
NOTE 68 29 122.44792 122.59792
NOTE 75 54 122.5875 122.78958
NOTE 63 43 122.5875 122.78958
NOTE 56 49 122.73958 123.02917
NOTE 46 45 122.73958 123.02917
NOTE 64 36 122.76875 123.0375
NOTE 80 59 122.77917 122.98958
NOTE 68 52 122.78958 123.01875
DAMPER 122.87917 123.41875
NOTE 73 64 122.95 123.22708
NOTE 61 51 122.95 123.22708
NOTE 75 66 123.17708 123.3875
NOTE 63 52 123.17708 123.3875
NOTE 76 67 123.29792 123.46875
NOTE 64 53 123.29792 123.46875
NOTE 68 68 123.45833 123.64792
NOTE 80 66 123.45833 123.65833
NOTE 40 60 123.45833 123.65833
NOTE 47 64 123.45833 123.6875
DAMPER 123.60833 124.19792
NOTE 76 68 123.61875 123.86875
NOTE 64 54 123.61875 123.97708
NOTE 80 72 123.82708 124.0375
NOTE 68 71 123.8375 124.04792
NOTE 56 68 123.84792 123.9875
NOTE 47 62 123.84792 123.9875
NOTE 75 74 124.00833 124.27917
NOTE 63 59 124.00833 124.27917
NOTE 64 62 124.25833 124.51875
NOTE 56 66 124.25833 124.54792
NOTE 46 60 124.25833 124.54792
NOTE 80 66 124.26875 124.50833
NOTE 68 64 124.26875 124.51875
DAMPER 124.45833 125.3375
NOTE 73 66 124.46875 124.51875
NOTE 61 52 124.46875 124.8375
NOTE 73 60 124.52708 124.61875
NOTE 75 64 124.79792 125.04792
NOTE 63 51 124.79792 125.04792
NOTE 76 60 125.05833 125.15833
NOTE 64 48 125.05833 125.15833
NOTE 61 33 125.36875 125.50833
NOTE 40 39 125.37708 125.59792
NOTE 68 32 125.3875 125.51875
NOTE 64 25 125.3875 125.51875
DAMPER 125.50833 132.38542
NOTE 61 38 125.5375 125.76875
NOTE 47 32 125.66875 125.86875
NOTE 59 54 125.7375 125.85833
NOTE 66 45 125.90833 126.0375
NOTE 71 45 125.91875 126.05833
NOTE 68 36 125.91875 126.05833
NOTE 52 36 125.92708 126.05833
NOTE 66 53 126.07708 126.26875
NOTE 59 42 126.15833 126.3875
NOTE 64 53 126.22708 126.37708
NOTE 69 57 126.36875 126.50833
NOTE 76 55 126.36875 126.54792
NOTE 71 44 126.36875 126.54792
NOTE 64 41 126.41875 126.59792
NOTE 69 63 126.54792 126.75833
NOTE 59 47 126.62708 126.82708
NOTE 68 49 126.69792 126.8375
NOTE 73 54 126.81875 126.91875
NOTE 80 60 126.81875 127.01875
NOTE 76 48 126.81875 127.01875
NOTE 52 38 126.86875 127.06875
NOTE 73 67 126.99792 127.19792
NOTE 59 45 127.09792 127.31875
NOTE 71 64 127.1375 127.30833
NOTE 78 61 127.2875 127.55625
NOTE 83 64 127.29792 127.35625
NOTE 80 51 127.29792 127.35625
NOTE 64 53 127.32708 127.3875
NOTE 71 45 127.41667 127.62708
NOTE 76 68 127.47708 127.68542
NOTE 88 73 127.60625 127.66667
NOTE 83 58 127.60625 127.66667
NOTE 81 67 127.61667 127.91667
NOTE 71 50 127.68542 127.97708
NOTE 80 75 127.78542 127.99583
NOTE 85 65 127.96667 128.23542
NOTE 92 73 127.97708 128.04583
NOTE 88 58 127.97708 128.04583
NOTE 64 48 127.99583 128.08542
NOTE 71 44 128.125 128.39583
NOTE 83 63 128.18542 128.40625
NOTE 90 51 128.41458 128.59583
NOTE 95 52 128.41458 128.61458
NOTE 92 41 128.41458 128.61458
NOTE 76 36 128.44583 128.71458
NOTE 90 52 128.60625 128.85625
NOTE 83 33 128.73542 129.03542
NOTE 88 51 128.825 129.175
NOTE 76 30 129.225 129.36458
NOTE 92 34 129.23542 129.39583
NOTE 100 33 129.23542 129.39583
NOTE 59 28 132.34583 133.88542
NOTE 52 25 132.34583 133.88542
NOTE 80 29 132.34583 133.90625
NOTE 76 28 132.36458 133.875
NOTE 68 25 132.36458 133.875
NOTE 64 26 132.36458 133.94583
DAMPER 133.275 135.55625
NOTE 52 22 135.48542 139.04583
NOTE 64 28 135.48542 139.06458
NOTE 47 26 135.48542 139.11458
NOTE 40 23 135.48542 139.11458
NOTE 59 26 135.49583 139.04583
NOTE 56 23 135.49583 139.04583
DAMPER 138.90625 140.11458
